0.034679 -0.0250000004 0.0022283477 -0.0349289918 asynchronous_release_0
0.036229 -0.0250000004 -0.03174472 -0.0147401748 asynchronous_release_0
0.048544 -0.0250000004 -0.00411580008 -0.0347571603 asynchronous_release_0
0.022773 -0.0250000004 0.000109254509 0.000994013809 asynchronous_release_2
0.035706 -0.0250000004 0.000988695879 -0.000149934847 asynchronous_release_2
0.038284 -0.0250000004 -0.0277981651 0.0212664529 asynchronous_release_0
0.049746 -0.0250000004 -0.00451820589 -0.0347071436 asynchronous_release_0
0.019295 -0.0250000004 0.000607612939 0.000794233288 asynchronous_release_3
0.037703 -0.0250000004 -0.0349954098 0.000566824886 asynchronous_release_4
0.049515 -0.0250000004 0.0339750612 0.00840804462 asynchronous_release_0
0.045462 -0.0250000004 0.000741044607 -0.0006714558 asynchronous_release_0
0.033458 -0.0250000004 0.0288674376 -0.0197906808 asynchronous_release_2
0.017752 -0.0250000004 -0.0191224528 -0.0293143616 asynchronous_release_1
0.034609 -0.0250000004 -0.0216068725 0.0275343978 asynchronous_release_1
0.037297 -0.0250000004 0.0346707137 -0.00478974002 asynchronous_release_0
0.047244 -0.0250000004 -0.0345856721 0.00536947711 asynchronous_release_0
0.043767 -0.0250000004 -0.00927584872 0.0337484612 asynchronous_release_4
0.040211 -0.0250000004 -0.0321409033 -0.0138550473 asynchronous_release_1
0.045271 -0.0250000004 -0.0349998853 8.96021694e-05 asynchronous_release_0
0.021674 -0.0250000004 0.0341467264 0.00768121601 asynchronous_release_1
0.045293 -0.0250000004 -1.30107986e-05 -0.000999915356 asynchronous_release_1
0.038092 -0.0250000004 -0.0207211155 -0.0282070093 asynchronous_release_0
0.037457 -0.0250000004 -0.034926204 0.00227162433 asynchronous_release_2
0.032978 -0.0250000004 0.0347404893 -0.00425422163 asynchronous_release_0
0.045396 -0.0250000004 -0.032717086 0.0124335145 asynchronous_release_0
0.02177 -0.0250000004 -0.00351207347 0.0348233448 asynchronous_release_1
0.042847 -0.0250000004 -0.0349223342 -0.00233035929 asynchronous_release_0
0.036972 -0.0250000004 -3.02774076e-05 0.000999541534 asynchronous_release_1
0.040543 -0.0250000004 -0.000433929435 -0.000900946861 asynchronous_release_2
0.043389 -0.0250000004 -0.0154432958 0.031408671 asynchronous_release_0
0.014654 -0.0250000004 0.0294800643 0.018865996 asynchronous_release_3
0.017207 -0.0250000004 -0.0194001577 0.0291313213 asynchronous_release_0
0.023456 -0.0250000004 0.0135085571 0.0322880611 asynchronous_release_3
0.033774 -0.0250000004 0.00983761628 -0.0335890057 asynchronous_release_1
0.047992 -0.0250000004 -0.0252329277 0.0242548832 asynchronous_release_0
0.015074 -0.0250000004 0.0346435343 -0.0049825227 asynchronous_release_0
0.048454 -0.0250000004 -0.0343708407 0.00660645961 asynchronous_release_1
0.043797 -0.0250000004 -0.00481943294 0.0346665987 asynchronous_release_2
0.022286 -0.0250000004 0.00748474789 -0.0341903283 asynchronous_release_0
0.021362 -0.0250000004 -0.0220358231 0.0271923243 asynchronous_release_1
0.044164 -0.0250000004 0.0338401 0.00893575034 asynchronous_release_0
0.022889 -0.0250000004 0.0199753665 0.0287399501 asynchronous_release_3
0.013681 -0.0250000004 -0.0149018437 0.0316691499 asynchronous_release_4
0.00876 -0.0250000004 0.0195582915 -0.0290253894 asynchronous_release_0
0.041619 -0.0250000004 -0.00089859063 0.000438787967 asynchronous_release_0
0.042728 -0.0250000004 -0.00150737865 0.0349675251 asynchronous_release_0
0.049859 -0.0250000004 -0.0204220763 0.0284242643 asynchronous_release_1
0.010152 -0.0250000004 0.000946720948 -0.000322055035 asynchronous_release_4
0.040791 -0.0250000004 0.0265974698 0.022750266 asynchronous_release_0
0.043386 -0.0250000004 0.00443798719 -0.0347174923 asynchronous_release_1
0.044628 -0.0250000004 0.000685894737 0.000727700769 asynchronous_release_1
0.038299 -0.0250000004 -0.00631878132 -0.0344248893 asynchronous_release_3
0.039072 -0.0250000004 0.0349927319 0.00071324354 asynchronous_release_0
0.041308 -0.0250000004 -0.00068039507 0.000732845515 asynchronous_release_0
0.042526 -0.0250000004 3.60256773e-06 0.0349999998 asynchronous_release_0
0.039825 -0.0250000004 0.0305321273 0.0171110841 asynchronous_release_0
0.03578 -0.0250000004 -0.00947093068 0.033694235 asynchronous_release_0
0.011154 -0.0250000004 0.000961475844 -0.000274889434 asynchronous_release_0
0.049904 -0.0250000004 -0.0336381774 -0.00966814474 asynchronous_release_0
0.026893 -0.0250000004 -0.027678785 0.021421598 asynchronous_release_3
0.042953 -0.0250000004 -0.0347901627 -0.00382682381 asynchronous_release_0
0.031431 -0.0250000004 -0.029593772 0.0186871255 asynchronous_release_0
0.046018 -0.0250000004 -0.0201654246 -0.0286069161 asynchronous_release_0
0.041531 -0.0250000004 0.00690448445 -0.0343122149 asynchronous_release_0
0.012299 -0.0250000004 0.0345801301 -0.00540505317 asynchronous_release_0
0.039316 -0.0250000004 0.00743396919 -0.034201405 asynchronous_release_0
0.046171 -0.0250000004 -0.0333030529 0.010765996 asynchronous_release_0
0.043941 -0.0250000004 -0.00832584549 -0.0339952982 asynchronous_release_0
0.021103 -0.0250000004 0.000295078494 -0.000955473015 asynchronous_release_0
0.045192 -0.0250000004 -0.00098547356 0.00016982892 asynchronous_release_4
0.044988 -0.0250000004 0.000222249536 -0.0349992944 asynchronous_release_1
0.038856 -0.0250000004 0.00247294888 0.0349125267 asynchronous_release_0
0.044749 -0.0250000004 -0.0337926229 -0.00911365135 asynchronous_release_0
0.049711 -0.0250000004 -0.0326226986 -0.0126790984 asynchronous_release_0
0.043576 -0.0250000004 -0.0298985533 -0.018195508 asynchronous_release_0
0.049057 -0.0250000004 0.0209502322 -0.0280372568 asynchronous_release_0
0.031913 -0.0250000004 -0.0322339201 0.0136372429 asynchronous_release_0
0.035914 -0.0250000004 -0.0279271589 -0.0210967722 asynchronous_release_0
0.017394 -0.0250000004 0.0113423671 -0.0331111871 asynchronous_release_4
0.040538 -0.0250000004 0.0348666185 0.00305268946 asynchronous_release_0
0.01356 -0.0250000004 -0.0180606365 -0.029980217 asynchronous_release_4
0.048655 -0.0250000004 -0.008709459 0.0338990461 asynchronous_release_0
0.048923 -0.0250000004 -0.0348696584 -0.00301776737 asynchronous_release_0
0.014504 -0.0250000004 0.0171074941 0.030534139 asynchronous_release_0
0.046641 -0.0250000004 -0.017889593 0.030082594 asynchronous_release_0
0.049149 -0.0250000004 -0.0290663355 0.019497388 asynchronous_release_0
0.030776 -0.0250000004 0.000783419173 0.000621493684 asynchronous_release_0
0.030658 -0.0250000004 0.0251348754 0.0243564783 asynchronous_release_0
