0.000000 0.115773
0.000050 0.095947
0.000100 0.093500
0.000150 0.107940
0.000200 0.098150
0.000250 0.136582
0.000300 0.095452
0.000350 0.100848
0.000400 0.112346
0.000450 0.079302
0.000500 0.113814
0.000550 0.090558
0.000600 0.083227
0.000650 0.093249
0.000700 0.123602
0.000750 0.132670
0.000800 0.103540
0.000850 0.096436
0.000900 0.127764
0.000950 0.121160
0.001000 0.121885
0.001050 0.123367
0.001100 0.139267
0.001150 0.148573
0.001200 0.228598
0.001250 0.230340
0.001300 0.308144
0.001350 0.375718
0.001400 0.528700
0.001450 0.690718
0.001500 0.987623
0.001550 1.487175
0.001600 2.080474
0.001650 3.008170
0.001700 4.210918
0.001750 5.518894
0.001800 7.410233
0.001850 9.265025
0.001900 11.230250
0.001950 13.469108
0.002000 16.229044
0.002050 18.189852
0.002100 19.803053
0.002150 21.514491
0.002200 22.055125
0.002250 21.998121
0.002300 21.491475
0.002350 19.977111
0.002400 19.451832
0.002450 17.296956
0.002500 15.837456
0.002550 14.017596
0.002600 12.476589
0.002650 11.204499
0.002700 10.568440
0.002750 9.357272
0.002800 8.457324
0.002850 7.630286
0.002900 7.150988
0.002950 6.378290
0.003000 6.000397
0.003050 5.762203
0.003100 5.320207
0.003150 5.013745
0.003200 4.744933
0.003250 4.370515
0.003300 4.128430
0.003350 3.978662
0.003400 3.889749
0.003450 3.954149
0.003500 3.679793
0.003550 3.447761
0.003600 3.481961
0.003650 3.424779
0.003700 3.264151
0.003750 2.864965
0.003800 3.065411
0.003850 2.798613
0.003900 2.557509
0.003950 2.538747
0.004000 2.520078
0.004050 2.468680
0.004100 2.352890
0.004150 2.295648
0.004200 2.233429
0.004250 2.215419
0.004300 2.258357
0.004350 2.005123
0.004400 2.003663
0.004450 2.075313
0.004500 2.012002
0.004550 2.099042
0.004600 1.967892
0.004650 2.029128
0.004700 1.864381
0.004750 1.862651
0.004800 1.845301
0.004850 1.765641
0.004900 1.862231
0.004950 1.891211
0.005000 1.631420
0.005050 1.828358
0.005100 1.805640
0.005150 1.612782
0.005200 1.681260
0.005250 1.679540
0.005300 1.460705
0.005350 1.588331
0.005400 1.517556
0.005450 1.437258
0.005500 1.486410
0.005550 1.480756
0.005600 1.544231
0.005650 1.417491
0.005700 1.462442
0.005750 1.473192
0.005800 1.585363
0.005850 1.503355
0.005900 1.557690
0.005950 1.417100
0.006000 1.557670
0.006050 1.481862
0.006100 1.328306
0.006150 1.400282
0.006200 1.409400
0.006250 1.509922
0.006300 1.397368
0.006350 1.485654
0.006400 1.381982
0.006450 1.292854
0.006500 1.482727
0.006550 1.382653
0.006600 1.287323
0.006650 1.266869
0.006700 1.331933
0.006750 1.430499
0.006800 1.406618
0.006850 1.268770
0.006900 1.346965
0.006950 1.396463
0.007000 1.341783
0.007050 1.447303
0.007100 1.231347
0.007150 1.275527
0.007200 1.234245
0.007250 1.205545
0.007300 1.219910
0.007350 1.210724
0.007400 1.227089
0.007450 1.278377
0.007500 1.200298
0.007550 1.178772
0.007600 1.240709
0.007650 1.187623
0.007700 1.254868
0.007750 1.138864
0.007800 1.242435
0.007850 1.218403
0.007900 1.113557
0.007950 1.147461
0.008000 1.050724
0.008050 1.175822
0.008100 1.118318
0.008150 1.180668
0.008200 1.207078
0.008250 1.167254
0.008300 1.186997
0.008350 1.129139
0.008400 1.098958
0.008450 1.139622
0.008500 1.115657
0.008550 1.152803
0.008600 1.179301
0.008650 1.144593
0.008700 1.112176
0.008750 1.128570
0.008800 1.017887
0.008850 1.122559
0.008900 1.048109
0.008950 1.104585
0.009000 1.106313
0.009050 1.147057
0.009100 1.087670
0.009150 1.009660
0.009200 1.068590
0.009250 1.139100
0.009300 1.074241
0.009350 1.019793
0.009400 1.135130
0.009450 1.023906
0.009500 1.048598
0.009550 1.066354
0.009600 1.164443
0.009650 1.022283
0.009700 1.080847
0.009750 0.890747
0.009800 1.043005
0.009850 0.954189
0.009900 1.044837
0.009950 1.025177
0.010000 1.021207
0.010050 1.016271
0.010100 0.983346
0.010150 0.977772
0.010200 0.960319
0.010250 1.008001
0.010300 0.917359
0.010350 0.993333
0.010400 0.954907
0.010450 0.975635
0.010500 1.032806
0.010550 0.975732
0.010600 1.025674
0.010650 0.928708
0.010700 0.983070
0.010750 1.001300
0.010800 1.020468
0.010850 0.964500
0.010900 0.991221
0.010950 0.963111
0.011000 1.093090
0.011050 1.063010
0.011100 0.900502
0.011150 0.993626
0.011200 0.843882
0.011250 0.951358
0.011300 0.977868
0.011350 1.006772
0.011400 1.021614
0.011450 1.012248
0.011500 0.908253
0.011550 0.882221
0.011600 1.016833
0.011650 1.050897
0.011700 0.974671
0.011750 0.845503
0.011800 0.942406
0.011850 0.820828
0.011900 0.957224
0.011950 0.883854
0.012000 0.909767
0.012050 1.004921
0.012100 0.968033
0.012150 1.038223
0.012200 0.948241
0.012250 0.854863
0.012300 0.948486
0.012350 0.968530
0.012400 0.861746
0.012450 0.886590
0.012500 0.898602
0.012550 0.877158
0.012600 0.890285
0.012650 0.889001
0.012700 0.865934
0.012750 0.816900
0.012800 0.899807
0.012850 0.937663
0.012900 0.896859
0.012950 0.899931
0.013000 0.920154
0.013050 0.794038
0.013100 0.923837
0.013150 0.785727
0.013200 0.930799
0.013250 0.876835
0.013300 0.864052
0.013350 0.975082
0.013400 0.924481
0.013450 0.792715
0.013500 0.810293
0.013550 0.888591
0.013600 0.903190
0.013650 0.885200
0.013700 0.865491
0.013750 0.892891
0.013800 0.830969
0.013850 0.771559
0.013900 0.890196
0.013950 0.882000
0.014000 0.859506
0.014050 0.883986
0.014100 0.859605
0.014150 0.849567
0.014200 0.683646
0.014250 0.783506
0.014300 0.858999
0.014350 0.900265
0.014400 0.833699
0.014450 0.847171
0.014500 0.840816
0.014550 0.800342
0.014600 0.904011
0.014650 0.910951
0.014700 0.835760
0.014750 0.905834
0.014800 0.906335
0.014850 0.865817
0.014900 0.874026
0.014950 0.751018
0.015000 0.821626
0.015050 0.945592
0.015100 0.927571
0.015150 0.760503
0.015200 0.819713
0.015250 0.835849
0.015300 0.781323
0.015350 0.832619
0.015400 0.866281
0.015450 0.726143
0.015500 0.869926
0.015550 0.789306
0.015600 0.775607
0.015650 0.878363
0.015700 0.852728
0.015750 0.735610
0.015800 0.872017
0.015850 0.790705
0.015900 0.799943
0.015950 0.767115
0.016000 0.794734
0.016050 0.882268
0.016100 0.767858
0.016150 0.782388
0.016200 0.817287
0.016250 0.885191
0.016300 0.825289
0.016350 0.779673
0.016400 0.703779
0.016450 0.723303
0.016500 0.880122
0.016550 0.697480
0.016600 0.802970
0.016650 0.856720
0.016700 0.770328
0.016750 0.734642
0.016800 0.715900
0.016850 0.805566
0.016900 0.906614
0.016950 0.769948
0.017000 0.818328
0.017050 0.802910
0.017100 0.810750
0.017150 0.789832
0.017200 0.738095
0.017250 0.858977
0.017300 0.915395
0.017350 0.757997
0.017400 0.898047
0.017450 0.923519
0.017500 0.789916
0.017550 0.770686
0.017600 0.820545
0.017650 0.870893
0.017700 0.776535
0.017750 0.789307
0.017800 0.700862
0.017850 0.822598
0.017900 0.826950
0.017950 0.683438
0.018000 0.761887
0.018050 0.751639
0.018100 0.634645
0.018150 0.768633
0.018200 0.805971
0.018250 0.764619
0.018300 0.740234
0.018350 0.731164
0.018400 0.844218
0.018450 0.734400
0.018500 0.794776
0.018550 0.776462
0.018600 0.751341
0.018650 0.717471
0.018700 0.745260
0.018750 0.718432
0.018800 0.774385
0.018850 0.730669
0.018900 0.769281
0.018950 0.690833
0.019000 0.705544
0.019050 0.705910
0.019100 0.781784
0.019150 0.668994
0.019200 0.688968
0.019250 0.632724
0.019300 0.725478
0.019350 0.682042
0.019400 0.699005
0.019450 0.680661
0.019500 0.756458
0.019550 0.758800
0.019600 0.712476
0.019650 0.723370
0.019700 0.748221
0.019750 0.697277
0.019800 0.716263
0.019850 0.682507
0.019900 0.736723
0.019950 0.740595
0.020000 0.688001
0.020050 0.671641
0.020100 0.619339
0.020150 0.712135
0.020200 0.753424
0.020250 0.735788
0.020300 0.741264
0.020350 0.677464
0.020400 0.708944
0.020450 0.625900
0.020500 0.708747
0.020550 0.702841
0.020600 0.761363
0.020650 0.670899
0.020700 0.758685
0.020750 0.773933
0.020800 0.602515
0.020850 0.702439
0.020900 0.702984
0.020950 0.806894
0.021000 0.751607
0.021050 0.879955
0.021100 0.961455
0.021150 1.002015
0.021200 1.317018
0.021250 1.535442
0.021300 1.850644
0.021350 1.974188
0.021400 2.337981
0.021450 2.861265
0.021500 3.624804
0.021550 4.935354
0.021600 6.699640
0.021650 8.236050
0.021700 10.460657
0.021750 12.837745
0.021800 15.159251
0.021850 18.136707
0.021900 21.359350
0.021950 23.776312
0.022000 26.199451
0.022050 28.581385
0.022100 31.007540
0.022150 31.392708
0.022200 31.841456
0.022250 32.420794
0.022300 31.148982
0.022350 30.037524
0.022400 27.971273
0.022450 26.032147
0.022500 23.682912
0.022550 21.970048
0.022600 20.230703
0.022650 19.038605
0.022700 17.124682
0.022750 16.389654
0.022800 15.021461
0.022850 14.052435
0.022900 12.796267
0.022950 12.340253
0.023000 11.518180
0.023050 11.074416
0.023100 10.236297
0.023150 9.513163
0.023200 9.377564
0.023250 8.774912
0.023300 8.167740
0.023350 8.064292
0.023400 8.086673
0.023450 7.449183
0.023500 6.896980
0.023550 6.857984
0.023600 6.685727
0.023650 6.491897
0.023700 6.173247
0.023750 6.041945
0.023800 5.847250
0.023850 5.429942
0.023900 5.447752
0.023950 5.309616
0.024000 5.157572
0.024050 5.109120
0.024100 4.704829
0.024150 4.498355
0.024200 4.302204
0.024250 4.429942
0.024300 4.350493
0.024350 4.254421
0.024400 3.974845
0.024450 3.916969
0.024500 3.721241
0.024550 4.030569
0.024600 3.852223
0.024650 3.685617
0.024700 3.940220
0.024750 3.491044
0.024800 3.545578
0.024850 3.303130
0.024900 3.240352
0.024950 3.332196
0.025000 3.191627
0.025050 3.235453
0.025100 3.148763
0.025150 3.301965
0.025200 3.101067
0.025250 3.238501
0.025300 3.075089
0.025350 2.983355
0.025400 2.856472
0.025450 3.035358
0.025500 2.919437
0.025550 2.970777
0.025600 2.798245
0.025650 2.944419
0.025700 2.805632
0.025750 2.868832
0.025800 2.622210
0.025850 2.674088
0.025900 2.866930
0.025950 2.832620
0.026000 2.624107
0.026050 2.826261
0.026100 2.599685
0.026150 2.577227
0.026200 2.798780
0.026250 2.664460
0.026300 2.730698
0.026350 2.672718
0.026400 2.391182
0.026450 2.573402
0.026500 2.406212
0.026550 2.520052
0.026600 2.376047
0.026650 2.473683
0.026700 2.331671
0.026750 2.476175
0.026800 2.324546
0.026850 2.595492
0.026900 2.609248
0.026950 2.546954
0.027000 2.450244
0.027050 2.295018
0.027100 2.372982
0.027150 2.395908
0.027200 2.246213
0.027250 2.231119
0.027300 2.432027
0.027350 2.304709
0.027400 2.177808
0.027450 2.232282
0.027500 2.201669
0.027550 2.143309
0.027600 2.332949
0.027650 2.203427
0.027700 2.140376
0.027750 2.381692
0.027800 2.257825
0.027850 2.124937
0.027900 2.197624
0.027950 2.148082
0.028000 2.283985
0.028050 2.076129
0.028100 2.190343
0.028150 2.029955
0.028200 2.072133
0.028250 2.074371
0.028300 2.008035
0.028350 2.002145
0.028400 1.964951
0.028450 2.173253
0.028500 2.185108
0.028550 2.161008
0.028600 2.098409
0.028650 2.133655
0.028700 2.108730
0.028750 2.098670
0.028800 1.981832
0.028850 2.053990
0.028900 1.943580
0.028950 1.991538
0.029000 1.995029
0.029050 1.937449
0.029100 1.951885
0.029150 1.947729
0.029200 1.872203
0.029250 1.962149
0.029300 2.029685
0.029350 2.105819
0.029400 1.927324
0.029450 1.909598
0.029500 2.024187
0.029550 1.864691
0.029600 1.979558
0.029650 1.902572
0.029700 1.941242
0.029750 1.871656
0.029800 1.898454
0.029850 1.896704
0.029900 2.120789
0.029950 1.951217
0.030000 1.732734
0.030050 1.841270
0.030100 1.821931
0.030150 1.810369
0.030200 1.851406
0.030250 1.912060
0.030300 1.801861
0.030350 1.821857
0.030400 1.904700
0.030450 1.872682
0.030500 1.919345
0.030550 1.951569
0.030600 1.789649
0.030650 1.784753
0.030700 1.801994
0.030750 1.866772
0.030800 1.963970
0.030850 1.744008
0.030900 1.747074
0.030950 1.756996
0.031000 1.886840
0.031050 1.796522
0.031100 1.822911
0.031150 1.694071
0.031200 1.826506
0.031250 1.807480
0.031300 1.724428
0.031350 1.775390
0.031400 1.882597
0.031450 1.732035
0.031500 1.651446
0.031550 1.725966
0.031600 1.579311
0.031650 1.790825
0.031700 1.802067
0.031750 1.720525
0.031800 1.725249
0.031850 1.584551
0.031900 1.734595
0.031950 1.728565
0.032000 1.717398
0.032050 1.674740
0.032100 1.747642
0.032150 1.652820
0.032200 1.614335
0.032250 1.640937
0.032300 1.586161
0.032350 1.687967
0.032400 1.758464
0.032450 1.651856
0.032500 1.687343
0.032550 1.730837
0.032600 1.695537
0.032650 1.521445
0.032700 1.535868
0.032750 1.553002
0.032800 1.601771
0.032850 1.610645
0.032900 1.630782
0.032950 1.579090
0.033000 1.533131
0.033050 1.735233
0.033100 1.603456
0.033150 1.631124
0.033200 1.636326
0.033250 1.878000
0.033300 1.726584
0.033350 1.570494
0.033400 1.710087
0.033450 1.507285
0.033500 1.741755
0.033550 1.686317
0.033600 1.601036
0.033650 1.531568
0.033700 1.896509
0.033750 1.627651
0.033800 1.501815
0.033850 1.613417
0.033900 1.577510
0.033950 1.681542
0.034000 1.639636
0.034050 1.593470
0.034100 1.366123
0.034150 1.555719
0.034200 1.498882
0.034250 1.622232
0.034300 1.740644
0.034350 1.540358
0.034400 1.448076
0.034450 1.492720
0.034500 1.588020
0.034550 1.505908
0.034600 1.469195
0.034650 1.579469
0.034700 1.449768
0.034750 1.534588
0.034800 1.554274
0.034850 1.531484
0.034900 1.324077
0.034950 1.615597
0.035000 1.524238
0.035050 1.520254
0.035100 1.472684
0.035150 1.408032
0.035200 1.379782
0.035250 1.375434
0.035300 1.421990
0.035350 1.570006
0.035400 1.437194
0.035450 1.438026
0.035500 1.571125
0.035550 1.518971
0.035600 1.452353
0.035650 1.529699
0.035700 1.538032
0.035750 1.413240
0.035800 1.502324
0.035850 1.414452
0.035900 1.361460
0.035950 1.460184
0.036000 1.441093
0.036050 1.291979
0.036100 1.391697
0.036150 1.339083
0.036200 1.384143
0.036250 1.441749
0.036300 1.413097
0.036350 1.458599
0.036400 1.461294
0.036450 1.436276
0.036500 1.500353
0.036550 1.460765
0.036600 1.389511
0.036650 1.434687
0.036700 1.528574
0.036750 1.340972
0.036800 1.389197
0.036850 1.247969
0.036900 1.416563
0.036950 1.449699
0.037000 1.420000
0.037050 1.340482
0.037100 1.365421
0.037150 1.362949
0.037200 1.432003
0.037250 1.452861
0.037300 1.416299
0.037350 1.384093
0.037400 1.419183
0.037450 1.311929
0.037500 1.141928
0.037550 1.402160
0.037600 1.324598
0.037650 1.279164
0.037700 1.300760
0.037750 1.507678
0.037800 1.429287
0.037850 1.401385
0.037900 1.267127
0.037950 1.381633
0.038000 1.330709
0.038050 1.215591
0.038100 1.261028
0.038150 1.295200
0.038200 1.354002
0.038250 1.405390
0.038300 1.382595
0.038350 1.338221
0.038400 1.319834
0.038450 1.369150
0.038500 1.178892
0.038550 1.230316
0.038600 1.291232
0.038650 1.224690
0.038700 1.303605
0.038750 1.258681
0.038800 1.316162
0.038850 1.423672
0.038900 1.195862
0.038950 1.300248
0.039000 1.158255
0.039050 1.353555
0.039100 1.300626
0.039150 1.252212
0.039200 1.270352
0.039250 1.318444
0.039300 1.253406
0.039350 1.307910
0.039400 1.308195
0.039450 1.361425
0.039500 1.225822
0.039550 1.416814
0.039600 1.220767
0.039650 1.266955
0.039700 1.279942
0.039750 1.210208
0.039800 1.357009
0.039850 1.272957
0.039900 1.319638
0.039950 1.322508
0.040000 1.155590
0.040050 1.271968
0.040100 1.239438
0.040150 1.361972
0.040200 1.299827
0.040250 1.139131
0.040300 1.311948
0.040350 1.350486
0.040400 1.130300
0.040450 1.245460
0.040500 1.281583
0.040550 1.170881
0.040600 1.350837
0.040650 1.399603
0.040700 1.241551
0.040750 1.260001
0.040800 1.231963
0.040850 1.189929
0.040900 1.097795
0.040950 1.275937
0.041000 1.235538
0.041050 1.265696
0.041100 1.144545
0.041150 1.283349
0.041200 1.208172
0.041250 1.216986
0.041300 1.251482
0.041350 1.238920
0.041400 1.116068
0.041450 1.311504
0.041500 1.186063
0.041550 1.275669
0.041600 1.228999
0.041650 1.214699
0.041700 1.189505
0.041750 1.236965
0.041800 1.170776
0.041850 1.109390
0.041900 1.145121
0.041950 1.123033
0.042000 1.209368
0.042050 1.243820
0.042100 1.197479
0.042150 1.132417
0.042200 1.311341
0.042250 1.296333
0.042300 1.223687
0.042350 1.125355
0.042400 1.111587
0.042450 1.204883
0.042500 1.201507
0.042550 1.135935
0.042600 1.061614
0.042650 1.075860
0.042700 1.154294
0.042750 1.177376
0.042800 1.257113
0.042850 1.108055
0.042900 1.098504
0.042950 1.159452
0.043000 1.151745
0.043050 1.368143
0.043100 1.152080
0.043150 1.234220
0.043200 1.166147
0.043250 1.067539
0.043300 0.995478
0.043350 1.180108
0.043400 1.020396
0.043450 1.162904
0.043500 1.089908
0.043550 1.106488
0.043600 1.078614
0.043650 1.199236
0.043700 1.113784
0.043750 1.170838
0.043800 1.081640
0.043850 1.168626
0.043900 1.154836
0.043950 1.131330
0.044000 1.151805
0.044050 1.154721
0.044100 1.146179
0.044150 1.090767
0.044200 1.082083
0.044250 1.173499
0.044300 1.173875
0.044350 1.176927
0.044400 1.162220
0.044450 1.190194
0.044500 1.187979
0.044550 1.113515
0.044600 1.110251
0.044650 1.036361
0.044700 1.140339
0.044750 1.035013
0.044800 1.090805
0.044850 1.112671
0.044900 1.155298
0.044950 1.099078
0.045000 1.161613
0.045050 1.085459
0.045100 1.074078
0.045150 1.164822
0.045200 1.149993
0.045250 1.047243
0.045300 1.075678
0.045350 1.044290
0.045400 1.078257
0.045450 1.017707
0.045500 1.167409
0.045550 1.085967
0.045600 1.016136
0.045650 1.016464
0.045700 1.105559
0.045750 0.976033
0.045800 1.060671
0.045850 1.200677
0.045900 1.008473
0.045950 0.978491
0.046000 1.023944
0.046050 1.050194
0.046100 1.069156
0.046150 1.033674
0.046200 1.064687
0.046250 1.028213
0.046300 1.135316
0.046350 1.067384
0.046400 1.133018
0.046450 1.107734
0.046500 1.106584
0.046550 1.093324
0.046600 1.009123
0.046650 0.986305
0.046700 1.041029
0.046750 1.114659
0.046800 1.101394
0.046850 1.053390
0.046900 1.022144
0.046950 1.088568
0.047000 1.079934
0.047050 1.124976
0.047100 1.122078
0.047150 1.048380
0.047200 0.950832
0.047250 0.978802
0.047300 1.040963
0.047350 1.045503
0.047400 1.014954
0.047450 0.984318
0.047500 0.908898
0.047550 1.016986
0.047600 1.022501
0.047650 1.042353
0.047700 1.150137
0.047750 1.182745
0.047800 0.913052
0.047850 0.946208
0.047900 1.146344
0.047950 0.913196
0.048000 1.000302
0.048050 1.000148
0.048100 0.982669
0.048150 1.086609
0.048200 1.022972
0.048250 1.033528
0.048300 1.053796
0.048350 0.885376
0.048400 1.092415
0.048450 1.024625
0.048500 0.988677
0.048550 0.976927
0.048600 1.037152
0.048650 1.005042
0.048700 0.984542
0.048750 1.024500
0.048800 0.992292
0.048850 0.973686
0.048900 1.018667
0.048950 1.073595
0.049000 1.062973
0.049050 1.062147
0.049100 1.062310
0.049150 1.016234
0.049200 1.073451
0.049250 0.949427
0.049300 0.990850
0.049350 1.105520
0.049400 1.017802
0.049450 1.087236
0.049500 1.011212
0.049550 0.991510
0.049600 0.967785
0.049650 0.876405
0.049700 0.957888
0.049750 0.889230
0.049800 0.915089
0.049850 1.026863
0.049900 0.955166
