0.019067 -0.0250000004 0.015419178 0.031420518 asynchronous_release_0
0.03012 -0.0250000004 0.0315807226 -0.0150883386 asynchronous_release_0
0.040516 -0.0250000004 -0.00878101338 0.0338805815 asynchronous_release_0
0.045026 -0.0250000004 0.00049321523 0.000869907315 asynchronous_release_0
0.034481 -0.0250000004 -0.00705654711 0.0342812652 asynchronous_release_0
0.036437 -0.0250000004 0.0347791484 -0.00392566407 asynchronous_release_0
0.027386 -0.0250000004 -0.0343333247 -0.00679873621 asynchronous_release_0
0.045878 -0.0250000004 0.0066165504 -0.0343688996 asynchronous_release_0
0.033443 -0.0250000004 0.00378982512 -0.0347942125 asynchronous_release_0
0.025793 -0.0250000004 -0.00807734398 0.034055198 asynchronous_release_1
0.026296 -0.0250000004 -0.000777964432 0.000628308318 asynchronous_release_0
0.039141 -0.0250000004 0.00033178533 0.000943354915 asynchronous_release_0
0.030122 -0.0250000004 -0.0344270554 0.00630696894 asynchronous_release_0
0.040139 -0.0250000004 -0.00727598321 0.0342353628 asynchronous_release_1
0.048908 -0.0250000004 0.000837265345 -0.0349899841 asynchronous_release_0
0.032667 -0.0250000004 0.0309526915 0.0163380198 asynchronous_release_0
0.014329 -0.0250000004 0.0349532927 -0.00180757523 asynchronous_release_0
0.043841 -0.0250000004 0.0331255195 0.0113004405 asynchronous_release_0
0.04863 -0.0250000004 -0.000999705497 -2.42676433e-05 asynchronous_release_0
0.043176 -0.0250000004 -0.0343138276 -0.00689646566 asynchronous_release_0
0.049524 -0.0250000004 -0.0231294282 0.0262684135 asynchronous_release_0
0.041513 -0.0250000004 -0.0317282918 -0.0147755034 asynchronous_release_0
0.026302 -0.0250000004 0.0300429808 -0.0179560381 asynchronous_release_4
0.036678 -0.0250000004 -0.0232996196 0.0261175751 asynchronous_release_0
0.044687 -0.0250000004 -0.0328601564 -0.0120503163 asynchronous_release_0
0.047754 -0.0250000004 0.000565244366 -0.000824923515 asynchronous_release_0
0.028161 -0.0250000004 0.000939966897 -0.000341265634 asynchronous_release_0
0.048664 -0.0250000004 0.0119442972 0.0328988414 asynchronous_release_0
0.03141 -0.0250000004 0.0348916181 -0.00275226906 asynchronous_release_0
0.021219 -0.0250000004 0.00264900159 0.0348996102 asynchronous_release_0
0.046554 -0.0250000004 -0.0349755809 -0.00130718729 asynchronous_release_0
0.025546 -0.0250000004 0.0340964179 0.00790153684 asynchronous_release_4
0.044395 -0.0250000004 0.000722321018 0.000691557913 asynchronous_release_0
0.049619 -0.0250000004 -0.020333194 -0.0284879136 asynchronous_release_0
0.035116 -0.0250000004 0.0349867744 0.000962088374 asynchronous_release_0
0.035603 -0.0250000004 -0.0292817006 0.0191724283 asynchronous_release_0
