0.02316 -0.0250000004 0.00373280061 -0.0348003764 synchronous_release_0
0.026124 -0.0250000004 0.0139357175 -0.0321060084 synchronous_release_0
0.022866 -0.0250000004 0.0224725965 -0.0268324879 synchronous_release_1
0.002732 -0.0250000004 0.0243924481 0.0250999697 synchronous_release_0
0.029964 -0.0250000004 0.00315286396 -0.0348577029 synchronous_release_0
0.023354 -0.0250000004 0.0349682038 0.00149155151 synchronous_release_0
0.022755 -0.0250000004 0.0301096922 0.0178439467 synchronous_release_0
0.023369 -0.0250000004 0.0318852408 0.0144336904 synchronous_release_1
0.022961 -0.0250000004 0.0257569586 0.0236976599 synchronous_release_0
0.038117 -0.0250000004 0.0349956879 0.00054938731 synchronous_release_0
0.022702 -0.0250000004 -0.000998825782 -4.84464281e-05 synchronous_release_0
0.023998 -0.0250000004 0.0294274851 0.0189479055 synchronous_release_0
0.042275 -0.0250000004 0.0293059196 -0.019135388 synchronous_release_0
0.025481 -0.0250000004 0.0235353792 -0.0259053262 synchronous_release_0
0.031339 -0.0250000004 0.000212273521 -0.000977210291 synchronous_release_0
0.026885 -0.0250000004 0.0346844776 0.00468903112 synchronous_release_0
0.003833 -0.0250000004 0.0244006353 0.0250920107 synchronous_release_0
0.026113 -0.0250000004 0.0268856848 0.0224089258 synchronous_release_1
0.022705 -0.0250000004 0.034984718 -0.00103416792 synchronous_release_1
0.005411 -0.0250000004 0.0349544236 0.00178557375 synchronous_release_0
0.02304 -0.0250000004 0.0240346109 -0.0254428276 synchronous_release_1
0.022664 -0.0250000004 0.0144844222 0.0318622271 synchronous_release_0
0.023051 -0.0250000004 0.030984537 -0.0162775448 synchronous_release_0
0.024062 -0.0250000004 0.0174891806 -0.0303171332 synchronous_release_0
0.029937 -0.0250000004 -0.023483955 0.0259519529 synchronous_release_0
0.036369 -0.0250000004 0.0331475949 -0.0112355219 synchronous_release_1
0.0289 -0.0250000004 0.018740982 0.0295596955 synchronous_release_1
0.027073 -0.0250000004 -0.000933167312 -0.0003594423 synchronous_release_0
0.030232 -0.0250000004 0.00966805219 -0.033638204 synchronous_release_0
0.0085 -0.0250000004 0.0339655653 -0.00844632318 synchronous_release_1
0.023558 -0.0250000004 0.0205300785 0.0283463556 synchronous_release_0
0.0292 -0.0250000004 0.0348137033 -0.00360639177 synchronous_release_0
0.023611 -0.0250000004 0.0309787828 -0.0162884935 synchronous_release_0
0.022388 -0.0250000004 0.031090546 0.0160741392 synchronous_release_1
0.03509 -0.0250000004 0.0599388146 -0.00907405636 synchronous_release_0
0.024823 -0.0250000004 0.00250059986 0.0349105571 synchronous_release_0
0.023956 -0.0250000004 0.000697987822 -0.000716109629 synchronous_release_0
0.030392 -0.0250000004 0.0316575749 0.0149264178 synchronous_release_1
0.024199 -0.0250000004 0.0330044629 -0.0116492673 synchronous_release_0
0.02306 -0.0250000004 -0.000993053351 -0.000117664961 synchronous_release_0
0.028707 -0.0250000004 0.0311512665 -0.0159561461 synchronous_release_1
0.026457 -0.0250000004 0.0344414444 0.00622791341 synchronous_release_1
0.03705 -0.0250000004 -0.000763234546 -0.000646121527 synchronous_release_1
0.028217 -0.0250000004 -0.00439337458 -0.034723166 synchronous_release_0
0.02251 -0.0250000004 0.0288996274 0.0197436455 synchronous_release_0
0.024409 -0.0250000004 -0.0152217904 0.0315166162 synchronous_release_1
0.029702 -0.0250000004 -0.0349050855 0.00257585097 synchronous_release_1
0.003669 -0.0250000004 -0.020789299 -0.028156794 synchronous_release_0
0.003586 -0.0250000004 0.0179350662 0.0300555053 synchronous_release_0
0.004763 -0.0250000004 -0.0116325854 0.0330103462 synchronous_release_0
0.023047 -0.0250000004 0.0344040911 -0.00643105859 synchronous_release_1
0.030014 -0.0250000004 0.00736674955 0.0342159466 synchronous_release_0
0.03306 -0.0250000004 -0.0286024687 -0.0201717324 synchronous_release_0
0.027052 -0.0250000004 0.0347621436 0.00407349599 synchronous_release_0
0.028394 -0.0250000004 0.0349062191 0.00256044264 synchronous_release_1
0.023497 -0.0250000004 -0.000994120358 -0.000108280718 synchronous_release_0
0.02317 -0.0250000004 0.0349553652 -0.00176704411 synchronous_release_0
0.035161 -0.0250000004 -0.000993300246 -0.000115562194 synchronous_release_0
0.022925 -0.0250000004 0.032130152 -0.0138799615 synchronous_release_1
0.022983 -0.0250000004 -0.0277551176 0.0213226041 synchronous_release_0
0.022982 -0.0250000004 -0.00645200266 0.0344001695 synchronous_release_0
0.028891 -0.0250000004 0.030673443 -0.0168564496 synchronous_release_0
0.023198 -0.0250000004 0.0267634305 -0.0225547952 synchronous_release_0
0.02245 -0.0250000004 0.00615131038 0.0344552083 synchronous_release_1
0.028289 -0.0250000004 0.0329147409 0.0119004131 synchronous_release_1
0.027247 -0.0250000004 -0.0321090328 0.0139287476 synchronous_release_0
0.04556 -0.0250000004 0.000397964218 0.000917400938 synchronous_release_0
0.023186 -0.0250000004 0.0321090328 -0.0139287476 synchronous_release_2
0.024215 -0.0250000004 0.0329515435 -0.0117981262 synchronous_release_0
0.033203 -0.0250000004 -0.00091836837 0.000395726594 synchronous_release_0
0.023016 -0.0250000004 0.0209113464 -0.0280662714 synchronous_release_1
0.022127 -0.0250000004 0.0272338119 0.0219845284 synchronous_release_0
0.023246 -0.0250000004 0.000359797392 0.000933030459 synchronous_release_0
0.042102 -0.0250000004 0.0326560661 -0.0125929087 synchronous_release_0
0.017781 -0.0250000004 -0.00999870686 -0.0335414052 synchronous_release_0
0.038406 -0.0250000004 0.00928590479 -0.0337456956 synchronous_release_0
0.023244 -0.0250000004 0.033132272 0.0112806273 synchronous_release_0
0.03912 -0.0250000004 -0.00397168836 -0.0347739226 synchronous_release_1
0.043157 -0.0250000004 -0.0121489824 0.0328238058 synchronous_release_0
0.024527 -0.0250000004 -0.00494842225 -0.0346484216 synchronous_release_0
0.033842 -0.0250000004 0.0324806244 0.0130387514 synchronous_release_1
0.025903 -0.0250000004 0.0328293641 -0.0121339545 synchronous_release_1
0.043666 -0.0250000004 0.000560295769 -0.000828292612 synchronous_release_0
0.022454 -0.0250000004 0.0304977775 -0.0171722325 synchronous_release_0
0.031851 -0.0250000004 -0.000679140965 0.000734007868 synchronous_release_0
0.026597 -0.0250000004 -0.0172418735 -0.0304584602 synchronous_release_0
0.025241 -0.0250000004 -0.000741161512 -0.000671326756 synchronous_release_0
0.024548 -0.0250000004 0.0305147236 -0.0171421015 synchronous_release_0
0.025266 -0.0250000004 0.00766178873 0.0341510907 synchronous_release_0
0.023592 -0.0250000004 0.0322791849 0.0135297532 synchronous_release_0
0.022708 -0.0250000004 0.0288157674 -0.0198658388 synchronous_release_1
0.034152 -0.0250000004 0.0332866855 -0.0108164951 synchronous_release_0
0.022644 -0.0250000004 0.0296254859 -0.0186368072 synchronous_release_0
0.034325 -0.0250000004 0.0216448385 0.0275045627 synchronous_release_0
0.022414 -0.0250000004 -0.0264209885 0.0229549856 synchronous_release_0
0.026661 -0.0250000004 0.000458469736 0.000888710021 synchronous_release_0
0.022694 -0.0250000004 0.0192071958 0.0292589069 synchronous_release_0
0.029 -0.0250000004 -0.0233926447 -0.0260342884 synchronous_release_0
0.027991 -0.0250000004 0.0192636274 -0.029221784 synchronous_release_0
0.02365 -0.0250000004 -0.0266025133 -0.0227443683 synchronous_release_0
0.004611 -0.0250000004 0.0274220243 0.0217493122 synchronous_release_0
0.027037 -0.0250000004 0.000621408921 -0.000783486409 synchronous_release_0
0.025826 -0.0250000004 0.0329625358 -0.0117673801 synchronous_release_0
0.027566 -0.0250000004 0.033977148 -0.00839960797 synchronous_release_0
0.025318 -0.0250000004 0.000206995005 -0.000978341999 synchronous_release_0
0.036809 -0.0250000004 -0.0233951876 0.0260320033 synchronous_release_0
0.023039 -0.0250000004 0.000993948214 -0.0349858838 synchronous_release_0
0.030931 -0.0250000004 0.000349171832 -0.000937058713 synchronous_release_1
0.022882 -0.0250000004 -0.000910746663 0.000412965515 synchronous_release_0
0.032916 -0.0250000004 -0.014453793 -0.0318761332 synchronous_release_0
0.028096 -0.0250000004 0.0348324376 0.00342071466 synchronous_release_1
0.023831 -0.0250000004 0.0348738638 0.00296877535 synchronous_release_0
0.031143 -0.0250000004 0.00810847011 -0.0340478004 synchronous_release_0
0.031355 -0.0250000004 0.0248414081 -0.0246557183 synchronous_release_1
0.022687 -0.0250000004 0.00279598296 0.0348881424 synchronous_release_0
0.030892 -0.0250000004 -0.000849367517 0.0349896924 synchronous_release_0
0.009836 -0.0250000004 0.033720774 0.00937600118 synchronous_release_0
0.0303 -0.0250000004 0.0304188799 0.0173116073 synchronous_release_0
0.023259 -0.0250000004 -0.0137746175 0.0321754551 synchronous_release_0
0.031841 -0.0250000004 -0.00852615324 0.033945614 synchronous_release_0
0.024169 -0.0250000004 -0.000763905743 -0.000645327836 synchronous_release_0
0.0329 -0.0250000004 0.0344478994 0.00619210999 synchronous_release_0
0.022752 -0.0250000004 0.0348440341 0.00330049794 synchronous_release_0
0.024641 -0.0250000004 0.0220234776 0.027202324 synchronous_release_0
0.022791 -0.0250000004 0.0223554641 -0.0269301546 synchronous_release_0
0.034467 -0.0250000004 -0.0138085946 -0.032160888 synchronous_release_0
0.037631 -0.0250000004 0.0328442758 0.0120935332 synchronous_release_0
0.022811 -0.0250000004 0.0268954449 -0.0223972106 synchronous_release_1
0.031972 -0.0250000004 0.0342682933 0.00711927491 synchronous_release_0
0.030595 -0.0250000004 0.000534673704 -0.000845058596 synchronous_release_0
0.023627 -0.0250000004 0.0289135296 0.0197232809 synchronous_release_1
0.006705 -0.0250000004 0.0211633838 -0.027876714 synchronous_release_0
0.003096 -0.0250000004 0.0222810731 0.0269917354 synchronous_release_0
0.022933 -0.0250000004 -0.0152693833 -0.0314935856 synchronous_release_1
0.022618 -0.0250000004 0.0203500961 0.0284758422 synchronous_release_0
0.024641 -0.0250000004 0.0210370427 0.0279721797 synchronous_release_0
0.023436 -0.0250000004 0.028872323 0.0197835528 synchronous_release_0
0.023196 -0.0250000004 0.0275164447 0.0216297312 synchronous_release_0
0.034431 -0.0250000004 0.0049736744 -0.0346448057 synchronous_release_0
0.024799 -0.0250000004 0.0326971148 0.0124859394 synchronous_release_0
0.02282 -0.0250000004 -0.000888626288 0.000458632009 synchronous_release_0
0.006891 -0.0250000004 0.0190292322 -0.0293749608 synchronous_release_0
0.025903 -0.0250000004 0.0251268557 0.0243647517 synchronous_release_0
0.030809 -0.0250000004 -0.000233583849 -0.0349992205 synchronous_release_1
0.037233 -0.0250000004 0.0264339166 0.0229400971 synchronous_release_0
0.024351 -0.0250000004 0.00664974856 -0.0343624918 synchronous_release_1
0.022518 -0.0250000004 0.0257425007 -0.0237133645 synchronous_release_0
0.02258 -0.0250000004 0.0282654789 -0.0206412864 synchronous_release_0
0.031926 -0.0250000004 -0.0186198479 0.029636148 synchronous_release_0
0.00638 -0.0250000004 0.0294141926 -0.0189685337 synchronous_release_0
0.033905 -0.0250000004 -0.0346399903 -0.00500710237 synchronous_release_1
0.02998 -0.0250000004 0.0221655796 -0.0270866587 synchronous_release_0
0.022549 -0.0250000004 0.0329424424 -0.0118235142 synchronous_release_0
0.022102 -0.0250000004 0.000993381002 0.000114865944 synchronous_release_0
0.023605 -0.0250000004 -0.000663205416 -0.000748437423 synchronous_release_0
0.040313 -0.0250000004 -0.0153622434 0.0314483939 synchronous_release_0
0.022992 -0.0250000004 0.0322424839 -0.0136169833 synchronous_release_1
0.023866 -0.0250000004 0.00049767154 -0.0349964616 synchronous_release_1
0.024108 -0.0250000004 -0.00102428618 -0.0349850088 synchronous_release_1
0.027249 -0.0250000004 0.0199284294 -0.0287725164 synchronous_release_1
0.028625 -0.0250000004 0.0130204002 0.0324879851 synchronous_release_0
0.02424 -0.0250000004 0.000151707073 0.000988425497 synchronous_release_0
0.046504 -0.0250000004 -0.0218958225 -0.0273051819 synchronous_release_0
0.025302 -0.0250000004 0.028983923 -0.0196196893 synchronous_release_1
0.023923 -0.0250000004 0.0314498958 0.0153591685 synchronous_release_0
0.03994 -0.0250000004 0.0298083298 0.0183429408 synchronous_release_0
0.022764 -0.0250000004 0.034993348 -0.000682345925 synchronous_release_0
0.023495 -0.0250000004 0.0341583136 -0.00762952231 synchronous_release_1
0.031492 -0.0250000004 -0.00333057828 -0.0348411717 synchronous_release_0
0.022618 -0.0250000004 0.013953246 -0.0320983944 synchronous_release_0
0.025638 -0.0250000004 0.0341189578 0.0078036349 synchronous_release_0
0.031728 -0.0250000004 0.0312108765 0.0158392293 synchronous_release_0
0.023208 -0.0250000004 -0.0136133528 -0.0322440169 synchronous_release_0
0.027004 -0.0250000004 0.0215215984 -0.0276011015 synchronous_release_0
0.022963 -0.0250000004 -0.00419689023 -0.034747462 synchronous_release_0
0.026587 -0.0250000004 0.00041875904 -0.0349974948 synchronous_release_0
0.022286 -0.0250000004 -0.000677701058 -0.000735337525 synchronous_release_0
0.01252 -0.0250000004 0.0167047066 -0.0307563453 synchronous_release_0
0.003586 -0.0250000004 0.0230934292 -0.026300067 synchronous_release_0
0.022633 -0.0250000004 0.0317829707 -0.0146575159 synchronous_release_0
0.026975 -0.0250000004 0.027648036 -0.0214612699 synchronous_release_0
0.031611 -0.0250000004 -0.0145046599 0.0318530193 synchronous_release_0
0.033671 -0.0250000004 -0.00581485541 0.0345135837 synchronous_release_0
0.003429 -0.0250000004 0.0344948061 0.00592523037 synchronous_release_0
0.026697 -0.0250000004 -0.0164425127 -0.0308973102 synchronous_release_0
0.032615 -0.0250000004 0.034597715 -0.0052913244 synchronous_release_0
0.024264 -0.0250000004 0.0349977684 -0.000395231737 synchronous_release_1
0.022445 -0.0250000004 0.0149535592 0.0316447636 synchronous_release_0
0.024762 -0.0250000004 0.0348819488 0.00287221964 synchronous_release_0
0.022434 -0.0250000004 0.0203908023 -0.0284467077 synchronous_release_0
0.02427 -0.0250000004 0.0349533291 0.00180687137 synchronous_release_0
0.034321 -0.0250000004 0.0331017655 -0.0113698338 synchronous_release_0
0.024061 -0.0250000004 0.0184723599 0.0297283017 synchronous_release_1
0.030034 -0.0250000004 0.0603732325 -0.00548386699 synchronous_release_0
0.024416 -0.0250000004 0.0109535207 -0.0332418469 synchronous_release_0
0.027061 -0.0250000004 -0.0336230406 -0.00972065553 synchronous_release_0
0.006099 -0.0250000004 0.00196295965 0.0349449108 synchronous_release_0
0.024741 -0.0250000004 -0.000674498494 -0.000738276223 synchronous_release_0
0.034438 -0.0250000004 -0.000971337216 0.000237705728 synchronous_release_1
0.028235 -0.0250000004 -0.0166412553 -0.030790723 synchronous_release_0
0.022522 -0.0250000004 -0.00263043853 -0.0349010142 synchronous_release_0
0.022365 -0.0250000004 0.011585031 -0.0330270655 synchronous_release_0
