0.069158 -0.0250000004 -0.00099878438 -4.92926107e-05 asynchronous_release_0
0.068041 -0.0250000004 -0.0233643365 0.0260596964 asynchronous_release_0
0.016549 -0.0250000004 0.0348368464 0.00337551927 asynchronous_release_0
0.055025 -0.0250000004 0.0315802155 -0.0150894 asynchronous_release_0
0.058408 -0.0250000004 0.0325976166 0.0127434452 asynchronous_release_0
0.064173 -0.0250000004 0.0215264557 0.0275973134 asynchronous_release_0
0.063337 -0.0250000004 0.0266598591 -0.0226771232 asynchronous_release_0
0.043795 -0.0250000004 0.0279993713 0.0210008383 asynchronous_release_3
0.068476 -0.0250000004 -0.0182001201 -0.029895746 asynchronous_release_0
0.061646 -0.0250000004 0.00661185362 -0.0343698035 asynchronous_release_0
0.057064 -0.0250000004 -0.011003629 0.0332252938 asynchronous_release_0
0.045221 -0.0250000004 0.0266630615 0.0647231114 asynchronous_release_0
0.060657 -0.0250000004 0.000918160332 0.000396209042 asynchronous_release_0
0.016382 -0.0250000004 0.0273826108 -0.0217989135 asynchronous_release_0
0.06386 -0.0250000004 0.00518710744 0.0346134933 asynchronous_release_0
0.046854 -0.0250000004 -0.0348377182 -0.00336651024 asynchronous_release_3
0.004564 -0.0250000004 -0.00418411463 -0.0347490026 asynchronous_release_3
0.036177 -0.0250000004 0.0051227876 0.034623071 asynchronous_release_0
0.066549 -0.0250000004 -0.000954966035 0.000296715136 asynchronous_release_0
0.053437 -0.0250000004 -0.0320527585 -0.014057762 asynchronous_release_0
0.054501 -0.0250000004 -0.0108904628 0.0332625588 asynchronous_release_0
0.065926 -0.0250000004 -0.00175973546 -0.0349557339 asynchronous_release_1
0.046644 -0.0250000004 -0.000832785206 0.000553596243 asynchronous_release_0
0.069437 -0.0250000004 0.0114410956 0.0330772026 asynchronous_release_0
0.060431 -0.0250000004 -0.0324239947 0.013178944 asynchronous_release_0
0.055391 -0.0250000004 0.0208070743 -0.0281436611 asynchronous_release_0
0.044063 -0.0250000004 3.67480442e-05 0.000999324563 asynchronous_release_0
0.031814 -0.0250000004 0.000971885475 0.000235454078 asynchronous_release_0
0.058839 -0.0250000004 -0.0288398207 0.0198309037 asynchronous_release_0
0.05291 -0.0250000004 -0.0021037969 0.0349367148 asynchronous_release_0
0.042926 -0.0250000004 0.0334821819 -0.0101952684 asynchronous_release_2
0.035286 -0.0250000004 0.0331734879 -0.0111588397 asynchronous_release_0
0.061331 -0.0250000004 0.0344346737 0.00626524106 asynchronous_release_0
0.05724 -0.0250000004 -0.0298616391 0.0182560267 asynchronous_release_0
0.024477 -0.0250000004 -0.0310681147 0.0161174516 asynchronous_release_0
0.066824 -0.0250000004 0.00157593479 -0.0349645024 asynchronous_release_0
0.052538 -0.0250000004 -0.000547393844 -0.000836875128 asynchronous_release_1
0.065858 -0.0250000004 0.00299231994 0.0348718514 asynchronous_release_0
0.021866 -0.0250000004 0.0231522014 0.0262483441 asynchronous_release_0
0.015853 -0.0250000004 0.000844191733 -0.000536041341 asynchronous_release_0
0.045732 -0.0250000004 0.0260915092 -0.0233288051 asynchronous_release_0
0.045719 -0.0250000004 -0.0291215764 0.0194147828 asynchronous_release_0
0.066487 -0.0250000004 0.000139839937 -0.000990174122 asynchronous_release_0
0.041753 -0.0250000004 0.0282703062 0.0206346744 asynchronous_release_0
0.063617 -0.0250000004 0.00412189213 -0.0347564383 asynchronous_release_0
0.065568 -0.0250000004 0.0337070385 0.00942526164 asynchronous_release_0
0.069807 -0.0250000004 0.0141701181 0.032003246 asynchronous_release_0
0.057935 -0.0250000004 0.0305015507 0.0171655295 asynchronous_release_0
0.069188 -0.0250000004 0.018164861 0.0299171828 asynchronous_release_0
0.043746 -0.0250000004 0.0215799481 -0.0275555047 asynchronous_release_4
0.031174 -0.0250000004 0.0288597604 -0.0198018744 asynchronous_release_0
0.057919 -0.0250000004 0.000769554742 0.000638580847 asynchronous_release_0
0.064115 -0.0250000004 0.0239982574 0.02547712 asynchronous_release_0
0.063967 -0.0250000004 -0.00740535939 0.034207611 asynchronous_release_0
0.043948 -0.0250000004 0.0297735526 -0.0183993361 asynchronous_release_0
0.051402 -0.0250000004 0.0254682827 0.0240076358 asynchronous_release_0
0.062542 -0.0250000004 0.0316998859 -0.0148363483 asynchronous_release_0
0.064519 -0.0250000004 -0.0343722508 -0.00659911943 asynchronous_release_0
0.056128 -0.0250000004 0.0349052377 0.00257378703 asynchronous_release_0
0.068564 -0.0250000004 0.0347472292 0.0041988168 asynchronous_release_0
0.043313 -0.0250000004 0.0250039088 0.0244909074 asynchronous_release_4
0.057019 -0.0250000004 0.000362165755 -0.000932113709 asynchronous_release_0
0.067233 -0.0250000004 -0.0326818155 -0.0125259305 asynchronous_release_0
0.058586 -0.0250000004 0.0326818155 0.0125259305 asynchronous_release_2
0.047137 -0.0250000004 -0.0264684558 -0.0229002368 asynchronous_release_0
0.04061 -0.0250000004 -0.000775836748 -0.000630933705 asynchronous_release_0
0.028905 -0.0250000004 0.00421449112 0.0347453316 asynchronous_release_0
0.009101 -0.0250000004 0.0242972911 -0.0251920949 asynchronous_release_0
0.028056 -0.0250000004 0.0197934365 0.0288655482 asynchronous_release_4
0.049094 -0.0250000004 0.0349759442 -0.00129743068 asynchronous_release_0
0.04749 -0.0250000004 -0.0286143997 0.0201548042 asynchronous_release_0
0.009154 -0.0250000004 0.0103039216 -0.0334489043 asynchronous_release_0
0.029099 -0.0250000004 -0.000791691382 -0.000610921236 asynchronous_release_0
0.040526 -0.0250000004 0.0339108665 -0.00866332123 asynchronous_release_0
0.06486 -0.0250000004 -0.0267455347 -0.0225760132 asynchronous_release_0
0.058864 -0.0250000004 -0.000554589563 -0.000832124039 asynchronous_release_0
0.01305 -0.0250000004 0.0298764705 -0.0182317445 asynchronous_release_0
0.01874 -0.0250000004 0.00314813915 -0.0348581299 asynchronous_release_0
0.068433 -0.0250000004 -0.00167929836 -0.0349596905 asynchronous_release_0
0.06952 -0.0250000004 -0.000644858544 0.000764301941 asynchronous_release_0
0.052655 -0.0250000004 -0.0125990117 0.0326537119 asynchronous_release_0
0.017616 -0.0250000004 -0.0124934376 0.0326942505 asynchronous_release_0
0.055332 -0.0250000004 0.0323106521 -0.0134544328 asynchronous_release_0
0.050806 -0.0250000004 0.033516426 0.0100821223 asynchronous_release_0
0.048361 -0.0250000004 0.0300329308 0.0179728425 asynchronous_release_0
0.058168 -0.0250000004 -0.000242585986 -0.000970129909 asynchronous_release_0
0.012178 -0.0250000004 0.034681046 0.00471434487 asynchronous_release_0
0.053129 -0.0250000004 -0.0214232654 0.0276774944 asynchronous_release_0
0.030123 -0.0250000004 0.0339568485 -0.00848129959 asynchronous_release_0
0.059715 -0.0250000004 0.0304125147 -0.017322787 asynchronous_release_1
0.054021 -0.0250000004 -0.0337620071 0.0092264228 asynchronous_release_1
0.05165 -0.0250000004 0.0276160224 -0.0215024489 asynchronous_release_0
0.054153 -0.0250000004 0.00190369644 0.0349481894 asynchronous_release_0
0.028541 -0.0250000004 0.0202083567 0.0285766044 asynchronous_release_0
0.049473 -0.0250000004 0.0347641863 0.00405602638 asynchronous_release_0
0.06922 -0.0250000004 0.00099970827 -2.41531496e-05 asynchronous_release_0
0.047702 -0.0250000004 0.0348449695 -0.00329060747 asynchronous_release_1
0.049868 -0.0250000004 0.00555588783 0.0345562167 asynchronous_release_1
0.056716 -0.0250000004 -0.0330795386 -0.0114343397 asynchronous_release_0
0.023508 -0.0250000004 0.00668273301 0.0343560923 asynchronous_release_0
0.009992 -0.0250000004 0.0221861268 0.0270698315 asynchronous_release_0
0.060018 -0.0250000004 -0.0137730063 0.0321761448 asynchronous_release_0
0.042217 -0.0250000004 -0.0302877748 -0.0175399743 asynchronous_release_0
0.059358 -0.0250000004 -0.000447974016 0.034997133 asynchronous_release_0
0.046319 -0.0250000004 0.000386917989 0.00092211413 asynchronous_release_1
0.05606 -0.0250000004 0.0345558492 -0.00555817268 asynchronous_release_0
0.057552 -0.0250000004 0.0348951877 -0.00270663486 asynchronous_release_0
0.048592 -0.0250000004 -0.00837121757 -0.0339841539 asynchronous_release_0
0.056994 -0.0250000004 0.00206208502 -0.0349392016 asynchronous_release_0
0.028607 -0.0250000004 0.0349997275 0.000138106213 asynchronous_release_0
0.030751 -0.0250000004 0.0304728667 -0.017216399 asynchronous_release_0
0.056391 -0.0250000004 -0.0260926732 -0.0233275032 asynchronous_release_0
0.046562 -0.0250000004 0.0205856573 -0.028306019 asynchronous_release_1
0.04757 -0.0250000004 -0.0336962736 -0.0094636749 asynchronous_release_0
0.060504 -0.0250000004 0.000999856805 1.69224465e-05 asynchronous_release_1
0.014018 -0.0250000004 -0.0256095869 -0.0238568452 asynchronous_release_0
0.045799 -0.0250000004 0.000123641489 -0.000992326953 asynchronous_release_0
0.029126 -0.0250000004 0.00528319087 -0.034598958 asynchronous_release_1
0.06138 -0.0250000004 0.0105663817 -0.069197916 asynchronous_release_4
0.045385 -0.0250000004 -0.0142206864 0.031980808 asynchronous_release_0
0.06518 -0.0250000004 -0.0336199494 0.00973134121 asynchronous_release_0
0.040777 -0.0250000004 0.00083141531 0.000555651494 asynchronous_release_0
0.065093 -0.0250000004 -0.0205282777 0.0283476598 asynchronous_release_0
0.067006 -0.0250000004 0.0341783324 0.00753933652 asynchronous_release_0
0.060148 -0.0250000004 0.000685737299 -0.00072784913 asynchronous_release_0
0.057761 -0.0250000004 2.62009348e-05 0.000999656697 asynchronous_release_0
0.020323 -0.0250000004 -0.000922327255 0.000386409671 asynchronous_release_0
0.057913 -0.0250000004 0.0301332866 0.0178040736 asynchronous_release_0
0.01493 -0.0250000004 0.000317016078 -0.000948420164 asynchronous_release_0
0.018893 -0.0250000004 -0.00415395212 0.0347526212 asynchronous_release_0
0.044415 -0.0250000004 0.0215841816 -0.0275521887 asynchronous_release_0
0.064294 -0.0250000004 0.0133391471 0.0323584171 asynchronous_release_0
0.038733 -0.0250000004 0.0341868462 -0.00750063637 asynchronous_release_0
0.058012 -0.0250000004 -0.000189474361 -0.000981885669 asynchronous_release_0
0.053193 -0.0250000004 -0.0168022199 0.0307031823 asynchronous_release_0
0.03929 -0.0250000004 0.0323483066 0.0133636468 asynchronous_release_0
0.035137 -0.0250000004 0.0289255721 0.0197056154 asynchronous_release_0
0.021856 -0.0250000004 0.0270233846 -0.0222426771 asynchronous_release_0
0.064462 -0.0250000004 -0.0349231689 -0.0023178165 asynchronous_release_0
0.066815 -0.0250000004 -0.000772137292 -0.000635455744 asynchronous_release_0
0.022941 -0.0250000004 0.0297053544 0.0185092388 asynchronous_release_0
0.018469 -0.0250000004 -0.0198407863 -0.0288330227 asynchronous_release_0
0.057342 -0.0250000004 -0.0227463924 0.0266007826 asynchronous_release_0
0.052224 -0.0250000004 -0.00821930837 -0.0340212135 asynchronous_release_3
0.02758 -0.0250000004 0.000658235424 0.0349938098 asynchronous_release_0
0.036322 -0.0250000004 0.00930598395 -0.0337401639 asynchronous_release_0
0.013791 -0.0250000004 -0.0120208995 0.032870929 asynchronous_release_0
0.056098 -0.0250000004 0.0163609139 -0.0309405962 asynchronous_release_0
0.059403 -0.0250000004 -0.0240319374 -0.0254453529 asynchronous_release_0
0.006975 -0.0250000004 0.0316005719 -0.0150467224 asynchronous_release_0
0.063765 -0.0250000004 0.0322883492 -0.0135078682 asynchronous_release_0
0.052466 -0.0250000004 0.0182541682 0.0298627752 asynchronous_release_0
0.043503 -0.0250000004 -0.0349445834 0.00196877872 asynchronous_release_0
0.064705 -0.0250000004 -0.0319688738 -0.0142474948 asynchronous_release_0
0.055069 -0.0250000004 2.03283748e-05 0.0349999941 asynchronous_release_0
0.065418 -0.0250000004 0.0277606281 -0.0213154294 asynchronous_release_0
0.049625 -0.0250000004 0.000997271491 -7.3821219e-05 asynchronous_release_0
0.069721 -0.0250000004 0.0305585883 0.0170637828 asynchronous_release_0
0.065936 -0.0250000004 -0.0340329671 0.00817050494 asynchronous_release_0
0.047242 -0.0250000004 0.00602239755 0.0344779745 asynchronous_release_0
0.059919 -0.0250000004 -0.000519779297 -0.0349961402 asynchronous_release_0
0.065892 -0.0250000004 -0.0136673785 -0.032221154 asynchronous_release_0
0.058799 -0.0250000004 0.0349809918 0.00115334712 asynchronous_release_1
0.060859 -0.0250000004 0.000997167222 -7.52165628e-05 asynchronous_release_0
0.052496 -0.0250000004 -0.0300737401 -0.0179044731 asynchronous_release_0
0.052448 -0.0250000004 0.0130779579 0.0324648582 asynchronous_release_0
0.003762 -0.0250000004 -0.0346273826 0.00509356222 asynchronous_release_0
0.008393 -0.0250000004 0.0319770968 0.0142290294 asynchronous_release_0
0.043816 -0.0250000004 0.0324873195 0.013022061 asynchronous_release_3
0.044472 -0.0250000004 -0.0327962173 0.012223262 asynchronous_release_2
0.064229 -0.0250000004 -0.0184294411 -0.0297549273 asynchronous_release_0
0.021853 -0.0250000004 0.0349990412 -0.000259062764 asynchronous_release_0
0.061639 -0.0250000004 0.0312767525 0.0157087477 asynchronous_release_0
0.049094 -0.0250000004 0.0342380637 -0.00726326313 asynchronous_release_3
0.06253 -0.0250000004 -0.0349427879 -0.00200039357 asynchronous_release_1
0.067943 -0.0250000004 0.00264263438 0.0349000929 asynchronous_release_0
0.044139 -0.0250000004 0.0250291695 -0.0244650909 asynchronous_release_4
0.069665 -0.0250000004 0.00268563477 0.0348968103 asynchronous_release_0
0.047114 -0.0250000004 0.000341811906 -0.000939768387 asynchronous_release_0
0.066777 -0.0250000004 0.000327944043 -0.00094469715 asynchronous_release_0
0.050335 -0.0250000004 -0.0272748231 0.0219336277 asynchronous_release_0
0.053815 -0.0250000004 -0.0115273252 -0.0330472506 asynchronous_release_0
0.009635 -0.0250000004 0.0332269854 0.0109985199 asynchronous_release_0
0.048168 -0.0250000004 0.00646137654 -0.03439841 asynchronous_release_0
0.052726 -0.0250000004 0.0229538401 0.0264219837 asynchronous_release_0
0.048876 -0.0250000004 0.0120248077 0.0328694995 asynchronous_release_0
0.033955 -0.0250000004 0.0279442665 -0.0210741066 asynchronous_release_0
0.061161 -0.0250000004 0.0191885516 0.0292711375 asynchronous_release_1
0.046074 -0.0250000004 -0.00073521033 0.000677839044 asynchronous_release_0
0.016289 -0.0250000004 -0.0205397061 0.0283393802 asynchronous_release_0
0.063601 -0.0250000004 0.0248353471 -0.0246618234 asynchronous_release_1
0.025551 -0.0250000004 0.0339849869 0.00836783508 asynchronous_release_0
0.056717 -0.0250000004 0.000949116577 -0.000314924948 asynchronous_release_1
0.05681 -0.0250000004 0.025102792 0.0243895435 asynchronous_release_0
0.067676 -0.0250000004 -0.0326696609 -0.0125575977 asynchronous_release_0
0.022989 -0.0250000004 0.0300363843 -0.0179670704 asynchronous_release_0
0.053562 -0.0250000004 -0.0121005773 -0.0328416813 asynchronous_release_0
0.054283 -0.0250000004 -0.0161705516 0.03104051 asynchronous_release_0
0.05845 -0.0250000004 -0.0349065971 -0.00255528391 asynchronous_release_0
0.044094 -0.0250000004 -0.0196662394 0.0289523579 asynchronous_release_4
0.066669 -0.0250000004 0.0136825193 -0.0322147275 asynchronous_release_0
0.024306 -0.0250000004 -0.0311307038 -0.0159962271 asynchronous_release_0
0.059855 -0.0250000004 -0.0339893432 -0.00835012257 asynchronous_release_0
0.047315 -0.0250000004 0.03315146 -0.0112241123 asynchronous_release_0
0.04611 -0.0250000004 0.0299983041 -0.0180305782 asynchronous_release_0
0.045466 -0.0250000004 0.011772433 -0.0329607315 asynchronous_release_0
0.044707 -0.0250000004 0.0134420427 -0.0323158086 asynchronous_release_3
0.05998 -0.0250000004 0.000858861498 -0.000512207894 asynchronous_release_0
0.017114 -0.0250000004 -0.0134554415 0.032310232 asynchronous_release_0
0.051098 -0.0250000004 -0.0349980282 -0.000371516276 asynchronous_release_0
0.064633 -0.0250000004 0.000722351656 -0.000691525911 asynchronous_release_0
0.00384 -0.0250000004 0.019477458 0.0290796944 asynchronous_release_0
0.061997 -0.0250000004 -0.0349224831 0.00232812623 asynchronous_release_0
0.037606 -0.0250000004 -0.000789724031 0.000613462269 asynchronous_release_0
0.059788 -0.0250000004 0.00740776637 -0.0342070899 asynchronous_release_0
0.068544 -0.0250000004 0.0121655032 -0.0328176863 asynchronous_release_0
0.066678 -0.0250000004 -0.000536039187 0.0008441931 asynchronous_release_0
0.048671 -0.0250000004 0.00692326079 -0.0343084313 asynchronous_release_2
0.01189 -0.0250000004 -0.0332830661 0.0108276272 asynchronous_release_1
0.016036 -0.0250000004 0.0245178519 0.0249774886 asynchronous_release_0
0.037733 -0.0250000004 0.0227748647 -0.0265764094 asynchronous_release_0
0.052824 -0.0250000004 0.00129386496 -0.0349760763 asynchronous_release_0
0.052648 -0.0250000004 -0.0166059029 -0.0308098034 asynchronous_release_0
