0.000000 0.076121
0.000050 0.087503
0.000100 0.088604
0.000150 0.099376
0.000200 0.096191
0.000250 0.097659
0.000300 0.102802
0.000350 0.091176
0.000400 0.095453
0.000450 0.104275
0.000500 0.079913
0.000550 0.084447
0.000600 0.113566
0.000650 0.080644
0.000700 0.100720
0.000750 0.084206
0.000800 0.113814
0.000850 0.102928
0.000900 0.118959
0.000950 0.115403
0.001000 0.106348
0.001050 0.096422
0.001100 0.133294
0.001150 0.142440
0.001200 0.170111
0.001250 0.183453
0.001300 0.234007
0.001350 0.268381
0.001400 0.318678
0.001450 0.495776
0.001500 0.586550
0.001550 0.852156
0.001600 1.204717
0.001650 1.668915
0.001700 2.267252
0.001750 3.079120
0.001800 3.879500
0.001850 4.741816
0.001900 6.165843
0.001950 7.450741
0.002000 8.504531
0.002050 9.641001
0.002100 10.526892
0.002150 11.150440
0.002200 11.622371
0.002250 11.504603
0.002300 11.093323
0.002350 10.206855
0.002400 9.441756
0.002450 8.482398
0.002500 7.385250
0.002550 6.631916
0.002600 5.840298
0.002650 5.242912
0.002700 4.500629
0.002750 4.142473
0.002800 3.714771
0.002850 3.372763
0.002900 3.187655
0.002950 2.940123
0.003000 2.655520
0.003050 2.573108
0.003100 2.343624
0.003150 2.131508
0.003200 2.069000
0.003250 1.900796
0.003300 1.874313
0.003350 1.892511
0.003400 1.823310
0.003450 1.603200
0.003500 1.528594
0.003550 1.533548
0.003600 1.504598
0.003650 1.484110
0.003700 1.340820
0.003750 1.269692
0.003800 1.283139
0.003850 1.331563
0.003900 1.250353
0.003950 1.180853
0.004000 1.299177
0.004050 1.203919
0.004100 1.104076
0.004150 1.181308
0.004200 1.107385
0.004250 1.199133
0.004300 1.116059
0.004350 1.156775
0.004400 1.177821
0.004450 1.058947
0.004500 1.047834
0.004550 1.045754
0.004600 1.059577
0.004650 1.059487
0.004700 0.978898
0.004750 1.065706
0.004800 1.044390
0.004850 0.997166
0.004900 0.955834
0.004950 0.955154
0.005000 0.911522
0.005050 0.934178
0.005100 0.862689
0.005150 0.928171
0.005200 0.933710
0.005250 0.884338
0.005300 0.938554
0.005350 0.954886
0.005400 0.887374
0.005450 0.823428
0.005500 0.876107
0.005550 0.844467
0.005600 0.813560
0.005650 0.860710
0.005700 0.825246
0.005750 0.807468
0.005800 0.808347
0.005850 0.828043
0.005900 0.742341
0.005950 0.722741
0.006000 0.781058
0.006050 0.809576
0.006100 0.792614
0.006150 0.741672
0.006200 0.805525
0.006250 0.707015
0.006300 0.735816
0.006350 0.712060
0.006400 0.739976
0.006450 0.710018
0.006500 0.726742
0.006550 0.710532
0.006600 0.674861
0.006650 0.736793
0.006700 0.706202
0.006750 0.705820
0.006800 0.722158
0.006850 0.687520
0.006900 0.708826
0.006950 0.706916
0.007000 0.670104
0.007050 0.689548
0.007100 0.654589
0.007150 0.654403
0.007200 0.704176
0.007250 0.660444
0.007300 0.720527
0.007350 0.675181
0.007400 0.684371
0.007450 0.683427
0.007500 0.614232
0.007550 0.661778
0.007600 0.685345
0.007650 0.622057
0.007700 0.613633
0.007750 0.613465
0.007800 0.622703
0.007850 0.602237
0.007900 0.606158
0.007950 0.621642
0.008000 0.662171
0.008050 0.643465
0.008100 0.660532
0.008150 0.622248
0.008200 0.641264
0.008250 0.646106
0.008300 0.603519
0.008350 0.568807
0.008400 0.619065
0.008450 0.645133
0.008500 0.585539
0.008550 0.592547
0.008600 0.597141
0.008650 0.602041
0.008700 0.616697
0.008750 0.561421
0.008800 0.570195
0.008850 0.608349
0.008900 0.536378
0.008950 0.543142
0.009000 0.557470
0.009050 0.599542
0.009100 0.602614
0.009150 0.611630
0.009200 0.565294
0.009250 0.560052
0.009300 0.545188
0.009350 0.560726
0.009400 0.618654
0.009450 0.595790
0.009500 0.530329
0.009550 0.549255
0.009600 0.556300
0.009650 0.576622
0.009700 0.534829
0.009750 0.566249
0.009800 0.615453
0.009850 0.574879
0.009900 0.597119
0.009950 0.564245
0.010000 0.511928
0.010050 0.560382
0.010100 0.558756
0.010150 0.555006
0.010200 0.557083
0.010250 0.500415
0.010300 0.578024
0.010350 0.507558
0.010400 0.533810
0.010450 0.508288
0.010500 0.501947
0.010550 0.587235
0.010600 0.513049
0.010650 0.548791
0.010700 0.490778
0.010750 0.531222
0.010800 0.564761
0.010850 0.529343
0.010900 0.507788
0.010950 0.516636
0.011000 0.483734
0.011050 0.516436
0.011100 0.533420
0.011150 0.575610
0.011200 0.521500
0.011250 0.477394
0.011300 0.524973
0.011350 0.507401
0.011400 0.460391
0.011450 0.525801
0.011500 0.504394
0.011550 0.480954
0.011600 0.465934
0.011650 0.492008
0.011700 0.483035
0.011750 0.500715
0.011800 0.504262
0.011850 0.476534
0.011900 0.470300
0.011950 0.469364
0.012000 0.445858
0.012050 0.451194
0.012100 0.494357
0.012150 0.470071
0.012200 0.490165
0.012250 0.494113
0.012300 0.439904
0.012350 0.499450
0.012400 0.502785
0.012450 0.467243
0.012500 0.520461
0.012550 0.494515
0.012600 0.492373
0.012650 0.484443
0.012700 0.427283
0.012750 0.460153
0.012800 0.451086
0.012850 0.449732
0.012900 0.537278
0.012950 0.494616
0.013000 0.450487
0.013050 0.449939
0.013100 0.511528
0.013150 0.484926
0.013200 0.466570
0.013250 0.482922
0.013300 0.471494
0.013350 0.480642
0.013400 0.457143
0.013450 0.436419
0.013500 0.430980
0.013550 0.472606
0.013600 0.475994
0.013650 0.462770
0.013700 0.453040
0.013750 0.490464
0.013800 0.443320
0.013850 0.409626
0.013900 0.503972
0.013950 0.427478
0.014000 0.498309
0.014050 0.441085
0.014100 0.368310
0.014150 0.433132
0.014200 0.383564
0.014250 0.489118
0.014300 0.411875
0.014350 0.442167
0.014400 0.415323
0.014450 0.450317
0.014500 0.416764
0.014550 0.473148
0.014600 0.420879
0.014650 0.455739
0.014700 0.445285
0.014750 0.433593
0.014800 0.442031
0.014850 0.457163
0.014900 0.444991
0.014950 0.459147
0.015000 0.419315
0.015050 0.469735
0.015100 0.464046
0.015150 0.454396
0.015200 0.444393
0.015250 0.430361
0.015300 0.460447
0.015350 0.432355
0.015400 0.442351
0.015450 0.412811
0.015500 0.443676
0.015550 0.400318
0.015600 0.438281
0.015650 0.510567
0.015700 0.415063
0.015750 0.438137
0.015800 0.427873
0.015850 0.462711
0.015900 0.413386
0.015950 0.451958
0.016000 0.385326
0.016050 0.413746
0.016100 0.425679
0.016150 0.368753
0.016200 0.379916
0.016250 0.369384
0.016300 0.429103
0.016350 0.464485
0.016400 0.419954
0.016450 0.402444
0.016500 0.386138
0.016550 0.455380
0.016600 0.438375
0.016650 0.415241
0.016700 0.422421
0.016750 0.407527
0.016800 0.434662
0.016850 0.433684
0.016900 0.422224
0.016950 0.402538
0.017000 0.353729
0.017050 0.424569
0.017100 0.456624
0.017150 0.419850
0.017200 0.494223
0.017250 0.411847
0.017300 0.418660
0.017350 0.409558
0.017400 0.389941
0.017450 0.370889
0.017500 0.393477
0.017550 0.459237
0.017600 0.394275
0.017650 0.411273
0.017700 0.398273
0.017750 0.432543
0.017800 0.421438
0.017850 0.406690
0.017900 0.457905
0.017950 0.402659
0.018000 0.481995
0.018050 0.382831
0.018100 0.351842
0.018150 0.386876
0.018200 0.416756
0.018250 0.435200
0.018300 0.390333
0.018350 0.377511
0.018400 0.381588
0.018450 0.372778
0.018500 0.377282
0.018550 0.395616
0.018600 0.394731
0.018650 0.397607
0.018700 0.414034
0.018750 0.355420
0.018800 0.360832
0.018850 0.391264
0.018900 0.387098
0.018950 0.447906
0.019000 0.402541
0.019050 0.376707
0.019100 0.345717
0.019150 0.396303
0.019200 0.418822
0.019250 0.387888
0.019300 0.402017
0.019350 0.348381
0.019400 0.372544
0.019450 0.401600
0.019500 0.411355
0.019550 0.411409
0.019600 0.410308
0.019650 0.396220
0.019700 0.362298
0.019750 0.382394
0.019800 0.347881
0.019850 0.413825
0.019900 0.373359
0.019950 0.419411
0.020000 0.413301
0.020050 0.377821
0.020100 0.343710
0.020150 0.351384
0.020200 0.380199
0.020250 0.415341
0.020300 0.407216
0.020350 0.453724
0.020400 0.369715
0.020450 0.361369
0.020500 0.374356
0.020550 0.371804
0.020600 0.389905
0.020650 0.376281
0.020700 0.383744
0.020750 0.344690
0.020800 0.334565
0.020850 0.376639
0.020900 0.386355
0.020950 0.349121
0.021000 0.417733
0.021050 0.340843
0.021100 0.388633
0.021150 0.386327
0.021200 0.356399
0.021250 0.349709
0.021300 0.398502
0.021350 0.335094
0.021400 0.347193
0.021450 0.346497
0.021500 0.359177
0.021550 0.354685
0.021600 0.361872
0.021650 0.389526
0.021700 0.378240
0.021750 0.366458
0.021800 0.362916
0.021850 0.354112
0.021900 0.346144
0.021950 0.383900
0.022000 0.358869
0.022050 0.371697
0.022100 0.313307
0.022150 0.371755
0.022200 0.395907
0.022250 0.365381
0.022300 0.370873
0.022350 0.330275
0.022400 0.385059
0.022450 0.374527
0.022500 0.364843
0.022550 0.370931
0.022600 0.373452
0.022650 0.373736
0.022700 0.355383
0.022750 0.434965
0.022800 0.357422
0.022850 0.326558
0.022900 0.350588
0.022950 0.340292
0.023000 0.341470
0.023050 0.376398
0.023100 0.366195
0.023150 0.403733
0.023200 0.329929
0.023250 0.330689
0.023300 0.364160
0.023350 0.387566
0.023400 0.403633
0.023450 0.333807
0.023500 0.333728
0.023550 0.360568
0.023600 0.381445
0.023650 0.306247
0.023700 0.400637
0.023750 0.401391
0.023800 0.320119
0.023850 0.365497
0.023900 0.405906
0.023950 0.357782
0.024000 0.346407
0.024050 0.380765
0.024100 0.332758
0.024150 0.369166
0.024200 0.328214
0.024250 0.364296
0.024300 0.350454
0.024350 0.311164
0.024400 0.401231
0.024450 0.364955
0.024500 0.360384
0.024550 0.370066
0.024600 0.346789
0.024650 0.370313
0.024700 0.356868
0.024750 0.325994
0.024800 0.394843
0.024850 0.375477
0.024900 0.339539
0.024950 0.358397
0.025000 0.374876
0.025050 0.320684
0.025100 0.387403
0.025150 0.384477
0.025200 0.356800
0.025250 0.360848
0.025300 0.388761
0.025350 0.328459
0.025400 0.351288
0.025450 0.357434
0.025500 0.357496
0.025550 0.342210
0.025600 0.328385
0.025650 0.316547
0.025700 0.337097
0.025750 0.315983
0.025800 0.385750
0.025850 0.338866
0.025900 0.381508
0.025950 0.357328
0.026000 0.330935
0.026050 0.340941
0.026100 0.322251
0.026150 0.335953
0.026200 0.332420
0.026250 0.331508
0.026300 0.374343
0.026350 0.349321
0.026400 0.340037
0.026450 0.370991
0.026500 0.358589
0.026550 0.339743
0.026600 0.347451
0.026650 0.371767
0.026700 0.313305
0.026750 0.315629
0.026800 0.352882
0.026850 0.351618
0.026900 0.292145
0.026950 0.350611
0.027000 0.359100
0.027050 0.343256
0.027100 0.378919
0.027150 0.369093
0.027200 0.311807
0.027250 0.305539
0.027300 0.348477
0.027350 0.373029
0.027400 0.361491
0.027450 0.360899
0.027500 0.311274
0.027550 0.323764
0.027600 0.306470
0.027650 0.345600
0.027700 0.362752
0.027750 0.369998
0.027800 0.344429
0.027850 0.335471
0.027900 0.328151
0.027950 0.317441
0.028000 0.331928
0.028050 0.308286
0.028100 0.325626
0.028150 0.358860
0.028200 0.293970
0.028250 0.363452
0.028300 0.300634
0.028350 0.277820
0.028400 0.329434
0.028450 0.368220
0.028500 0.324995
0.028550 0.353051
0.028600 0.322817
0.028650 0.343519
0.028700 0.308563
0.028750 0.305689
0.028800 0.305694
0.028850 0.323048
0.028900 0.316183
0.028950 0.363231
0.029000 0.298979
0.029050 0.364189
0.029100 0.367946
0.029150 0.320922
0.029200 0.312274
0.029250 0.326444
0.029300 0.311345
0.029350 0.321461
0.029400 0.311022
0.029450 0.332398
0.029500 0.319022
0.029550 0.292562
0.029600 0.302742
0.029650 0.299320
0.029700 0.281609
0.029750 0.312093
0.029800 0.294382
0.029850 0.345360
0.029900 0.308549
0.029950 0.335161
0.030000 0.317440
0.030050 0.329136
0.030100 0.314366
0.030150 0.333354
0.030200 0.305859
0.030250 0.314595
0.030300 0.317312
0.030350 0.281746
0.030400 0.320310
0.030450 0.298072
0.030500 0.320335
0.030550 0.272947
0.030600 0.306863
0.030650 0.323147
0.030700 0.302003
0.030750 0.332507
0.030800 0.290361
0.030850 0.293131
0.030900 0.325634
0.030950 0.314902
0.031000 0.312819
0.031050 0.313221
0.031100 0.316124
0.031150 0.284728
0.031200 0.290688
0.031250 0.346764
0.031300 0.327876
0.031350 0.334652
0.031400 0.319452
0.031450 0.330646
0.031500 0.307826
0.031550 0.309552
0.031600 0.288505
0.031650 0.321255
0.031700 0.295112
0.031750 0.300652
0.031800 0.337438
0.031850 0.293378
0.031900 0.298959
0.031950 0.298173
0.032000 0.315979
0.032050 0.295997
0.032100 0.318366
0.032150 0.316374
0.032200 0.266649
0.032250 0.309077
0.032300 0.279892
0.032350 0.293346
0.032400 0.277015
0.032450 0.302865
0.032500 0.327539
0.032550 0.339945
0.032600 0.323682
0.032650 0.350514
0.032700 0.293635
0.032750 0.267333
0.032800 0.292163
0.032850 0.344749
0.032900 0.302026
0.032950 0.294094
0.033000 0.315216
0.033050 0.352990
0.033100 0.328619
0.033150 0.316759
0.033200 0.302191
0.033250 0.305545
0.033300 0.307586
0.033350 0.320330
0.033400 0.313067
0.033450 0.287017
0.033500 0.321917
0.033550 0.330099
0.033600 0.334958
0.033650 0.324342
0.033700 0.322459
0.033750 0.306377
0.033800 0.301738
0.033850 0.286236
0.033900 0.350114
0.033950 0.302760
0.034000 0.260650
0.034050 0.293380
0.034100 0.339237
0.034150 0.325109
0.034200 0.266399
0.034250 0.273979
0.034300 0.303582
0.034350 0.268648
0.034400 0.270773
0.034450 0.298443
0.034500 0.310346
0.034550 0.329918
0.034600 0.305921
0.034650 0.271415
0.034700 0.290280
0.034750 0.302272
0.034800 0.286441
0.034850 0.270547
0.034900 0.251794
0.034950 0.310666
0.035000 0.281470
0.035050 0.274618
0.035100 0.312734
0.035150 0.298922
0.035200 0.304091
0.035250 0.333291
0.035300 0.304646
0.035350 0.262432
0.035400 0.288108
0.035450 0.276268
0.035500 0.317708
0.035550 0.297384
0.035600 0.284109
0.035650 0.310767
0.035700 0.288922
0.035750 0.277014
0.035800 0.295175
0.035850 0.290441
0.035900 0.312295
0.035950 0.264405
0.036000 0.324470
0.036050 0.327752
0.036100 0.276104
0.036150 0.276374
0.036200 0.288975
0.036250 0.318331
0.036300 0.312917
0.036350 0.271813
0.036400 0.307089
0.036450 0.326455
0.036500 0.272074
0.036550 0.281890
0.036600 0.288086
0.036650 0.285504
0.036700 0.271156
0.036750 0.336978
0.036800 0.284416
0.036850 0.305444
0.036900 0.277049
0.036950 0.264083
0.037000 0.298493
0.037050 0.257363
0.037100 0.305974
0.037150 0.293034
0.037200 0.292711
0.037250 0.320739
0.037300 0.288377
0.037350 0.267857
0.037400 0.247259
0.037450 0.271583
0.037500 0.299764
0.037550 0.284446
0.037600 0.288649
0.037650 0.307953
0.037700 0.280528
0.037750 0.308942
0.037800 0.325361
0.037850 0.310013
0.037900 0.262730
0.037950 0.258584
0.038000 0.284866
0.038050 0.257916
0.038100 0.324713
0.038150 0.313085
0.038200 0.279995
0.038250 0.278185
0.038300 0.267168
0.038350 0.317552
0.038400 0.267398
0.038450 0.316382
0.038500 0.283835
0.038550 0.273553
0.038600 0.293382
0.038650 0.276140
0.038700 0.290610
0.038750 0.291172
0.038800 0.280085
0.038850 0.304747
0.038900 0.288221
0.038950 0.280995
0.039000 0.270621
0.039050 0.293837
0.039100 0.256855
0.039150 0.258151
0.039200 0.339526
0.039250 0.293884
0.039300 0.251219
0.039350 0.278527
0.039400 0.272016
0.039450 0.256004
0.039500 0.271575
0.039550 0.288793
0.039600 0.279118
0.039650 0.249560
0.039700 0.268389
0.039750 0.300825
0.039800 0.299913
0.039850 0.288627
0.039900 0.298076
0.039950 0.284364
0.040000 0.316261
0.040050 0.291339
0.040100 0.275963
0.040150 0.241237
0.040200 0.283665
0.040250 0.291597
0.040300 0.239844
0.040350 0.274358
0.040400 0.252374
0.040450 0.261092
0.040500 0.282011
0.040550 0.310319
0.040600 0.294833
0.040650 0.236965
0.040700 0.262017
0.040750 0.290429
0.040800 0.306694
0.040850 0.282122
0.040900 0.269748
0.040950 0.258972
0.041000 0.269506
0.041050 0.282548
0.041100 0.333499
0.041150 0.338495
0.041200 0.397962
0.041250 0.540248
0.041300 0.559003
0.041350 0.682155
0.041400 0.719538
0.041450 0.940486
0.041500 1.355024
0.041550 1.780208
0.041600 2.486807
0.041650 3.004121
0.041700 3.919905
0.041750 5.284547
0.041800 6.628948
0.041850 7.882596
0.041900 9.656666
0.041950 11.166538
0.042000 12.585011
0.042050 13.962987
0.042100 15.052408
0.042150 15.453514
0.042200 15.944650
0.042250 15.713230
0.042300 14.922689
0.042350 14.028311
0.042400 12.736715
0.042450 11.935145
0.042500 10.728975
0.042550 9.544873
0.042600 8.655923
0.042650 7.461459
0.042700 6.704770
0.042750 6.408468
0.042800 5.716860
0.042850 5.223558
0.042900 4.848752
0.042950 4.476902
0.043000 4.191545
0.043050 3.875857
0.043100 3.647933
0.043150 3.569529
0.043200 3.371461
0.043250 3.088683
0.043300 3.009518
0.043350 2.845866
0.043400 2.718999
0.043450 2.527299
0.043500 2.396765
0.043550 2.509057
0.043600 2.401728
0.043650 2.219728
0.043700 2.097467
0.043750 2.091285
0.043800 2.170142
0.043850 1.904206
0.043900 1.909842
0.043950 1.998210
0.044000 1.806714
0.044050 1.879158
0.044100 1.737273
0.044150 1.793799
0.044200 1.720416
0.044250 1.662726
0.044300 1.633219
0.044350 1.677311
0.044400 1.649538
0.044450 1.626116
0.044500 1.537567
0.044550 1.547727
0.044600 1.502551
0.044650 1.465265
0.044700 1.344615
0.044750 1.432325
0.044800 1.464712
0.044850 1.509776
0.044900 1.351813
0.044950 1.394919
0.045000 1.421047
0.045050 1.312861
0.045100 1.313575
0.045150 1.326945
0.045200 1.384702
0.045250 1.360202
0.045300 1.294803
0.045350 1.257333
0.045400 1.277913
0.045450 1.295829
0.045500 1.299226
0.045550 1.282568
0.045600 1.163597
0.045650 1.221549
0.045700 1.285180
0.045750 1.220778
0.045800 1.309302
0.045850 1.168614
0.045900 1.168990
0.045950 1.150966
0.046000 1.166959
0.046050 1.213429
0.046100 1.136367
0.046150 1.172705
0.046200 1.158285
0.046250 1.241047
0.046300 1.109012
0.046350 1.139876
0.046400 1.163407
0.046450 1.048443
0.046500 1.115583
0.046550 1.095331
0.046600 1.058219
0.046650 1.073291
0.046700 1.155731
0.046750 1.107395
0.046800 1.094509
0.046850 1.082519
0.046900 1.054527
0.046950 1.058405
0.047000 1.056649
0.047050 1.009671
0.047100 1.051185
0.047150 1.030527
0.047200 1.020198
0.047250 1.004160
0.047300 1.032580
0.047350 0.997574
0.047400 1.027938
0.047450 1.012798
0.047500 1.023287
0.047550 0.962409
0.047600 0.965190
0.047650 0.973704
0.047700 0.934495
0.047750 1.004147
0.047800 1.026168
0.047850 1.019518
0.047900 0.978323
0.047950 0.920679
0.048000 0.991629
0.048050 0.942551
0.048100 0.925099
0.048150 0.929765
0.048200 0.878476
0.048250 0.948744
0.048300 0.943805
0.048350 0.935947
0.048400 0.898026
0.048450 0.867748
0.048500 0.941274
0.048550 0.981980
0.048600 0.914809
0.048650 0.875677
0.048700 0.932950
0.048750 0.906464
0.048800 0.950241
0.048850 0.882661
0.048900 0.893194
0.048950 0.939040
0.049000 0.937939
0.049050 0.961385
0.049100 0.907246
0.049150 0.947406
0.049200 0.908889
0.049250 0.877157
0.049300 0.884809
0.049350 0.867785
0.049400 0.811150
0.049450 0.872154
0.049500 0.908569
0.049550 0.863751
0.049600 0.825749
0.049650 0.825405
0.049700 0.906651
0.049750 0.898503
0.049800 0.877370
0.049850 0.827232
0.049900 0.812908
0.049950 0.815542
0.050000 0.840207
0.050050 0.913043
0.050100 0.827624
0.050150 0.827290
0.050200 0.833991
0.050250 0.868881
0.050300 0.817274
0.050350 0.772570
0.050400 0.935588
0.050450 0.846592
0.050500 0.877641
0.050550 0.875387
0.050600 0.801204
0.050650 0.794740
0.050700 0.821753
0.050750 0.839703
0.050800 0.762109
0.050850 0.822735
0.050900 0.762280
0.050950 0.866888
0.051000 0.829886
0.051050 0.856140
0.051100 0.820069
0.051150 0.756245
0.051200 0.815235
0.051250 0.825151
0.051300 0.798125
0.051350 0.808029
0.051400 0.720208
0.051450 0.768092
0.051500 0.841892
0.051550 0.851924
0.051600 0.763851
0.051650 0.787195
0.051700 0.848903
0.051750 0.728455
0.051800 0.741432
0.051850 0.752372
0.051900 0.687498
0.051950 0.797158
0.052000 0.766601
0.052050 0.770343
0.052100 0.732377
0.052150 0.688039
0.052200 0.716725
0.052250 0.726667
0.052300 0.726169
0.052350 0.739295
0.052400 0.743019
0.052450 0.741505
0.052500 0.788334
0.052550 0.724838
0.052600 0.730660
0.052650 0.815550
0.052700 0.795183
0.052750 0.715623
0.052800 0.751051
0.052850 0.718869
0.052900 0.703541
0.052950 0.728451
0.053000 0.675980
0.053050 0.740182
0.053100 0.745039
0.053150 0.748847
0.053200 0.724977
0.053250 0.712767
0.053300 0.715462
0.053350 0.741662
0.053400 0.762592
0.053450 0.717242
0.053500 0.738168
0.053550 0.743074
0.053600 0.673958
0.053650 0.684126
0.053700 0.771724
0.053750 0.706776
0.053800 0.738578
0.053850 0.687464
0.053900 0.710660
0.053950 0.778202
0.054000 0.694593
0.054050 0.725445
0.054100 0.763965
0.054150 0.773325
0.054200 0.716527
0.054250 0.699755
0.054300 0.743810
0.054350 0.690068
0.054400 0.705875
0.054450 0.783857
0.054500 0.718043
0.054550 0.728489
0.054600 0.673385
0.054650 0.713309
0.054700 0.735824
0.054750 0.677298
0.054800 0.742574
0.054850 0.698230
0.054900 0.697726
0.054950 0.709322
0.055000 0.724254
0.055050 0.705066
0.055100 0.671488
0.055150 0.697436
0.055200 0.681466
0.055250 0.678726
0.055300 0.694799
0.055350 0.659949
0.055400 0.711508
0.055450 0.732128
0.055500 0.645038
0.055550 0.646674
0.055600 0.608248
0.055650 0.690032
0.055700 0.734128
0.055750 0.670092
0.055800 0.650565
0.055850 0.637695
0.055900 0.639339
0.055950 0.667869
0.056000 0.686388
0.056050 0.693738
0.056100 0.651697
0.056150 0.698341
0.056200 0.763111
0.056250 0.689557
0.056300 0.678920
0.056350 0.658104
0.056400 0.683523
0.056450 0.659291
0.056500 0.693808
0.056550 0.636726
0.056600 0.678065
0.056650 0.649207
0.056700 0.672484
0.056750 0.698096
0.056800 0.638502
0.056850 0.652722
0.056900 0.657869
0.056950 0.660751
0.057000 0.695590
0.057050 0.642588
0.057100 0.598592
0.057150 0.688330
0.057200 0.660370
0.057250 0.632338
0.057300 0.601940
0.057350 0.634604
0.057400 0.622544
0.057450 0.594354
0.057500 0.675437
0.057550 0.662269
0.057600 0.682505
0.057650 0.623169
0.057700 0.665320
0.057750 0.653250
0.057800 0.663133
0.057850 0.668411
0.057900 0.657478
0.057950 0.699878
0.058000 0.668085
0.058050 0.607161
0.058100 0.625165
0.058150 0.669989
0.058200 0.611245
0.058250 0.625809
0.058300 0.670754
0.058350 0.589672
0.058400 0.629959
0.058450 0.600151
0.058500 0.583149
0.058550 0.641113
0.058600 0.653480
0.058650 0.576656
0.058700 0.628887
0.058750 0.610693
0.058800 0.636003
0.058850 0.633107
0.058900 0.625489
0.058950 0.620213
0.059000 0.620830
0.059050 0.603720
0.059100 0.598398
0.059150 0.678312
0.059200 0.699180
0.059250 0.659616
0.059300 0.625888
0.059350 0.576632
0.059400 0.639019
0.059450 0.602795
0.059500 0.635559
0.059550 0.583775
0.059600 0.627302
0.059650 0.666164
0.059700 0.666885
0.059750 0.610201
0.059800 0.615620
0.059850 0.631836
0.059900 0.633706
0.059950 0.604382
0.060000 0.636237
0.060050 0.615285
0.060100 0.614733
0.060150 0.597325
0.060200 0.563005
0.060250 0.610609
0.060300 0.596776
0.060350 0.640894
0.060400 0.570268
0.060450 0.585378
0.060500 0.659866
0.060550 0.630308
0.060600 0.612808
0.060650 0.624402
0.060700 0.623876
0.060750 0.620918
0.060800 0.608218
0.060850 0.630810
0.060900 0.598604
0.060950 0.578520
0.061000 0.582808
0.061050 0.578554
0.061100 0.576737
0.061150 0.601845
0.061200 0.600066
0.061250 0.587250
0.061300 0.542502
0.061350 0.562730
0.061400 0.573177
0.061450 0.610711
0.061500 0.638490
0.061550 0.545602
0.061600 0.569624
0.061650 0.522134
0.061700 0.530105
0.061750 0.614729
0.061800 0.569675
0.061850 0.570319
0.061900 0.584595
0.061950 0.548067
0.062000 0.577225
0.062050 0.571679
0.062100 0.583523
0.062150 0.594153
0.062200 0.586135
0.062250 0.599281
0.062300 0.602484
0.062350 0.543296
0.062400 0.597626
0.062450 0.535838
0.062500 0.570230
0.062550 0.558382
0.062600 0.517688
0.062650 0.545868
0.062700 0.554037
0.062750 0.538363
0.062800 0.562877
0.062850 0.543421
0.062900 0.540287
0.062950 0.602667
0.063000 0.600886
0.063050 0.563766
0.063100 0.593498
0.063150 0.608134
0.063200 0.553231
0.063250 0.557701
0.063300 0.600193
0.063350 0.557831
0.063400 0.564861
0.063450 0.550319
0.063500 0.554809
0.063550 0.593655
0.063600 0.599496
0.063650 0.534008
0.063700 0.525742
0.063750 0.528942
0.063800 0.551306
0.063850 0.546886
0.063900 0.529667
0.063950 0.535449
0.064000 0.587362
0.064050 0.491968
0.064100 0.593934
0.064150 0.513812
0.064200 0.520884
0.064250 0.565268
0.064300 0.545407
0.064350 0.595053
0.064400 0.562320
0.064450 0.623682
0.064500 0.649040
0.064550 0.542674
0.064600 0.496833
0.064650 0.537585
0.064700 0.490373
0.064750 0.593389
0.064800 0.563054
0.064850 0.522266
0.064900 0.542438
0.064950 0.482058
0.065000 0.602379
0.065050 0.560229
0.065100 0.553164
0.065150 0.549996
0.065200 0.542907
0.065250 0.555393
0.065300 0.558760
0.065350 0.530744
0.065400 0.503974
0.065450 0.563604
0.065500 0.519803
0.065550 0.548063
0.065600 0.536999
0.065650 0.510143
0.065700 0.542402
0.065750 0.553680
0.065800 0.536011
0.065850 0.515667
0.065900 0.500554
0.065950 0.567248
0.066000 0.560119
0.066050 0.529179
0.066100 0.548444
0.066150 0.533330
0.066200 0.560583
0.066250 0.530881
0.066300 0.616562
0.066350 0.588230
0.066400 0.563822
0.066450 0.559310
0.066500 0.560113
0.066550 0.538275
0.066600 0.528386
0.066650 0.550492
0.066700 0.513909
0.066750 0.498621
0.066800 0.547476
0.066850 0.526866
0.066900 0.516923
0.066950 0.489539
0.067000 0.470141
0.067050 0.532563
0.067100 0.499773
0.067150 0.536799
0.067200 0.552389
0.067250 0.481871
0.067300 0.524345
0.067350 0.496819
0.067400 0.598737
0.067450 0.514583
0.067500 0.519409
0.067550 0.508023
0.067600 0.481730
0.067650 0.539328
0.067700 0.514400
0.067750 0.486706
0.067800 0.513232
0.067850 0.493646
0.067900 0.490326
0.067950 0.555000
0.068000 0.479635
0.068050 0.513065
0.068100 0.498865
0.068150 0.536467
0.068200 0.488158
0.068250 0.449306
0.068300 0.521097
0.068350 0.535591
0.068400 0.474823
0.068450 0.504343
0.068500 0.483202
0.068550 0.547080
0.068600 0.483410
0.068650 0.522652
0.068700 0.590856
0.068750 0.533994
0.068800 0.481140
0.068850 0.537034
0.068900 0.529617
0.068950 0.480785
0.069000 0.507803
0.069050 0.548701
0.069100 0.491496
0.069150 0.507520
0.069200 0.515270
0.069250 0.506406
0.069300 0.537747
0.069350 0.512249
0.069400 0.475585
0.069450 0.509733
0.069500 0.499444
0.069550 0.486350
0.069600 0.488552
0.069650 0.513064
0.069700 0.479040
0.069750 0.520328
0.069800 0.484871
0.069850 0.473105
0.069900 0.485098
