0.00000	19.58400
0.00005	2.44800
0.00010	9.79200
0.00015	53.85600
0.00020	7.34400
0.00025	26.92800
0.00030	4.89600
0.00035	9.79200
0.00040	4.89600
0.00045	4.89600
0.00050	22.03200
0.00055	22.03200
0.00060	4.89600
0.00065	4.89600
0.00070	34.27200
0.00075	29.37600
0.00080	12.24000
0.00085	26.92800
0.00090	26.92800
0.00095	26.92800
0.00100	53.85600
0.00105	63.64800
0.00110	88.12800
0.00115	48.96000
0.00120	188.49600
0.00125	244.80000
0.00130	110.16000
0.00135	110.16000
0.00140	296.20800
0.00145	374.54400
0.00150	550.80000
0.00155	802.94400
0.00160	1135.87200
0.00165	1410.04800
0.00170	1936.36800
0.00175	2303.56800
0.00180	2629.15200
0.00185	3429.64800
0.00190	4156.70400
0.00195	5317.05600
0.00200	5635.29600
0.00205	6164.06400
0.00210	6411.31200
0.00215	6981.69600
0.00220	6695.28000
0.00225	7018.41600
0.00230	7140.81600
0.00235	6186.09600
0.00240	6306.04800
0.00245	5375.80800
0.00250	4670.78400
0.00255	4249.72800
0.00260	3476.16000
0.00265	3537.36000
0.00270	2876.40000
0.00275	3023.28000
0.00280	2567.95200
0.00285	2205.64800
0.00290	2357.42400
0.00295	1845.79200
0.00300	2007.36000
0.00305	1654.84800
0.00310	1664.64000
0.00315	1226.44800
0.00320	1444.32000
0.00325	1380.67200
0.00330	1192.17600
0.00335	1199.52000
0.00340	957.16800
0.00345	1123.63200
0.00350	1216.65600
0.00355	869.04000
0.00360	763.77600
0.00365	815.18400
0.00370	761.32800
0.00375	822.52800
0.00380	744.19200
0.00385	798.04800
0.00390	643.82400
0.00395	585.07200
0.00400	563.04000
0.00405	798.04800
0.00410	653.61600
0.00415	589.96800
0.00420	660.96000
0.00425	563.04000
0.00430	592.41600
0.00435	521.42400
0.00440	599.76000
0.00445	607.10400
0.00450	484.70400
0.00455	614.44800
0.00460	445.53600
0.00465	511.63200
0.00470	646.27200
0.00475	452.88000
0.00480	563.04000
0.00485	482.25600
0.00490	521.42400
0.00495	494.49600
0.00500	543.45600
0.00505	259.48800
0.00510	489.60000
0.00515	489.60000
0.00520	381.88800
0.00525	352.51200
0.00530	445.53600
0.00535	421.05600
0.00540	430.84800
0.00545	325.58400
0.00550	291.31200
0.00555	440.64000
0.00560	450.43200
0.00565	335.37600
0.00570	313.34400
0.00575	198.28800
0.00580	212.97600
0.00585	323.13600
0.00590	264.38400
0.00595	276.62400
0.00600	264.38400
0.00605	315.79200
0.00610	188.49600
0.00615	205.63200
0.00620	455.32800
0.00625	440.64000
0.00630	433.29600
0.00635	386.78400
0.00640	501.84000
0.00645	308.44800
0.00650	247.24800
0.00655	293.76000
0.00660	288.86400
0.00665	237.45600
0.00670	288.86400
0.00675	354.96000
0.00680	259.48800
0.00685	396.57600
0.00690	286.41600
0.00695	281.52000
0.00700	460.22400
0.00705	509.18400
0.00710	205.63200
0.00715	254.59200
0.00720	235.00800
0.00725	271.72800
0.00730	443.08800
0.00735	301.10400
0.00740	465.12000
0.00745	230.11200
0.00750	298.65600
0.00755	293.76000
0.00760	208.08000
0.00765	225.21600
0.00770	208.08000
0.00775	291.31200
0.00780	337.82400
0.00785	259.48800
0.00790	195.84000
0.00795	244.80000
0.00800	310.89600
0.00805	335.37600
0.00810	347.61600
0.00815	418.60800
0.00820	310.89600
0.00825	257.04000
0.00830	215.42400
0.00835	279.07200
0.00840	293.76000
0.00845	283.96800
0.00850	364.75200
0.00855	249.69600
0.00860	313.34400
0.00865	308.44800
0.00870	146.88000
0.00875	200.73600
0.00880	217.87200
0.00885	274.17600
0.00890	244.80000
0.00895	310.89600
0.00900	430.84800
0.00905	217.87200
0.00910	266.83200
0.00915	232.56000
0.00920	257.04000
0.00925	384.33600
0.00930	274.17600
0.00935	345.16800
0.00940	242.35200
0.00945	406.36800
0.00950	149.32800
0.00955	210.52800
0.00960	154.22400
0.00965	293.76000
0.00970	310.89600
0.00975	269.28000
0.00980	132.19200
0.00985	271.72800
0.00990	208.08000
0.00995	134.64000
0.01000	230.11200
0.01005	320.68800
0.01010	198.28800
0.01015	252.14400
0.01020	232.56000
0.01025	188.49600
0.01030	222.76800
0.01035	215.42400
0.01040	161.56800
0.01045	173.80800
0.01050	286.41600
0.01055	215.42400
0.01060	257.04000
0.01065	217.87200
0.01070	237.45600
0.01075	323.13600
0.01080	286.41600
0.01085	310.89600
0.01090	350.06400
0.01095	212.97600
0.01100	274.17600
0.01105	281.52000
0.01110	403.92000
0.01115	320.68800
0.01120	359.85600
0.01125	154.22400
0.01130	279.07200
0.01135	345.16800
0.01140	156.67200
0.01145	264.38400
0.01150	242.35200
0.01155	195.84000
0.01160	259.48800
0.01165	271.72800
0.01170	205.63200
0.01175	389.23200
0.01180	369.64800
0.01185	266.83200
0.01190	225.21600
0.01195	271.72800
0.01200	161.56800
0.01205	200.73600
0.01210	244.80000
0.01215	306.00000
0.01220	364.75200
0.01225	372.09600
0.01230	222.76800
0.01235	134.64000
0.01240	227.66400
0.01245	220.32000
0.01250	173.80800
0.01255	257.04000
0.01260	379.44000
0.01265	298.65600
0.01270	320.68800
0.01275	315.79200
0.01280	254.59200
0.01285	323.13600
0.01290	230.11200
0.01295	215.42400
0.01300	227.66400
0.01305	178.70400
0.01310	217.87200
0.01315	222.76800
0.01320	254.59200
0.01325	230.11200
0.01330	168.91200
0.01335	257.04000
0.01340	198.28800
0.01345	188.49600
0.01350	225.21600
0.01355	227.66400
0.01360	198.28800
0.01365	227.66400
0.01370	235.00800
0.01375	195.84000
0.01380	166.46400
0.01385	235.00800
0.01390	303.55200
0.01395	254.59200
0.01400	288.86400
0.01405	166.46400
0.01410	303.55200
0.01415	151.77600
0.01420	208.08000
0.01425	198.28800
0.01430	195.84000
0.01435	215.42400
0.01440	186.04800
0.01445	151.77600
0.01450	269.28000
0.01455	247.24800
0.01460	259.48800
0.01465	242.35200
0.01470	161.56800
0.01475	188.49600
0.01480	132.19200
0.01485	291.31200
0.01490	264.38400
0.01495	259.48800
0.01500	107.71200
0.01505	205.63200
0.01510	173.80800
0.01515	183.60000
0.01520	190.94400
0.01525	220.32000
0.01530	164.01600
0.01535	252.14400
0.01540	183.60000
0.01545	176.25600
0.01550	212.97600
0.01555	53.85600
0.01560	93.02400
0.01565	296.20800
0.01570	198.28800
0.01575	117.50400
0.01580	149.32800
0.01585	146.88000
0.01590	195.84000
0.01595	129.74400
0.01600	102.81600
0.01605	193.39200
0.01610	235.00800
0.01615	151.77600
0.01620	212.97600
0.01625	249.69600
0.01630	100.36800
0.01635	237.45600
0.01640	149.32800
0.01645	225.21600
0.01650	205.63200
0.01655	227.66400
0.01660	222.76800
0.01665	190.94400
0.01670	168.91200
0.01675	122.40000
0.01680	237.45600
0.01685	168.91200
0.01690	171.36000
0.01695	188.49600
0.01700	279.07200
0.01705	178.70400
0.01710	215.42400
0.01715	119.95200
0.01720	164.01600
0.01725	193.39200
0.01730	210.52800
0.01735	151.77600
0.01740	100.36800
0.01745	217.87200
0.01750	237.45600
0.01755	166.46400
0.01760	105.26400
0.01765	173.80800
0.01770	151.77600
0.01775	119.95200
0.01780	186.04800
0.01785	225.21600
0.01790	193.39200
0.01795	156.67200
0.01800	215.42400
0.01805	283.96800
0.01810	168.91200
0.01815	301.10400
0.01820	249.69600
0.01825	95.47200
0.01830	249.69600
0.01835	217.87200
0.01840	178.70400
0.01845	166.46400
0.01850	115.05600
0.01855	208.08000
0.01860	242.35200
0.01865	154.22400
0.01870	283.96800
0.01875	129.74400
0.01880	188.49600
0.01885	220.32000
0.01890	176.25600
0.01895	264.38400
0.01900	168.91200
0.01905	181.15200
0.01910	117.50400
0.01915	159.12000
0.01920	156.67200
0.01925	146.88000
0.01930	151.77600
0.01935	134.64000
0.01940	230.11200
0.01945	210.52800
0.01950	119.95200
0.01955	173.80800
0.01960	225.21600
0.01965	166.46400
0.01970	56.30400
0.01975	119.95200
0.01980	93.02400
0.01985	154.22400
0.01990	188.49600
0.01995	141.98400
0.02000	190.94400
0.02005	259.48800
0.02010	122.40000
0.02015	235.00800
0.02020	159.12000
0.02025	129.74400
0.02030	110.16000
0.02035	107.71200
0.02040	161.56800
0.02045	159.12000
0.02050	168.91200
0.02055	205.63200
0.02060	203.18400
0.02065	85.68000
0.02070	124.84800
0.02075	112.60800
0.02080	164.01600
0.02085	68.54400
0.02090	181.15200
0.02095	205.63200
0.02100	112.60800
0.02105	195.84000
0.02110	171.36000
0.02115	117.50400
0.02120	164.01600
0.02125	242.35200
0.02130	237.45600
0.02135	139.53600
0.02140	161.56800
0.02145	88.12800
0.02150	75.88800
0.02155	190.94400
0.02160	127.29600
0.02165	124.84800
0.02170	166.46400
0.02175	83.23200
0.02180	134.64000
0.02185	110.16000
0.02190	141.98400
0.02195	90.57600
0.02200	159.12000
0.02205	134.64000
0.02210	198.28800
0.02215	340.27200
0.02220	53.85600
0.02225	151.77600
0.02230	107.71200
0.02235	200.73600
0.02240	237.45600
0.02245	200.73600
0.02250	80.78400
0.02255	149.32800
0.02260	176.25600
0.02265	205.63200
0.02270	100.36800
0.02275	58.75200
0.02280	90.57600
0.02285	159.12000
0.02290	117.50400
0.02295	122.40000
0.02300	129.74400
0.02305	171.36000
0.02310	90.57600
0.02315	171.36000
0.02320	124.84800
0.02325	124.84800
0.02330	119.95200
0.02335	200.73600
0.02340	186.04800
0.02345	80.78400
0.02350	97.92000
0.02355	208.08000
0.02360	190.94400
0.02365	134.64000
0.02370	117.50400
0.02375	124.84800
0.02380	168.91200
0.02385	90.57600
0.02390	137.08800
0.02395	181.15200
0.02400	193.39200
0.02405	127.29600
0.02410	58.75200
0.02415	156.67200
0.02420	181.15200
0.02425	159.12000
0.02430	124.84800
0.02435	151.77600
0.02440	281.52000
0.02445	146.88000
0.02450	129.74400
0.02455	269.28000
0.02460	159.12000
0.02465	151.77600
0.02470	156.67200
0.02475	88.12800
0.02480	127.29600
0.02485	95.47200
0.02490	127.29600
0.02495	105.26400
0.02500	181.15200
0.02505	257.04000
0.02510	122.40000
0.02515	124.84800
0.02520	156.67200
0.02525	190.94400
0.02530	203.18400
0.02535	166.46400
0.02540	205.63200
0.02545	188.49600
0.02550	105.26400
0.02555	264.38400
0.02560	198.28800
0.02565	171.36000
0.02570	80.78400
0.02575	154.22400
0.02580	124.84800
0.02585	100.36800
0.02590	181.15200
0.02595	124.84800
0.02600	90.57600
0.02605	244.80000
0.02610	183.60000
0.02615	257.04000
0.02620	288.86400
0.02625	78.33600
0.02630	212.97600
0.02635	122.40000
0.02640	173.80800
0.02645	112.60800
0.02650	203.18400
0.02655	151.77600
0.02660	117.50400
0.02665	161.56800
0.02670	257.04000
0.02675	242.35200
0.02680	154.22400
0.02685	151.77600
0.02690	183.60000
0.02695	156.67200
0.02700	129.74400
0.02705	93.02400
0.02710	178.70400
0.02715	112.60800
0.02720	124.84800
0.02725	144.43200
0.02730	173.80800
0.02735	112.60800
0.02740	159.12000
0.02745	161.56800
0.02750	171.36000
0.02755	193.39200
0.02760	151.77600
0.02765	235.00800
0.02770	271.72800
0.02775	176.25600
0.02780	115.05600
0.02785	66.09600
0.02790	100.36800
0.02795	193.39200
0.02800	188.49600
0.02805	115.05600
0.02810	80.78400
0.02815	168.91200
0.02820	149.32800
0.02825	313.34400
0.02830	141.98400
0.02835	178.70400
0.02840	149.32800
0.02845	124.84800
0.02850	159.12000
0.02855	144.43200
0.02860	235.00800
0.02865	159.12000
0.02870	80.78400
0.02875	102.81600
0.02880	237.45600
0.02885	95.47200
0.02890	144.43200
0.02895	95.47200
0.02900	171.36000
0.02905	203.18400
0.02910	178.70400
0.02915	239.90400
0.02920	154.22400
0.02925	156.67200
0.02930	266.83200
0.02935	156.67200
0.02940	173.80800
0.02945	134.64000
0.02950	117.50400
0.02955	257.04000
0.02960	119.95200
0.02965	186.04800
0.02970	156.67200
0.02975	141.98400
0.02980	105.26400
0.02985	85.68000
0.02990	141.98400
0.02995	105.26400
0.03000	97.92000
0.03005	154.22400
0.03010	198.28800
0.03015	161.56800
0.03020	208.08000
0.03025	119.95200
0.03030	247.24800
0.03035	56.30400
0.03040	212.97600
0.03045	102.81600
0.03050	173.80800
0.03055	186.04800
0.03060	132.19200
0.03065	100.36800
0.03070	66.09600
0.03075	100.36800
0.03080	122.40000
0.03085	124.84800
0.03090	70.99200
0.03095	151.77600
0.03100	134.64000
0.03105	129.74400
0.03110	149.32800
0.03115	164.01600
0.03120	198.28800
0.03125	124.84800
0.03130	110.16000
0.03135	274.17600
0.03140	291.31200
0.03145	200.73600
0.03150	117.50400
0.03155	107.71200
0.03160	171.36000
0.03165	132.19200
0.03170	168.91200
0.03175	105.26400
0.03180	227.66400
0.03185	68.54400
0.03190	58.75200
0.03195	139.53600
0.03200	68.54400
0.03205	132.19200
0.03210	85.68000
0.03215	132.19200
0.03220	132.19200
0.03225	105.26400
0.03230	176.25600
0.03235	119.95200
0.03240	102.81600
0.03245	122.40000
0.03250	166.46400
0.03255	88.12800
0.03260	117.50400
0.03265	159.12000
0.03270	190.94400
0.03275	164.01600
0.03280	141.98400
0.03285	110.16000
0.03290	100.36800
0.03295	127.29600
0.03300	112.60800
0.03305	188.49600
0.03310	124.84800
0.03315	83.23200
0.03320	117.50400
0.03325	110.16000
0.03330	176.25600
0.03335	95.47200
0.03340	48.96000
0.03345	132.19200
0.03350	244.80000
0.03355	102.81600
0.03360	181.15200
0.03365	171.36000
0.03370	247.24800
0.03375	230.11200
0.03380	100.36800
0.03385	193.39200
0.03390	173.80800
0.03395	203.18400
0.03400	117.50400
0.03405	210.52800
0.03410	129.74400
0.03415	293.76000
0.03420	149.32800
0.03425	139.53600
0.03430	166.46400
0.03435	183.60000
0.03440	159.12000
0.03445	244.80000
0.03450	200.73600
0.03455	195.84000
0.03460	156.67200
0.03465	264.38400
0.03470	220.32000
0.03475	176.25600
0.03480	127.29600
0.03485	112.60800
0.03490	127.29600
0.03495	215.42400
0.03500	159.12000
0.03505	193.39200
0.03510	254.59200
0.03515	264.38400
0.03520	139.53600
0.03525	164.01600
0.03530	78.33600
0.03535	117.50400
0.03540	217.87200
0.03545	171.36000
0.03550	137.08800
0.03555	115.05600
0.03560	124.84800
0.03565	115.05600
0.03570	161.56800
0.03575	151.77600
0.03580	173.80800
0.03585	144.43200
0.03590	161.56800
0.03595	95.47200
0.03600	95.47200
0.03605	176.25600
0.03610	159.12000
0.03615	107.71200
0.03620	198.28800
0.03625	112.60800
0.03630	119.95200
0.03635	112.60800
0.03640	247.24800
0.03645	132.19200
0.03650	141.98400
0.03655	85.68000
0.03660	85.68000
0.03665	242.35200
0.03670	264.38400
0.03675	97.92000
0.03680	117.50400
0.03685	141.98400
0.03690	48.96000
0.03695	115.05600
0.03700	168.91200
0.03705	73.44000
0.03710	115.05600
0.03715	134.64000
0.03720	139.53600
0.03725	124.84800
0.03730	46.51200
0.03735	88.12800
0.03740	141.98400
0.03745	146.88000
0.03750	137.08800
0.03755	154.22400
0.03760	313.34400
0.03765	159.12000
0.03770	144.43200
0.03775	124.84800
0.03780	100.36800
0.03785	102.81600
0.03790	127.29600
0.03795	102.81600
0.03800	205.63200
0.03805	166.46400
0.03810	127.29600
0.03815	139.53600
0.03820	166.46400
0.03825	210.52800
0.03830	249.69600
0.03835	132.19200
0.03840	124.84800
0.03845	254.59200
0.03850	83.23200
0.03855	252.14400
0.03860	151.77600
0.03865	220.32000
0.03870	183.60000
0.03875	264.38400
0.03880	151.77600
0.03885	266.83200
0.03890	215.42400
0.03895	144.43200
0.03900	146.88000
0.03905	105.26400
0.03910	156.67200
0.03915	97.92000
0.03920	215.42400
0.03925	149.32800
0.03930	154.22400
0.03935	181.15200
0.03940	134.64000
0.03945	215.42400
0.03950	149.32800
0.03955	68.54400
0.03960	215.42400
0.03965	173.80800
0.03970	173.80800
0.03975	190.94400
0.03980	164.01600
0.03985	93.02400
0.03990	283.96800
0.03995	124.84800
0.04000	132.19200
0.04005	222.76800
0.04010	119.95200
0.04015	97.92000
0.04020	151.77600
0.04025	190.94400
0.04030	95.47200
0.04035	83.23200
0.04040	220.32000
0.04045	198.28800
0.04050	129.74400
0.04055	208.08000
0.04060	164.01600
0.04065	166.46400
0.04070	161.56800
0.04075	112.60800
0.04080	132.19200
0.04085	110.16000
0.04090	220.32000
0.04095	117.50400
0.04100	102.81600
0.04105	78.33600
0.04110	95.47200
0.04115	115.05600
0.04120	190.94400
0.04125	90.57600
0.04130	151.77600
0.04135	235.00800
0.04140	151.77600
0.04145	156.67200
0.04150	144.43200
0.04155	141.98400
0.04160	215.42400
0.04165	161.56800
0.04170	203.18400
0.04175	146.88000
0.04180	132.19200
0.04185	210.52800
0.04190	193.39200
0.04195	139.53600
0.04200	146.88000
0.04205	193.39200
0.04210	298.65600
0.04215	225.21600
0.04220	134.64000
0.04225	232.56000
0.04230	232.56000
0.04235	90.57600
0.04240	200.73600
0.04245	222.76800
0.04250	141.98400
0.04255	149.32800
0.04260	215.42400
0.04265	164.01600
0.04270	129.74400
0.04275	210.52800
0.04280	164.01600
0.04285	73.44000
0.04290	225.21600
0.04295	176.25600
0.04300	119.95200
0.04305	279.07200
0.04310	173.80800
0.04315	154.22400
0.04320	134.64000
0.04325	141.98400
0.04330	90.57600
0.04335	188.49600
0.04340	176.25600
0.04345	168.91200
0.04350	129.74400
0.04355	259.48800
0.04360	151.77600
0.04365	242.35200
0.04370	134.64000
0.04375	53.85600
0.04380	225.21600
0.04385	156.67200
0.04390	83.23200
0.04395	166.46400
0.04400	93.02400
0.04405	252.14400
0.04410	173.80800
0.04415	161.56800
0.04420	110.16000
0.04425	115.05600
0.04430	129.74400
0.04435	200.73600
0.04440	139.53600
0.04445	173.80800
0.04450	100.36800
0.04455	122.40000
0.04460	159.12000
0.04465	117.50400
0.04470	149.32800
0.04475	222.76800
0.04480	127.29600
0.04485	166.46400
0.04490	181.15200
0.04495	176.25600
0.04500	215.42400
0.04505	244.80000
0.04510	159.12000
0.04515	102.81600
0.04520	156.67200
0.04525	198.28800
0.04530	141.98400
0.04535	171.36000
0.04540	173.80800
0.04545	146.88000
0.04550	178.70400
0.04555	107.71200
0.04560	151.77600
0.04565	110.16000
0.04570	159.12000
0.04575	212.97600
0.04580	171.36000
0.04585	122.40000
0.04590	102.81600
0.04595	134.64000
0.04600	141.98400
0.04605	225.21600
0.04610	203.18400
0.04615	141.98400
0.04620	183.60000
0.04625	235.00800
0.04630	220.32000
0.04635	186.04800
0.04640	68.54400
0.04645	161.56800
0.04650	139.53600
0.04655	154.22400
0.04660	63.64800
0.04665	119.95200
0.04670	215.42400
0.04675	139.53600
0.04680	93.02400
0.04685	193.39200
0.04690	102.81600
0.04695	119.95200
0.04700	164.01600
0.04705	257.04000
0.04710	156.67200
0.04715	144.43200
0.04720	73.44000
0.04725	173.80800
0.04730	156.67200
0.04735	115.05600
0.04740	129.74400
0.04745	151.77600
0.04750	261.93600
0.04755	176.25600
0.04760	156.67200
0.04765	203.18400
0.04770	124.84800
0.04775	100.36800
0.04780	127.29600
0.04785	178.70400
0.04790	171.36000
0.04795	93.02400
0.04800	137.08800
0.04805	75.88800
0.04810	166.46400
0.04815	141.98400
0.04820	259.48800
0.04825	198.28800
0.04830	154.22400
0.04835	146.88000
0.04840	166.46400
0.04845	156.67200
0.04850	220.32000
0.04855	154.22400
0.04860	269.28000
0.04865	176.25600
0.04870	195.84000
0.04875	97.92000
0.04880	117.50400
0.04885	188.49600
0.04890	110.16000
0.04895	181.15200
0.04900	159.12000
0.04905	154.22400
0.04910	254.59200
0.04915	137.08800
0.04920	266.83200
0.04925	144.43200
0.04930	90.57600
0.04935	261.93600
0.04940	247.24800
0.04945	203.18400
0.04950	154.22400
0.04955	203.18400
0.04960	247.24800
0.04965	117.50400
0.04970	274.17600
0.04975	97.92000
0.04980	183.60000
0.04985	215.42400
0.04990	315.79200
0.04995	171.36000
0.05000	117.50400
0.05005	129.74400
0.05010	151.77600
0.05015	171.36000
0.05020	164.01600
0.05025	146.88000
0.05030	186.04800
0.05035	149.32800
0.05040	217.87200
0.05045	129.74400
0.05050	161.56800
0.05055	100.36800
0.05060	107.71200
0.05065	134.64000
0.05070	88.12800
0.05075	156.67200
0.05080	83.23200
0.05085	127.29600
0.05090	90.57600
0.05095	90.57600
0.05100	149.32800
0.05105	139.53600
0.05110	208.08000
0.05115	100.36800
0.05120	212.97600
0.05125	161.56800
0.05130	190.94400
0.05135	291.31200
0.05140	141.98400
0.05145	134.64000
0.05150	303.55200
0.05155	183.60000
0.05160	166.46400
0.05165	141.98400
0.05170	141.98400
0.05175	171.36000
0.05180	97.92000
0.05185	149.32800
0.05190	70.99200
0.05195	193.39200
0.05200	119.95200
0.05205	124.84800
0.05210	146.88000
0.05215	139.53600
0.05220	161.56800
0.05225	247.24800
0.05230	198.28800
0.05235	183.60000
0.05240	154.22400
0.05245	337.82400
0.05250	151.77600
0.05255	95.47200
0.05260	102.81600
0.05265	159.12000
0.05270	210.52800
0.05275	144.43200
0.05280	200.73600
0.05285	217.87200
0.05290	132.19200
0.05295	97.92000
0.05300	110.16000
0.05305	212.97600
0.05310	151.77600
0.05315	203.18400
0.05320	110.16000
0.05325	139.53600
0.05330	88.12800
0.05335	200.73600
0.05340	115.05600
0.05345	139.53600
0.05350	83.23200
0.05355	144.43200
0.05360	203.18400
0.05365	90.57600
0.05370	137.08800
0.05375	134.64000
0.05380	159.12000
0.05385	173.80800
0.05390	124.84800
0.05395	53.85600
0.05400	166.46400
0.05405	137.08800
0.05410	112.60800
0.05415	70.99200
0.05420	83.23200
0.05425	156.67200
0.05430	85.68000
0.05435	105.26400
0.05440	110.16000
0.05445	117.50400
0.05450	144.43200
0.05455	119.95200
0.05460	115.05600
0.05465	70.99200
0.05470	132.19200
0.05475	173.80800
0.05480	171.36000
0.05485	200.73600
0.05490	149.32800
0.05495	156.67200
0.05500	75.88800
0.05505	168.91200
0.05510	181.15200
0.05515	215.42400
0.05520	190.94400
0.05525	127.29600
0.05530	85.68000
0.05535	232.56000
0.05540	132.19200
0.05545	100.36800
0.05550	195.84000
0.05555	181.15200
0.05560	227.66400
0.05565	205.63200
0.05570	105.26400
0.05575	80.78400
0.05580	183.60000
0.05585	227.66400
0.05590	193.39200
0.05595	156.67200
0.05600	85.68000
0.05605	203.18400
0.05610	58.75200
0.05615	149.32800
0.05620	53.85600
0.05625	144.43200
0.05630	151.77600
0.05635	225.21600
0.05640	110.16000
0.05645	146.88000
0.05650	97.92000
0.05655	154.22400
0.05660	112.60800
0.05665	112.60800
0.05670	210.52800
0.05675	97.92000
0.05680	225.21600
0.05685	100.36800
0.05690	154.22400
0.05695	181.15200
0.05700	186.04800
0.05705	154.22400
0.05710	105.26400
0.05715	193.39200
0.05720	176.25600
0.05725	122.40000
0.05730	230.11200
0.05735	90.57600
0.05740	137.08800
0.05745	129.74400
0.05750	193.39200
0.05755	176.25600
0.05760	193.39200
0.05765	110.16000
0.05770	95.47200
0.05775	66.09600
0.05780	232.56000
0.05785	105.26400
0.05790	132.19200
0.05795	151.77600
0.05800	129.74400
0.05805	151.77600
0.05810	119.95200
0.05815	137.08800
0.05820	137.08800
0.05825	176.25600
0.05830	139.53600
0.05835	122.40000
0.05840	164.01600
0.05845	217.87200
0.05850	217.87200
0.05855	137.08800
0.05860	107.71200
0.05865	102.81600
0.05870	252.14400
0.05875	164.01600
0.05880	161.56800
0.05885	154.22400
0.05890	70.99200
0.05895	78.33600
0.05900	190.94400
0.05905	225.21600
0.05910	134.64000
0.05915	181.15200
0.05920	122.40000
0.05925	70.99200
0.05930	122.40000
0.05935	73.44000
0.05940	122.40000
0.05945	46.51200
0.05950	198.28800
0.05955	100.36800
0.05960	195.84000
0.05965	186.04800
0.05970	137.08800
0.05975	129.74400
0.05980	132.19200
0.05985	88.12800
0.05990	195.84000
0.05995	291.31200
0.06000	141.98400
0.06005	178.70400
0.06010	188.49600
0.06015	244.80000
0.06020	137.08800
0.06025	190.94400
0.06030	164.01600
0.06035	261.93600
0.06040	186.04800
0.06045	132.19200
0.06050	178.70400
0.06055	105.26400
0.06060	132.19200
0.06065	97.92000
0.06070	107.71200
0.06075	237.45600
0.06080	53.85600
0.06085	144.43200
0.06090	227.66400
0.06095	107.71200
0.06100	205.63200
0.06105	266.83200
0.06110	156.67200
0.06115	95.47200
0.06120	208.08000
0.06125	154.22400
0.06130	85.68000
0.06135	178.70400
0.06140	154.22400
0.06145	168.91200
0.06150	139.53600
0.06155	124.84800
0.06160	215.42400
0.06165	110.16000
0.06170	100.36800
0.06175	124.84800
0.06180	100.36800
0.06185	124.84800
0.06190	159.12000
0.06195	115.05600
0.06200	107.71200
0.06205	200.73600
0.06210	122.40000
0.06215	247.24800
0.06220	186.04800
0.06225	66.09600
0.06230	176.25600
0.06235	220.32000
0.06240	181.15200
0.06245	119.95200
0.06250	188.49600
0.06255	124.84800
0.06260	102.81600
0.06265	171.36000
0.06270	286.41600
0.06275	168.91200
0.06280	183.60000
0.06285	242.35200
0.06290	173.80800
0.06295	134.64000
0.06300	222.76800
0.06305	178.70400
0.06310	85.68000
0.06315	215.42400
0.06320	112.60800
0.06325	124.84800
0.06330	161.56800
0.06335	315.79200
0.06340	195.84000
0.06345	129.74400
0.06350	85.68000
0.06355	70.99200
0.06360	176.25600
0.06365	119.95200
0.06370	173.80800
0.06375	141.98400
0.06380	222.76800
0.06385	171.36000
0.06390	93.02400
0.06395	193.39200
0.06400	112.60800
0.06405	93.02400
0.06410	97.92000
0.06415	139.53600
0.06420	159.12000
0.06425	186.04800
0.06430	137.08800
0.06435	134.64000
0.06440	235.00800
0.06445	159.12000
0.06450	232.56000
0.06455	227.66400
0.06460	186.04800
0.06465	164.01600
0.06470	220.32000
0.06475	217.87200
0.06480	149.32800
0.06485	144.43200
0.06490	208.08000
0.06495	166.46400
0.06500	97.92000
0.06505	134.64000
0.06510	274.17600
0.06515	186.04800
0.06520	208.08000
0.06525	215.42400
0.06530	186.04800
0.06535	249.69600
0.06540	159.12000
0.06545	195.84000
0.06550	168.91200
0.06555	156.67200
0.06560	176.25600
0.06565	141.98400
0.06570	173.80800
0.06575	225.21600
0.06580	220.32000
0.06585	105.26400
0.06590	247.24800
0.06595	384.33600
0.06600	212.97600
0.06605	178.70400
0.06610	208.08000
0.06615	205.63200
0.06620	166.46400
0.06625	151.77600
0.06630	235.00800
0.06635	122.40000
0.06640	178.70400
0.06645	178.70400
0.06650	205.63200
0.06655	139.53600
0.06660	159.12000
0.06665	154.22400
0.06670	178.70400
0.06675	137.08800
0.06680	200.73600
0.06685	186.04800
0.06690	320.68800
0.06695	208.08000
0.06700	259.48800
0.06705	122.40000
0.06710	217.87200
0.06715	171.36000
0.06720	217.87200
0.06725	168.91200
0.06730	232.56000
0.06735	288.86400
0.06740	127.29600
0.06745	159.12000
0.06750	166.46400
0.06755	122.40000
0.06760	198.28800
0.06765	183.60000
0.06770	249.69600
0.06775	173.80800
0.06780	156.67200
0.06785	161.56800
0.06790	137.08800
0.06795	203.18400
0.06800	181.15200
0.06805	139.53600
0.06810	188.49600
0.06815	186.04800
0.06820	93.02400
0.06825	132.19200
0.06830	127.29600
0.06835	188.49600
0.06840	127.29600
0.06845	237.45600
0.06850	75.88800
0.06855	100.36800
0.06860	97.92000
0.06865	215.42400
0.06870	166.46400
0.06875	193.39200
0.06880	181.15200
0.06885	112.60800
0.06890	208.08000
0.06895	190.94400
0.06900	100.36800
0.06905	154.22400
0.06910	200.73600
0.06915	190.94400
0.06920	151.77600
0.06925	88.12800
0.06930	161.56800
0.06935	171.36000
0.06940	119.95200
0.06945	154.22400
0.06950	83.23200
0.06955	156.67200
0.06960	122.40000
0.06965	80.78400
0.06970	188.49600
0.06975	208.08000
0.06980	154.22400
0.06985	102.81600
0.06990	110.16000
0.06995	151.77600
0.07000	139.53600
0.07005	117.50400
0.07010	127.29600
0.07015	203.18400
0.07020	171.36000
0.07025	102.81600
0.07030	95.47200
0.07035	124.84800
0.07040	95.47200
0.07045	105.26400
0.07050	222.76800
0.07055	183.60000
0.07060	181.15200
0.07065	93.02400
0.07070	117.50400
0.07075	215.42400
0.07080	200.73600
0.07085	188.49600
0.07090	173.80800
0.07095	88.12800
0.07100	115.05600
0.07105	154.22400
0.07110	159.12000
0.07115	203.18400
0.07120	137.08800
0.07125	127.29600
0.07130	193.39200
0.07135	198.28800
0.07140	173.80800
0.07145	129.74400
0.07150	222.76800
0.07155	164.01600
0.07160	190.94400
0.07165	122.40000
0.07170	124.84800
0.07175	225.21600
0.07180	102.81600
0.07185	141.98400
0.07190	93.02400
0.07195	181.15200
0.07200	127.29600
0.07205	144.43200
0.07210	156.67200
0.07215	159.12000
0.07220	168.91200
0.07225	151.77600
0.07230	247.24800
0.07235	144.43200
0.07240	161.56800
0.07245	70.99200
0.07250	212.97600
0.07255	217.87200
0.07260	222.76800
0.07265	203.18400
0.07270	144.43200
0.07275	156.67200
0.07280	190.94400
0.07285	222.76800
0.07290	102.81600
0.07295	183.60000
0.07300	220.32000
0.07305	46.51200
0.07310	283.96800
0.07315	88.12800
0.07320	193.39200
0.07325	222.76800
0.07330	127.29600
0.07335	193.39200
0.07340	225.21600
0.07345	210.52800
0.07350	296.20800
0.07355	159.12000
0.07360	75.88800
0.07365	200.73600
0.07370	173.80800
0.07375	203.18400
0.07380	288.86400
0.07385	220.32000
0.07390	200.73600
0.07395	168.91200
0.07400	222.76800
0.07405	235.00800
0.07410	127.29600
0.07415	183.60000
0.07420	276.62400
0.07425	242.35200
0.07430	183.60000
0.07435	198.28800
0.07440	200.73600
0.07445	227.66400
0.07450	259.48800
0.07455	154.22400
0.07460	149.32800
0.07465	134.64000
0.07470	141.98400
0.07475	230.11200
0.07480	274.17600
0.07485	171.36000
0.07490	93.02400
0.07495	144.43200
0.07500	141.98400
0.07505	166.46400
0.07510	149.32800
0.07515	210.52800
0.07520	264.38400
0.07525	193.39200
0.07530	159.12000
0.07535	247.24800
0.07540	176.25600
0.07545	129.74400
0.07550	215.42400
0.07555	156.67200
0.07560	141.98400
0.07565	198.28800
0.07570	83.23200
0.07575	171.36000
0.07580	259.48800
0.07585	215.42400
0.07590	176.25600
0.07595	171.36000
0.07600	183.60000
0.07605	235.00800
0.07610	315.79200
0.07615	183.60000
0.07620	261.93600
0.07625	230.11200
0.07630	112.60800
0.07635	129.74400
0.07640	232.56000
0.07645	176.25600
0.07650	117.50400
0.07655	232.56000
0.07660	183.60000
0.07665	193.39200
0.07670	254.59200
0.07675	222.76800
0.07680	139.53600
0.07685	345.16800
0.07690	269.28000
0.07695	357.40800
0.07700	80.78400
0.07705	281.52000
0.07710	190.94400
0.07715	151.77600
0.07720	139.53600
0.07725	156.67200
0.07730	149.32800
0.07735	144.43200
0.07740	195.84000
0.07745	141.98400
0.07750	296.20800
0.07755	215.42400
0.07760	237.45600
0.07765	176.25600
0.07770	217.87200
0.07775	168.91200
0.07780	200.73600
0.07785	235.00800
0.07790	232.56000
0.07795	193.39200
0.07800	93.02400
0.07805	129.74400
0.07810	176.25600
0.07815	193.39200
0.07820	80.78400
0.07825	212.97600
0.07830	252.14400
0.07835	261.93600
0.07840	421.05600
0.07845	276.62400
0.07850	306.00000
0.07855	119.95200
0.07860	215.42400
0.07865	198.28800
0.07870	208.08000
0.07875	190.94400
0.07880	205.63200
0.07885	281.52000
0.07890	325.58400
0.07895	308.44800
0.07900	261.93600
0.07905	235.00800
0.07910	183.60000
0.07915	235.00800
0.07920	359.85600
0.07925	293.76000
0.07930	244.80000
0.07935	198.28800
0.07940	198.28800
0.07945	161.56800
0.07950	237.45600
0.07955	115.05600
0.07960	320.68800
0.07965	203.18400
0.07970	227.66400
0.07975	232.56000
0.07980	200.73600
0.07985	85.68000
0.07990	164.01600
0.07995	200.73600
0.08000	298.65600
0.08005	337.82400
0.08010	205.63200
0.08015	129.74400
0.08020	159.12000
0.08025	217.87200
0.08030	181.15200
0.08035	168.91200
0.08040	212.97600
0.08045	176.25600
0.08050	122.40000
0.08055	188.49600
0.08060	230.11200
0.08065	171.36000
0.08070	137.08800
0.08075	186.04800
0.08080	141.98400
0.08085	166.46400
0.08090	154.22400
0.08095	220.32000
0.08100	195.84000
0.08105	271.72800
0.08110	205.63200
0.08115	85.68000
0.08120	151.77600
0.08125	181.15200
0.08130	225.21600
0.08135	205.63200
0.08140	134.64000
0.08145	173.80800
0.08150	198.28800
0.08155	88.12800
0.08160	105.26400
0.08165	149.32800
0.08170	93.02400
0.08175	134.64000
0.08180	107.71200
0.08185	134.64000
0.08190	105.26400
0.08195	90.57600
0.08200	203.18400
0.08205	188.49600
0.08210	203.18400
0.08215	134.64000
0.08220	296.20800
0.08225	83.23200
0.08230	188.49600
0.08235	134.64000
0.08240	171.36000
0.08245	193.39200
0.08250	144.43200
0.08255	149.32800
0.08260	188.49600
0.08265	127.29600
0.08270	137.08800
0.08275	146.88000
0.08280	210.52800
0.08285	208.08000
0.08290	129.74400
0.08295	110.16000
0.08300	181.15200
0.08305	183.60000
0.08310	215.42400
0.08315	230.11200
0.08320	225.21600
0.08325	88.12800
0.08330	293.76000
0.08335	306.00000
0.08340	227.66400
0.08345	134.64000
0.08350	149.32800
0.08355	198.28800
0.08360	227.66400
0.08365	188.49600
0.08370	237.45600
0.08375	230.11200
0.08380	266.83200
0.08385	137.08800
0.08390	296.20800
0.08395	168.91200
0.08400	247.24800
0.08405	127.29600
0.08410	230.11200
0.08415	176.25600
0.08420	252.14400
0.08425	212.97600
0.08430	200.73600
0.08435	181.15200
0.08440	205.63200
0.08445	166.46400
0.08450	259.48800
0.08455	141.98400
0.08460	166.46400
0.08465	183.60000
0.08470	354.96000
0.08475	159.12000
0.08480	183.60000
0.08485	313.34400
0.08490	232.56000
0.08495	298.65600
0.08500	181.15200
0.08505	279.07200
0.08510	186.04800
0.08515	139.53600
0.08520	225.21600
0.08525	149.32800
0.08530	266.83200
0.08535	315.79200
0.08540	129.74400
0.08545	271.72800
0.08550	112.60800
0.08555	100.36800
0.08560	259.48800
0.08565	252.14400
0.08570	247.24800
0.08575	269.28000
0.08580	235.00800
0.08585	271.72800
0.08590	225.21600
0.08595	298.65600
0.08600	413.71200
0.08605	193.39200
0.08610	306.00000
0.08615	183.60000
0.08620	115.05600
0.08625	117.50400
0.08630	119.95200
0.08635	139.53600
0.08640	261.93600
0.08645	137.08800
0.08650	308.44800
0.08655	176.25600
0.08660	252.14400
0.08665	239.90400
0.08670	212.97600
0.08675	230.11200
0.08680	144.43200
0.08685	168.91200
0.08690	141.98400
0.08695	212.97600
0.08700	107.71200
0.08705	230.11200
0.08710	203.18400
0.08715	134.64000
0.08720	215.42400
0.08725	220.32000
0.08730	239.90400
0.08735	217.87200
0.08740	190.94400
0.08745	154.22400
0.08750	97.92000
0.08755	222.76800
0.08760	195.84000
0.08765	212.97600
0.08770	166.46400
0.08775	156.67200
0.08780	208.08000
0.08785	181.15200
0.08790	183.60000
0.08795	254.59200
0.08800	203.18400
0.08805	188.49600
0.08810	188.49600
0.08815	298.65600
0.08820	181.15200
0.08825	178.70400
0.08830	247.24800
0.08835	159.12000
0.08840	141.98400
0.08845	291.31200
0.08850	205.63200
0.08855	178.70400
0.08860	151.77600
0.08865	166.46400
0.08870	181.15200
0.08875	200.73600
0.08880	134.64000
0.08885	171.36000
0.08890	168.91200
0.08895	225.21600
0.08900	97.92000
0.08905	215.42400
0.08910	313.34400
0.08915	161.56800
0.08920	217.87200
0.08925	181.15200
0.08930	115.05600
0.08935	149.32800
0.08940	117.50400
0.08945	190.94400
0.08950	161.56800
0.08955	129.74400
0.08960	176.25600
0.08965	271.72800
0.08970	232.56000
0.08975	183.60000
0.08980	146.88000
0.08985	254.59200
0.08990	190.94400
0.08995	97.92000
0.09000	164.01600
0.09005	149.32800
0.09010	269.28000
0.09015	122.40000
0.09020	173.80800
0.09025	119.95200
0.09030	220.32000
0.09035	212.97600
0.09040	146.88000
0.09045	117.50400
0.09050	298.65600
0.09055	161.56800
0.09060	225.21600
0.09065	203.18400
0.09070	139.53600
0.09075	168.91200
0.09080	205.63200
0.09085	183.60000
0.09090	151.77600
0.09095	188.49600
0.09100	208.08000
0.09105	242.35200
0.09110	159.12000
0.09115	210.52800
0.09120	127.29600
0.09125	193.39200
0.09130	134.64000
0.09135	176.25600
0.09140	139.53600
0.09145	134.64000
0.09150	212.97600
0.09155	198.28800
0.09160	242.35200
0.09165	146.88000
0.09170	186.04800
0.09175	212.97600
0.09180	220.32000
0.09185	124.84800
0.09190	222.76800
0.09195	188.49600
0.09200	144.43200
0.09205	102.81600
0.09210	171.36000
0.09215	208.08000
0.09220	151.77600
0.09225	193.39200
0.09230	257.04000
0.09235	239.90400
0.09240	117.50400
0.09245	151.77600
0.09250	149.32800
0.09255	176.25600
0.09260	171.36000
0.09265	164.01600
0.09270	288.86400
0.09275	252.14400
0.09280	110.16000
0.09285	286.41600
0.09290	227.66400
0.09295	190.94400
0.09300	154.22400
0.09305	208.08000
0.09310	310.89600
0.09315	166.46400
0.09320	129.74400
0.09325	137.08800
0.09330	308.44800
0.09335	259.48800
0.09340	171.36000
0.09345	168.91200
0.09350	205.63200
0.09355	198.28800
0.09360	323.13600
0.09365	210.52800
0.09370	220.32000
0.09375	225.21600
0.09380	220.32000
0.09385	394.12800
0.09390	247.24800
0.09395	247.24800
0.09400	215.42400
0.09405	237.45600
0.09410	227.66400
0.09415	205.63200
0.09420	274.17600
0.09425	210.52800
0.09430	159.12000
0.09435	173.80800
0.09440	203.18400
0.09445	237.45600
0.09450	220.32000
0.09455	119.95200
0.09460	112.60800
0.09465	190.94400
0.09470	188.49600
0.09475	154.22400
0.09480	320.68800
0.09485	269.28000
0.09490	193.39200
0.09495	208.08000
0.09500	230.11200
0.09505	225.21600
0.09510	222.76800
0.09515	281.52000
0.09520	137.08800
0.09525	203.18400
0.09530	215.42400
0.09535	208.08000
0.09540	161.56800
0.09545	176.25600
0.09550	220.32000
0.09555	232.56000
0.09560	195.84000
0.09565	252.14400
0.09570	164.01600
0.09575	151.77600
0.09580	212.97600
0.09585	141.98400
0.09590	141.98400
0.09595	205.63200
0.09600	183.60000
0.09605	110.16000
0.09610	181.15200
0.09615	232.56000
0.09620	134.64000
0.09625	164.01600
0.09630	195.84000
0.09635	200.73600
0.09640	117.50400
0.09645	178.70400
0.09650	166.46400
0.09655	166.46400
0.09660	181.15200
0.09665	146.88000
0.09670	220.32000
0.09675	359.85600
0.09680	168.91200
0.09685	193.39200
0.09690	97.92000
0.09695	208.08000
0.09700	249.69600
0.09705	217.87200
0.09710	328.03200
0.09715	222.76800
0.09720	93.02400
0.09725	183.60000
0.09730	283.96800
0.09735	301.10400
0.09740	303.55200
0.09745	208.08000
0.09750	291.31200
0.09755	200.73600
0.09760	352.51200
0.09765	164.01600
0.09770	137.08800
0.09775	195.84000
0.09780	100.36800
0.09785	232.56000
0.09790	298.65600
0.09795	105.26400
0.09800	249.69600
0.09805	156.67200
0.09810	188.49600
0.09815	166.46400
0.09820	247.24800
0.09825	200.73600
0.09830	90.57600
0.09835	354.96000
0.09840	217.87200
0.09845	159.12000
0.09850	129.74400
0.09855	178.70400
0.09860	156.67200
0.09865	186.04800
0.09870	227.66400
0.09875	220.32000
0.09880	239.90400
0.09885	171.36000
0.09890	286.41600
0.09895	237.45600
0.09900	350.06400
0.09905	178.70400
0.09910	215.42400
0.09915	156.67200
0.09920	310.89600
0.09925	208.08000
0.09930	151.77600
0.09935	161.56800
0.09940	227.66400
0.09945	210.52800
0.09950	195.84000
0.09955	283.96800
0.09960	139.53600
0.09965	247.24800
0.09970	137.08800
0.09975	257.04000
0.09980	164.01600
0.09985	208.08000
0.09990	119.95200
0.09995	159.12000
0.10000	159.12000
0.10005	146.88000
0.10010	119.95200
0.10015	230.11200
0.10020	176.25600
0.10025	210.52800
0.10030	261.93600
0.10035	212.97600
0.10040	257.04000
0.10045	230.11200
0.10050	286.41600
0.10055	117.50400
0.10060	306.00000
0.10065	222.76800
0.10070	279.07200
0.10075	235.00800
0.10080	166.46400
0.10085	217.87200
0.10090	310.89600
0.10095	308.44800
0.10100	181.15200
0.10105	215.42400
0.10110	257.04000
0.10115	416.16000
0.10120	705.02400
0.10125	450.43200
0.10130	389.23200
0.10135	553.24800
0.10140	602.20800
0.10145	822.52800
0.10150	1118.73600
0.10155	1015.92000
0.10160	2022.04800
0.10165	2078.35200
0.10170	2582.64000
0.10175	3625.48800
0.10180	4198.32000
0.10185	5042.88000
0.10190	5769.93600
0.10195	6908.25600
0.10200	6734.44800
0.10205	7943.76000
0.10210	8511.69600
0.10215	9060.04800
0.10220	9681.84000
0.10225	9679.39200
0.10230	8643.88800
0.10235	8570.44800
0.10240	8039.23200
0.10245	8186.11200
0.10250	7297.48800
0.10255	7104.09600
0.10260	6217.92000
0.10265	5627.95200
0.10270	5698.94400
0.10275	4940.06400
0.10280	4717.29600
0.10285	4751.56800
0.10290	4171.39200
0.10295	4315.82400
0.10300	3862.94400
0.10305	3353.76000
0.10310	3082.03200
0.10315	3317.04000
0.10320	3143.23200
0.10325	2900.88000
0.10330	2952.28800
0.10335	2957.18400
0.10340	2768.68800
0.10345	2744.20800
0.10350	2543.47200
0.10355	2736.86400
0.10360	2616.91200
0.10365	2291.32800
0.10370	2482.27200
0.10375	2479.82400
0.10380	2425.96800
0.10385	2058.76800
0.10390	1860.48000
0.10395	2017.15200
0.10400	1777.24800
0.10405	1818.86400
0.10410	1858.03200
0.10415	1843.34400
0.10420	1642.60800
0.10425	1520.20800
0.10430	1598.54400
0.10435	1733.18400
0.10440	1436.97600
0.10445	1588.75200
0.10450	1635.26400
0.10455	1738.08000
0.10460	1478.59200
0.10465	1485.93600
0.10470	1615.68000
0.10475	1339.05600
0.10480	1206.86400
0.10485	1272.96000
0.10490	1211.76000
0.10495	1510.41600
0.10500	1375.77600
0.10505	1302.33600
0.10510	1610.78400
0.10515	1483.48800
0.10520	1361.08800
0.10525	957.16800
0.10530	1343.95200
0.10535	1241.13600
0.10540	1160.35200
0.10545	1581.40800
0.10550	1253.37600
0.10555	1302.33600
0.10560	1130.97600
0.10565	1011.02400
0.10570	1216.65600
0.10575	1436.97600
0.10580	1419.84000
0.10585	1272.96000
0.10590	1165.24800
0.10595	1292.54400
0.10600	1302.33600
0.10605	1179.93600
0.10610	1123.63200
0.10615	1236.24000
0.10620	1468.80000
0.10625	1209.31200
0.10630	1199.52000
0.10635	1211.76000
0.10640	976.75200
0.10645	1033.05600
0.10650	1128.52800
0.10655	1192.17600
0.10660	1155.45600
0.10665	849.45600
0.10670	1030.60800
0.10675	1121.18400
0.10680	979.20000
0.10685	1006.12800
0.10690	1030.60800
0.10695	1121.18400
0.10700	935.13600
0.10705	1062.43200
0.10710	842.11200
0.10715	878.83200
0.10720	1072.22400
0.10725	959.61600
0.10730	1123.63200
0.10735	1059.98400
0.10740	942.48000
0.10745	969.40800
0.10750	981.64800
0.10755	712.36800
0.10760	812.73600
0.10765	976.75200
0.10770	974.30400
0.10775	1096.70400
0.10780	1025.71200
0.10785	839.66400
0.10790	866.59200
0.10795	1001.23200
0.10800	915.55200
0.10805	1064.88000
0.10810	778.46400
0.10815	888.62400
0.10820	883.72800
0.10825	922.89600
0.10830	971.85600
0.10835	881.28000
0.10840	1091.80800
0.10845	854.35200
0.10850	998.78400
0.10855	981.64800
0.10860	1067.32800
0.10865	492.04800
0.10870	918.00000
0.10875	731.95200
0.10880	717.26400
0.10885	903.31200
0.10890	827.42400
0.10895	798.04800
0.10900	682.99200
0.10905	648.72000
0.10910	947.37600
0.10915	962.06400
0.10920	991.44000
0.10925	947.37600
0.10930	849.45600
0.10935	864.14400
0.10940	856.80000
0.10945	881.28000
0.10950	565.48800
0.10955	1086.91200
0.10960	805.39200
0.10965	991.44000
0.10970	1153.00800
0.10975	984.09600
0.10980	788.25600
0.10985	993.88800
0.10990	984.09600
0.10995	834.76800
0.11000	744.19200
0.11005	771.12000
0.11010	957.16800
0.11015	805.39200
0.11020	851.90400
0.11025	883.72800
0.11030	883.72800
0.11035	851.90400
0.11040	949.82400
0.11045	908.20800
0.11050	788.25600
0.11055	700.12800
0.11060	888.62400
0.11065	976.75200
0.11070	766.22400
0.11075	913.10400
0.11080	915.55200
0.11085	702.57600
0.11090	878.83200
0.11095	851.90400
0.11100	944.92800
0.11105	815.18400
0.11110	947.37600
0.11115	1062.43200
0.11120	832.32000
0.11125	746.64000
0.11130	957.16800
0.11135	893.52000
0.11140	829.87200
0.11145	815.18400
0.11150	847.00800
0.11155	834.76800
0.11160	731.95200
0.11165	805.39200
0.11170	866.59200
0.11175	898.41600
0.11180	695.23200
0.11185	800.49600
0.11190	1003.68000
0.11195	798.04800
0.11200	817.63200
0.11205	1057.53600
0.11210	815.18400
0.11215	900.86400
0.11220	756.43200
0.11225	719.71200
0.11230	1033.05600
0.11235	802.94400
0.11240	993.88800
0.11245	913.10400
0.11250	1028.16000
0.11255	673.20000
0.11260	788.25600
0.11265	969.40800
0.11270	741.74400
0.11275	1030.60800
0.11280	785.80800
0.11285	839.66400
0.11290	839.66400
0.11295	761.32800
0.11300	763.77600
0.11305	979.20000
0.11310	905.76000
0.11315	756.43200
0.11320	575.28000
0.11325	795.60000
0.11330	741.74400
0.11335	817.63200
0.11340	717.26400
0.11345	780.91200
0.11350	580.17600
0.11355	773.56800
0.11360	905.76000
0.11365	795.60000
0.11370	687.88800
0.11375	869.04000
0.11380	1079.56800
0.11385	714.81600
0.11390	859.24800
0.11395	861.69600
0.11400	854.35200
0.11405	700.12800
0.11410	859.24800
0.11415	592.41600
0.11420	658.51200
0.11425	807.84000
0.11430	709.92000
0.11435	854.35200
0.11440	741.74400
0.11445	673.20000
0.11450	793.15200
0.11455	895.96800
0.11460	780.91200
0.11465	966.96000
0.11470	729.50400
0.11475	749.08800
0.11480	614.44800
0.11485	739.29600
0.11490	895.96800
0.11495	829.87200
0.11500	805.39200
0.11505	653.61600
0.11510	712.36800
0.11515	815.18400
0.11520	705.02400
0.11525	717.26400
0.11530	864.14400
0.11535	859.24800
0.11540	709.92000
0.11545	785.80800
0.11550	531.21600
0.11555	1336.60800
0.11560	607.10400
0.11565	910.65600
0.11570	668.30400
0.11575	954.72000
0.11580	788.25600
0.11585	949.82400
0.11590	966.96000
0.11595	763.77600
0.11600	905.76000
0.11605	695.23200
0.11610	807.84000
0.11615	795.60000
0.11620	727.05600
0.11625	888.62400
0.11630	634.03200
0.11635	641.37600
0.11640	952.27200
0.11645	1118.73600
0.11650	1023.26400
0.11655	1138.32000
0.11660	908.20800
0.11665	1155.45600
0.11670	1072.22400
0.11675	944.92800
0.11680	700.12800
0.11685	976.75200
0.11690	1084.46400
0.11695	1018.36800
0.11700	834.76800
0.11705	734.40000
0.11710	668.30400
0.11715	847.00800
0.11720	954.72000
0.11725	802.94400
0.11730	714.81600
0.11735	739.29600
0.11740	976.75200
0.11745	886.17600
0.11750	712.36800
0.11755	1179.93600
0.11760	873.93600
0.11765	842.11200
0.11770	991.44000
0.11775	722.16000
0.11780	849.45600
0.11785	1023.26400
0.11790	949.82400
0.11795	971.85600
0.11800	981.64800
0.11805	702.57600
0.11810	692.78400
0.11815	668.30400
0.11820	636.48000
0.11825	832.32000
0.11830	988.99200
0.11835	856.80000
0.11840	736.84800
0.11845	793.15200
0.11850	922.89600
0.11855	971.85600
0.11860	744.19200
0.11865	910.65600
0.11870	849.45600
0.11875	719.71200
0.11880	658.51200
0.11885	925.34400
0.11890	776.01600
0.11895	908.20800
0.11900	717.26400
0.11905	795.60000
0.11910	878.83200
0.11915	631.58400
0.11920	827.42400
0.11925	854.35200
0.11930	685.44000
0.11935	832.32000
0.11940	763.77600
0.11945	832.32000
0.11950	795.60000
0.11955	651.16800
0.11960	712.36800
0.11965	866.59200
0.11970	829.87200
0.11975	785.80800
0.11980	1160.35200
0.11985	810.28800
0.11990	761.32800
0.11995	776.01600
0.12000	1015.92000
0.12005	893.52000
0.12010	851.90400
0.12015	834.76800
0.12020	790.70400
0.12025	976.75200
0.12030	1162.80000
0.12035	1020.81600
0.12040	893.52000
0.12045	930.24000
0.12050	947.37600
0.12055	971.85600
0.12060	1108.94400
0.12065	1116.28800
0.12070	771.12000
0.12075	925.34400
0.12080	844.56000
0.12085	1037.95200
0.12090	925.34400
0.12095	927.79200
0.12100	1079.56800
0.12105	1047.74400
0.12110	766.22400
0.12115	727.05600
0.12120	805.39200
0.12125	895.96800
0.12130	580.17600
0.12135	1042.84800
0.12140	817.63200
0.12145	1052.64000
0.12150	913.10400
0.12155	741.74400
0.12160	795.60000
0.12165	820.08000
0.12170	1079.56800
0.12175	940.03200
0.12180	675.64800
0.12185	918.00000
0.12190	974.30400
0.12195	834.76800
0.12200	996.33600
0.12205	734.40000
0.12210	869.04000
0.12215	805.39200
0.12220	932.68800
0.12225	876.38400
0.12230	940.03200
0.12235	920.44800
0.12240	861.69600
0.12245	675.64800
0.12250	883.72800
0.12255	876.38400
0.12260	969.40800
0.12265	878.83200
0.12270	820.08000
0.12275	873.93600
0.12280	1045.29600
0.12285	746.64000
0.12290	891.07200
0.12295	847.00800
0.12300	675.64800
0.12305	832.32000
0.12310	822.52800
0.12315	790.70400
0.12320	920.44800
0.12325	976.75200
0.12330	966.96000
0.12335	790.70400
0.12340	925.34400
0.12345	1055.08800
0.12350	1067.32800
0.12355	771.12000
0.12360	920.44800
0.12365	824.97600
0.12370	700.12800
0.12375	930.24000
0.12380	800.49600
0.12385	927.79200
0.12390	807.84000
0.12395	731.95200
0.12400	724.60800
0.12405	922.89600
0.12410	898.41600
0.12415	776.01600
0.12420	883.72800
0.12425	712.36800
0.12430	788.25600
0.12435	714.81600
0.12440	854.35200
0.12445	780.91200
0.12450	780.91200
0.12455	930.24000
0.12460	727.05600
0.12465	709.92000
0.12470	959.61600
0.12475	670.75200
0.12480	785.80800
0.12485	822.52800
0.12490	746.64000
0.12495	719.71200
0.12500	744.19200
0.12505	614.44800
0.12510	817.63200
0.12515	966.96000
0.12520	788.25600
0.12525	859.24800
0.12530	876.38400
0.12535	988.99200
0.12540	751.53600
0.12545	648.72000
0.12550	619.34400
0.12555	680.54400
0.12560	861.69600
0.12565	952.27200
0.12570	910.65600
0.12575	1150.56000
0.12580	937.58400
0.12585	660.96000
0.12590	903.31200
0.12595	714.81600
0.12600	763.77600
0.12605	859.24800
0.12610	695.23200
0.12615	660.96000
0.12620	802.94400
0.12625	1006.12800
0.12630	959.61600
0.12635	908.20800
0.12640	952.27200
0.12645	758.88000
0.12650	1082.01600
0.12655	918.00000
0.12660	925.34400
0.12665	837.21600
0.12670	949.82400
0.12675	1003.68000
0.12680	942.48000
0.12685	820.08000
0.12690	1013.47200
0.12695	1297.44000
0.12700	957.16800
0.12705	1263.16800
0.12710	952.27200
0.12715	800.49600
0.12720	1084.46400
0.12725	741.74400
0.12730	998.78400
0.12735	971.85600
0.12740	1057.53600
0.12745	1003.68000
0.12750	998.78400
0.12755	793.15200
0.12760	1094.25600
0.12765	996.33600
0.12770	964.51200
0.12775	1121.18400
0.12780	922.89600
0.12785	788.25600
0.12790	947.37600
0.12795	996.33600
0.12800	673.20000
0.12805	1035.50400
0.12810	988.99200
0.12815	1153.00800
0.12820	1023.26400
0.12825	893.52000
0.12830	1143.21600
0.12835	1253.37600
0.12840	976.75200
0.12845	1072.22400
0.12850	1074.67200
0.12855	966.96000
0.12860	1035.50400
0.12865	712.36800
0.12870	817.63200
0.12875	976.75200
0.12880	1143.21600
0.12885	1116.28800
0.12890	1042.84800
0.12895	783.36000
0.12900	1030.60800
0.12905	900.86400
0.12910	798.04800
0.12915	984.09600
0.12920	922.89600
0.12925	810.28800
0.12930	1182.38400
0.12935	976.75200
0.12940	1079.56800
0.12945	962.06400
0.12950	1013.47200
0.12955	1111.39200
0.12960	905.76000
0.12965	1057.53600
0.12970	971.85600
0.12975	729.50400
0.12980	1317.02400
0.12985	756.43200
0.12990	1047.74400
