0.06435 -0.0250000004 0.0222822354 -0.026990776 asynchronous_release_1
0.074429 -0.0250000004 0.00229500843 0.0349246752 asynchronous_release_0
0.030183 -0.0250000004 0.000477816073 0.000878459902 asynchronous_release_0
0.086335 -0.0250000004 -0.0298560783 -0.0182651194 asynchronous_release_0
0.026753 -0.0250000004 0.0104544998 0.0334021472 asynchronous_release_0
0.036882 -0.0250000004 -0.0288583114 0.019803986 asynchronous_release_0
0.055821 -0.0250000004 -0.024917187 -0.0245791333 asynchronous_release_0
0.036381 -0.0250000004 0.0232267648 0.0261823871 asynchronous_release_0
0.014581 -0.0250000004 -0.0145059666 0.0318524243 asynchronous_release_1
0.066919 -0.0250000004 -0.0134831815 0.0322986658 asynchronous_release_4
0.067797 -0.0250000004 0.0293026514 -0.0191403925 asynchronous_release_0
0.046938 -0.0250000004 -0.000749622299 -0.000661865855 asynchronous_release_0
0.080873 -0.0250000004 -0.0145869827 -0.0318154041 asynchronous_release_0
0.031149 -0.0250000004 0.0117325638 0.0329749442 asynchronous_release_0
0.049201 -0.0250000004 -0.0260244027 -0.0234036421 asynchronous_release_0
0.032827 -0.0250000004 -0.0318873887 -0.0144289445 asynchronous_release_0
0.069135 -0.0250000004 0.000503380656 -0.000864064764 asynchronous_release_0
0.087391 -0.0250000004 0.0349989943 0.000265326379 asynchronous_release_0
0.070257 -0.0250000004 0.0299277502 -0.0181474451 asynchronous_release_0
0.034517 -0.0250000004 0.0129635301 0.0325107196 asynchronous_release_0
0.066551 -0.0250000004 0.0214440974 0.0276613573 asynchronous_release_0
0.052971 -0.0250000004 0.00356247135 0.0348182251 asynchronous_release_0
0.009022 -0.0250000004 -0.010075163 -0.0335185186 asynchronous_release_0
0.025827 -0.0250000004 -0.0218776507 0.0273197438 asynchronous_release_0
0.072226 -0.0250000004 0.0260655286 -0.0233578299 asynchronous_release_0
0.086616 -0.0250000004 0.0324644214 -0.013079042 asynchronous_release_0
0.082968 -0.0250000004 -0.0310341443 0.0161827652 asynchronous_release_0
0.065518 -0.0250000004 0.0165287166 -0.0308512808 asynchronous_release_1
0.075374 -0.0250000004 0.00592160339 -0.0344954289 asynchronous_release_0
0.066025 -0.0250000004 -0.000751815507 0.000659373524 asynchronous_release_0
0.059631 -0.0250000004 -0.0248914591 -0.0246051877 asynchronous_release_0
0.064052 -0.0250000004 0.00254089938 -0.0349076472 asynchronous_release_3
0.080994 -0.0250000004 -0.00822046314 0.0340209345 asynchronous_release_0
0.019322 -0.0250000004 -0.00276481505 0.0348906262 asynchronous_release_1
0.07622 -0.0250000004 0.00343415014 -0.0348311156 asynchronous_release_0
0.022822 -0.0250000004 -0.000972482627 0.000232975407 asynchronous_release_0
0.026072 -0.0250000004 0.0335123728 -0.0100955865 asynchronous_release_0
0.004688 -0.0250000004 0.0247303375 -0.0247671236 asynchronous_release_3
0.069508 -0.0250000004 0.00446929683 0.0347134756 asynchronous_release_0
0.076214 -0.0250000004 0.00414741045 0.0347534025 asynchronous_release_0
0.044512 -0.0250000004 -0.0259513801 -0.0234845879 asynchronous_release_0
0.058338 -0.0250000004 0.0345776734 0.0054207472 asynchronous_release_0
0.0333 -0.0250000004 -0.0230055717 -0.0263769534 asynchronous_release_0
0.070025 -0.0250000004 0.0339107184 -0.00866390081 asynchronous_release_0
0.08106 -0.0250000004 -0.0236788761 0.025774228 asynchronous_release_0
0.066754 -0.0250000004 -0.000181198472 -0.034999531 asynchronous_release_0
0.071769 -0.0250000004 0.000987783254 -0.000155834025 asynchronous_release_4
0.062787 -0.0250000004 0.00807167845 0.0340565413 asynchronous_release_0
0.050155 -0.0250000004 0.011693431 0.0329888416 asynchronous_release_0
0.079964 -0.0250000004 -0.00421853219 0.0347448411 asynchronous_release_0
0.081522 -0.0250000004 0.000822651888 -0.000568545399 asynchronous_release_0
0.025696 -0.0250000004 0.0124974606 0.0326927129 asynchronous_release_0
0.02075 -0.0250000004 0.015368032 -0.0314455656 asynchronous_release_0
0.063712 -0.0250000004 0.0349719728 0.00140040027 asynchronous_release_0
0.078283 -0.0250000004 -0.0335826494 -0.0098592932 asynchronous_release_0
0.063917 -0.0250000004 -0.000153604918 -0.0349996629 asynchronous_release_4
0.089403 -0.0250000004 0.0131329768 -0.0324426405 asynchronous_release_0
0.089521 -0.0250000004 0.0143019305 0.031944558 asynchronous_release_0
0.065583 -0.0250000004 0.034812726 -0.00361581347 asynchronous_release_0
0.027259 -0.0250000004 -0.000986469586 0.000163944368 asynchronous_release_0
0.075574 -0.0250000004 -0.000354442942 0.000935077644 asynchronous_release_0
0.080213 -0.0250000004 0.0168749271 -0.0306632815 asynchronous_release_0
0.062426 -0.0250000004 -0.00265302233 -0.0348993048 asynchronous_release_0
0.088691 -0.0250000004 0.0345198005 -0.00577783468 asynchronous_release_0
0.075322 -0.0250000004 0.0257908891 0.0236607278 asynchronous_release_0
0.086955 -0.0250000004 -0.00530140713 0.0345961715 asynchronous_release_0
0.058197 -0.0250000004 -0.020444424 -0.0284081947 asynchronous_release_0
0.083997 -0.0250000004 0.00579220929 0.0345173914 asynchronous_release_0
0.07241 -0.0250000004 0.0191481143 0.029297606 asynchronous_release_0
0.016755 -0.0250000004 0.032922213 0.0118797262 asynchronous_release_0
0.039299 -0.0250000004 -0.000644903134 -0.000764264318 asynchronous_release_0
0.067912 -0.0250000004 0.0329610582 0.0117715184 asynchronous_release_0
0.081509 -0.0250000004 0.00339822515 -0.0348346389 asynchronous_release_0
0.062889 -0.0250000004 0.0237883857 -0.0256731904 asynchronous_release_2
0.045899 -0.0250000004 0.0334371687 -0.0103419412 asynchronous_release_0
0.065807 -0.0250000004 -0.00130763422 -0.0349755642 asynchronous_release_0
0.088145 -0.0250000004 0.000920942487 0.000389698518 asynchronous_release_0
0.029222 -0.0250000004 0.000818823375 0.000574045539 asynchronous_release_0
0.065298 -0.0250000004 0.0200915939 -0.0286588181 asynchronous_release_0
0.085145 -0.0250000004 0.000397064932 -0.000917790521 asynchronous_release_0
0.071526 -0.0250000004 -0.0151662319 -0.0315433893 asynchronous_release_3
0.074989 -0.0250000004 0.034709151 -0.00450275917 asynchronous_release_0
0.016262 -0.0250000004 -0.0332184534 0.0110242619 asynchronous_release_0
0.006233 -0.0250000004 -0.0261565176 -0.0232558936 asynchronous_release_1
0.078357 -0.0250000004 -0.0199648027 0.0287472895 asynchronous_release_0
0.068171 -0.0250000004 0.0316032699 0.0150410549 asynchronous_release_0
0.078997 -0.0250000004 0.0490527449 0.035620615 asynchronous_release_0
0.012945 -0.0250000004 -0.00481391761 -0.034667365 asynchronous_release_0
0.075452 -0.0250000004 0.02761586 -0.0215026574 asynchronous_release_0
0.039381 -0.0250000004 -0.0113122341 -0.0331214939 asynchronous_release_0
0.045107 -0.0250000004 -0.0100850115 0.0335155567 asynchronous_release_0
0.070363 -0.0250000004 0.00990588074 -0.0335689369 asynchronous_release_1
0.036915 -0.0250000004 0.0194788904 -0.029078735 asynchronous_release_0
0.066149 -0.0250000004 0.015443478 0.0314085814 asynchronous_release_0
0.074676 -0.0250000004 0.0051173005 -0.0346238824 asynchronous_release_0
0.081975 -0.0250000004 0.0146774932 0.0317737501 asynchronous_release_0
0.064528 -0.0250000004 -0.017414548 -0.0303600645 asynchronous_release_0
0.078212 -0.0250000004 -0.0212874918 0.027782057 asynchronous_release_0
0.072947 -0.0250000004 0.0349984982 -0.000324229423 asynchronous_release_0
0.076254 -0.0250000004 0.00415561611 -0.0347524223 asynchronous_release_0
0.081294 -0.0250000004 -0.0221400577 -0.0271075238 asynchronous_release_0
0.062665 -0.0250000004 -0.034874931 -0.00295621145 asynchronous_release_3
0.074914 -0.0250000004 0.0124899092 -0.0326955986 asynchronous_release_0
0.070616 -0.0250000004 -0.0349478851 -0.00190927455 asynchronous_release_0
0.035691 -0.0250000004 -0.0280035642 -0.0209952469 asynchronous_release_0
0.028231 -0.0250000004 0.011237323 0.0331469844 asynchronous_release_0
0.055651 -0.0250000004 -0.011237323 -0.0331469844 asynchronous_release_0
0.082271 -0.0250000004 0.023087469 -0.0263052994 asynchronous_release_0
0.069555 -0.0250000004 -0.000266117559 0.000963940582 asynchronous_release_3
0.08287 -0.0250000004 0.0232804645 0.0261346508 asynchronous_release_0
0.066306 -0.0250000004 -0.0342697711 0.00711215769 asynchronous_release_0
0.016429 -0.0250000004 0.034902105 -0.00261592521 asynchronous_release_0
0.044141 -0.0250000004 0.0025021884 0.0349104433 asynchronous_release_0
0.074127 -0.0250000004 0.0346838805 -0.00469344562 asynchronous_release_0
0.050275 -0.0250000004 0.0349776814 -0.00124972215 asynchronous_release_0
0.086768 -0.0250000004 -0.0281884667 -0.0207463333 asynchronous_release_0
0.033576 -0.0250000004 -0.0346772186 -0.00474241573 asynchronous_release_1
0.02091 -0.0250000004 -0.000584819458 -0.000811163487 asynchronous_release_0
0.08217 -0.0250000004 -0.00303973475 0.0348677503 asynchronous_release_0
0.072122 -0.0250000004 0.0292260316 -0.0192571825 asynchronous_release_0
0.019419 -0.0250000004 0.000706505164 0.000707707887 asynchronous_release_0
0.084054 -0.0250000004 -0.00460778897 -0.034695364 asynchronous_release_0
0.016582 -0.0250000004 0.0267219308 -0.0226039469 asynchronous_release_0
0.077744 -0.0250000004 0.0219438933 0.0272665647 asynchronous_release_0
0.064717 -0.0250000004 0.0323906278 0.0132607401 asynchronous_release_0
0.079787 -0.0250000004 0.0343869965 0.00652184561 asynchronous_release_0
0.07998 -0.0250000004 -0.000798229367 -0.0349908964 asynchronous_release_0
0.059954 -0.0250000004 0.0345836016 0.00538279679 asynchronous_release_0
0.048089 -0.0250000004 0.0331725793 -0.0111615402 asynchronous_release_0
0.085454 -0.0250000004 -0.000874926787 -0.00048425522 asynchronous_release_0
0.076167 -0.0250000004 -0.0312414815 -0.0157787779 asynchronous_release_0
0.077026 -0.0250000004 0.00153791198 -0.0349661955 asynchronous_release_0
0.08728 -0.0250000004 -0.0110135679 -0.0332220006 asynchronous_release_0
0.067542 -0.0250000004 0.020631248 0.0282728068 asynchronous_release_0
0.078131 -0.0250000004 0.000807794481 -0.000589464228 asynchronous_release_0
0.056495 -0.0250000004 -0.030074478 0.0179032336 asynchronous_release_0
0.019335 -0.0250000004 -0.00605067359 -0.0344730235 asynchronous_release_0
0.024437 -0.0250000004 0.0251328487 -0.0243585697 asynchronous_release_0
0.088066 -0.0250000004 -0.019654309 0.0289604582 asynchronous_release_0
0.081395 -0.0250000004 -0.00617657532 0.0344506882 asynchronous_release_0
0.010969 -0.0250000004 -0.00315575058 -0.0348574416 asynchronous_release_4
0.018031 -0.0250000004 -0.0183144303 -0.0298258553 asynchronous_release_0
0.061632 -0.0250000004 -0.00567005738 -0.0345376671 asynchronous_release_0
0.065371 -0.0250000004 -0.0286183656 -0.0201491724 asynchronous_release_0
0.038134 -0.0250000004 -0.0340445519 -0.00812209877 asynchronous_release_0
0.074702 -0.0250000004 0.0337643144 -0.00921797569 asynchronous_release_0
0.070732 -0.0250000004 0.0349398695 -0.00205073697 asynchronous_release_0
0.062892 -0.0250000004 -2.32813392e-05 -0.000999728953 asynchronous_release_1
0.082949 -0.0250000004 0.025937245 0.0235001983 asynchronous_release_0
0.089809 -0.0250000004 -0.0268123303 -0.022496643 asynchronous_release_0
0.089738 -0.0250000004 0.000999553017 -2.98959184e-05 asynchronous_release_0
0.089081 -0.0250000004 -0.0191112896 -0.0293216406 asynchronous_release_0
0.073038 -0.0250000004 0.0198289236 -0.0288411822 asynchronous_release_0
0.05928 -0.0250000004 0.0344923766 -0.00593935675 asynchronous_release_0
0.057366 -0.0250000004 -0.0192901229 0.0292043003 asynchronous_release_1
0.034983 -0.0250000004 -0.00401642727 0.0347687836 asynchronous_release_0
0.078461 -0.0250000004 0.0286621589 0.0200868277 asynchronous_release_0
0.063745 -0.0250000004 -0.00590175673 -0.0344988299 asynchronous_release_0
0.070956 -0.0250000004 0.0154844685 -0.0313883933 asynchronous_release_4
0.037263 -0.0250000004 -0.0227971131 0.0265573274 asynchronous_release_0
0.072265 -0.0250000004 -0.0180338825 -0.0299963178 asynchronous_release_2
0.072632 -0.0250000004 -0.0229810207 0.0263983463 asynchronous_release_0
0.061814 -0.0250000004 0.0327050921 0.0124650292 asynchronous_release_0
0.067595 -0.0250000004 0.0331010575 0.0113718949 asynchronous_release_3
0.083945 -0.0250000004 0.0348606449 -0.00312016601 asynchronous_release_0
0.070714 -0.0250000004 0.0277306278 0.021354444 asynchronous_release_0
0.082342 -0.0250000004 -0.00107074463 0.0349836177 asynchronous_release_0
0.029286 -0.0250000004 0.010308475 -0.0334475013 asynchronous_release_0
0.077939 -0.0250000004 -0.0349628586 0.0016119914 asynchronous_release_0
0.064587 -0.0250000004 -0.0332017258 -0.0110745385 asynchronous_release_0
0.070208 -0.0250000004 -0.000973611811 0.00022821052 asynchronous_release_0
0.004549 -0.0250000004 0.00593449687 0.0344932131 asynchronous_release_0
0.048285 -0.0250000004 0.0348584938 -0.00314410726 asynchronous_release_0
0.07515 -0.0250000004 -0.0349745517 0.00133444212 asynchronous_release_0
0.011005 -0.0250000004 0.00279348963 0.0348883421 asynchronous_release_0
0.021114 -0.0250000004 -0.0193178163 0.0291859893 asynchronous_release_0
0.064111 -0.0250000004 -0.0349347163 -0.00213672502 asynchronous_release_0
0.078161 -0.0250000004 -0.0474217162 -0.0514896187 asynchronous_release_0
0.072918 -0.0250000004 -0.0202275288 -0.0285630369 asynchronous_release_0
0.076284 -0.0250000004 -0.00779366204 -0.0341212373 asynchronous_release_0
0.085754 -0.0250000004 -0.00195946299 0.034945107 asynchronous_release_0
0.087858 -0.0250000004 0.00099733161 7.30045149e-05 asynchronous_release_0
0.064418 -0.0250000004 -0.000984004445 -0.000178143911 asynchronous_release_0
0.005715 -0.0250000004 0.0334279505 0.0103716983 asynchronous_release_2
0.066903 -0.0250000004 0.0273576638 -0.0218302138 asynchronous_release_1
0.07417 -0.0250000004 0.000646965713 -0.000762519093 asynchronous_release_3
0.086017 -0.0250000004 0.0301134152 -0.0178376632 asynchronous_release_0
0.013104 -0.0250000004 0.0348417891 0.00332411413 asynchronous_release_0
0.025009 -0.0250000004 -0.0271102877 -0.0221366732 asynchronous_release_0
0.056727 -0.0250000004 -0.000786781654 0.000617231423 asynchronous_release_0
0.028702 -0.0250000004 -0.0141990019 -0.0319904415 asynchronous_release_0
0.05095 -0.0250000004 -0.0345059063 -0.00586024149 asynchronous_release_0
0.046813 -0.0250000004 0.0333050393 -0.0107598495 asynchronous_release_1
0.084438 -0.0250000004 0.0349964937 0.000495406893 asynchronous_release_0
0.045666 -0.0250000004 -0.0141894947 0.0319946596 asynchronous_release_0
0.070334 -0.0250000004 0.0348029353 -0.00370886691 asynchronous_release_0
0.088711 -0.0250000004 0.0206799335 0.0282372157 asynchronous_release_0
0.062702 -0.0250000004 0.000862742315 -0.000505643845 asynchronous_release_2
0.076671 -0.0250000004 -0.00151266681 0.0349672967 asynchronous_release_0
0.00419 -0.0250000004 0.0342696629 -0.00711267894 asynchronous_release_4
0.027009 -0.0250000004 0.0343508034 0.00670986615 asynchronous_release_0
0.068757 -0.0250000004 0.0341880037 -0.00749535889 asynchronous_release_0
0.072115 -0.0250000004 0.0249141374 0.0245822244 asynchronous_release_4
0.062399 -0.0250000004 -0.000800421843 -0.00059943713 asynchronous_release_0
0.069891 -0.0250000004 -0.0288059135 -0.0198801245 asynchronous_release_0
0.084907 -0.0250000004 0.0131004655 -0.0324557823 asynchronous_release_0
0.06807 -0.0250000004 -0.00814180956 -0.0340398434 asynchronous_release_0
0.082734 -0.0250000004 -0.0285206729 0.0202872181 asynchronous_release_0
0.08199 -0.0250000004 0.0248724388 0.0246244145 asynchronous_release_0
0.015205 -0.0250000004 0.0168980794 0.0306505287 asynchronous_release_0
0.065494 -0.0250000004 0.0238244613 0.0256397162 asynchronous_release_2
0.027483 -0.0250000004 0.0326389077 -0.0126373139 asynchronous_release_0
0.070223 -0.0250000004 -0.00197865461 0.0349440256 asynchronous_release_0
0.004255 -0.0250000004 -0.00584805693 0.0345079734 asynchronous_release_1
0.071882 -0.0250000004 -0.0274661988 -0.0216934996 asynchronous_release_0
0.023142 -0.0250000004 0.0340876902 0.00793910431 asynchronous_release_0
0.055417 -0.0250000004 -0.0349846761 0.00103558456 asynchronous_release_0
0.018935 -0.0250000004 0.0209897679 -0.0280076712 asynchronous_release_0
0.079843 -0.0250000004 -0.0303601619 -0.0174143782 asynchronous_release_0
0.072189 -0.0250000004 0.000426446262 -0.0009045129 asynchronous_release_0
0.043772 -0.0250000004 -0.000688969244 0.000724790577 asynchronous_release_0
0.032061 -0.0250000004 0.00726008907 -0.0342387369 asynchronous_release_0
0.063767 -0.0250000004 -0.000395106298 -0.000918635408 asynchronous_release_0
0.079098 -0.0250000004 -0.0140487977 0.0320566886 asynchronous_release_0
0.054575 -0.0250000004 0.00361259428 -0.0348130602 asynchronous_release_0
0.029155 -0.0250000004 -0.034728512 0.00435091411 asynchronous_release_0
0.081253 -0.0250000004 0.00734795893 0.0342199868 asynchronous_release_0
0.073749 -0.0250000004 -0.0215418417 -0.0275853051 asynchronous_release_0
0.079958 -0.0250000004 -0.0292112198 -0.0192796431 asynchronous_release_3
0.077182 -0.0250000004 5.04878969e-05 -0.000998724673 asynchronous_release_0
0.059299 -0.0250000004 0.0293253595 -0.0191055827 asynchronous_release_0
0.089466 -0.0250000004 0.028313344 -0.0205755815 asynchronous_release_0
0.007973 -0.0250000004 0.0277926403 0.0212736726 asynchronous_release_0
0.077966 -0.0250000004 0.000200985675 -0.000979594181 asynchronous_release_1
0.042404 -0.0250000004 -0.00120677833 0.0349791893 asynchronous_release_0
