0.000000 0.084199
0.000050 0.089827
0.000100 0.100477
0.000150 0.066573
0.000200 0.102924
0.000250 0.093378
0.000300 0.089829
0.000350 0.103905
0.000400 0.101577
0.000450 0.107321
0.000500 0.097906
0.000550 0.099372
0.000600 0.121892
0.000650 0.131818
0.000700 0.102432
0.000750 0.109274
0.000800 0.109655
0.000850 0.128501
0.000900 0.093625
0.000950 0.092895
0.001000 0.123230
0.001050 0.107206
0.001100 0.134621
0.001150 0.157011
0.001200 0.166327
0.001250 0.169861
0.001300 0.240856
0.001350 0.288444
0.001400 0.359675
0.001450 0.411469
0.001500 0.612627
0.001550 0.854957
0.001600 1.281847
0.001650 1.639425
0.001700 2.190504
0.001750 2.905452
0.001800 3.850495
0.001850 4.948621
0.001900 6.112741
0.001950 7.267411
0.002000 8.856650
0.002050 9.616998
0.002100 10.291819
0.002150 11.061117
0.002200 11.693816
0.002250 11.305236
0.002300 11.117191
0.002350 10.307813
0.002400 9.276203
0.002450 8.264547
0.002500 7.208752
0.002550 6.216770
0.002600 5.364866
0.002650 4.693586
0.002700 4.239291
0.002750 3.711113
0.002800 3.398263
0.002850 2.934223
0.002900 2.789994
0.002950 2.483852
0.003000 2.252775
0.003050 2.137383
0.003100 1.940625
0.003150 1.915789
0.003200 1.760043
0.003250 1.757093
0.003300 1.687604
0.003350 1.555264
0.003400 1.508196
0.003450 1.458908
0.003500 1.337286
0.003550 1.316110
0.003600 1.270409
0.003650 1.351823
0.003700 1.186157
0.003750 1.273879
0.003800 1.153195
0.003850 1.194667
0.003900 1.054672
0.003950 1.093862
0.004000 1.066563
0.004050 1.082749
0.004100 0.977275
0.004150 1.008865
0.004200 0.914373
0.004250 1.007323
0.004300 1.022303
0.004350 0.894621
0.004400 0.923873
0.004450 0.913675
0.004500 0.900213
0.004550 0.960219
0.004600 0.834504
0.004650 0.929864
0.004700 0.969030
0.004750 0.870550
0.004800 0.882445
0.004850 0.884209
0.004900 0.826468
0.004950 0.835978
0.005000 0.782345
0.005050 0.787155
0.005100 0.814206
0.005150 0.808474
0.005200 0.745535
0.005250 0.777839
0.005300 0.801697
0.005350 0.754521
0.005400 0.745352
0.005450 0.725226
0.005500 0.788188
0.005550 0.698554
0.005600 0.751029
0.005650 0.768647
0.005700 0.719867
0.005750 0.654773
0.005800 0.711704
0.005850 0.697572
0.005900 0.701527
0.005950 0.720449
0.006000 0.716215
0.006050 0.696931
0.006100 0.759628
0.006150 0.713530
0.006200 0.705811
0.006250 0.663379
0.006300 0.704883
0.006350 0.642135
0.006400 0.643917
0.006450 0.642451
0.006500 0.604871
0.006550 0.672489
0.006600 0.617750
0.006650 0.694596
0.006700 0.623614
0.006750 0.630880
0.006800 0.654066
0.006850 0.609578
0.006900 0.640822
0.006950 0.618114
0.007000 0.643658
0.007050 0.576968
0.007100 0.571147
0.007150 0.583719
0.007200 0.655063
0.007250 0.549971
0.007300 0.621357
0.007350 0.593465
0.007400 0.664266
0.007450 0.640816
0.007500 0.621725
0.007550 0.639185
0.007600 0.565946
0.007650 0.636010
0.007700 0.573664
0.007750 0.586984
0.007800 0.536948
0.007850 0.548960
0.007900 0.578021
0.007950 0.542627
0.008000 0.587817
0.008050 0.579037
0.008100 0.570347
0.008150 0.548463
0.008200 0.574606
0.008250 0.545696
0.008300 0.538378
0.008350 0.539232
0.008400 0.608614
0.008450 0.587490
0.008500 0.523457
0.008550 0.629655
0.008600 0.560258
0.008650 0.496120
0.008700 0.535210
0.008750 0.507780
0.008800 0.596201
0.008850 0.486435
0.008900 0.477037
0.008950 0.552107
0.009000 0.517679
0.009050 0.522725
0.009100 0.496019
0.009150 0.513221
0.009200 0.574921
0.009250 0.488817
0.009300 0.521733
0.009350 0.514373
0.009400 0.475315
0.009450 0.533087
0.009500 0.503512
0.009550 0.476514
0.009600 0.523949
0.009650 0.497403
0.009700 0.501217
0.009750 0.539547
0.009800 0.532126
0.009850 0.505928
0.009900 0.504751
0.009950 0.460703
0.010000 0.479253
0.010050 0.482675
0.010100 0.473097
0.010150 0.490651
0.010200 0.461249
0.010250 0.490057
0.010300 0.476160
0.010350 0.463026
0.010400 0.493098
0.010450 0.495804
0.010500 0.509647
0.010550 0.503883
0.010600 0.444482
0.010650 0.481306
0.010700 0.478352
0.010750 0.465324
0.010800 0.416862
0.010850 0.427798
0.010900 0.428057
0.010950 0.490259
0.011000 0.493757
0.011050 0.462335
0.011100 0.459139
0.011150 0.456681
0.011200 0.452048
0.011250 0.393672
0.011300 0.437004
0.011350 0.427440
0.011400 0.389688
0.011450 0.453896
0.011500 0.429421
0.011550 0.460871
0.011600 0.458810
0.011650 0.451670
0.011700 0.441243
0.011750 0.448005
0.011800 0.423900
0.011850 0.460034
0.011900 0.430275
0.011950 0.435751
0.012000 0.452472
0.012050 0.427382
0.012100 0.470836
0.012150 0.461966
0.012200 0.437879
0.012250 0.430061
0.012300 0.416797
0.012350 0.412135
0.012400 0.430657
0.012450 0.417985
0.012500 0.401978
0.012550 0.414084
0.012600 0.442860
0.012650 0.425828
0.012700 0.444880
0.012750 0.439656
0.012800 0.413884
0.012850 0.435614
0.012900 0.450678
0.012950 0.400208
0.013000 0.381328
0.013050 0.417062
0.013100 0.426979
0.013150 0.455295
0.013200 0.459621
0.013250 0.420437
0.013300 0.429469
0.013350 0.363093
0.013400 0.386961
0.013450 0.405495
0.013500 0.422405
0.013550 0.351711
0.013600 0.380491
0.013650 0.378967
0.013700 0.382166
0.013750 0.403128
0.013800 0.442386
0.013850 0.383996
0.013900 0.407617
0.013950 0.391513
0.014000 0.371923
0.014050 0.406045
0.014100 0.359369
0.014150 0.393763
0.014200 0.402645
0.014250 0.427407
0.014300 0.414026
0.014350 0.376654
0.014400 0.404260
0.014450 0.348688
0.014500 0.379603
0.014550 0.415273
0.014600 0.388075
0.014650 0.395635
0.014700 0.443149
0.014750 0.447093
0.014800 0.391427
0.014850 0.389183
0.014900 0.425836
0.014950 0.402306
0.015000 0.370761
0.015050 0.396027
0.015100 0.416442
0.015150 0.412786
0.015200 0.379859
0.015250 0.402345
0.015300 0.428782
0.015350 0.377598
0.015400 0.408461
0.015450 0.322489
0.015500 0.373812
0.015550 0.375758
0.015600 0.366186
0.015650 0.377604
0.015700 0.392010
0.015750 0.379736
0.015800 0.350586
0.015850 0.392116
0.015900 0.387188
0.015950 0.368814
0.016000 0.355444
0.016050 0.361310
0.016100 0.334326
0.016150 0.373228
0.016200 0.414482
0.016250 0.371070
0.016300 0.379615
0.016350 0.369253
0.016400 0.321328
0.016450 0.303364
0.016500 0.353463
0.016550 0.390777
0.016600 0.376518
0.016650 0.394230
0.016700 0.347147
0.016750 0.362173
0.016800 0.373326
0.016850 0.359264
0.016900 0.359350
0.016950 0.388712
0.017000 0.329708
0.017050 0.407702
0.017100 0.363279
0.017150 0.380419
0.017200 0.360137
0.017250 0.386421
0.017300 0.344260
0.017350 0.376586
0.017400 0.380257
0.017450 0.390991
0.017500 0.374821
0.017550 0.352911
0.017600 0.351672
0.017650 0.391518
0.017700 0.412563
0.017750 0.379347
0.017800 0.377652
0.017850 0.362368
0.017900 0.380731
0.017950 0.359677
0.018000 0.299849
0.018050 0.351773
0.018100 0.331196
0.018150 0.361802
0.018200 0.331735
0.018250 0.372087
0.018300 0.330224
0.018350 0.346190
0.018400 0.320249
0.018450 0.289315
0.018500 0.322713
0.018550 0.331859
0.018600 0.347821
0.018650 0.392737
0.018700 0.333415
0.018750 0.364259
0.018800 0.344481
0.018850 0.335155
0.018900 0.354964
0.018950 0.344936
0.019000 0.344760
0.019050 0.295330
0.019100 0.330180
0.019150 0.352658
0.019200 0.348387
0.019250 0.344493
0.019300 0.368070
0.019350 0.321238
0.019400 0.349144
0.019450 0.335950
0.019500 0.329325
0.019550 0.296017
0.019600 0.341864
0.019650 0.296678
0.019700 0.338071
0.019750 0.357231
0.019800 0.363855
0.019850 0.343487
0.019900 0.398797
0.019950 0.309345
0.020000 0.296635
0.020050 0.332093
0.020100 0.316658
0.020150 0.328602
0.020200 0.302992
0.020250 0.310506
0.020300 0.340483
0.020350 0.316847
0.020400 0.304919
0.020450 0.379025
0.020500 0.307790
0.020550 0.267778
0.020600 0.277882
0.020650 0.317890
0.020700 0.340780
0.020750 0.356784
0.020800 0.320798
0.020850 0.279974
0.020900 0.308850
0.020950 0.315694
0.021000 0.338184
0.021050 0.320342
0.021100 0.349768
0.021150 0.322606
0.021200 0.313545
0.021250 0.319775
0.021300 0.293616
0.021350 0.298536
0.021400 0.348555
0.021450 0.329283
0.021500 0.339202
0.021550 0.332792
0.021600 0.308602
0.021650 0.324190
0.021700 0.309454
0.021750 0.272834
0.021800 0.263074
0.021850 0.305388
0.021900 0.307184
0.021950 0.328810
0.022000 0.312234
0.022050 0.332248
0.022100 0.311659
0.022150 0.308263
0.022200 0.311091
0.022250 0.343391
0.022300 0.378607
0.022350 0.324923
0.022400 0.330611
0.022450 0.320153
0.022500 0.308288
0.022550 0.324836
0.022600 0.317048
0.022650 0.288794
0.022700 0.311329
0.022750 0.323541
0.022800 0.294719
0.022850 0.324347
0.022900 0.294515
0.022950 0.324763
0.023000 0.326181
0.023050 0.318845
0.023100 0.363332
0.023150 0.286554
0.023200 0.303688
0.023250 0.339588
0.023300 0.345846
0.023350 0.350754
0.023400 0.318656
0.023450 0.297176
0.023500 0.337274
0.023550 0.271914
0.023600 0.300752
0.023650 0.336424
0.023700 0.320561
0.023750 0.325555
0.023800 0.299589
0.023850 0.282555
0.023900 0.315723
0.023950 0.306873
0.024000 0.287880
0.024050 0.296738
0.024100 0.288277
0.024150 0.277357
0.024200 0.292088
0.024250 0.274362
0.024300 0.326181
0.024350 0.274877
0.024400 0.294175
0.024450 0.314585
0.024500 0.280632
0.024550 0.286336
0.024600 0.297511
0.024650 0.301357
0.024700 0.288409
0.024750 0.309123
0.024800 0.309598
0.024850 0.325028
0.024900 0.297649
0.024950 0.275617
0.025000 0.313585
0.025050 0.264445
0.025100 0.280916
0.025150 0.263730
0.025200 0.265139
0.025250 0.278713
0.025300 0.276156
0.025350 0.319316
0.025400 0.319987
0.025450 0.336483
0.025500 0.306075
0.025550 0.326187
0.025600 0.305388
0.025650 0.289618
0.025700 0.285097
0.025750 0.258889
0.025800 0.248567
0.025850 0.283263
0.025900 0.276652
0.025950 0.291854
0.026000 0.259223
0.026050 0.257735
0.026100 0.359804
0.026150 0.260730
0.026200 0.259273
0.026250 0.292535
0.026300 0.276987
0.026350 0.296737
0.026400 0.287515
0.026450 0.290441
0.026500 0.306138
0.026550 0.270330
0.026600 0.306285
0.026650 0.318423
0.026700 0.291049
0.026750 0.305339
0.026800 0.298776
0.026850 0.259368
0.026900 0.314614
0.026950 0.263258
0.027000 0.311711
0.027050 0.272097
0.027100 0.310465
0.027150 0.349055
0.027200 0.340452
0.027250 0.293590
0.027300 0.311572
0.027350 0.318154
0.027400 0.281959
0.027450 0.297275
0.027500 0.283481
0.027550 0.281765
0.027600 0.285026
0.027650 0.302164
0.027700 0.281664
0.027750 0.302206
0.027800 0.243217
0.027850 0.273757
0.027900 0.299999
0.027950 0.297271
0.028000 0.272658
0.028050 0.272650
0.028100 0.288978
0.028150 0.277202
0.028200 0.266502
0.028250 0.256886
0.028300 0.238156
0.028350 0.277272
0.028400 0.273360
0.028450 0.229536
0.028500 0.256294
0.028550 0.282630
0.028600 0.292496
0.028650 0.292664
0.028700 0.231316
0.028750 0.279096
0.028800 0.274050
0.028850 0.270720
0.028900 0.278961
0.028950 0.280873
0.029000 0.282222
0.029050 0.273692
0.029100 0.297774
0.029150 0.274684
0.029200 0.284828
0.029250 0.292102
0.029300 0.295899
0.029350 0.259739
0.029400 0.301739
0.029450 0.310921
0.029500 0.258693
0.029550 0.304479
0.029600 0.275194
0.029650 0.265370
0.029700 0.273354
0.029750 0.259334
0.029800 0.241669
0.029850 0.250235
0.029900 0.275624
0.029950 0.209348
0.030000 0.274968
0.030050 0.259654
0.030100 0.286481
0.030150 0.264525
0.030200 0.243072
0.030250 0.274242
0.030300 0.252158
0.030350 0.284084
0.030400 0.275372
0.030450 0.256864
0.030500 0.268822
0.030550 0.251470
0.030600 0.268981
0.030650 0.247289
0.030700 0.288843
0.030750 0.285639
0.030800 0.268235
0.030850 0.239629
0.030900 0.260411
0.030950 0.241001
0.031000 0.292298
0.031050 0.277918
0.031100 0.249146
0.031150 0.295122
0.031200 0.269451
0.031250 0.299377
0.031300 0.263618
0.031350 0.291122
0.031400 0.304297
0.031450 0.275331
0.031500 0.279045
0.031550 0.276463
0.031600 0.268178
0.031650 0.301704
0.031700 0.240780
0.031750 0.281970
0.031800 0.287052
0.031850 0.225812
0.031900 0.250555
0.031950 0.303581
0.032000 0.311351
0.032050 0.274865
0.032100 0.290297
0.032150 0.238831
0.032200 0.269046
0.032250 0.252250
0.032300 0.279378
0.032350 0.286550
0.032400 0.275589
0.032450 0.300333
0.032500 0.236661
0.032550 0.255505
0.032600 0.277054
0.032650 0.233308
0.032700 0.264037
0.032750 0.242433
0.032800 0.275924
0.032850 0.243116
0.032900 0.237842
0.032950 0.250370
0.033000 0.229911
0.033050 0.278875
0.033100 0.273038
0.033150 0.268508
0.033200 0.291228
0.033250 0.250120
0.033300 0.250853
0.033350 0.282991
0.033400 0.281160
0.033450 0.279326
0.033500 0.295606
0.033550 0.231996
0.033600 0.248194
0.033650 0.305584
0.033700 0.252535
0.033750 0.237787
0.033800 0.230426
0.033850 0.296262
0.033900 0.267335
0.033950 0.296765
0.034000 0.262997
0.034050 0.275461
0.034100 0.292083
0.034150 0.282107
0.034200 0.233047
0.034250 0.255807
0.034300 0.271115
0.034350 0.305759
0.034400 0.267525
0.034450 0.237409
0.034500 0.232734
0.034550 0.268180
0.034600 0.289232
0.034650 0.271516
0.034700 0.278053
0.034750 0.272791
0.034800 0.245904
0.034850 0.262182
0.034900 0.293913
0.034950 0.271185
0.035000 0.195088
0.035050 0.267494
0.035100 0.248122
0.035150 0.261760
0.035200 0.240916
0.035250 0.272232
0.035300 0.279648
0.035350 0.253824
0.035400 0.229313
0.035450 0.288483
0.035500 0.253345
0.035550 0.270751
0.035600 0.260428
0.035650 0.273628
0.035700 0.236123
0.035750 0.213501
0.035800 0.259621
0.035850 0.242755
0.035900 0.252426
0.035950 0.295262
0.036000 0.248156
0.036050 0.241290
0.036100 0.255367
0.036150 0.259371
0.036200 0.254696
0.036250 0.238390
0.036300 0.270730
0.036350 0.234048
0.036400 0.222005
0.036450 0.262477
0.036500 0.250488
0.036550 0.253094
0.036600 0.226395
0.036650 0.248035
0.036700 0.258008
0.036750 0.214298
0.036800 0.269909
0.036850 0.232763
0.036900 0.253112
0.036950 0.260228
0.037000 0.277751
0.037050 0.261217
0.037100 0.247592
0.037150 0.227964
0.037200 0.262646
0.037250 0.266140
0.037300 0.231555
0.037350 0.220023
0.037400 0.238409
0.037450 0.220873
0.037500 0.248331
0.037550 0.238303
0.037600 0.228239
0.037650 0.222663
0.037700 0.279734
0.037750 0.244804
0.037800 0.237748
0.037850 0.243554
0.037900 0.238761
0.037950 0.270433
0.038000 0.236788
0.038050 0.272356
0.038100 0.231005
0.038150 0.233807
0.038200 0.247334
0.038250 0.270876
0.038300 0.296048
0.038350 0.262186
0.038400 0.251265
0.038450 0.281115
0.038500 0.250947
0.038550 0.265441
0.038600 0.269946
0.038650 0.272924
0.038700 0.204617
0.038750 0.216753
0.038800 0.235156
0.038850 0.247410
0.038900 0.226997
0.038950 0.219769
0.039000 0.206269
0.039050 0.239641
0.039100 0.220684
0.039150 0.238506
0.039200 0.244625
0.039250 0.236623
0.039300 0.229381
0.039350 0.289883
0.039400 0.275664
0.039450 0.231374
0.039500 0.222514
0.039550 0.250848
0.039600 0.230127
0.039650 0.285555
0.039700 0.259311
0.039750 0.256851
0.039800 0.241633
0.039850 0.235139
0.039900 0.260584
0.039950 0.243728
0.040000 0.257250
0.040050 0.229924
0.040100 0.245861
0.040150 0.218445
0.040200 0.236815
0.040250 0.219793
0.040300 0.235798
0.040350 0.261562
0.040400 0.242930
0.040450 0.229092
0.040500 0.262244
0.040550 0.225690
0.040600 0.238597
0.040650 0.247485
0.040700 0.256409
0.040750 0.239257
0.040800 0.254725
0.040850 0.239987
0.040900 0.244035
0.040950 0.241541
0.041000 0.224263
0.041050 0.228297
0.041100 0.224942
0.041150 0.264426
0.041200 0.240532
0.041250 0.214902
0.041300 0.251207
0.041350 0.218095
0.041400 0.242896
0.041450 0.222970
0.041500 0.195496
0.041550 0.236982
0.041600 0.230307
0.041650 0.214437
0.041700 0.217718
0.041750 0.215162
0.041800 0.251102
0.041850 0.229352
0.041900 0.229341
0.041950 0.231013
0.042000 0.265493
0.042050 0.234423
0.042100 0.211675
0.042150 0.248773
0.042200 0.221786
0.042250 0.215010
0.042300 0.252257
0.042350 0.233671
0.042400 0.215871
0.042450 0.243061
0.042500 0.247373
0.042550 0.232959
0.042600 0.239822
0.042650 0.239880
0.042700 0.233101
0.042750 0.250269
0.042800 0.227221
0.042850 0.222113
0.042900 0.239324
0.042950 0.275518
0.043000 0.230046
0.043050 0.215450
0.043100 0.241367
0.043150 0.266513
0.043200 0.256284
0.043250 0.200990
0.043300 0.208798
0.043350 0.247016
0.043400 0.234098
0.043450 0.246368
0.043500 0.234295
0.043550 0.219567
0.043600 0.242330
0.043650 0.229340
0.043700 0.230308
0.043750 0.188358
0.043800 0.231336
0.043850 0.236710
0.043900 0.240347
0.043950 0.247519
0.044000 0.210668
0.044050 0.223086
0.044100 0.221421
0.044150 0.223289
0.044200 0.228706
0.044250 0.235916
0.044300 0.231622
0.044350 0.217548
0.044400 0.201651
0.044450 0.181253
0.044500 0.237415
0.044550 0.214381
0.044600 0.235029
0.044650 0.212837
0.044700 0.248748
0.044750 0.235502
0.044800 0.250021
0.044850 0.260101
0.044900 0.209085
0.044950 0.254201
0.045000 0.215677
0.045050 0.195067
0.045100 0.228571
0.045150 0.256765
0.045200 0.238900
0.045250 0.246346
0.045300 0.233865
0.045350 0.254941
0.045400 0.210641
0.045450 0.234447
0.045500 0.232826
0.045550 0.249442
0.045600 0.207683
0.045650 0.209661
0.045700 0.250993
0.045750 0.233839
0.045800 0.186370
0.045850 0.198418
0.045900 0.236240
0.045950 0.244748
0.046000 0.207236
0.046050 0.230456
0.046100 0.231602
0.046150 0.228134
0.046200 0.232057
0.046250 0.234143
0.046300 0.205647
0.046350 0.195621
0.046400 0.234802
0.046450 0.212732
0.046500 0.247384
0.046550 0.206658
0.046600 0.217118
0.046650 0.248162
0.046700 0.229753
0.046750 0.271191
0.046800 0.237804
0.046850 0.232452
0.046900 0.202671
0.046950 0.263977
0.047000 0.227617
0.047050 0.216577
0.047100 0.226250
0.047150 0.237844
0.047200 0.234357
0.047250 0.208157
0.047300 0.218809
0.047350 0.205797
0.047400 0.231655
0.047450 0.210097
0.047500 0.208444
0.047550 0.207740
0.047600 0.221331
0.047650 0.234013
0.047700 0.239097
0.047750 0.234639
0.047800 0.209115
0.047850 0.205547
0.047900 0.225945
0.047950 0.203209
0.048000 0.228454
0.048050 0.231654
0.048100 0.228125
0.048150 0.222659
0.048200 0.231653
0.048250 0.197207
0.048300 0.204237
0.048350 0.245171
0.048400 0.239722
0.048450 0.210008
0.048500 0.266623
0.048550 0.215523
0.048600 0.212917
0.048650 0.221019
0.048700 0.211598
0.048750 0.219718
0.048800 0.196601
0.048850 0.261435
0.048900 0.231507
0.048950 0.195609
0.049000 0.226311
0.049050 0.218811
0.049100 0.229967
0.049150 0.230335
0.049200 0.216916
0.049250 0.264590
0.049300 0.246282
0.049350 0.222980
0.049400 0.198620
0.049450 0.234578
0.049500 0.209205
0.049550 0.228397
0.049600 0.209915
0.049650 0.216229
0.049700 0.201669
0.049750 0.228899
0.049800 0.227300
0.049850 0.223702
0.049900 0.221094
0.049950 0.179480
0.050000 0.175781
0.050050 0.224177
0.050100 0.200504
0.050150 0.219934
0.050200 0.187164
0.050250 0.219688
0.050300 0.256339
0.050350 0.202381
0.050400 0.225957
0.050450 0.213245
0.050500 0.235882
0.050550 0.237336
0.050600 0.197263
0.050650 0.207773
0.050700 0.257901
0.050750 0.265507
0.050800 0.235508
0.050850 0.213566
0.050900 0.236397
0.050950 0.215437
0.051000 0.223005
0.051050 0.225487
0.051100 0.256622
0.051150 0.234602
0.051200 0.205344
0.051250 0.237562
0.051300 0.239066
0.051350 0.206652
0.051400 0.229711
0.051450 0.231209
0.051500 0.222403
0.051550 0.212541
0.051600 0.223312
0.051650 0.242388
0.051700 0.221156
0.051750 0.219548
0.051800 0.211715
0.051850 0.221507
0.051900 0.232368
0.051950 0.208942
0.052000 0.252074
0.052050 0.209888
0.052100 0.194700
0.052150 0.257770
0.052200 0.228018
0.052250 0.205504
0.052300 0.244700
0.052350 0.178162
0.052400 0.212139
0.052450 0.210515
0.052500 0.170001
0.052550 0.224053
0.052600 0.197180
0.052650 0.197636
0.052700 0.226580
0.052750 0.171128
0.052800 0.212764
0.052850 0.243940
0.052900 0.231787
0.052950 0.170841
0.053000 0.177628
0.053050 0.238598
0.053100 0.193442
0.053150 0.230088
0.053200 0.243409
0.053250 0.184281
0.053300 0.239157
0.053350 0.267489
0.053400 0.228555
0.053450 0.239803
0.053500 0.213599
0.053550 0.234491
0.053600 0.241494
0.053650 0.217372
0.053700 0.224359
0.053750 0.206619
0.053800 0.207140
0.053850 0.204430
0.053900 0.229768
0.053950 0.204418
0.054000 0.207105
0.054050 0.216293
0.054100 0.181105
0.054150 0.215197
0.054200 0.211410
0.054250 0.218474
0.054300 0.217950
0.054350 0.201106
0.054400 0.162437
0.054450 0.228303
0.054500 0.215800
0.054550 0.193436
0.054600 0.213639
0.054650 0.220771
0.054700 0.166604
0.054750 0.232850
0.054800 0.179706
0.054850 0.192298
0.054900 0.218114
0.054950 0.215402
0.055000 0.221492
0.055050 0.202254
0.055100 0.234806
0.055150 0.197896
0.055200 0.216137
0.055250 0.221157
0.055300 0.199624
0.055350 0.237866
0.055400 0.259578
0.055450 0.205870
0.055500 0.215345
0.055550 0.200383
0.055600 0.216546
0.055650 0.214930
0.055700 0.231151
0.055750 0.228445
0.055800 0.223499
0.055850 0.215187
0.055900 0.210211
0.055950 0.196263
0.056000 0.221514
0.056050 0.217662
0.056100 0.216047
0.056150 0.221173
0.056200 0.233064
0.056250 0.223594
0.056300 0.206211
0.056350 0.228263
0.056400 0.196183
0.056450 0.214869
0.056500 0.197414
0.056550 0.194630
0.056600 0.191840
0.056650 0.215126
0.056700 0.224855
0.056750 0.191443
0.056800 0.193191
0.056850 0.217705
0.056900 0.218366
0.056950 0.214470
0.057000 0.225398
0.057050 0.226078
0.057100 0.200472
0.057150 0.215984
0.057200 0.184593
0.057250 0.196669
0.057300 0.207631
0.057350 0.245027
0.057400 0.195198
0.057450 0.216540
0.057500 0.199956
0.057550 0.230562
0.057600 0.219741
0.057650 0.196199
0.057700 0.202627
0.057750 0.199825
0.057800 0.221314
0.057850 0.186118
0.057900 0.178648
0.057950 0.204800
0.058000 0.226377
0.058050 0.235229
0.058100 0.212704
0.058150 0.205254
0.058200 0.209436
0.058250 0.206634
0.058300 0.199158
0.058350 0.195168
0.058400 0.194676
0.058450 0.226944
0.058500 0.215969
0.058550 0.189731
0.058600 0.233807
0.058650 0.206383
0.058700 0.218840
0.058750 0.225450
0.058800 0.205007
0.058850 0.177445
0.058900 0.198153
0.058950 0.225995
0.059000 0.196040
0.059050 0.183740
0.059100 0.211632
0.059150 0.201708
0.059200 0.221385
0.059250 0.193673
0.059300 0.203876
0.059350 0.214106
0.059400 0.221985
0.059450 0.217985
0.059500 0.183010
0.059550 0.207548
0.059600 0.230956
0.059650 0.224574
0.059700 0.199057
0.059750 0.206965
0.059800 0.236440
0.059850 0.204892
0.059900 0.228420
0.059950 0.202808
0.060000 0.202354
0.060050 0.223536
0.060100 0.206276
0.060150 0.245562
0.060200 0.219877
0.060250 0.215837
0.060300 0.197304
0.060350 0.201678
0.060400 0.214527
0.060450 0.179009
0.060500 0.230596
0.060550 0.201108
0.060600 0.216429
0.060650 0.212365
0.060700 0.214367
0.060750 0.187191
0.060800 0.179421
0.060850 0.165543
0.060900 0.200392
0.060950 0.217028
0.061000 0.226380
0.061050 0.240644
0.061100 0.258613
0.061150 0.292539
0.061200 0.351049
0.061250 0.387635
0.061300 0.473391
0.061350 0.532341
0.061400 0.609870
0.061450 0.729408
0.061500 0.969875
0.061550 1.454863
0.061600 1.916370
0.061650 2.472780
0.061700 3.440557
0.061750 4.550345
0.061800 5.639312
0.061850 6.907938
0.061900 8.505475
0.061950 9.956815
0.062000 11.132410
0.062050 12.267340
0.062100 13.249595
0.062150 13.950543
0.062200 14.417827
0.062250 14.055103
0.062300 13.499414
0.062350 12.582912
0.062400 11.604205
0.062450 10.311851
0.062500 9.320346
0.062550 8.144886
0.062600 7.066816
0.062650 6.411242
0.062700 5.559550
0.062750 5.065016
0.062800 4.438554
0.062850 3.992990
0.062900 3.804444
0.062950 3.420136
0.063000 3.131998
0.063050 2.893644
0.063100 2.644610
0.063150 2.525168
0.063200 2.405435
0.063250 2.128427
0.063300 2.130763
0.063350 2.076039
0.063400 1.932350
0.063450 2.030886
0.063500 1.891973
0.063550 1.826503
0.063600 1.679402
0.063650 1.661898
0.063700 1.643074
0.063750 1.492774
0.063800 1.541329
0.063850 1.478809
0.063900 1.542760
0.063950 1.394378
0.064000 1.485192
0.064050 1.489040
0.064100 1.428744
0.064150 1.306672
0.064200 1.293537
0.064250 1.280369
0.064300 1.216975
0.064350 1.278367
0.064400 1.256115
0.064450 1.231229
0.064500 1.232103
0.064550 1.177421
0.064600 1.244152
0.064650 1.118230
0.064700 1.150004
0.064750 1.130010
0.064800 1.167036
0.064850 1.040598
0.064900 1.172367
0.064950 1.106839
0.065000 1.019041
0.065050 1.016971
0.065100 0.979714
0.065150 1.077986
0.065200 1.008138
0.065250 1.009958
0.065300 0.956887
0.065350 0.944241
0.065400 0.998324
0.065450 1.014540
0.065500 0.931156
0.065550 1.003708
0.065600 0.916239
0.065650 0.995447
0.065700 1.003825
0.065750 0.992481
0.065800 0.967940
0.065850 0.943342
0.065900 0.881755
0.065950 0.922987
0.066000 0.863916
0.066050 0.942198
0.066100 0.883065
0.066150 0.831741
0.066200 0.866425
0.066250 0.923729
0.066300 0.877656
0.066350 0.897878
0.066400 0.794548
0.066450 0.851914
0.066500 0.797605
0.066550 0.807109
0.066600 0.853958
0.066650 0.876900
0.066700 0.867853
0.066750 0.794657
0.066800 0.780124
0.066850 0.808374
0.066900 0.811246
0.066950 0.751144
0.067000 0.851827
0.067050 0.750093
0.067100 0.825407
0.067150 0.783961
0.067200 0.808327
0.067250 0.803135
0.067300 0.779073
0.067350 0.791353
0.067400 0.826593
0.067450 0.799811
0.067500 0.801340
0.067550 0.737976
0.067600 0.786770
0.067650 0.744954
0.067700 0.777570
0.067750 0.749238
0.067800 0.787336
0.067850 0.760334
0.067900 0.706092
0.067950 0.654450
0.068000 0.740155
0.068050 0.748415
0.068100 0.725344
0.068150 0.734958
0.068200 0.725483
0.068250 0.687301
0.068300 0.651769
0.068350 0.725599
0.068400 0.683226
0.068450 0.718850
0.068500 0.744955
0.068550 0.679193
0.068600 0.638001
0.068650 0.710761
0.068700 0.721805
0.068750 0.741129
0.068800 0.647581
0.068850 0.646155
0.068900 0.673685
0.068950 0.657115
0.069000 0.677796
0.069050 0.683320
0.069100 0.659813
0.069150 0.697151
0.069200 0.679170
0.069250 0.691642
0.069300 0.679175
0.069350 0.645861
0.069400 0.598585
0.069450 0.665187
0.069500 0.667947
0.069550 0.634521
0.069600 0.695747
0.069650 0.655343
0.069700 0.651122
0.069750 0.623160
0.069800 0.652415
0.069850 0.653773
0.069900 0.631351
0.069950 0.656481
0.070000 0.593402
0.070050 0.626926
0.070100 0.558103
0.070150 0.629533
0.070200 0.609791
0.070250 0.554857
0.070300 0.622215
0.070350 0.620725
0.070400 0.660093
0.070450 0.582515
0.070500 0.628940
0.070550 0.613336
0.070600 0.534114
0.070650 0.546634
0.070700 0.638421
0.070750 0.583139
0.070800 0.557497
0.070850 0.626807
0.070900 0.599772
0.070950 0.534340
0.071000 0.602344
0.071050 0.644896
0.071100 0.582236
0.071150 0.556468
0.071200 0.616146
0.071250 0.570426
0.071300 0.595960
0.071350 0.572996
0.071400 0.598570
0.071450 0.582728
0.071500 0.533940
0.071550 0.616794
0.071600 0.523563
0.071650 0.595047
0.071700 0.577711
0.071750 0.591931
0.071800 0.600433
0.071850 0.570127
0.071900 0.552709
0.071950 0.529495
0.072000 0.576842
0.072050 0.611310
0.072100 0.514537
0.072150 0.618279
0.072200 0.554617
0.072250 0.603611
0.072300 0.531159
0.072350 0.565709
0.072400 0.552514
0.072450 0.614692
0.072500 0.543507
0.072550 0.569459
0.072600 0.548969
0.072650 0.556063
0.072700 0.542802
0.072750 0.647450
0.072800 0.568732
0.072850 0.587538
0.072900 0.565531
0.072950 0.559539
0.073000 0.550613
0.073050 0.547517
0.073100 0.613176
0.073150 0.567706
0.073200 0.574883
0.073250 0.542493
0.073300 0.520306
0.073350 0.525966
0.073400 0.552204
0.073450 0.513816
0.073500 0.537132
0.073550 0.542832
0.073600 0.532341
0.073650 0.611743
0.073700 0.539382
0.073750 0.497870
0.073800 0.525693
0.073850 0.487063
0.073900 0.594776
0.073950 0.536948
0.074000 0.533800
0.074050 0.459510
0.074100 0.520023
0.074150 0.537623
0.074200 0.534469
0.074250 0.500103
0.074300 0.535557
0.074350 0.557691
0.074400 0.503931
0.074450 0.558833
0.074500 0.505003
0.074550 0.533125
0.074600 0.494119
0.074650 0.541687
0.074700 0.587856
0.074750 0.538374
0.074800 0.532206
0.074850 0.511046
0.074900 0.483848
0.074950 0.549596
0.075000 0.519412
0.075050 0.517706
0.075100 0.526518
0.075150 0.523316
0.075200 0.470443
0.075250 0.536439
0.075300 0.531738
0.075350 0.513456
0.075400 0.550971
0.075450 0.473801
0.075500 0.502248
0.075550 0.541336
0.075600 0.479131
0.075650 0.528839
0.075700 0.469566
0.075750 0.514780
0.075800 0.516091
0.075850 0.476419
0.075900 0.456416
0.075950 0.489574
0.076000 0.474126
0.076050 0.513440
0.076100 0.485820
0.076150 0.455098
0.076200 0.497516
0.076250 0.533914
0.076300 0.494034
0.076350 0.492276
0.076400 0.496631
0.076450 0.485695
0.076500 0.485455
0.076550 0.451511
0.076600 0.509481
0.076650 0.521545
0.076700 0.490653
0.076750 0.471989
0.076800 0.534750
0.076850 0.414612
0.076900 0.472764
0.076950 0.461730
0.077000 0.541594
0.077050 0.433490
0.077100 0.524223
0.077150 0.486981
0.077200 0.446577
0.077250 0.461751
0.077300 0.487784
0.077350 0.499936
0.077400 0.462544
0.077450 0.452980
0.077500 0.463561
0.077550 0.469507
0.077600 0.497207
0.077650 0.444153
0.077700 0.490517
0.077750 0.476287
0.077800 0.494727
0.077850 0.439977
0.077900 0.483339
0.077950 0.447225
0.078000 0.456311
0.078050 0.421679
0.078100 0.516710
0.078150 0.461780
0.078200 0.463085
0.078250 0.495713
0.078300 0.490796
0.078350 0.489006
0.078400 0.474661
0.078450 0.450869
0.078500 0.458452
0.078550 0.447186
0.078600 0.473651
0.078650 0.452947
0.078700 0.498354
0.078750 0.466624
0.078800 0.437988
0.078850 0.450326
0.078900 0.491110
0.078950 0.478252
0.079000 0.433750
0.079050 0.466682
0.079100 0.485430
0.079150 0.440854
0.079200 0.456424
0.079250 0.448234
0.079300 0.522553
0.079350 0.485853
0.079400 0.439550
0.079450 0.412240
0.079500 0.454883
0.079550 0.435519
0.079600 0.447979
0.079650 0.403079
0.079700 0.488885
0.079750 0.402485
0.079800 0.443683
0.079850 0.425833
0.079900 0.444727
0.079950 0.428457
0.080000 0.460187
0.080050 0.479161
0.080100 0.448478
0.080150 0.454630
0.080200 0.431904
0.080250 0.433226
0.080300 0.444193
0.080350 0.445533
0.080400 0.459748
0.080450 0.486870
0.080500 0.433493
0.080550 0.460617
0.080600 0.429724
0.080650 0.460106
0.080700 0.435635
0.080750 0.399807
0.080800 0.459316
0.080850 0.476868
0.080900 0.436169
0.080950 0.445615
0.081000 0.464805
0.081050 0.435371
0.081100 0.425359
0.081150 0.459177
0.081200 0.455683
0.081250 0.411533
0.081300 0.437263
0.081350 0.438621
0.081400 0.430208
0.081450 0.425040
0.081500 0.428018
0.081550 0.422842
0.081600 0.455216
0.081650 0.481114
0.081700 0.453105
0.081750 0.441405
0.081800 0.429684
0.081850 0.411390
0.081900 0.440594
0.081950 0.425572
0.082000 0.461394
0.082050 0.420108
0.082100 0.436252
0.082150 0.409682
0.082200 0.425834
0.082250 0.427202
0.082300 0.390692
0.082350 0.444756
0.082400 0.391734
0.082450 0.437616
0.082500 0.414240
0.082550 0.442034
0.082600 0.446737
0.082650 0.405137
0.082700 0.418077
0.082750 0.402889
0.082800 0.450640
0.082850 0.438790
0.082900 0.375490
0.082950 0.436576
0.083000 0.379842
0.083050 0.467600
0.083100 0.390880
0.083150 0.402214
0.083200 0.421894
0.083250 0.434946
0.083300 0.414682
0.083350 0.461102
0.083400 0.455867
0.083450 0.403863
0.083500 0.411922
0.083550 0.435044
0.083600 0.409691
0.083650 0.446231
0.083700 0.404112
0.083750 0.427282
0.083800 0.391799
0.083850 0.384779
0.083900 0.413006
0.083950 0.365684
0.084000 0.345174
0.084050 0.385180
0.084100 0.389915
0.084150 0.414867
0.084200 0.402794
0.084250 0.412618
0.084300 0.410651
0.084350 0.396865
0.084400 0.411768
0.084450 0.409798
0.084500 0.406134
0.084550 0.421076
0.084600 0.395413
0.084650 0.391727
0.084700 0.388035
0.084750 0.448785
0.084800 0.443460
0.084850 0.390582
0.084900 0.376688
0.084950 0.415470
0.085000 0.376075
0.085050 0.382565
0.085100 0.387364
0.085150 0.387060
0.085200 0.405511
0.085250 0.429113
0.085300 0.353751
0.085350 0.382445
0.085400 0.465878
0.085450 0.421208
0.085500 0.408969
0.085550 0.444645
0.085600 0.403299
0.085650 0.411587
0.085700 0.401025
0.085750 0.373285
0.085800 0.409026
0.085850 0.374392
0.085900 0.394706
0.085950 0.413336
0.086000 0.394137
0.086050 0.428287
0.086100 0.379793
0.086150 0.403623
0.086200 0.444745
0.086250 0.428981
0.086300 0.390739
0.086350 0.400815
0.086400 0.417825
0.086450 0.436595
0.086500 0.389620
0.086550 0.391060
0.086600 0.371707
0.086650 0.406075
0.086700 0.391923
0.086750 0.398579
0.086800 0.431302
0.086850 0.411942
0.086900 0.350813
0.086950 0.392239
0.087000 0.400658
0.087050 0.407350
0.087100 0.415797
0.087150 0.385891
0.087200 0.371639
0.087250 0.360855
0.087300 0.383246
0.087350 0.402180
0.087400 0.363430
0.087450 0.329864
0.087500 0.334763
0.087550 0.399239
0.087600 0.427013
0.087650 0.321531
0.087700 0.393124
0.087750 0.387576
0.087800 0.417159
0.087850 0.418665
0.087900 0.326947
0.087950 0.368833
0.088000 0.435445
0.088050 0.405261
0.088100 0.375026
0.088150 0.381784
0.088200 0.383259
0.088250 0.398865
0.088300 0.366789
0.088350 0.359411
0.088400 0.364404
0.088450 0.411886
0.088500 0.393922
0.088550 0.404280
0.088600 0.370331
0.088650 0.391319
0.088700 0.403468
0.088750 0.369462
0.088800 0.431357
0.088850 0.408013
0.088900 0.397083
0.088950 0.379015
0.089000 0.392975
0.089050 0.369537
0.089100 0.379937
0.089150 0.393923
0.089200 0.365093
0.089250 0.407655
0.089300 0.382383
0.089350 0.374949
0.089400 0.383604
0.089450 0.340364
0.089500 0.418840
0.089550 0.393512
0.089600 0.414760
0.089650 0.373254
0.089700 0.369374
0.089750 0.374468
0.089800 0.334646
0.089850 0.359486
0.089900 0.328599
