0.064887 -0.0250000004 0.0305982591 0.0169925436 synchronous_release_0
0.003304 -0.0250000004 0.0307343806 -0.0167450844 synchronous_release_0
0.062175 -0.0250000004 0.00261763522 0.0349019768 synchronous_release_0
0.069363 -0.0250000004 0.0262738953 -0.023123201 synchronous_release_0
0.002374 -0.0250000004 0.0294037245 -0.0189847566 synchronous_release_0
0.004798 -0.0250000004 -0.00173941928 -0.0349567507 synchronous_release_0
0.071319 -0.0250000004 0.0311431438 0.0159719941 synchronous_release_1
0.063798 -0.0250000004 0.0194163954 0.0291205012 synchronous_release_1
0.002559 -0.0250000004 0.0337533463 0.00925805654 synchronous_release_0
0.003231 -0.0250000004 -0.0222454171 0.0270211291 synchronous_release_0
0.006214 -0.0250000004 0.0345236928 0.0057545318 synchronous_release_0
0.063458 -0.0250000004 0.034664971 0.00483112669 synchronous_release_0
0.063111 -0.0250000004 0.0263659796 -0.0230181476 synchronous_release_0
0.075639 -0.0250000004 0.0313824677 -0.0154964745 synchronous_release_1
0.003254 -0.0250000004 0.00391885416 0.0347799164 synchronous_release_0
0.006019 -0.0250000004 0.0314115438 0.0154374516 synchronous_release_0
0.063321 -0.0250000004 0.000556699118 0.000830714206 synchronous_release_0
0.067888 -0.0250000004 -0.000215924001 -0.0349993339 synchronous_release_0
0.004469 -0.0250000004 0.0142613214 -0.0319627081 synchronous_release_0
0.066102 -0.0250000004 0.0345254802 0.0057437983 synchronous_release_0
0.06242 -0.0250000004 0.00736916361 -0.0342154267 synchronous_release_1
0.06819 -0.0250000004 -0.00736916361 0.0342154267 synchronous_release_1
0.073096 -0.0250000004 -0.023337852 0.0260834175 synchronous_release_0
0.063793 -0.0250000004 -7.04990311e-05 -0.000997511848 synchronous_release_0
0.083608 -0.0250000004 -0.0145118598 0.0318497398 synchronous_release_0
0.063908 -0.0250000004 -0.0324725166 0.0130589306 synchronous_release_0
0.06929 -0.0250000004 -0.00492689267 0.0346514896 synchronous_release_0
0.066938 -0.0250000004 0.0258025674 0.0236479918 synchronous_release_0
0.062689 -0.0250000004 0.034242138 -0.00724403111 synchronous_release_1
0.066197 -0.0250000004 0.0341543579 0.00764721121 synchronous_release_0
0.067982 -0.0250000004 0.0314132708 0.0154339371 synchronous_release_1
0.068021 -0.0250000004 0.000595445913 0.000803395397 synchronous_release_1
0.003674 -0.0250000004 0.0298048977 -0.018348517 synchronous_release_0
0.063062 -0.0250000004 0.0347715015 0.00399282932 synchronous_release_0
0.062673 -0.0250000004 0.032353983 -0.0133498983 synchronous_release_0
0.062478 -0.0250000004 0.0128152022 -0.0325694733 synchronous_release_0
0.070504 -0.0250000004 -0.0346135924 0.00518644602 synchronous_release_0
0.017354 -0.0250000004 0.024917187 0.0245791333 synchronous_release_0
0.0732 -0.0250000004 -0.0337447473 0.00928935031 synchronous_release_0
0.081475 -0.0250000004 -0.000967670959 -0.000252216009 synchronous_release_0
0.002677 -0.0250000004 0.0248034583 -0.0246938951 synchronous_release_0
0.065555 -0.0250000004 -0.0248034583 0.0246938951 synchronous_release_0
0.062243 -0.0250000004 0.0347921827 0.00380841492 synchronous_release_0
0.063006 -0.0250000004 -0.0345763177 0.00542938786 synchronous_release_0
0.062545 -0.0250000004 0.028007882 0.0209894865 synchronous_release_0
0.070672 -0.0250000004 0.0333102334 0.0107437586 synchronous_release_1
0.0792 -0.0250000004 0.0203696686 -0.0284618447 synchronous_release_1
0.066865 -0.0250000004 -0.030766273 -0.0166864149 synchronous_release_0
0.071044 -0.0250000004 0.0298339957 -0.0183011666 synchronous_release_0
0.063599 -0.0250000004 -5.39763703e-05 0.000998542213 synchronous_release_0
0.002855 -0.0250000004 0.0345110108 0.00583010602 synchronous_release_0
0.002894 -0.0250000004 0.0279641413 -0.0210477267 synchronous_release_0
0.065197 -0.0250000004 0.0152032206 -0.0315255782 synchronous_release_1
0.06644 -0.0250000004 0.0349490199 -0.00188838777 synchronous_release_1
0.003044 -0.0250000004 0.00199306039 0.0349432069 synchronous_release_0
0.062455 -0.0250000004 0.0325403899 -0.0128888721 synchronous_release_1
0.003384 -0.0250000004 0.0343043708 0.00694335232 synchronous_release_1
0.062092 -0.0250000004 0.034677302 -0.00474180605 synchronous_release_0
0.070874 -0.0250000004 0.0226908575 -0.0266481704 synchronous_release_0
0.0745 -0.0250000004 0.0344234213 0.00632677382 synchronous_release_0
0.064753 -0.0250000004 -0.0332803499 0.0108359729 synchronous_release_1
0.00941 -0.0250000004 0.0339831779 -0.00837517875 synchronous_release_0
0.06353 -0.0250000004 0.0286739973 -0.0200699247 synchronous_release_0
0.064095 -0.0250000004 0.00304406596 0.0348673725 synchronous_release_0
0.016965 -0.0250000004 0.0319605896 0.0142660686 synchronous_release_0
0.024601 -0.0250000004 0.0201471906 0.0286197609 synchronous_release_0
0.004872 -0.0250000004 -0.0180837035 -0.0299663089 synchronous_release_0
0.018545 -0.0250000004 0.0180837035 0.0299663089 synchronous_release_0
0.064371 -0.0250000004 0.0349999957 1.72921856e-05 synchronous_release_0
0.077306 -0.0250000004 0.0344535103 -0.0061608139 synchronous_release_0
0.002759 -0.0250000004 0.0285037845 -0.0203109396 synchronous_release_0
0.063693 -0.0250000004 0.0318416819 0.0145295317 synchronous_release_0
0.062797 -0.0250000004 0.0347262487 -0.00436894171 synchronous_release_0
0.062814 -0.0250000004 0.0338319447 -0.00896657789 synchronous_release_0
0.077176 -0.0250000004 -0.0091506881 0.0337826125 synchronous_release_0
0.064367 -0.0250000004 0.0321774948 -0.0137698522 synchronous_release_0
0.002526 -0.0250000004 0.0349021779 -0.00261495216 synchronous_release_0
0.002728 -0.0250000004 0.0177292765 -0.030177355 synchronous_release_0
0.062694 -0.0250000004 0.0018680751 0.0349501115 synchronous_release_0
0.002611 -0.0250000004 0.0231681919 0.0262342312 synchronous_release_0
0.068249 -0.0250000004 0.0343036066 -0.00694712716 synchronous_release_0
0.066513 -0.0250000004 -0.00262829257 -0.0349011759 synchronous_release_1
0.067925 -0.0250000004 0.029032918 0.0195471142 synchronous_release_1
0.062856 -0.0250000004 0.034866914 -0.00304931295 synchronous_release_0
0.063222 -0.0250000004 0.0334486976 -0.0103045926 synchronous_release_0
0.071239 -0.0250000004 0.031761917 -0.0147030823 synchronous_release_0
0.063643 -0.0250000004 0.00094856092 0.000316594663 synchronous_release_1
0.065801 -0.0250000004 0.0275385846 0.021601536 synchronous_release_0
0.067974 -0.0250000004 0.00493818659 -0.0346498819 synchronous_release_0
0.00464 -0.0250000004 0.0120852109 0.032847339 synchronous_release_0
0.062962 -0.0250000004 -0.00561975833 -0.0345458871 synchronous_release_0
0.062821 -0.0250000004 -0.00340552486 -0.034833926 synchronous_release_1
0.002374 -0.0250000004 0.0349119791 -0.00248066895 synchronous_release_0
0.066647 -0.0250000004 0.0294004718 0.0189897935 synchronous_release_0
0.071543 -0.0250000004 -0.00594705155 0.0344910507 synchronous_release_0
0.066043 -0.0250000004 0.0347317524 0.00432497113 synchronous_release_0
0.07148 -0.0250000004 -0.0136203413 -0.0322410655 synchronous_release_0
0.012513 -0.0250000004 -0.000850627257 0.000525769217 synchronous_release_0
0.062254 -0.0250000004 0.0349842298 -0.00105055545 synchronous_release_0
0.063049 -0.0250000004 -0.0113280824 -0.0331160769 synchronous_release_1
0.062214 -0.0250000004 0.0244574976 -0.0250365895 synchronous_release_2
0.065122 -0.0250000004 0.00022954035 -0.000973299146 synchronous_release_0
0.063547 -0.0250000004 -0.0189503791 0.0294258922 synchronous_release_0
0.004277 -0.0250000004 0.0341650255 -0.00759940998 synchronous_release_0
0.063178 -0.0250000004 0.0331000975 -0.0113746889 synchronous_release_0
0.007562 -0.0250000004 -0.000362368614 -0.000932034864 synchronous_release_0
0.06443 -0.0250000004 0.027294325 0.0219093547 synchronous_release_0
0.078591 -0.0250000004 0.0257314769 -0.0237253261 synchronous_release_0
0.062733 -0.0250000004 0.000504942898 -0.00086315275 synchronous_release_0
0.069349 -0.0250000004 -0.000200095084 0.034999428 synchronous_release_0
0.003697 -0.0250000004 0.014796669 0.0317184266 synchronous_release_0
0.062314 -0.0250000004 0.03184622 -0.0145195823 synchronous_release_0
0.063445 -0.0250000004 0.032130097 -0.0138800889 synchronous_release_0
0.002672 -0.0250000004 0.00776057332 -0.0341287782 synchronous_release_0
0.010248 -0.0250000004 0.000381062999 -0.000924549074 synchronous_release_0
0.063195 -0.0250000004 0.0277299671 -0.021355302 synchronous_release_0
0.062304 -0.0250000004 0.0115170051 0.0330508486 synchronous_release_0
0.071054 -0.0250000004 -0.0233579202 0.0260654477 synchronous_release_0
0.068771 -0.0250000004 -0.000212422982 0.000977177812 synchronous_release_0
0.062661 -0.0250000004 -0.0345984175 -0.00528672935 synchronous_release_0
0.064743 -0.0250000004 0.0127207668 0.0326064732 synchronous_release_0
0.062667 -0.0250000004 0.00305439387 0.0348664693 synchronous_release_0
0.00378 -0.0250000004 -0.0226072925 0.0267191004 synchronous_release_0
0.06549 -0.0250000004 0.0118357734 0.0329380398 synchronous_release_0
0.06704 -0.0250000004 -0.0349965828 -0.000489069634 synchronous_release_0
0.064306 -0.0250000004 0.0335951284 0.00981668728 synchronous_release_1
0.062841 -0.0250000004 0.000707540522 0.000706672774 synchronous_release_0
0.004951 -0.0250000004 0.022190518 -0.0270662319 synchronous_release_0
0.066477 -0.0250000004 0.0345353034 0.00568443635 synchronous_release_0
0.017895 -0.0250000004 -0.00332268457 -0.0348419254 synchronous_release_0
0.069305 -0.0250000004 -0.0285126502 0.020298492 synchronous_release_0
0.002866 -0.0250000004 -0.0134344532 0.0323189645 synchronous_release_0
0.070419 -0.0250000004 0.0331829027 0.0111308116 synchronous_release_0
0.003864 -0.0250000004 0.026131614 -0.0232838732 synchronous_release_0
0.063388 -0.0250000004 0.00709861865 0.0342725782 synchronous_release_0
0.011895 -0.0250000004 -0.000682778095 -0.00073062581 synchronous_release_0
0.068159 -0.0250000004 0.0255719033 -0.0238972333 synchronous_release_0
0.002563 -0.0250000004 0.0349124721 0.00247372037 synchronous_release_0
0.062648 -0.0250000004 0.0267991617 -0.0543765109 synchronous_release_0
0.066404 -0.0250000004 0.00229756576 0.034924507 synchronous_release_0
0.065335 -0.0250000004 0.0597665044 0.0101471647 synchronous_release_1
0.067788 -0.0250000004 0.0349762272 0.00128977989 synchronous_release_0
0.062512 -0.0250000004 0.0240988565 0.025381984 synchronous_release_0
0.07696 -0.0250000004 0.000233692284 0.000972310607 synchronous_release_0
0.062496 -0.0250000004 0.024105471 -0.0253757023 synchronous_release_0
0.073323 -0.0250000004 0.0134938435 -0.0322942129 synchronous_release_1
0.088048 -0.0250000004 0.0349573784 0.00172675835 synchronous_release_1
0.004449 -0.0250000004 0.0303029888 0.0175136767 synchronous_release_0
0.062178 -0.0250000004 0.068694722 0.0134549312 synchronous_release_0
0.002271 -0.0250000004 0.0349431715 0.00199368064 synchronous_release_0
0.0629 -0.0250000004 0.000909104372 -0.00041656841 synchronous_release_0
0.01265 -0.0250000004 0.0289042883 0.0197368213 synchronous_release_0
0.06235 -0.0250000004 0.0214302984 0.0567075155 synchronous_release_0
0.072406 -0.0250000004 -0.0338818412 -0.00877615174 synchronous_release_1
0.076078 -0.0250000004 0.000908117119 0.000418716251 synchronous_release_1
0.062195 -0.0250000004 0.0346055564 0.00523979658 synchronous_release_0
0.005748 -0.0250000004 0.0349993257 0.000217260294 synchronous_release_0
0.070485 -0.0250000004 -0.0349993257 -0.000217260294 synchronous_release_0
0.065457 -0.0250000004 0.0316967115 -0.014843129 synchronous_release_0
0.068198 -0.0250000004 -0.0226598255 0.0266745629 synchronous_release_0
0.063772 -0.0250000004 0.0226598255 -0.0266745629 synchronous_release_1
0.006788 -0.0250000004 -0.000302829978 -0.000953044597 synchronous_release_0
0.062934 -0.0250000004 0.00222525836 -0.0349291887 synchronous_release_0
0.068477 -0.0250000004 -0.000997976821 -6.35788102e-05 synchronous_release_0
0.064013 -0.0250000004 -0.00222525836 0.0349291887 synchronous_release_1
0.068432 -0.0250000004 -0.0315741426 -0.0151021031 synchronous_release_0
0.062449 -0.0250000004 0.026913116 0.0223759734 synchronous_release_0
0.003187 -0.0250000004 0.0211534605 -0.0278842448 synchronous_release_0
0.085562 -0.0250000004 -0.0135717342 -0.0322615566 synchronous_release_0
0.062812 -0.0250000004 0.0329660287 0.0117575912 synchronous_release_0
0.07256 -0.0250000004 -0.00630064164 -0.0344282139 synchronous_release_0
0.065097 -0.0250000004 0.0339354161 0.00856665249 synchronous_release_0
0.007852 -0.0250000004 0.025352762 0.0241295972 synchronous_release_0
0.062464 -0.0250000004 0.0346324016 0.00505932418 synchronous_release_0
0.005019 -0.0250000004 0.000998114272 -6.13832196e-05 synchronous_release_0
0.064248 -0.0250000004 -0.0291795247 0.0193275797 synchronous_release_0
0.003096 -0.0250000004 0.0187686827 0.0295421149 synchronous_release_0
0.063039 -0.0250000004 0.0492916109 0.035289334 synchronous_release_0
0.064974 -0.0250000004 0.0349996248 -0.000162064824 synchronous_release_0
0.004426 -0.0250000004 0.016601841 -0.0308119924 synchronous_release_0
0.005692 -0.0250000004 0.0263833909 0.0229981887 synchronous_release_0
0.005371 -0.0250000004 0.0222505997 -0.0270168616 synchronous_release_0
0.068899 -0.0250000004 -0.000858956871 0.000512047941 synchronous_release_0
0.004667 -0.0250000004 -0.0335062556 -0.0101158705 synchronous_release_0
0.06268 -0.0250000004 0.0141330536 -0.0320196314 synchronous_release_0
0.063492 -0.0250000004 0.0257735967 -0.0236795632 synchronous_release_0
0.063783 -0.0250000004 0.000973438842 0.0002289472 synchronous_release_0
0.00282 -0.0250000004 0.0203485609 0.0284769392 synchronous_release_0
0.067599 -0.0250000004 -0.000287296822 -0.000957841603 synchronous_release_0
0.073212 -0.0250000004 -0.0254704502 -0.0240053362 synchronous_release_0
0.081494 -0.0250000004 -0.0335244561 0.0100553888 synchronous_release_0
0.014799 -0.0250000004 0.0251149325 -0.0243770417 synchronous_release_0
0.067074 -0.0250000004 0.0345829575 -0.00538693319 synchronous_release_0
0.003364 -0.0250000004 0.0305914802 -0.0170047446 synchronous_release_0
0.064048 -0.0250000004 0.0300222809 0.0179906267 synchronous_release_0
0.00479 -0.0250000004 -0.0321710347 -0.0137849384 synchronous_release_0
0.06279 -0.0250000004 0.0321710347 0.0137849384 synchronous_release_0
0.00525 -0.0250000004 0.0302537657 -0.0175985698 synchronous_release_0
0.013286 -0.0250000004 0.0333214245 0.0107089996 synchronous_release_0
0.063709 -0.0250000004 0.0592564024 -0.0127937007 synchronous_release_0
0.062658 -0.0250000004 0.0317202967 -0.0147926595 synchronous_release_0
0.073197 -0.0250000004 0.0286709673 0.020074253 synchronous_release_0
0.066693 -0.0250000004 -0.0179043189 -0.0300738319 synchronous_release_1
0.003192 -0.0250000004 8.58899519e-06 0.000999963114 synchronous_release_0
0.004548 -0.0250000004 -0.0345776734 -0.0054207472 synchronous_release_0
0.06571 -0.0250000004 0.000778136286 0.000628095471 synchronous_release_0
0.063369 -0.0250000004 0.0325053157 -0.0129770741 synchronous_release_0
0.066826 -0.0250000004 0.0286467262 0.0201088309 synchronous_release_1
0.01672 -0.0250000004 -0.00510627126 0.0346255107 synchronous_release_0
0.068273 -0.0250000004 0.0325397075 -0.0128905947 synchronous_release_0
0.062397 -0.0250000004 0.00510627126 -0.0346255107 synchronous_release_1
0.067458 -0.0250000004 0.0314620475 -0.0153342612 synchronous_release_0
0.065461 -0.0250000004 0.0071625272 0.0342592791 synchronous_release_0
0.064896 -0.0250000004 -0.0125536002 0.0326711971 synchronous_release_1
0.06596 -0.0250000004 -0.0186456655 -0.0296199115 synchronous_release_0
0.08083 -0.0250000004 0.0349744286 -0.00133766422 synchronous_release_0
0.064236 -0.0250000004 0.0170011215 -0.0581890185 synchronous_release_0
0.065757 -0.0250000004 0.000691048805 0.000722808099 synchronous_release_1
0.069903 -0.0250000004 0.0117181734 -0.0329800608 synchronous_release_0
0.064017 -0.0250000004 0.012406924 0.0327271789 synchronous_release_1
0.014547 -0.0250000004 0.015525441 -0.0313681476 synchronous_release_0
0.066547 -0.0250000004 0.0275172033 0.0216287661 synchronous_release_0
0.007658 -0.0250000004 0.0342742496 0.00709054377 synchronous_release_0
0.003249 -0.0250000004 0.0109669995 0.0332374025 synchronous_release_0
0.006322 -0.0250000004 -0.0109669995 -0.0332374025 synchronous_release_0
0.064768 -0.0250000004 0.0346537411 0.00491103091 synchronous_release_0
0.063072 -0.0250000004 0.0110164685 -0.0332210388 synchronous_release_0
0.072305 -0.0250000004 0.0232620293 0.026151061 synchronous_release_0
0.063042 -0.0250000004 0.0336320574 -0.00968941254 synchronous_release_0
0.005181 -0.0250000004 0.0347105885 -0.0044916638 synchronous_release_0
0.06882 -0.0250000004 0.0256571204 -0.0238057173 synchronous_release_0
0.073636 -0.0250000004 0.0334449161 0.0103168594 synchronous_release_1
0.062986 -0.0250000004 0.0133610337 0.0323493861 synchronous_release_0
0.002784 -0.0250000004 0.0323182257 0.0134362303 synchronous_release_0
0.002768 -0.0250000004 0.0336023641 -0.00979189101 synchronous_release_0
0.064757 -0.0250000004 0.0346171353 -0.00516274565 synchronous_release_1
0.062403 -0.0250000004 0.0165883207 -0.0308192734 synchronous_release_0
0.064511 -0.0250000004 0.0339098654 -0.0086672389 synchronous_release_0
0.062504 -0.0250000004 0.0102436373 -0.0334674154 synchronous_release_0
0.066836 -0.0250000004 0.0341054506 -0.00786245756 synchronous_release_0
0.07255 -0.0250000004 0.0279750102 0.0210332784 synchronous_release_1
0.065629 -0.0250000004 0.0343458976 -0.00673493277 synchronous_release_0
0.002709 -0.0250000004 0.000980086686 0.000198570106 synchronous_release_0
0.016346 -0.0250000004 0.0331822758 -0.0111326805 synchronous_release_0
0.066186 -0.0250000004 0.00694995372 -0.034303034 synchronous_release_0
0.003808 -0.0250000004 -0.0254349727 0.0240429234 synchronous_release_0
0.0624 -0.0250000004 0.0508699454 -0.0480858468 synchronous_release_0
0.064969 -0.0250000004 -0.0160341504 0.031111188 synchronous_release_0
0.064232 -0.0250000004 0.0322894752 0.0135051764 synchronous_release_0
0.062896 -0.0250000004 0.0346868792 -0.00467123235 synchronous_release_0
0.010023 -0.0250000004 0.0317924831 -0.0146368718 synchronous_release_0
0.062639 -0.0250000004 0.000418196338 0.00090835666 synchronous_release_0
0.083389 -0.0250000004 0.0348803462 -0.00289161675 synchronous_release_0
0.067943 -0.0250000004 0.0242783772 -0.0252103233 synchronous_release_0
0.07372 -0.0250000004 -0.00969359178 -0.0336308531 synchronous_release_0
0.062781 -0.0250000004 0.00260883823 0.0349026355 synchronous_release_0
0.075872 -0.0250000004 0.0289221499 -0.0197106379 synchronous_release_0
0.062939 -0.0250000004 0.0319151775 -0.0143673743 synchronous_release_0
0.064645 -0.0250000004 0.0231145571 -0.0262815001 synchronous_release_0
0.065329 -0.0250000004 -0.000852953029 0.0349896052 synchronous_release_0
0.073814 -0.0250000004 0.0244668771 -0.0250274235 synchronous_release_1
0.004494 -0.0250000004 -0.030090767 -0.0178758425 synchronous_release_0
0.014539 -0.0250000004 0.0305263172 -0.0171214474 synchronous_release_0
0.002935 -0.0250000004 0.0303130356 0.0174962817 synchronous_release_0
0.008107 -0.0250000004 -4.2933869e-06 -0.0349999997 synchronous_release_0
0.067047 -0.0250000004 0.000672305527 0.000740273786 synchronous_release_0
0.008694 -0.0250000004 0.0273101305 0.0218896499 synchronous_release_0
0.077029 -0.0250000004 -0.00530192768 0.0345960917 synchronous_release_1
0.008204 -0.0250000004 0.0133840155 0.0323398845 synchronous_release_0
0.008878 -0.0250000004 -0.0084009586 -0.0339768141 synchronous_release_0
0.067163 -0.0250000004 -0.0231794563 0.026224279 synchronous_release_0
0.077753 -0.0250000004 0.000198910243 -0.000980017712 synchronous_release_0
0.003242 -0.0250000004 0.0334687509 -0.0102392729 synchronous_release_1
0.065322 -0.0250000004 0.0160719147 -0.031091696 synchronous_release_1
0.062894 -0.0250000004 0.0348833013 -0.00285574665 synchronous_release_0
0.064141 -0.0250000004 -0.0274442427 -0.0217212694 synchronous_release_0
0.062974 -0.0250000004 0.0334638462 -0.0102552912 synchronous_release_0
0.072218 -0.0250000004 -0.00785058038 0.0341081865 synchronous_release_0
0.06385 -0.0250000004 0.0335296692 0.0100379921 synchronous_release_0
0.0679 -0.0250000004 0.0254579907 -0.0240185493 synchronous_release_0
0.069276 -0.0250000004 0.000792889748 0.000609365119 synchronous_release_1
0.08556 -0.0250000004 0.0349460233 -0.00194305398 synchronous_release_0
0.062499 -0.0250000004 0.0347094458 0.00450048573 synchronous_release_0
0.010492 -0.0250000004 0.000863811922 0.000503814414 synchronous_release_1
0.06261 -0.0250000004 0.0289256785 0.0197054592 synchronous_release_0
0.06901 -0.0250000004 0.0267669429 -0.0225506267 synchronous_release_0
0.008242 -0.0250000004 -0.000702325417 0.000711856031 synchronous_release_0
0.062975 -0.0250000004 -0.00042649299 -0.0349974014 synchronous_release_0
0.066433 -0.0250000004 0.0310601659 -0.0161327646 synchronous_release_0
0.007636 -0.0250000004 0.000338767236 -0.0349983605 synchronous_release_0
0.06269 -0.0250000004 0.0304464469 -0.0172630783 synchronous_release_0
0.074536 -0.0250000004 0.000272959043 -0.0349989356 synchronous_release_0
0.002822 -0.0250000004 0.034965684 0.00154949856 synchronous_release_0
0.005825 -0.0250000004 -0.00452910101 -0.0347057235 synchronous_release_0
0.063487 -0.0250000004 0.00452910101 0.0347057235 synchronous_release_0
0.063105 -0.0250000004 0.0259337252 -0.0235040825 synchronous_release_0
0.006821 -0.0250000004 0.0119895589 -0.0328823734 synchronous_release_0
0.062797 -0.0250000004 0.0344717501 -0.00605792414 synchronous_release_0
0.062591 -0.0250000004 0.0292553362 -0.019212634 synchronous_release_0
0.003786 -0.0250000004 0.0344158904 0.00636761253 synchronous_release_0
0.07079 -0.0250000004 0.0130639333 0.0324705043 synchronous_release_0
0.063443 -0.0250000004 0.00406061632 -0.0347636505 synchronous_release_0
0.06241 -0.0250000004 -0.00120836874 -0.0349791344 synchronous_release_0
0.074041 -0.0250000004 0.0348848547 -0.00283670852 synchronous_release_1
0.06296 -0.0250000004 0.0349793301 -0.00120269065 synchronous_release_0
0.014815 -0.0250000004 0.0329595447 -0.0117757554 synchronous_release_1
0.064742 -0.0250000004 0.0338872629 0.00875519331 synchronous_release_0
0.003012 -0.0250000004 -0.0307087591 0.0167920253 synchronous_release_0
0.065846 -0.0250000004 0.0139884869 0.0320830521 synchronous_release_0
0.064545 -0.0250000004 -0.0206916858 -0.0282286049 synchronous_release_0
0.06256 -0.0250000004 -0.0235811357 0.0258636819 synchronous_release_0
0.003396 -0.0250000004 0.0345810893 0.0053989129 synchronous_release_0
0.073238 -0.0250000004 -0.00570413543 0.0345320552 synchronous_release_0
0.064333 -0.0250000004 -0.0175924061 0.0302573503 synchronous_release_0
0.002864 -0.0250000004 0.0346779903 -0.00473677011 synchronous_release_0
0.007315 -0.0250000004 0.0132368319 -0.0324004056 synchronous_release_0
0.062531 -0.0250000004 0.0343215659 -0.00685785038 synchronous_release_0
0.017227 -0.0250000004 0.00239485175 -0.0349179708 synchronous_release_0
0.069525 -0.0250000004 0.000439570941 0.000898207875 synchronous_release_1
0.062522 -0.0250000004 0.0349982802 0.000346961676 synchronous_release_0
0.009071 -0.0250000004 0.0293407541 0.0190819325 synchronous_release_1
0.064789 -0.0250000004 0.0306842908 -0.0168366951 synchronous_release_1
0.014148 -0.0250000004 0.00798593028 -0.0340767504 synchronous_release_0
0.062422 -0.0250000004 0.0257484345 -0.0237069214 synchronous_release_0
0.062648 -0.0250000004 0.0183427156 -0.0298084683 synchronous_release_0
0.064671 -0.0250000004 0.0135327195 -0.0322779414 synchronous_release_0
0.067942 -0.0250000004 0.034719877 -0.00441929184 synchronous_release_0
0.064182 -0.0250000004 0.0200229818 -0.0287067971 synchronous_release_0
0.06251 -0.0250000004 0.0237336194 -0.0257238277 synchronous_release_0
0.062395 -0.0250000004 0.026135646 0.0232793472 synchronous_release_0
0.069389 -0.0250000004 0.0332283291 -0.0109944598 synchronous_release_0
0.002834 -0.0250000004 0.0244350026 -0.0250585444 synchronous_release_0
0.066867 -0.0250000004 0.0339188374 0.00863206074 synchronous_release_0
0.062775 -0.0250000004 -0.00948383479 -0.0336906052 synchronous_release_1
0.002718 -0.0250000004 -0.00849468796 -0.0339535017 synchronous_release_0
0.064194 -0.0250000004 0.025157251 -0.0243333664 synchronous_release_0
0.062683 -0.0250000004 0.0281797947 0.020758111 synchronous_release_0
0.063075 -0.0250000004 -0.000162464181 -0.000986714442 synchronous_release_0
0.067603 -0.0250000004 0.0303873997 0.0173668057 synchronous_release_2
0.062411 -0.0250000004 0.0283284992 -0.0205547107 synchronous_release_0
0.007269 -0.0250000004 0.000864187157 0.000503170505 synchronous_release_0
0.063235 -0.0250000004 0.0176109677 -0.0302465505 synchronous_release_1
0.062371 -0.0250000004 0.0346626392 -0.00484782873 synchronous_release_0
0.063463 -0.0250000004 -0.00843189992 0.0339691487 synchronous_release_0
0.063767 -0.0250000004 0.0349970067 -0.000457734003 synchronous_release_0
0.062405 -0.0250000004 0.016711522 -0.0307526427 synchronous_release_1
0.002316 -0.0250000004 0.0128003719 -0.0325753047 synchronous_release_0
0.069057 -0.0250000004 -0.0218108555 -0.0273730996 synchronous_release_1
0.062626 -0.0250000004 0.0246253303 -0.0248715321 synchronous_release_1
0.063595 -0.0250000004 -0.00692774469 0.0343075262 synchronous_release_0
0.0669 -0.0250000004 0.034571151 -0.00546219005 synchronous_release_0
0.002259 -0.0250000004 0.0205377493 0.0283407984 synchronous_release_0
0.069058 -0.0250000004 0.00562037806 0.0345457863 synchronous_release_0
0.005859 -0.0250000004 0.0181177172 0.0299457564 synchronous_release_0
0.007352 -0.0250000004 0.0327446362 -0.0123607766 synchronous_release_0
0.06289 -0.0250000004 0.00566757156 -0.0345380751 synchronous_release_1
0.007244 -0.0250000004 0.0251925479 -0.0242968214 synchronous_release_0
0.063051 -0.0250000004 -0.000651919324 0.000758288333 synchronous_release_0
0.007482 -0.0250000004 -0.00428472413 0.0347367405 synchronous_release_0
0.081614 -0.0250000004 0.0315501957 0.0151520676 synchronous_release_0
0.00272 -0.0250000004 0.0170284233 0.030578306 synchronous_release_0
0.068501 -0.0250000004 0.0179673781 -0.0300362002 synchronous_release_0
0.004553 -0.0250000004 0.0206481848 0.0282604399 synchronous_release_0
0.007498 -0.0250000004 -0.000914630644 -0.000404290472 synchronous_release_0
0.065913 -0.0250000004 -0.00469414173 0.0346837863 synchronous_release_0
0.009633 -0.0250000004 0.0334442368 0.0103190612 synchronous_release_0
0.06503 -0.0250000004 0.0256586876 -0.0238040281 synchronous_release_0
0.063243 -0.0250000004 0.0316289828 0.0149869092 synchronous_release_0
0.008462 -0.0250000004 0.0219064212 -0.0272966795 synchronous_release_0
0.062846 -0.0250000004 0.0328061536 -0.0121965685 synchronous_release_0
0.069586 -0.0250000004 -0.0280036987 -0.0209950675 synchronous_release_1
0.002574 -0.0250000004 0.000499997686 0.00086602674 synchronous_release_0
0.067894 -0.0250000004 0.0327355842 -0.0123847296 synchronous_release_0
0.002455 -0.0250000004 0.0321741255 0.013777723 synchronous_release_0
0.003457 -0.0250000004 0.00934950315 -0.0337281306 synchronous_release_0
0.064239 -0.0250000004 -0.000713170643 0.000700990466 synchronous_release_0
0.002788 -0.0250000004 0.0121622237 -0.0328189018 synchronous_release_0
0.063438 -0.0250000004 0.0327401271 0.0123727151 synchronous_release_0
0.063187 -0.0250000004 0.0287640838 -0.0199405989 synchronous_release_0
0.067906 -0.0250000004 -0.0153271467 0.031465514 synchronous_release_0
0.064049 -0.0250000004 0.0339613111 -0.00846341233 synchronous_release_0
0.063133 -0.0250000004 -0.0148245088 0.0317054244 synchronous_release_0
0.068316 -0.0250000004 0.0348699574 -0.00301431101 synchronous_release_0
0.062845 -0.0250000004 -0.0174743583 -0.0303256789 synchronous_release_0
0.00423 -0.0250000004 0.0239139908 0.025556233 synchronous_release_0
0.06417 -0.0250000004 0.0101753516 -0.03348824 synchronous_release_0
0.065154 -0.0250000004 0.014083465 0.0320414733 synchronous_release_0
0.006387 -0.0250000004 0.034553126 -0.00557507695 synchronous_release_0
0.063043 -0.0250000004 0.0221047213 0.0271363464 synchronous_release_0
0.0026 -0.0250000004 0.0348291124 0.00345440769 synchronous_release_0
0.063964 -0.0250000004 0.0347884232 -0.00384260508 synchronous_release_0
0.004115 -0.0250000004 -0.020444424 -0.0284081947 synchronous_release_0
0.068673 -0.0250000004 0.020444424 0.0284081947 synchronous_release_0
0.076326 -0.0250000004 -0.00829857051 0.0340019665 synchronous_release_0
0.003417 -0.0250000004 0.0349850219 -0.00102383891 synchronous_release_0
0.062847 -0.0250000004 0.00530761027 -0.0345952204 synchronous_release_0
0.064839 -0.0250000004 0.0100969243 -0.0335119698 synchronous_release_0
0.003591 -0.0250000004 0.0317261293 0.0147801462 synchronous_release_0
0.065324 -0.0250000004 -0.000900564892 0.000434721607 synchronous_release_1
0.062563 -0.0250000004 0.0333553859 -0.0106027464 synchronous_release_0
0.006769 -0.0250000004 -0.0323450665 -0.0133714874 synchronous_release_0
0.012014 -0.0250000004 0.000991354084 -0.00013121387 synchronous_release_1
0.009787 -0.0250000004 0.000974822143 0.00022298383 synchronous_release_0
0.065949 -0.0250000004 -0.0196997244 -0.0289295845 synchronous_release_0
0.067779 -0.0250000004 0.0196997244 0.0289295845 synchronous_release_0
0.002843 -0.0250000004 0.0274736975 -0.021684002 synchronous_release_0
0.062857 -0.0250000004 0.0325157454 0.012950919 synchronous_release_0
0.072772 -0.0250000004 -0.0346539938 -0.00490924809 synchronous_release_0
0.069122 -0.0250000004 0.0347393396 0.00426359959 synchronous_release_0
0.006226 -0.0250000004 0.0334789539 -0.0102058634 synchronous_release_0
0.012286 -0.0250000004 -0.00790093992 0.0340965563 synchronous_release_0
0.068333 -0.0250000004 0.00790093992 -0.0340965563 synchronous_release_0
0.062713 -0.0250000004 0.0343059793 -0.00693540099 synchronous_release_0
0.020056 -0.0250000004 0.0326394554 -0.0126358993 synchronous_release_0
0.063195 -0.0250000004 0.0312236459 -0.0158140423 synchronous_release_0
0.067285 -0.0250000004 0.000538591488 0.000842567035 synchronous_release_0
0.004022 -0.0250000004 0.0313519584 0.0155581073 synchronous_release_0
0.004263 -0.0250000004 0.0203739718 -0.0284587644 synchronous_release_0
0.068716 -0.0250000004 -0.0144590271 -0.0318737594 synchronous_release_2
0.021606 -0.0250000004 0.0141053484 0.0320318458 synchronous_release_0
0.002609 -0.0250000004 0.0344861451 -0.00597543267 synchronous_release_0
0.062404 -0.0250000004 0.000289293457 0.000957240459 synchronous_release_0
0.062889 -0.0250000004 0.0103267357 0.0334418679 synchronous_release_0
0.002766 -0.0250000004 0.0319041987 0.0143917375 synchronous_release_0
0.063426 -0.0250000004 -0.0145846654 -0.0318164664 synchronous_release_0
0.062829 -0.0250000004 0.0512498869 0.0323797636 synchronous_release_0
0.063263 -0.0250000004 -0.0323605393 0.0133339978 synchronous_release_0
0.064081 -0.0250000004 0.0208349133 -0.0281230579 synchronous_release_0
0.064747 -0.0250000004 0.0344728003 -0.00605194492 synchronous_release_0
0.005873 -0.0250000004 0.0293610698 -0.0190506583 synchronous_release_0
0.062218 -0.0250000004 0.00552919195 0.0345604982 synchronous_release_0
0.062877 -0.0250000004 0.0347343097 -0.00430438496 synchronous_release_0
0.063109 -0.0250000004 0.0211657751 -0.0278748985 synchronous_release_0
0.069232 -0.0250000004 0.0348042929 -0.00369610521 synchronous_release_0
0.076806 -0.0250000004 0.0142012255 -0.0319894544 synchronous_release_1
0.062633 -0.0250000004 -0.00574200404 -0.0345257786 synchronous_release_0
0.07602 -0.0250000004 0.00574200404 0.0345257786 synchronous_release_0
0.06273 -0.0250000004 0.0177511858 -0.0301644725 synchronous_release_1
0.079039 -0.0250000004 0.0270357012 -0.0222277048 synchronous_release_0
0.063746 -0.0250000004 0.0182768181 -0.0298489182 synchronous_release_0
0.071823 -0.0250000004 0.0167115124 0.0307526479 synchronous_release_0
0.063095 -0.0250000004 -0.0278119862 -0.0212483746 synchronous_release_0
0.01007 -0.0250000004 -0.0246046891 0.024891952 synchronous_release_0
0.003024 -0.0250000004 0.0296923899 -0.0185300293 synchronous_release_0
0.06781 -0.0250000004 8.33251867e-05 -0.00099652241 synchronous_release_1
0.004244 -0.0250000004 0.0345545488 0.00556625185 synchronous_release_0
0.062868 -0.0250000004 0.0160962267 0.0310791166 synchronous_release_0
0.068305 -0.0250000004 4.5709059e-05 -0.000998954795 synchronous_release_0
0.069711 -0.0250000004 -0.0191800439 -0.0292767128 synchronous_release_0
0.005107 -0.0250000004 -0.0316032699 -0.0150410549 synchronous_release_0
0.028536 -0.0250000004 0.0130466822 -0.0324774396 synchronous_release_0
0.062481 -0.0250000004 -0.0216029467 -0.027537478 synchronous_release_0
0.013144 -0.0250000004 0.00409153599 -0.0347600249 synchronous_release_0
0.062837 -0.0250000004 0.0205655717 -0.0283206155 synchronous_release_1
0.062495 -0.0250000004 0.0181610155 -0.0299195173 synchronous_release_1
0.005213 -0.0250000004 0.0324297776 0.0131647076 synchronous_release_0
0.065227 -0.0250000004 -0.0230279381 0.026357429 synchronous_release_0
0.002301 -0.0250000004 0.0344139931 0.0063778584 synchronous_release_0
0.007253 -0.0250000004 0.0301876914 -0.0177116709 synchronous_release_0
0.064972 -0.0250000004 0.0239828178 0.0254916545 synchronous_release_2
0.002993 -0.0250000004 -0.0342609932 -0.00715432337 synchronous_release_0
0.062594 -0.0250000004 0.0200736648 -0.0286713791 synchronous_release_0
0.066221 -0.0250000004 0.0325270426 0.0129225191 synchronous_release_0
0.063633 -0.0250000004 -0.0148699352 0.0316841447 synchronous_release_0
0.074653 -0.0250000004 -0.0270858548 0.022166562 synchronous_release_1
0.063742 -0.0250000004 0.0274265115 0.0217436535 synchronous_release_1
0.066268 -0.0250000004 0.0119893362 0.0328824545 synchronous_release_0
0.002761 -0.0250000004 0.00422407189 -0.0347441681 synchronous_release_1
0.077126 -0.0250000004 0.00422239282 0.0347443722 synchronous_release_1
0.063309 -0.0250000004 0.0348556213 0.00317579303 synchronous_release_0
0.068249 -0.0250000004 0.0323988301 -0.0132406877 synchronous_release_0
0.077527 -0.0250000004 0.0276661869 0.021437866 synchronous_release_0
0.066976 -0.0250000004 0.0300916805 -0.0178743046 synchronous_release_1
0.076429 -0.0250000004 0.0290680274 -0.0194948656 synchronous_release_0
0.062165 -0.0250000004 0.0604850899 -0.00406864817 synchronous_release_1
0.002647 -0.0250000004 0.0349335168 -0.0021562478 synchronous_release_0
0.063527 -0.0250000004 0.015599393 -0.0313314369 synchronous_release_0
0.003174 -0.0250000004 0.0002844948 -0.000958677583 synchronous_release_0
0.062843 -0.0250000004 0.0335537154 0.00995731799 synchronous_release_0
0.002981 -0.0250000004 0.0289901035 0.0196105558 synchronous_release_0
0.06284 -0.0250000004 -0.0320803414 0.0139947025 synchronous_release_0
0.063842 -0.0250000004 0.0341940168 -0.00746787866 synchronous_release_0
0.062613 -0.0250000004 0.0212874918 -0.027782057 synchronous_release_0
0.070753 -0.0250000004 0.000793773058 0.000608214052 synchronous_release_0
0.005807 -0.0250000004 0.000861334903 0.0349893999 synchronous_release_0
0.063925 -0.0250000004 0.0298710417 -0.0182406378 synchronous_release_0
0.00339 -0.0250000004 0.0131704253 -0.0324274559 synchronous_release_0
0.063048 -0.0250000004 0.0214977879 0.0276196509 synchronous_release_0
0.063189 -0.0250000004 0.0225936967 -0.026730598 synchronous_release_1
0.011866 -0.0250000004 0.0348786677 0.00291179257 synchronous_release_0
0.077127 -0.0250000004 0.0199610202 -0.028749916 synchronous_release_1
0.002829 -0.0250000004 0.0342884044 -0.00702177481 synchronous_release_0
0.01266 -0.0250000004 0.0232252376 0.0261837419 synchronous_release_0
0.009511 -0.0250000004 0.0336666155 0.00956864688 synchronous_release_0
0.06927 -0.0250000004 -0.0247908353 0.0247065676 synchronous_release_0
0.062244 -0.0250000004 0.0324553935 0.0131014286 synchronous_release_0
0.069872 -0.0250000004 0.0130782908 0.0324647241 synchronous_release_0
0.004415 -0.0250000004 0.00958106625 0.0336630832 synchronous_release_0
0.004978 -0.0250000004 0.0220702644 0.027164378 synchronous_release_0
0.067249 -0.0250000004 0.0226077281 -0.0267187318 synchronous_release_0
0.067293 -0.0250000004 -0.00305370709 0.0348665294 synchronous_release_0
0.078188 -0.0250000004 -0.0317221538 0.0147886768 synchronous_release_0
0.06345 -0.0250000004 -0.0345302091 -0.00571530047 synchronous_release_0
0.06355 -0.0250000004 -0.0238229292 -0.0557446683 synchronous_release_1
0.008939 -0.0250000004 0.0241778273 0.0253067712 synchronous_release_0
0.007328 -0.0250000004 0.00232334635 -0.0349228015 synchronous_release_0
0.062794 -0.0250000004 -0.0314057064 0.0154493238 synchronous_release_0
0.00258 -0.0250000004 0.0349354338 -0.00212496188 synchronous_release_1
0.08056 -0.0250000004 0.0261275822 0.0232883973 synchronous_release_1
0.00409 -0.0250000004 0.0258792422 -0.0235640579 synchronous_release_0
0.06283 -0.0250000004 0.0333466938 0.0106300522 synchronous_release_0
0.066694 -0.0250000004 -0.0258792422 0.0235640579 synchronous_release_0
0.074941 -0.0250000004 0.000976974574 -0.000213355762 synchronous_release_0
0.063435 -0.0250000004 0.0349998002 0.000118248282 synchronous_release_0
0.003288 -0.0250000004 0.034324792 0.00684168499 synchronous_release_0
0.072042 -0.0250000004 0.0323638248 0.0133260213 synchronous_release_0
0.06552 -0.0250000004 -0.0152474865 0.0315041926 synchronous_release_0
0.003425 -0.0250000004 0.00775694658 0.0341296027 synchronous_release_0
0.064161 -0.0250000004 0.0256786297 -0.0237825141 synchronous_release_1
0.072806 -0.0250000004 -0.00775694658 -0.0341296027 synchronous_release_1
0.0701 -0.0250000004 -0.0159117678 -0.0311739578 synchronous_release_1
0.002755 -0.0250000004 0.0300869856 -0.0178822061 synchronous_release_0
0.07744 -0.0250000004 0.0322616926 -0.0135714108 synchronous_release_0
0.065345 -0.0250000004 -0.000742919397 0.000669380885 synchronous_release_0
0.0045 -0.0250000004 0.0346307918 0.00507033158 synchronous_release_0
0.062685 -0.0250000004 0.0170812557 -0.0305488249 synchronous_release_0
0.075664 -0.0250000004 0.0345944518 0.00531261735 synchronous_release_1
0.003495 -0.0250000004 0.0128808931 -0.0325435492 synchronous_release_0
0.066626 -0.0250000004 0.0252269717 -0.0242610779 synchronous_release_0
0.066455 -0.0250000004 0.0329265266 0.011867765 synchronous_release_1
0.079429 -0.0250000004 0.0347852885 -0.00387087876 synchronous_release_0
0.069413 -0.0250000004 0.00860406814 0.0339259489 synchronous_release_0
0.003261 -0.0250000004 0.0344960597 0.00591792726 synchronous_release_0
0.062794 -0.0250000004 0.0121229545 0.0328334277 synchronous_release_0
0.062382 -0.0250000004 0.0245837286 0.0249126532 synchronous_release_0
0.065839 -0.0250000004 0.0338668548 -0.00883380684 synchronous_release_0
0.068461 -0.0250000004 0.0277666088 -0.021307638 synchronous_release_0
0.06511 -0.0250000004 -0.000842246041 -0.000539093318 synchronous_release_1
0.002808 -0.0250000004 -0.00390802372 -0.034781135 synchronous_release_0
0.062423 -0.0250000004 0.0283570538 0.0205152991 synchronous_release_1
0.012024 -0.0250000004 0.0319051561 -0.0143896147 synchronous_release_0
0.010503 -0.0250000004 0.0330313834 0.0115727142 synchronous_release_0
0.016723 -0.0250000004 0.000436807513 -0.000899554999 synchronous_release_0
0.066525 -0.0250000004 0.031484425 0.0152882629 synchronous_release_0
0.003153 -0.0250000004 0.0253720187 -0.0241093481 synchronous_release_0
0.06299 -0.0250000004 -0.00819329854 -0.0340274868 synchronous_release_0
0.00471 -0.0250000004 0.00974784061 -0.0336151692 synchronous_release_0
0.06304 -0.0250000004 -0.0303487389 0.0174342779 synchronous_release_0
0.002862 -0.0250000004 0.0163477655 -0.0309475454 synchronous_release_0
0.002919 -0.0250000004 0.0151166009 0.0315672042 synchronous_release_1
0.068293 -0.0250000004 0.0177520717 0.0301639512 synchronous_release_0
0.012199 -0.0250000004 0.0132772971 -0.0323838444 synchronous_release_0
0.062614 -0.0250000004 0.0245919025 0.0249045845 synchronous_release_0
0.002811 -0.0250000004 0.0272212601 -0.0220000681 synchronous_release_0
0.062506 -0.0250000004 0.0287607857 0.0199453554 synchronous_release_0
0.002947 -0.0250000004 0.032714558 -0.0124401645 synchronous_release_0
0.00305 -0.0250000004 -0.000953328609 -0.000301934701 synchronous_release_0
0.014435 -0.0250000004 0.034180095 -0.00753134142 synchronous_release_0
0.06264 -0.0250000004 0.0346468473 -0.00495943232 synchronous_release_0
0.073209 -0.0250000004 0.0348520769 -0.00321445723 synchronous_release_0
0.005348 -0.0250000004 0.0211246639 -0.027906067 synchronous_release_0
0.015249 -0.0250000004 -0.000921357974 0.000388715171 synchronous_release_0
0.067995 -0.0250000004 0.0693454817 -0.00955008747 synchronous_release_0
0.063178 -0.0250000004 0.0343736194 0.00659198692 synchronous_release_0
0.069343 -0.0250000004 -0.0179918269 0.0300215617 synchronous_release_1
0.003265 -0.0250000004 0.0181110236 -0.0299498051 synchronous_release_0
0.003219 -0.0250000004 0.00902480978 0.0338164577 synchronous_release_0
0.065493 -0.0250000004 0.0247735065 -0.0247239434 synchronous_release_1
0.003273 -0.0250000004 0.018072036 -0.0299733467 synchronous_release_0
0.010947 -0.0250000004 0.0349936977 0.000664168925 synchronous_release_0
0.076778 -0.0250000004 0.0300070062 -0.0180160923 synchronous_release_0
0.063859 -0.0250000004 0.00324602964 -0.0348491505 synchronous_release_0
0.062474 -0.0250000004 0.0253166465 -0.0241674866 synchronous_release_0
0.064603 -0.0250000004 0.000994757209 -0.000102264825 synchronous_release_0
0.00479 -0.0250000004 -0.0297394649 0.0184543823 synchronous_release_0
0.065824 -0.0250000004 -0.0272218486 -0.02199934 synchronous_release_1
0.005739 -0.0250000004 0.00911191315 -0.0337930916 synchronous_release_0
0.069687 -0.0250000004 0.0227114735 0.0266306021 synchronous_release_0
0.064299 -0.0250000004 0.0323015502 -0.0134762701 synchronous_release_0
0.005275 -0.0250000004 0.0338004762 0.0090844817 synchronous_release_0
0.075719 -0.0250000004 -0.020184736 -0.0285932935 synchronous_release_0
0.064342 -0.0250000004 0.0338176236 0.00902043969 synchronous_release_0
0.070297 -0.0250000004 0.0247207417 -0.0247767013 synchronous_release_0
0.002398 -0.0250000004 0.0326638808 0.0125726248 synchronous_release_0
0.062692 -0.0250000004 0.0272201528 -0.0220014382 synchronous_release_1
0.065659 -0.0250000004 -0.0184267061 -0.0297566212 synchronous_release_0
0.002576 -0.0250000004 0.0101590402 0.0334931919 synchronous_release_0
0.071216 -0.0250000004 0.0231536642 0.0262470538 synchronous_release_0
0.002853 -0.0250000004 0.0313882483 -0.0154847625 synchronous_release_0
0.066535 -0.0250000004 0.00412104134 0.0347565392 synchronous_release_0
0.00303 -0.0250000004 0.0346772186 0.00474241573 synchronous_release_0
0.063206 -0.0250000004 0.0122307222 -0.0327934358 synchronous_release_0
0.067685 -0.0250000004 0.0345153096 -0.00580460179 synchronous_release_0
0.004463 -0.0250000004 -0.00322157661 -0.0348514195 synchronous_release_0
0.002665 -0.0250000004 0.0343755109 0.00658211605 synchronous_release_0
0.063125 -0.0250000004 -0.0343755109 -0.00658211605 synchronous_release_0
0.065626 -0.0250000004 0.0228880352 -0.0264790077 synchronous_release_0
0.065597 -0.0250000004 0.0221853102 -0.0564164162 synchronous_release_0
0.064702 -0.0250000004 0.00410816294 -0.0347580638 synchronous_release_0
0.066719 -0.0250000004 0.0280472847 0.0209368054 synchronous_release_0
0.064657 -0.0250000004 0.033951716 -0.00850182215 synchronous_release_0
0.071874 -0.0250000004 0.00961306405 -0.0336539596 synchronous_release_0
0.009368 -0.0250000004 0.00242467177 0.0349159128 synchronous_release_0
0.071135 -0.0250000004 0.0120194679 -0.0328714525 synchronous_release_1
0.064364 -0.0250000004 0.0137758431 -0.0590358039 synchronous_release_0
0.063494 -0.0250000004 0.00353103672 0.034821427 synchronous_release_1
0.072838 -0.0250000004 -0.00151324044 0.0349672719 synchronous_release_0
0.076154 -0.0250000004 0.0286764902 0.0200663627 synchronous_release_0
0.067238 -0.0250000004 0.0317162249 -0.0148013876 synchronous_release_1
0.003113 -0.0250000004 0.028307048 -0.0205842424 synchronous_release_0
0.062656 -0.0250000004 0.0575029475 0.0191940362 synchronous_release_0
0.012969 -0.0250000004 0.0227623451 0.026587133 synchronous_release_0
0.0648 -0.0250000004 0.0344063052 -0.00641920262 synchronous_release_0
0.070267 -0.0250000004 0.0146684012 0.0317779484 synchronous_release_0
0.073811 -0.0250000004 0.0348547112 0.00318576615 synchronous_release_0
0.062778 -0.0250000004 0.0345086909 -0.00584382195 synchronous_release_0
0.064605 -0.0250000004 0.0121934472 -0.0328073139 synchronous_release_0
0.073378 -0.0250000004 -0.0121934472 0.0328073139 synchronous_release_0
0.003029 -0.0250000004 0.0236184231 -0.0258296358 synchronous_release_0
0.003573 -0.0250000004 0.0144293141 -0.0318872215 synchronous_release_0
0.065862 -0.0250000004 -0.0204004868 -0.0284397633 synchronous_release_0
0.004104 -0.0250000004 0.0336665341 -0.009568933 synchronous_release_0
0.00668 -0.0250000004 -0.0231352201 0.0262633127 synchronous_release_1
0.06578 -0.0250000004 0.00125941465 -0.0349773337 synchronous_release_0
0.063261 -0.0250000004 0.0247637515 0.024733714 synchronous_release_0
0.064593 -0.0250000004 0.0428400494 -0.0428920758 synchronous_release_1
0.066944 -0.0250000004 -0.0219034802 0.0272990394 synchronous_release_0
0.004719 -0.0250000004 -0.00762491939 -0.0341593414 synchronous_release_0
0.064515 -0.0250000004 0.0272272388 -0.0219926684 synchronous_release_0
0.077326 -0.0250000004 0.032659829 0.0125831463 synchronous_release_0
0.063312 -0.0250000004 0.0304675846 -0.0172257449 synchronous_release_1
0.062801 -0.0250000004 0.0292703128 -0.0191898094 synchronous_release_0
0.00241 -0.0250000004 0.0286116827 -0.0201586611 synchronous_release_0
0.063024 -0.0250000004 0.034410835 -0.00639487578 synchronous_release_0
0.064423 -0.0250000004 0.0303971858 0.0173496714 synchronous_release_1
0.008242 -0.0250000004 -0.0141286743 -0.032021564 synchronous_release_0
0.062452 -0.0250000004 0.0347958251 0.00377499114 synchronous_release_1
0.063722 -0.0250000004 -0.0323022993 0.0134744745 synchronous_release_0
0.062773 -0.0250000004 0.0323022993 -0.0134744745 synchronous_release_1
0.069044 -0.0250000004 0.0336602347 0.00959106878 synchronous_release_0
0.068502 -0.0250000004 0.0337038995 -0.00943648005 synchronous_release_0
0.009119 -0.0250000004 2.47011047e-05 -0.000999694881 synchronous_release_0
0.067619 -0.0250000004 0.0349949177 0.000596437503 synchronous_release_0
0.004121 -0.0250000004 -0.000697235712 -0.000716841937 synchronous_release_0
0.063895 -0.0250000004 -0.00858910046 -0.0339297414 synchronous_release_1
0.063621 -0.0250000004 -0.00612505282 -0.0344598858 synchronous_release_0
0.003801 -0.0250000004 0.0296145929 -0.0186541117 synchronous_release_0
0.005766 -0.0250000004 0.0309622311 0.0163199339 synchronous_release_0
0.06268 -0.0250000004 0.0348050451 -0.00368901507 synchronous_release_1
0.065984 -0.0250000004 -0.00820101807 0.0340256271 synchronous_release_0
0.074151 -0.0250000004 0.0276794517 -0.0214207365 synchronous_release_0
0.063961 -0.0250000004 0.0349942114 -0.000636528495 synchronous_release_0
0.065699 -0.0250000004 0.0349542694 0.00178858968 synchronous_release_0
0.072255 -0.0250000004 -0.0320779822 0.0140001093 synchronous_release_0
0.065274 -0.0250000004 0.0201022807 0.028651323 synchronous_release_0
0.008257 -0.0250000004 -0.0346673191 0.00481424848 synchronous_release_0
0.069952 -0.0250000004 -0.00071677822 -0.000697301214 synchronous_release_0
0.068707 -0.0250000004 0.0331595018 0.0112003323 synchronous_release_0
0.063736 -0.0250000004 -0.000791497408 0.000611172523 synchronous_release_0
0.071269 -0.0250000004 0.0213910383 0.0277024093 synchronous_release_0
0.016699 -0.0250000004 0.0305004512 0.0171674832 synchronous_release_0
0.064474 -0.0250000004 0.0606181533 -0.000662940806 synchronous_release_0
0.074848 -0.0250000004 -0.000999940204 1.09356872e-05 synchronous_release_0
0.009932 -0.0250000004 0.0264339146 -0.0229400994 synchronous_release_0
0.066742 -0.0250000004 0.00664975155 0.0343624912 synchronous_release_0
0.080762 -0.0250000004 0.0346656622 0.00482616437 synchronous_release_0
0.064809 -0.0250000004 -0.0126411434 -0.0326374247 synchronous_release_0
0.062875 -0.0250000004 -0.000902345703 0.0349883662 synchronous_release_0
0.002394 -0.0250000004 0.0307021199 0.0168041613 synchronous_release_0
0.005235 -0.0250000004 0.0231897958 0.0262151363 synchronous_release_0
0.006798 -0.0250000004 0.0162941198 -0.0309758238 synchronous_release_0
0.062778 -0.0250000004 0.0349729102 -0.00137679022 synchronous_release_0
0.062498 -0.0250000004 0.0348259935 -0.00348570992 synchronous_release_0
0.008714 -0.0250000004 0.000401326541 -0.034997699 synchronous_release_0
0.064622 -0.0250000004 -0.00544659058 0.0345736121 synchronous_release_0
0.0734 -0.0250000004 0.0272183311 0.0220036918 synchronous_release_0
0.002507 -0.0250000004 0.012630162 0.0326416759 synchronous_release_0
0.063192 -0.0250000004 0.0312167633 0.0158276242 synchronous_release_0
0.010978 -0.0250000004 0.0155611207 -0.0313504629 synchronous_release_0
0.067929 -0.0250000004 -0.000832901636 0.000553421056 synchronous_release_0
0.002259 -0.0250000004 0.0239499039 0.0255225802 synchronous_release_0
0.067638 -0.0250000004 -0.000939810597 -0.000341695831 synchronous_release_1
0.07564 -0.0250000004 -0.0119593541 0.0328933709 synchronous_release_1
0.010024 -0.0250000004 0.00714329603 0.0342632941 synchronous_release_0
0.063445 -0.0250000004 0.0332445311 0.0109453712 synchronous_release_0
0.020348 -0.0250000004 -0.0132292245 -0.0324035124 synchronous_release_0
0.062702 -0.0250000004 0.0224836721 0.026823208 synchronous_release_0
0.072077 -0.0250000004 -0.0224836721 -0.026823208 synchronous_release_0
0.087382 -0.0250000004 -0.0344714156 0.00605982718 synchronous_release_0
0.008725 -0.0250000004 0.030823876 0.0165797668 synchronous_release_0
0.062757 -0.0250000004 0.034995988 -0.000529929115 synchronous_release_0
0.010227 -0.0250000004 0.0248656507 0.0246312691 synchronous_release_0
0.06396 -0.0250000004 0.0337641301 -0.0092186506 synchronous_release_0
0.005678 -0.0250000004 0.0345566699 0.00555306827 synchronous_release_0
0.067506 -0.0250000004 -0.0342499766 -0.00720687864 synchronous_release_0
0.064134 -0.0250000004 0.030526319 0.0171214441 synchronous_release_0
0.063684 -0.0250000004 0.0320577858 0.0140462938 synchronous_release_1
0.062516 -0.0250000004 0.0234608543 -0.0259728381 synchronous_release_1
0.065352 -0.0250000004 -0.0292855632 0.0191665277 synchronous_release_0
0.00837 -0.0250000004 0.0346449646 0.00497256786 synchronous_release_0
0.062513 -0.0250000004 0.0348910354 0.00275964666 synchronous_release_1
0.003086 -0.0250000004 0.0346764276 0.00474819617 synchronous_release_0
0.063284 -0.0250000004 0.00079018769 0.000612864924 synchronous_release_0
0.082335 -0.0250000004 -0.020631248 -0.0282728068 synchronous_release_1
0.008719 -0.0250000004 0.0349964514 0.000498386028 synchronous_release_0
0.06317 -0.0250000004 -0.000858817799 -0.000512281162 synchronous_release_0
0.069385 -0.0250000004 -0.0179298407 0.030058623 synchronous_release_1
0.064391 -0.0250000004 0.0236986883 0.0257560123 synchronous_release_0
0.063695 -0.0250000004 0.014234185 -0.0319748022 synchronous_release_0
0.003234 -0.0250000004 0.017343557 0.0304006748 synchronous_release_0
0.028708 -0.0250000004 0.0122856974 0.0327728796 synchronous_release_1
0.067787 -0.0250000004 0.034483425 -0.00599111036 synchronous_release_0
0.065311 -0.0250000004 0.000767656195 -0.000640861893 synchronous_release_1
0.077258 -0.0250000004 -0.000991996796 0.000126263046 synchronous_release_0
0.066842 -0.0250000004 0.000876326802 -0.00048171707 synchronous_release_0
0.070528 -0.0250000004 0.00127209836 -0.0606084298 synchronous_release_0
0.076941 -0.0250000004 -0.0349922933 -0.00073444633 synchronous_release_0
0.065681 -0.0250000004 0.0321008453 -0.0139476067 synchronous_release_0
0.067592 -0.0250000004 -0.0221736071 -0.0270800877 synchronous_release_0
0.066561 -0.0250000004 0.019654309 -0.0289604582 synchronous_release_0
0.063681 -0.0250000004 -0.0135126527 0.0322863472 synchronous_release_0
0.06381 -0.0250000004 0.0313901829 -0.0154808404 synchronous_release_0
0.062731 -0.0250000004 0.00870522 0.0339001349 synchronous_release_0
0.063265 -0.0250000004 0.00333165518 -0.0348410688 synchronous_release_0
0.009755 -0.0250000004 0.0277263874 0.0213599495 synchronous_release_0
0.062625 -0.0250000004 -0.00463506525 0.0346917306 synchronous_release_0
0.080046 -0.0250000004 0.0349617512 -0.00163583497 synchronous_release_1
0.062808 -0.0250000004 0.0212022372 -0.0278471747 synchronous_release_0
0.062461 -0.0250000004 0.0301400826 0.0177925664 synchronous_release_1
0.071407 -0.0250000004 0.0321715903 0.0137836417 synchronous_release_0
0.081066 -0.0250000004 -0.00868383145 0.0339056201 synchronous_release_1
0.00223 -0.0250000004 0.0335231837 0.0100596301 synchronous_release_0
0.019975 -0.0250000004 0.00804969661 0.0340617437 synchronous_release_0
0.062838 -0.0250000004 0.0315778178 -0.015094417 synchronous_release_0
0.067361 -0.0250000004 0.0168105776 0.0306986072 synchronous_release_0
0.06281 -0.0250000004 -0.00615830425 0.034453959 synchronous_release_0
0.072215 -0.0250000004 -0.0248988434 0.0245977153 synchronous_release_0
0.063835 -0.0250000004 -0.0238336548 0.0256311705 synchronous_release_0
0.002798 -0.0250000004 0.0294847662 0.0188586469 synchronous_release_0
0.064124 -0.0250000004 0.0166727332 -0.0307736895 synchronous_release_0
0.072723 -0.0250000004 -0.00393379847 0.0347782292 synchronous_release_0
0.003171 -0.0250000004 0.0338512201 0.00889353139 synchronous_release_0
0.06314 -0.0250000004 0.0146881537 -0.0317688234 synchronous_release_0
0.062731 -0.0250000004 0.0275750968 -0.0215549074 synchronous_release_0
0.002726 -0.0250000004 0.0330497635 -0.0115201187 synchronous_release_0
0.06324 -0.0250000004 -0.0265015972 -0.0228618754 synchronous_release_0
0.064762 -0.0250000004 -0.0100640636 -0.0335218529 synchronous_release_0
0.064469 -0.0250000004 -0.0339429544 0.008536735 synchronous_release_0
0.062997 -0.0250000004 0.00082699946 -0.000562202715 synchronous_release_1
0.010109 -0.0250000004 0.0241292991 -0.0253530456 synchronous_release_0
0.063152 -0.0250000004 0.0340210312 0.00822006321 synchronous_release_0
0.062307 -0.0250000004 0.0338789263 -0.00878739736 synchronous_release_0
0.005539 -0.0250000004 -0.031773651 -0.0146777076 synchronous_release_0
0.065888 -0.0250000004 -0.0187265457 0.0295688431 synchronous_release_0
0.063013 -0.0250000004 0.033731455 -0.00933750189 synchronous_release_0
0.008935 -0.0250000004 0.0214374318 -0.0276665234 synchronous_release_0
0.062864 -0.0250000004 0.0346387797 -0.00501546988 synchronous_release_0
0.064418 -0.0250000004 0.0327455258 0.0123584198 synchronous_release_0
0.063763 -0.0250000004 0.0321722574 -0.0137820845 synchronous_release_0
0.013306 -0.0250000004 -0.030257243 -0.0175925906 synchronous_release_0
0.068329 -0.0250000004 0.000107008909 -0.0349998364 synchronous_release_0
0.031848 -0.0250000004 0.0337306431 0.00934043433 synchronous_release_0
0.064464 -0.0250000004 0.0312228937 0.0158155274 synchronous_release_0
0.07457 -0.0250000004 0.0293080954 -0.0191320554 synchronous_release_0
0.070176 -0.0250000004 0.012279461 0.0327752168 synchronous_release_0
0.065165 -0.0250000004 0.0323724936 0.0133049487 synchronous_release_0
0.063138 -0.0250000004 -0.0156939444 0.031284183 synchronous_release_0
0.070405 -0.0250000004 0.0229251929 -0.0264468435 synchronous_release_0
0.003174 -0.0250000004 -0.0349905134 0.000814846872 synchronous_release_0
0.002712 -0.0250000004 0.025350515 0.0241319578 synchronous_release_0
0.070005 -0.0250000004 0.00315116351 0.0348578566 synchronous_release_0
0.070391 -0.0250000004 -0.000607242879 0.000794516259 synchronous_release_0
0.06223 -0.0250000004 0.0343357317 -0.00678656986 synchronous_release_0
0.079119 -0.0250000004 0.00229086142 0.0349249474 synchronous_release_0
0.062686 -0.0250000004 0.0349656011 0.00155136758 synchronous_release_0
0.068951 -0.0250000004 0.00532551104 -0.0345924693 synchronous_release_0
0.065337 -0.0250000004 0.0271165312 0.0221290248 synchronous_release_0
0.066247 -0.0250000004 0.0327225632 -0.0124190925 synchronous_release_0
0.06289 -0.0250000004 0.0111311231 -0.0331827982 synchronous_release_0
0.062983 -0.0250000004 0.0345243751 -0.00575043673 synchronous_release_0
0.064745 -0.0250000004 0.0241833742 -0.0253014706 synchronous_release_0
0.007557 -0.0250000004 6.42280051e-05 -0.00099793525 synchronous_release_0
0.002365 -0.0250000004 0.0349277338 0.00224798018 synchronous_release_1
0.00307 -0.0250000004 0.0339786704 -0.00839344735 synchronous_release_0
0.062885 -0.0250000004 0.0348916582 0.00275176045 synchronous_release_0
0.064114 -0.0250000004 0.0349817081 -0.00113141306 synchronous_release_0
0.063317 -0.0250000004 0.0121025545 -0.0328409527 synchronous_release_1
0.017921 -0.0250000004 -0.000777343798 -0.000629076005 synchronous_release_0
0.068363 -0.0250000004 0.0313924025 0.0154763389 synchronous_release_0
0.064352 -0.0250000004 0.033966766 -0.00844149301 synchronous_release_0
0.063024 -0.0250000004 -0.021427174 -0.0276744686 synchronous_release_0
0.014293 -0.0250000004 0.0132532058 -0.0323937114 synchronous_release_1
0.063121 -0.0250000004 -0.01507769 -0.031585808 synchronous_release_1
0.007698 -0.0250000004 -0.014832815 0.0317015394 synchronous_release_0
0.062817 -0.0250000004 0.049703561 -0.0347067144 synchronous_release_1
0.067184 -0.0250000004 -0.000356043503 0.034998189 synchronous_release_0
0.003199 -0.0250000004 0.0322472917 0.0136055936 synchronous_release_0
0.062607 -0.0250000004 -0.0322472917 -0.0136055936 synchronous_release_0
0.065718 -0.0250000004 0.0328525203 0.0120711189 synchronous_release_0
0.064522 -0.0250000004 0.0555933076 -0.0241740387 synchronous_release_0
0.00287 -0.0250000004 0.0124095639 -0.032726178 synchronous_release_0
0.062391 -0.0250000004 0.0348649537 -0.00307164501 synchronous_release_0
0.067288 -0.0250000004 -8.77612859e-05 -0.000996141534 synchronous_release_0
0.013236 -0.0250000004 0.0284384033 0.0204023826 synchronous_release_0
0.068606 -0.0250000004 0.0230139649 0.0263696307 synchronous_release_0
0.063549 -0.0250000004 0.0179890083 0.0300232507 synchronous_release_0
0.075286 -0.0250000004 -0.0344873288 -0.00596859746 synchronous_release_0
0.002832 -0.0250000004 0.0347780872 0.00393505451 synchronous_release_0
0.072916 -0.0250000004 -0.00829807025 0.0340020886 synchronous_release_1
0.062995 -0.0250000004 4.96309752e-06 0.000999987684 synchronous_release_1
0.063452 -0.0250000004 0.0348935642 0.00272748551 synchronous_release_0
0.065917 -0.0250000004 0.0343112557 0.00690924954 synchronous_release_0
0.062224 -0.0250000004 0.0337609887 0.00923014839 synchronous_release_0
0.002817 -0.0250000004 0.0324529797 0.0131074067 synchronous_release_0
0.062658 -0.0250000004 0.000956499605 -0.000291733622 synchronous_release_0
0.006356 -0.0250000004 -0.0204121802 -0.0284313717 synchronous_release_0
0.063012 -0.0250000004 0.0144162001 -0.0318931525 synchronous_release_0
0.06466 -0.0250000004 0.00617632419 0.0344507332 synchronous_release_0
0.062394 -0.0250000004 0.0509338737 0.0328746181 synchronous_release_0
0.003077 -0.0250000004 0.0167233204 -0.0307462283 synchronous_release_0
0.065441 -0.0250000004 0.0474144302 -0.0377739568 synchronous_release_0
0.06723 -0.0250000004 0.000943806853 -0.000330497541 synchronous_release_0
0.06486 -0.0250000004 0.0287120592 0.0200154354 synchronous_release_0
0.06592 -0.0250000004 -0.0316899052 0.0148576549 synchronous_release_0
0.088659 -0.0250000004 -0.00297784596 0.0348730904 synchronous_release_0
0.067214 -0.0250000004 0.022922218 0.0264494219 synchronous_release_0
0.062671 -0.0250000004 0.0577415039 0.0184639846 synchronous_release_0
0.013866 -0.0250000004 -0.0322908617 0.013501861 synchronous_release_0
0.069632 -0.0250000004 0.0278383855 0.0212137761 synchronous_release_0
0.066877 -0.0250000004 -0.000103814637 0.000994596663 synchronous_release_0
0.004784 -0.0250000004 0.0349710792 -0.0014225392 synchronous_release_0
0.066385 -0.0250000004 0.0317034538 -0.0148287227 synchronous_release_0
0.062546 -0.0250000004 0.00938666345 0.0693677919 synchronous_release_0
0.062774 -0.0250000004 0.0344019336 -0.00644259002 synchronous_release_0
0.063982 -0.0250000004 0.0304631225 0.0172336348 synchronous_release_0
0.068536 -0.0250000004 0.000999961581 -8.76559055e-06 synchronous_release_0
0.005385 -0.0250000004 -0.000543772478 -0.00083923268 synchronous_release_0
0.007911 -0.0250000004 0.000699379547 -0.000714750481 synchronous_release_0
0.062702 -0.0250000004 0.0337069493 -0.0094255805 synchronous_release_1
0.062793 -0.0250000004 0.0343521489 0.00670297458 synchronous_release_0
0.063822 -0.0250000004 0.0113711282 0.0331013209 synchronous_release_0
0.064881 -0.0250000004 -0.0203246623 0.0284940012 synchronous_release_0
0.068553 -0.0250000004 0.0145141978 0.0318486744 synchronous_release_0
0.062418 -0.0250000004 0.000483259077 -0.0349966636 synchronous_release_0
0.064319 -0.0250000004 -0.0114916025 0.0330596895 synchronous_release_0
0.06923 -0.0250000004 -0.0228847298 -0.0264818644 synchronous_release_0
0.006007 -0.0250000004 0.00315990494 0.0348570653 synchronous_release_1
0.00989 -0.0250000004 0.0348561818 -0.00316963605 synchronous_release_0
0.063126 -0.0250000004 0.0176148878 -0.0302442677 synchronous_release_0
0.005784 -0.0250000004 0.0308320739 -0.0165645168 synchronous_release_0
0.062749 -0.0250000004 0.0188774548 0.0294727281 synchronous_release_0
0.067531 -0.0250000004 0.0160854038 -0.0310847195 synchronous_release_1
0.069975 -0.0250000004 -0.0160854038 0.0310847195 synchronous_release_1
0.062826 -0.0250000004 0.0278131402 0.0212468641 synchronous_release_0
0.002919 -0.0250000004 0.0295738945 -0.0187185674 synchronous_release_0
0.063672 -0.0250000004 0.000464356007 -0.000885648632 synchronous_release_0
0.063516 -0.0250000004 0.0132930368 -0.0323773867 synchronous_release_0
0.064403 -0.0250000004 0.0342654703 -0.00713284953 synchronous_release_1
0.068827 -0.0250000004 0.0327976791 0.0122193389 synchronous_release_0
0.062552 -0.0250000004 0.0335182249 0.01007614 synchronous_release_0
0.065584 -0.0250000004 0.0048051827 -0.0346685768 synchronous_release_0
0.068622 -0.0250000004 0.00906971387 -0.0338044419 synchronous_release_0
0.071163 -0.0250000004 0.0247406485 0.0247568236 synchronous_release_0
0.004066 -0.0250000004 0.0113487604 0.0331089963 synchronous_release_0
0.072698 -0.0250000004 0.0229988517 -0.026382813 synchronous_release_1
0.06258 -0.0250000004 0.0338458675 -0.00891387973 synchronous_release_0
0.076102 -0.0250000004 0.0117694398 -0.0329618004 synchronous_release_0
0.062466 -0.0250000004 0.0124914797 -0.0326949986 synchronous_release_0
0.063981 -0.0250000004 0.0147063701 -0.0317603948 synchronous_release_0
0.064263 -0.0250000004 0.0311700273 -0.015919466 synchronous_release_0
0.063205 -0.0250000004 0.03240771 0.0132189385 synchronous_release_0
0.063004 -0.0250000004 -0.00234539495 0.0349213276 synchronous_release_0
0.067381 -0.0250000004 -0.00279348963 -0.0348883421 synchronous_release_0
0.064499 -0.0250000004 -0.0147909717 -0.0317210838 synchronous_release_0
0.0753 -0.0250000004 0.034664156 -0.00483697092 synchronous_release_0
0.07064 -0.0250000004 -0.00887519759 0.0338560315 synchronous_release_0
0.065684 -0.0250000004 0.0157331326 0.0312644932 synchronous_release_0
0.003498 -0.0250000004 0.0338562212 -0.00887447366 synchronous_release_0
0.063597 -0.0250000004 -0.0185793472 0.0296615552 synchronous_release_1
0.062956 -0.0250000004 0.0104402299 -0.0334066101 synchronous_release_1
0.005929 -0.0250000004 0.00986961741 -0.0335796166 synchronous_release_0
0.0635 -0.0250000004 0.0341505241 0.00766431381 synchronous_release_0
0.071098 -0.0250000004 -0.0334466893 -0.0103111093 synchronous_release_0
0.08591 -0.0250000004 0.029207103 0.0192858792 synchronous_release_0
0.071792 -0.0250000004 -0.0320050272 0.0141660946 synchronous_release_1
0.003035 -0.0250000004 0.033196407 -0.0110904716 synchronous_release_1
0.073461 -0.0250000004 0.0345215663 0.00576727498 synchronous_release_1
0.016589 -0.0250000004 0.0280699261 0.0209064403 synchronous_release_0
0.075269 -0.0250000004 -0.0304832905 -0.0171979359 synchronous_release_0
0.078967 -0.0250000004 0.0190005438 0.0293935254 synchronous_release_0
0.069341 -0.0250000004 0.0349860367 -0.000988551256 synchronous_release_0
0.064014 -0.0250000004 0.0161956429 0.0310274258 synchronous_release_0
0.070932 -0.0250000004 0.0187727175 -0.029539551 synchronous_release_0
0.00431 -0.0250000004 0.0161956429 0.0310274258 synchronous_release_1
0.016005 -0.0250000004 0.0274538619 -0.0217091102 synchronous_release_1
0.065084 -0.0250000004 0.0292836189 0.0191694982 synchronous_release_0
0.068639 -0.0250000004 -0.0292836189 -0.0191694982 synchronous_release_0
0.065825 -0.0250000004 -0.00305130221 -0.03486674 synchronous_release_0
0.088904 -0.0250000004 -0.0327354057 0.0123852014 synchronous_release_1
0.066495 -0.0250000004 0.0115114216 0.0330527937 synchronous_release_0
0.06311 -0.0250000004 -0.0339551602 0.00848805618 synchronous_release_0
0.066397 -0.0250000004 -0.00294692292 -0.0348757171 synchronous_release_0
0.062611 -0.0250000004 -0.0349944643 0.000622469572 synchronous_release_0
0.072323 -0.0250000004 0.0180363066 0.0299948603 synchronous_release_0
0.063154 -0.0250000004 0.0138452414 -0.0321451286 synchronous_release_0
0.0758 -0.0250000004 0.0209158773 0.028062895 synchronous_release_0
0.063381 -0.0250000004 -0.0308445608 -0.0165412536 synchronous_release_0
0.065359 -0.0250000004 0.0343952168 -0.00647835311 synchronous_release_0
0.078493 -0.0250000004 0.0115871901 -0.0330263081 synchronous_release_0
0.002462 -0.0250000004 -0.00616319032 0.0344530853 synchronous_release_0
0.070952 -0.0250000004 0.0329188422 -0.0118890633 synchronous_release_1
0.073713 -0.0250000004 0.00623503688 -0.0344401556 synchronous_release_0
0.002094 -0.0250000004 0.017533448 0.0302915533 synchronous_release_0
0.065237 -0.0250000004 -0.017533448 -0.0302915533 synchronous_release_1
0.069074 -0.0250000004 0.0174623599 -0.0303325895 synchronous_release_0
0.067701 -0.0250000004 -0.000196370607 -0.000980529747 synchronous_release_0
0.063173 -0.0250000004 0.0329541901 -0.0117907317 synchronous_release_0
0.063656 -0.0250000004 0.00735079035 -0.0342193787 synchronous_release_0
0.069245 -0.0250000004 -0.00735079035 0.0342193787 synchronous_release_0
0.065824 -0.0250000004 0.0317658423 -0.0146945999 synchronous_release_0
0.064672 -0.0250000004 0.014893831 -0.031672919 synchronous_release_0
0.076538 -0.0250000004 -0.000814623354 -0.000579990338 synchronous_release_0
0.002669 -0.0250000004 0.00734271019 0.0342211135 synchronous_release_0
0.067607 -0.0250000004 0.0259649985 -0.0234695303 synchronous_release_1
0.063657 -0.0250000004 0.0684852858 -0.0144832881 synchronous_release_0
0.06466 -0.0250000004 0.0271102877 0.0221366732 synchronous_release_0
0.010699 -0.0250000004 0.0319251749 -0.0143451458 synchronous_release_0
0.063631 -0.0250000004 0.00353932674 -0.0348205854 synchronous_release_0
0.011021 -0.0250000004 0.0113660037 -0.0331030808 synchronous_release_0
0.002593 -0.0250000004 0.0225045391 0.0268057032 synchronous_release_0
0.067325 -0.0250000004 0.0130465016 -0.0324775122 synchronous_release_0
0.062868 -0.0250000004 0.0342983734 -0.00697291767 synchronous_release_1
0.007872 -0.0250000004 0.0343056728 -0.00693691664 synchronous_release_0
0.069604 -0.0250000004 0.0306031043 0.016983816 synchronous_release_0
0.076361 -0.0250000004 0.0254509663 -0.0240259925 synchronous_release_0
0.005687 -0.0250000004 0.0106751006 -0.0333323001 synchronous_release_0
0.01452 -0.0250000004 -0.000914012614 0.000405685768 synchronous_release_0
0.00578 -0.0250000004 0.0322340616 -0.0136369084 synchronous_release_0
0.063205 -0.0250000004 0.0344274159 0.0063050007 synchronous_release_0
0.063631 -0.0250000004 0.000966500784 -0.000256663661 synchronous_release_0
0.007501 -0.0250000004 0.0335822688 -0.00986058919 synchronous_release_0
0.062781 -0.0250000004 0.0298759059 -0.0182326697 synchronous_release_0
0.063124 -0.0250000004 0.014716382 0.031755757 synchronous_release_0
0.062212 -0.0250000004 0.0135168348 -0.0322845966 synchronous_release_0
0.06483 -0.0250000004 -0.000922417046 -0.000386195279 synchronous_release_0
0.0059 -0.0250000004 0.0291895154 -0.019312488 synchronous_release_0
0.065115 -0.0250000004 0.0170692119 0.030555556 synchronous_release_0
0.014862 -0.0250000004 0.0247045286 0.0247928672 synchronous_release_0
0.066039 -0.0250000004 0.00911898856 -0.033791183 synchronous_release_0
0.065486 -0.0250000004 0.00144516447 0.0349701516 synchronous_release_1
0.003284 -0.0250000004 0.0299881656 -0.0180474354 synchronous_release_0
0.005176 -0.0250000004 0.0306236203 0.0169467956 synchronous_release_0
0.005867 -0.0250000004 0.00177426267 -0.0349549995 synchronous_release_0
0.063428 -0.0250000004 -0.000998714272 -5.0693219e-05 synchronous_release_0
0.064369 -0.0250000004 0.0246238132 -0.024873034 synchronous_release_0
0.009025 -0.0250000004 0.0344983702 0.00590444334 synchronous_release_0
0.013636 -0.0250000004 0.000888244095 0.000459371774 synchronous_release_0
0.063871 -0.0250000004 0.0349624743 -0.00162030475 synchronous_release_0
0.002974 -0.0250000004 0.0349691047 -0.00147027857 synchronous_release_0
0.066232 -0.0250000004 0.0274208074 -0.0217508465 synchronous_release_0
0.004182 -0.0250000004 -0.012947783 -0.0325169943 synchronous_release_0
0.015899 -0.0250000004 0.0308344335 -0.0165601241 synchronous_release_0
0.064139 -0.0250000004 0.0297587049 0.0184233407 synchronous_release_0
0.063203 -0.0250000004 -0.00783889854 0.0341108732 synchronous_release_0
0.071857 -0.0250000004 -0.0303041547 0.0175116591 synchronous_release_0
0.008425 -0.0250000004 -0.000500333118 -0.000865832993 synchronous_release_1
0.003919 -0.0250000004 0.0333577767 -0.0105952223 synchronous_release_0
0.062506 -0.0250000004 0.0292166061 -0.0192714796 synchronous_release_0
0.00248 -0.0250000004 0.00436824992 -0.0347263357 synchronous_release_0
0.066687 -0.0250000004 0.0125471703 -0.032673667 synchronous_release_0
0.073435 -0.0250000004 0.0220226405 0.0272030017 synchronous_release_0
0.062655 -0.0250000004 0.0299557676 0.0181011598 synchronous_release_0
0.015421 -0.0250000004 0.000999656993 -2.61896377e-05 synchronous_release_1
0.063053 -0.0250000004 0.02426662 -0.0252216406 synchronous_release_0
0.064916 -0.0250000004 -0.0088317621 0.0338673881 synchronous_release_0
0.069593 -0.0250000004 -0.0302163845 0.0176626755 synchronous_release_1
0.071375 -0.0250000004 0.0259989228 0.0234319443 synchronous_release_1
0.004066 -0.0250000004 0.0267393198 0.0225833739 synchronous_release_0
0.071314 -0.0250000004 0.0339259975 -0.00860387674 synchronous_release_0
0.06375 -0.0250000004 0.0167459247 0.0307339227 synchronous_release_0
0.067253 -0.0250000004 0.0349893202 0.000864565145 synchronous_release_0
0.065658 -0.0250000004 0.0074514419 0.0601620812 synchronous_release_0
0.003916 -0.0250000004 -0.0349408919 0.0020332426 synchronous_release_0
0.013047 -0.0250000004 0.0157096062 -0.0312763213 synchronous_release_0
0.072466 -0.0250000004 -0.0209802996 0.0280147645 synchronous_release_0
0.063023 -0.0250000004 -0.000945755503 -0.000324879252 synchronous_release_0
0.065632 -0.0250000004 -0.0311760165 0.0159077338 synchronous_release_0
0.067964 -0.0250000004 0.0293645098 0.0190453554 synchronous_release_1
0.062861 -0.0250000004 0.0277586579 -0.021317995 synchronous_release_0
0.002942 -0.0250000004 0.0277586579 -0.021317995 synchronous_release_1
0.063372 -0.0250000004 0.0349310753 -0.00219544414 synchronous_release_0
0.062452 -0.0250000004 0.0339494527 0.00851085553 synchronous_release_0
0.07072 -0.0250000004 0.0282077001 -0.0207201751 synchronous_release_0
0.002792 -0.0250000004 0.0347077115 -0.00451384113 synchronous_release_0
0.002299 -0.0250000004 0.0271407831 -0.0220992736 synchronous_release_0
0.07115 -0.0250000004 0.0327089239 0.0124549708 synchronous_release_0
0.06758 -0.0250000004 0.024512371 0.0249828675 synchronous_release_0
0.064567 -0.0250000004 0.0323571003 0.0133423408 synchronous_release_0
0.005 -0.0250000004 0.0222798925 -0.0269927099 synchronous_release_0
0.078741 -0.0250000004 -0.0138385478 -0.0321480107 synchronous_release_0
0.064092 -0.0250000004 -0.00815109103 -0.0340376221 synchronous_release_0
0.065024 -0.0250000004 -0.0349999397 -6.49730599e-05 synchronous_release_0
0.064378 -0.0250000004 -0.0131004655 0.0324557823 synchronous_release_0
0.064022 -0.0250000004 0.0137668236 -0.0321787907 synchronous_release_0
0.066117 -0.0250000004 -0.0180956963 0.0299590683 synchronous_release_1
0.063194 -0.0250000004 -0.0254084643 0.0240709356 synchronous_release_0
0.063013 -0.0250000004 -0.0219031336 0.0272993175 synchronous_release_0
0.06268 -0.0250000004 0.0318295827 0.0145560182 synchronous_release_0
0.002873 -0.0250000004 0.0296564955 0.0185874225 synchronous_release_0
0.06333 -0.0250000004 0.0201934972 -0.0571596245 synchronous_release_0
0.0061 -0.0250000004 0.0349931762 0.000691098314 synchronous_release_0
0.062884 -0.0250000004 0.0182541267 0.0298628006 synchronous_release_1
0.004321 -0.0250000004 0.0259471405 -0.023489272 synchronous_release_0
0.08263 -0.0250000004 -0.000671122058 -0.000741346871 synchronous_release_1
0.068132 -0.0250000004 0.0319446764 0.0143016659 synchronous_release_0
0.085018 -0.0250000004 0.0283579442 -0.0205140683 synchronous_release_0
0.074692 -0.0250000004 -0.0339015056 0.00869988052 synchronous_release_1
0.062901 -0.0250000004 0.0280670506 0.0209103006 synchronous_release_0
0.003362 -0.0250000004 0.0268097602 0.0224997058 synchronous_release_0
0.069604 -0.0250000004 -0.0215882457 -0.0275490045 synchronous_release_0
0.003034 -0.0250000004 0.00628531075 0.0344310161 synchronous_release_0
0.004408 -0.0250000004 0.0341020611 -0.00787714605 synchronous_release_0
0.064837 -0.0250000004 -0.0341020611 0.00787714605 synchronous_release_0
0.062547 -0.0250000004 0.0266672327 -0.0226684517 synchronous_release_0
0.068031 -0.0250000004 0.000638909001 -0.00076928232 synchronous_release_0
0.063821 -0.0250000004 0.0337743946 -0.00918097305 synchronous_release_1
0.005527 -0.0250000004 -0.000687129912 -0.000726534572 synchronous_release_0
0.066568 -0.0250000004 0.0341901945 -0.00748535927 synchronous_release_0
0.002447 -0.0250000004 0.0324750549 -0.013052617 synchronous_release_0
0.065477 -0.0250000004 -0.0344164984 -0.00636432519 synchronous_release_0
0.063214 -0.0250000004 -0.010931279 -0.0332491675 synchronous_release_0
0.066119 -0.0250000004 0.0349969735 0.00046027088 synchronous_release_0
0.006427 -0.0250000004 0.017839946 -0.0301120628 synchronous_release_0
0.062944 -0.0250000004 -0.017839946 0.0301120628 synchronous_release_0
0.062831 -0.0250000004 0.0263649061 -0.0230193772 synchronous_release_0
0.071226 -0.0250000004 0.0480237732 -0.0369961783 synchronous_release_0
0.006273 -0.0250000004 0.0133320098 -0.0323613583 synchronous_release_1
0.063272 -0.0250000004 0.0321455623 0.0138442342 synchronous_release_0
0.003652 -0.0250000004 -0.0322830912 0.0135204299 synchronous_release_0
0.06575 -0.0250000004 0.0349049803 0.00257727566 synchronous_release_1
0.066274 -0.0250000004 0.0348680959 -0.0030357684 synchronous_release_0
0.002543 -0.0250000004 0.0349618455 -0.00163381752 synchronous_release_0
0.0683 -0.0250000004 -0.000888421575 -0.000459028436 synchronous_release_0
0.062654 -0.0250000004 0.0293392114 -0.0190843044 synchronous_release_0
0.01884 -0.0250000004 0.0239193111 -0.0255512535 synchronous_release_0
0.062948 -0.0250000004 0.0345391186 -0.00566120888 synchronous_release_0
0.068984 -0.0250000004 0.0349846761 -0.00103558456 synchronous_release_0
0.064211 -0.0250000004 0.000732658281 -0.000680596682 synchronous_release_0
0.062821 -0.0250000004 -0.000398753279 -0.0349977284 synchronous_release_0
0.062574 -0.0250000004 0.0590236122 0.0138279862 synchronous_release_0
0.072611 -0.0250000004 0.0255200103 0.0239526423 synchronous_release_0
0.063313 -0.0250000004 0.034888782 0.00278799021 synchronous_release_0
0.074274 -0.0250000004 -0.0134954558 -0.0322935392 synchronous_release_1
0.071012 -0.0250000004 0.0337814268 -0.00915506446 synchronous_release_0
0.002464 -0.0250000004 0.000995756403 9.20281844e-05 synchronous_release_0
0.062796 -0.0250000004 -0.0257688168 0.0236847647 synchronous_release_1
0.062529 -0.0250000004 0.0316579515 0.0149256192 synchronous_release_0
0.06306 -0.0250000004 0.0243412985 0.0251495763 synchronous_release_0
0.064531 -0.0250000004 -0.00261963721 -0.0349018266 synchronous_release_1
0.008809 -0.0250000004 0.0241861266 -0.0252988395 synchronous_release_0
0.063056 -0.0250000004 0.0098163744 0.0335952198 synchronous_release_0
0.0649 -0.0250000004 0.000377661363 0.000925943786 synchronous_release_0
0.062433 -0.0250000004 0.0316645905 -0.0149115293 synchronous_release_0
0.062767 -0.0250000004 -0.0201672973 0.0286055959 synchronous_release_0
0.003026 -0.0250000004 -0.000543598472 -0.000839345401 synchronous_release_0
0.004749 -0.0250000004 0.029377089 -0.0190259465 synchronous_release_0
0.0638 -0.0250000004 0.0331848215 0.0111250897 synchronous_release_0
0.067887 -0.0250000004 0.0524540421 -0.0463527072 synchronous_release_0
0.008325 -0.0250000004 0.0120121749 -0.0328741183 synchronous_release_0
0.002649 -0.0250000004 0.0266116744 0.0227336488 synchronous_release_1
0.004781 -0.0250000004 -0.00881461964 -0.0338718538 synchronous_release_0
0.063537 -0.0250000004 0.000265778354 -0.000964034163 synchronous_release_0
0.065133 -0.0250000004 0.0425558153 0.0431740962 synchronous_release_0
0.063747 -0.0250000004 -0.0328906462 0.0119668454 synchronous_release_0
0.068406 -0.0250000004 -0.00608173098 0.0344675579 synchronous_release_0
0.069705 -0.0250000004 0.00608173098 -0.0344675579 synchronous_release_0
0.002609 -0.0250000004 0.0280521428 0.0209302958 synchronous_release_1
0.067481 -0.0250000004 0.0280918187 -0.0208770142 synchronous_release_1
0.063526 -0.0250000004 -0.0141894382 -0.0319946846 synchronous_release_0
0.006588 -0.0250000004 0.00321630148 -0.0348519068 synchronous_release_0
0.076655 -0.0250000004 0.0317907874 -0.0146405546 synchronous_release_1
0.072041 -0.0250000004 0.0318457774 -0.014520553 synchronous_release_0
0.004236 -0.0250000004 -0.000802110345 -0.0349908076 synchronous_release_0
0.005673 -0.0250000004 0.0349963525 0.000505284191 synchronous_release_0
0.062171 -0.0250000004 0.0330952983 -0.0113886448 synchronous_release_0
0.062586 -0.0250000004 0.0349905008 -0.000815383513 synchronous_release_0
0.069502 -0.0250000004 0.0182013933 0.0298949709 synchronous_release_0
0.062414 -0.0250000004 0.0322936496 0.0134951915 synchronous_release_0
0.067987 -0.0250000004 -0.0322936496 -0.0134951915 synchronous_release_0
0.06714 -0.0250000004 0.0277578761 -0.021319013 synchronous_release_0
0.06373 -0.0250000004 0.0207375079 0.02819496 synchronous_release_0
0.064042 -0.0250000004 -0.000991312337 0.000131528896 synchronous_release_1
0.004532 -0.0250000004 -0.000871433616 -0.000490513459 synchronous_release_0
0.065987 -0.0250000004 0.0349233239 0.00231547994 synchronous_release_0
0.004381 -0.0250000004 -0.0327320395 -0.0123940949 synchronous_release_0
0.06245 -0.0250000004 0.0327320395 0.0123940949 synchronous_release_1
0.079755 -0.0250000004 -0.0283426974 -0.0205351285 synchronous_release_0
0.066714 -0.0250000004 0.0340924097 0.00791881312 synchronous_release_0
0.062536 -0.0250000004 -0.0279318892 -0.0210905089 synchronous_release_0
0.07563 -0.0250000004 0.0279318892 0.0210905089 synchronous_release_0
0.068694 -0.0250000004 0.0322308611 -0.0136444712 synchronous_release_1
0.063871 -0.0250000004 0.0340635334 0.00804211991 synchronous_release_0
0.007676 -0.0250000004 -0.0211322581 -0.0279003166 synchronous_release_0
0.063692 -0.0250000004 0.034728512 -0.00435091411 synchronous_release_0
0.002836 -0.0250000004 0.0348913342 0.0027558655 synchronous_release_0
0.068329 -0.0250000004 0.0246129292 -0.0248838043 synchronous_release_0
0.069164 -0.0250000004 0.0306730005 0.0168572548 synchronous_release_0
0.067789 -0.0250000004 0.0056426092 0.0345421621 synchronous_release_0
0.087227 -0.0250000004 0.0327356945 0.0123844381 synchronous_release_0
0.066179 -0.0250000004 -0.0293574507 0.0190562348 synchronous_release_0
0.004979 -0.0250000004 0.0322606028 -0.0135740012 synchronous_release_0
0.063026 -0.0250000004 0.0043748715 -0.0347255021 synchronous_release_0
0.007635 -0.0250000004 0.030645736 -0.0169067698 synchronous_release_0
0.041515 -0.0250000004 0.000681175866 -0.0349933708 synchronous_release_0
0.068603 -0.0250000004 0.0346604958 -0.00486312963 synchronous_release_0
0.004407 -0.0250000004 0.0222764865 0.0269955209 synchronous_release_0
0.065479 -0.0250000004 0.0137396923 0.0321903845 synchronous_release_0
0.086169 -0.0250000004 -0.0210078446 0.0279941148 synchronous_release_1
0.007593 -0.0250000004 0.0340558246 -0.00807470191 synchronous_release_0
0.011507 -0.0250000004 0.0100350153 -0.0335305602 synchronous_release_0
0.062737 -0.0250000004 0.0681116492 -0.0161494038 synchronous_release_0
0.004884 -0.0250000004 0.0321549703 0.013822369 synchronous_release_0
0.062825 -0.0250000004 0.0121067227 -0.0328394163 synchronous_release_0
0.08343 -0.0250000004 0.0223864075 0.0269044376 synchronous_release_0
0.004609 -0.0250000004 -0.017499121 0.0303113966 synchronous_release_0
0.071458 -0.0250000004 2.89980406e-08 0.001 synchronous_release_0
0.003503 -0.0250000004 -0.0182324044 0.0298760679 synchronous_release_0
0.063765 -0.0250000004 0.0167572316 0.0307277593 synchronous_release_0
0.065739 -0.0250000004 0.0182324044 -0.0298760679 synchronous_release_0
0.002893 -0.0250000004 0.0336724353 0.00954814639 synchronous_release_0
0.004956 -0.0250000004 -0.0119092473 -0.0329115455 synchronous_release_0
0.063336 -0.0250000004 0.0344568581 0.00614206207 synchronous_release_0
0.075419 -0.0250000004 -0.00901764297 0.0338183695 synchronous_release_0
0.062893 -0.0250000004 0.0349849685 0.00102565928 synchronous_release_1
0.062385 -0.0250000004 0.00263585671 -0.0349006054 synchronous_release_0
0.075006 -0.0250000004 -0.00263585671 0.0349006054 synchronous_release_0
0.006861 -0.0250000004 0.0324325721 0.0131578215 synchronous_release_0
0.014407 -0.0250000004 0.00734408357 -0.0342208188 synchronous_release_0
0.062497 -0.0250000004 0.0036719057 -0.0348068543 synchronous_release_0
0.066433 -0.0250000004 0.0283076672 0.0205833908 synchronous_release_0
0.063832 -0.0250000004 0.0348480648 -0.0032576648 synchronous_release_0
0.068768 -0.0250000004 0.000311552852 0.000950228825 synchronous_release_0
0.003433 -0.0250000004 0.0312085997 0.0158437149 synchronous_release_0
0.00606 -0.0250000004 0.0330326995 0.011568957 synchronous_release_0
0.072432 -0.0250000004 0.0289039846 0.0197372661 synchronous_release_0
0.064139 -0.0250000004 0.023976968 0.0254971568 synchronous_release_1
0.062733 -0.0250000004 0.0315879019 0.0150733026 synchronous_release_0
0.066325 -0.0250000004 0.0180303305 0.029998453 synchronous_release_1
0.062986 -0.0250000004 0.000383779891 0.000923424602 synchronous_release_0
0.012161 -0.0250000004 -0.010432739 0.0334089503 synchronous_release_0
0.064236 -0.0250000004 0.0325770158 0.0127960166 synchronous_release_0
0.063022 -0.0250000004 0.0140873855 -0.0320397498 synchronous_release_1
0.06456 -0.0250000004 0.0276540401 -0.0214535327 synchronous_release_0
0.065031 -0.0250000004 0.0296894774 0.0185346954 synchronous_release_0
0.009935 -0.0250000004 0.010229872 -0.0334716256 synchronous_release_0
0.009024 -0.0250000004 0.0133010546 -0.0323740937 synchronous_release_0
0.062123 -0.0250000004 0.0606148664 -0.000915405325 synchronous_release_1
