0.038575 -0.0250000004 0.000455169133 -0.000890404998 asynchronous_release_0
0.040837 -0.0250000004 -0.0275312102 0.0216109339 asynchronous_release_0
0.049783 -0.0250000004 -0.0186652761 0.0296075576 asynchronous_release_1
0.033544 -0.0250000004 0.0208436424 -0.0281165889 asynchronous_release_0
0.034867 -0.0250000004 0.034912337 0.00247562686 asynchronous_release_0
0.041027 -0.0250000004 -0.0206891345 0.0282304749 asynchronous_release_0
0.049087 -0.0250000004 0.0347928757 0.00380207865 asynchronous_release_0
0.048727 -0.0250000004 -0.019165019 0.0292865506 asynchronous_release_0
0.028184 -0.0250000004 -0.0178855133 -0.0300850197 asynchronous_release_0
0.042862 -0.0250000004 -0.000639890528 0.000768466078 asynchronous_release_0
0.031081 -0.0250000004 -0.0328090458 -0.0121887863 asynchronous_release_0
0.036069 -0.0250000004 0.00143272378 0.0349706635 asynchronous_release_0
0.039558 -0.0250000004 0.000863882215 0.000503693875 asynchronous_release_0
0.041054 -0.0250000004 -0.0132851667 0.0323806168 asynchronous_release_0
0.040983 -0.0250000004 -0.0349478238 0.00191039642 asynchronous_release_0
0.018564 -0.0250000004 -0.00179777726 -0.034953798 asynchronous_release_0
0.027624 -0.0250000004 0.0120415538 -0.0328633684 asynchronous_release_0
0.043597 -0.0250000004 -0.0273941208 -0.0217844473 asynchronous_release_0
0.041089 -0.0250000004 0.00423353977 0.0347430157 asynchronous_release_0
0.01783 -0.0250000004 0.000915836517 0.000401551334 asynchronous_release_0
0.04258 -0.0250000004 -0.00866357556 -0.0339108015 asynchronous_release_0
0.02099 -0.0250000004 0.0339246809 -0.00860906652 asynchronous_release_0
0.044579 -0.0250000004 -0.0339246809 0.00860906652 asynchronous_release_0
0.037825 -0.0250000004 0.0255860424 -0.0238820944 asynchronous_release_0
0.04993 -0.0250000004 0.0296722438 -0.0185622721 asynchronous_release_0
0.04224 -0.0250000004 -0.025222167 0.0242660729 asynchronous_release_0
0.016499 -0.0250000004 -0.00840395205 -0.0339760738 asynchronous_release_1
0.046836 -0.0250000004 -0.00865473128 0.0339130598 asynchronous_release_0
0.049581 -0.0250000004 -0.00949178249 0.0336883669 asynchronous_release_0
0.044082 -0.0250000004 -0.000319633302 0.00094754132 asynchronous_release_0
0.038727 -0.0250000004 8.67140812e-06 0.0349999989 asynchronous_release_0
0.003438 -0.0250000004 0.0348826832 0.0028632869 asynchronous_release_4
0.04483 -0.0250000004 -0.0347406841 0.0042526309 asynchronous_release_0
0.036451 -0.0250000004 -0.0112676436 0.0331366898 asynchronous_release_0
0.038354 -0.0250000004 0.0312326674 0.0157962175 asynchronous_release_0
0.031777 -0.0250000004 -0.0301586823 0.0177610215 asynchronous_release_0
0.040887 -0.0250000004 0.0222977531 -0.0269779578 asynchronous_release_0
0.009529 -0.0250000004 -0.019594055 -0.0290012587 asynchronous_release_0
0.034063 -0.0250000004 -0.000661997473 0.000749506068 asynchronous_release_0
0.035467 -0.0250000004 -0.0347214734 0.00440673184 asynchronous_release_0
0.041137 -0.0250000004 -0.0126963261 -0.0326159977 asynchronous_release_0
0.04098 -0.0250000004 0.00510907672 0.0346250969 asynchronous_release_0
0.034855 -0.0250000004 0.000124570781 -0.000992210724 asynchronous_release_0
0.048194 -0.0250000004 -0.0135878365 -0.0322547779 asynchronous_release_0
0.043872 -0.0250000004 -0.0271694849 -0.0220639772 asynchronous_release_0
0.013276 -0.0250000004 0.0187007957 -0.0295851355 asynchronous_release_3
0.024189 -0.0250000004 0.0288110385 0.0198726963 asynchronous_release_0
0.049799 -0.0250000004 0.0318217132 -0.0145732141 asynchronous_release_0
0.021374 -0.0250000004 0.0301785579 0.0177272289 asynchronous_release_0
0.045102 -0.0250000004 -0.0201858291 -0.0285925218 asynchronous_release_1
0.045477 -0.0250000004 0.0256545845 -0.02380845 asynchronous_release_0
0.048293 -0.0250000004 -0.0130495155 0.0324763013 asynchronous_release_0
0.039355 -0.0250000004 -0.0286167667 0.0201514432 asynchronous_release_0
0.037064 -0.0250000004 -0.0298924319 -0.0182055628 asynchronous_release_0
0.023978 -0.0250000004 0.0332674426 -0.0108755352 asynchronous_release_4
0.018063 -0.0250000004 -0.0249865745 0.0245085923 asynchronous_release_0
0.044632 -0.0250000004 -0.00414449025 0.0347537509 asynchronous_release_0
0.049892 -0.0250000004 0.0114334695 -0.0330798394 asynchronous_release_0
0.041367 -0.0250000004 -0.000858573117 0.000512691138 asynchronous_release_4
0.039707 -0.0250000004 0.000906341413 0.000422546143 asynchronous_release_0
0.039469 -0.0250000004 -0.0159655809 0.031146432 asynchronous_release_1
0.033692 -0.0250000004 0.033423686 -0.0103854327 asynchronous_release_0
0.027496 -0.0250000004 -0.00578305225 0.0345189268 asynchronous_release_4
0.044814 -0.0250000004 -0.00250917502 0.0349099419 asynchronous_release_0
0.031769 -0.0250000004 0.000454850972 -0.000890567568 asynchronous_release_0
0.048473 -0.0250000004 -0.0311698649 -0.015919784 asynchronous_release_0
0.029696 -0.0250000004 0.000108374899 0.000994110095 asynchronous_release_0
0.031484 -0.0250000004 -0.000998989433 4.49456645e-05 asynchronous_release_2
0.032693 -0.0250000004 -0.0205507353 0.0283313833 asynchronous_release_3
0.038827 -0.0250000004 0.00099999862 1.661365e-06 asynchronous_release_3
0.019024 -0.0250000004 0.0312609878 0.0157400967 asynchronous_release_4
0.039207 -0.0250000004 0.0252986214 0.0241863547 asynchronous_release_0
0.015921 -0.0250000004 0.0254296005 0.0240486053 asynchronous_release_0
0.010304 -0.0250000004 0.0198148473 -0.0288508548 asynchronous_release_0
0.027599 -0.0250000004 0.0294128507 0.0189706144 asynchronous_release_0
0.038139 -0.0250000004 0.0340710435 0.008010243 asynchronous_release_0
0.045376 -0.0250000004 -0.0220505261 0.0271804028 asynchronous_release_1
0.045592 -0.0250000004 0.000264333293 0.000964431392 asynchronous_release_0
0.034646 -0.0250000004 -0.0159288582 0.0311652287 asynchronous_release_0
0.042577 -0.0250000004 -0.000990609048 -0.000136724958 asynchronous_release_0
0.037321 -0.0250000004 0.0009569892 0.000290123546 asynchronous_release_3
0.040895 -0.0250000004 0.0245899099 0.024906552 asynchronous_release_0
0.023744 -0.0250000004 -0.021059341 -0.0279553958 asynchronous_release_1
0.01593 -0.0250000004 0.00340576363 0.0348339027 asynchronous_release_0
0.042074 -0.0250000004 0.000925659841 -0.000378356787 asynchronous_release_1
0.048979 -0.0250000004 0.000969711038 0.000244254994 asynchronous_release_0
0.035306 -0.0250000004 0.00099454266 -0.00010433071 asynchronous_release_3
0.048918 -0.0250000004 0.0212398828 -0.0278184719 asynchronous_release_3
0.040569 -0.0250000004 -0.000980184044 -0.000198088971 asynchronous_release_0
0.038221 -0.0250000004 0.0216866875 0.0274715778 asynchronous_release_3
0.048035 -0.0250000004 -0.000819844769 0.000572585849 asynchronous_release_0
0.036286 -0.0250000004 0.0331427178 -0.0112499003 asynchronous_release_0
0.030561 -0.0250000004 -0.0229117291 0.0264585084 asynchronous_release_1
0.022935 -0.0250000004 0.0190103826 0.029387163 asynchronous_release_3
0.017708 -0.0250000004 -0.006363992 0.0344165601 asynchronous_release_1
