0.000000 0.057030
0.000050 0.107206
0.000100 0.093500
0.000150 0.100352
0.000200 0.110877
0.000250 0.079303
0.000300 0.087626
0.000350 0.146618
0.000400 0.078320
0.000450 0.108678
0.000500 0.119446
0.000550 0.088604
0.000600 0.092267
0.000650 0.089839
0.000700 0.123114
0.000750 0.086404
0.000800 0.084933
0.000850 0.107201
0.000900 0.105736
0.000950 0.095466
0.001000 0.129227
0.001050 0.101345
0.001100 0.157853
0.001150 0.146375
0.001200 0.198255
0.001250 0.256751
0.001300 0.292264
0.001350 0.314014
0.001400 0.424923
0.001450 0.539453
0.001500 0.721817
0.001550 1.250243
0.001600 1.710179
0.001650 2.383265
0.001700 3.285201
0.001750 4.284823
0.001800 5.840543
0.001850 7.624625
0.001900 9.492698
0.001950 11.515626
0.002000 13.121996
0.002050 14.982478
0.002100 16.352151
0.002150 17.207139
0.002200 17.455776
0.002250 17.462202
0.002300 17.165271
0.002350 16.266459
0.002400 14.676548
0.002450 13.017480
0.002500 12.198796
0.002550 10.702972
0.002600 9.556343
0.002650 8.044161
0.002700 7.466223
0.002750 6.513933
0.002800 6.008442
0.002850 5.347824
0.002900 4.904827
0.002950 4.564079
0.003000 4.283399
0.003050 3.902009
0.003100 3.766388
0.003150 3.472464
0.003200 3.427185
0.003250 3.233319
0.003300 2.928845
0.003350 2.938155
0.003400 2.770000
0.003450 2.692186
0.003500 2.385202
0.003550 2.393548
0.003600 2.188931
0.003650 2.239043
0.003700 1.921676
0.003750 1.996518
0.003800 1.826403
0.003850 2.032533
0.003900 1.893001
0.003950 1.820575
0.004000 1.905676
0.004050 1.724374
0.004100 1.615495
0.004150 1.627687
0.004200 1.736793
0.004250 1.662675
0.004300 1.529034
0.004350 1.549642
0.004400 1.399750
0.004450 1.501864
0.004500 1.390575
0.004550 1.484159
0.004600 1.380265
0.004650 1.375595
0.004700 1.465606
0.004750 1.254954
0.004800 1.344157
0.004850 1.359961
0.004900 1.333741
0.004950 1.304517
0.005000 1.160435
0.005050 1.349905
0.005100 1.162853
0.005150 1.217015
0.005200 1.214492
0.005250 1.106266
0.005300 1.090959
0.005350 1.226759
0.005400 1.119527
0.005450 1.154839
0.005500 1.334391
0.005550 1.082919
0.005600 1.139768
0.005650 1.120816
0.005700 1.147511
0.005750 1.059717
0.005800 1.025065
0.005850 1.094857
0.005900 0.987862
0.005950 0.943564
0.006000 1.053772
0.006050 1.002250
0.006100 0.962170
0.006150 1.105160
0.006200 1.034628
0.006250 1.008580
0.006300 1.019947
0.006350 0.992845
0.006400 0.892369
0.006450 1.061519
0.006500 1.060095
0.006550 0.971449
0.006600 0.952916
0.006650 0.989090
0.006700 1.017200
0.006750 1.045666
0.006800 0.908005
0.006850 0.914245
0.006900 0.854427
0.006950 0.900227
0.007000 0.879982
0.007050 0.990572
0.007100 0.966551
0.007150 0.904871
0.007200 0.901634
0.007250 0.861674
0.007300 0.958019
0.007350 0.866121
0.007400 0.787487
0.007450 0.911509
0.007500 0.847546
0.007550 0.859426
0.007600 0.878173
0.007650 0.902869
0.007700 0.900321
0.007750 0.823313
0.007800 0.878735
0.007850 0.847839
0.007900 0.869116
0.007950 0.921322
0.008000 0.873350
0.008050 0.854544
0.008100 0.770444
0.008150 0.887094
0.008200 0.933868
0.008250 0.794802
0.008300 0.763149
0.008350 0.717213
0.008400 0.871119
0.008450 0.750377
0.008500 0.737476
0.008550 0.783380
0.008600 0.790324
0.008650 0.782958
0.008700 0.779142
0.008750 0.793384
0.008800 0.799715
0.008850 0.837815
0.008900 0.768231
0.008950 0.722455
0.009000 0.743751
0.009050 0.797939
0.009100 0.724687
0.009150 0.865999
0.009200 0.844164
0.009250 0.846620
0.009300 0.757390
0.009350 0.833194
0.009400 0.659878
0.009450 0.717208
0.009500 0.757208
0.009550 0.651042
0.009600 0.763504
0.009650 0.712706
0.009700 0.762390
0.009750 0.695108
0.009800 0.669795
0.009850 0.853243
0.009900 0.886298
0.009950 0.697276
0.010000 0.769950
0.010050 0.692652
0.010100 0.669852
0.010150 0.758946
0.010200 0.695630
0.010250 0.651382
0.010300 0.719322
0.010350 0.760186
0.010400 0.745842
0.010450 0.685298
0.010500 0.715246
0.010550 0.718482
0.010600 0.623774
0.010650 0.743216
0.010700 0.667387
0.010750 0.698691
0.010800 0.647083
0.010850 0.645965
0.010900 0.724086
0.010950 0.665310
0.011000 0.664036
0.011050 0.734636
0.011100 0.734344
0.011150 0.716076
0.011200 0.671858
0.011250 0.712874
0.011300 0.665169
0.011350 0.718459
0.011400 0.690408
0.011450 0.674570
0.011500 0.621727
0.011550 0.624503
0.011600 0.699244
0.011650 0.644304
0.011700 0.631582
0.011750 0.583690
0.011800 0.611896
0.011850 0.667512
0.011900 0.610697
0.011950 0.643315
0.012000 0.553581
0.012050 0.690355
0.012100 0.531302
0.012150 0.625890
0.012200 0.702192
0.012250 0.598020
0.012300 0.554952
0.012350 0.649636
0.012400 0.756563
0.012450 0.654659
0.012500 0.710534
0.012550 0.622808
0.012600 0.619925
0.012650 0.552111
0.012700 0.685327
0.012750 0.621841
0.012800 0.665154
0.012850 0.708836
0.012900 0.605771
0.012950 0.571043
0.013000 0.655832
0.013050 0.552028
0.013100 0.581277
0.013150 0.588275
0.013200 0.608718
0.013250 0.607960
0.013300 0.642815
0.013350 0.708455
0.013400 0.693159
0.013450 0.584911
0.013500 0.590192
0.013550 0.612774
0.013600 0.610594
0.013650 0.617534
0.013700 0.555626
0.013750 0.606854
0.013800 0.593924
0.013850 0.602914
0.013900 0.596475
0.013950 0.650823
0.014000 0.590920
0.014050 0.602096
0.014100 0.557451
0.014150 0.547641
0.014200 0.621897
0.014250 0.587777
0.014300 0.632312
0.014350 0.565370
0.014400 0.609081
0.014450 0.570685
0.014500 0.584939
0.014550 0.668339
0.014600 0.617901
0.014650 0.586135
0.014700 0.629941
0.014750 0.646155
0.014800 0.616280
0.014850 0.584392
0.014900 0.633589
0.014950 0.623959
0.015000 0.604375
0.015050 0.665305
0.015100 0.634804
0.015150 0.551176
0.015200 0.585745
0.015250 0.563509
0.015300 0.624326
0.015350 0.535508
0.015400 0.604103
0.015450 0.546339
0.015500 0.564281
0.015550 0.638941
0.015600 0.588564
0.015650 0.529292
0.015700 0.587332
0.015750 0.541400
0.015800 0.510949
0.015850 0.564231
0.015900 0.513773
0.015950 0.490427
0.016000 0.509945
0.016050 0.561271
0.016100 0.542083
0.016150 0.537685
0.016200 0.469611
0.016250 0.580925
0.016300 0.561550
0.016350 0.524346
0.016400 0.521737
0.016450 0.617837
0.016500 0.505350
0.016550 0.587780
0.016600 0.610411
0.016650 0.551139
0.016700 0.545660
0.016750 0.555982
0.016800 0.534439
0.016850 0.640187
0.016900 0.528954
0.016950 0.476288
0.017000 0.541200
0.017050 0.528424
0.017100 0.473745
0.017150 0.516339
0.017200 0.518652
0.017250 0.490246
0.017300 0.588997
0.017350 0.548761
0.017400 0.515906
0.017450 0.548970
0.017500 0.585529
0.017550 0.524243
0.017600 0.509079
0.017650 0.496669
0.017700 0.570115
0.017750 0.502189
0.017800 0.584035
0.017850 0.565305
0.017900 0.533540
0.017950 0.451876
0.018000 0.500983
0.018050 0.462945
0.018100 0.505952
0.018150 0.546452
0.018200 0.488783
0.018250 0.532433
0.018300 0.576121
0.018350 0.527843
0.018400 0.512424
0.018450 0.508394
0.018500 0.492875
0.018550 0.491039
0.018600 0.422839
0.018650 0.480547
0.018700 0.518515
0.018750 0.442151
0.018800 0.491138
0.018850 0.495200
0.018900 0.484177
0.018950 0.483369
0.019000 0.493265
0.019050 0.447891
0.019100 0.497569
0.019150 0.487007
0.019200 0.531843
0.019250 0.469761
0.019300 0.495471
0.019350 0.534225
0.019400 0.458174
0.019450 0.461914
0.019500 0.509906
0.019550 0.519498
0.019600 0.503656
0.019650 0.549194
0.019700 0.537446
0.019750 0.491984
0.019800 0.571268
0.019850 0.518654
0.019900 0.504380
0.019950 0.529234
0.020000 0.511002
0.020050 0.492266
0.020100 0.527024
0.020150 0.443300
0.020200 0.557033
0.020250 0.523049
0.020300 0.463612
0.020350 0.441714
0.020400 0.521531
0.020450 0.403529
0.020500 0.472112
0.020550 0.535052
0.020600 0.475410
0.020650 0.439378
0.020700 0.471593
0.020750 0.539019
0.020800 0.474358
0.020850 0.481158
0.020900 0.519883
0.020950 0.515237
0.021000 0.551004
0.021050 0.634742
0.021100 0.639580
0.021150 0.761078
0.021200 0.838836
0.021250 0.984046
0.021300 1.105104
0.021350 1.346866
0.021400 1.654682
0.021450 2.171052
0.021500 2.691016
0.021550 3.605102
0.021600 4.548010
0.021650 6.029030
0.021700 7.586742
0.021750 9.468970
0.021800 11.842906
0.021850 14.083090
0.021900 16.439701
0.021950 18.907943
0.022000 20.694888
0.022050 22.068248
0.022100 23.879165
0.022150 24.424775
0.022200 25.495824
0.022250 24.733654
0.022300 24.131030
0.022350 22.998168
0.022400 21.317804
0.022450 18.808834
0.022500 18.105956
0.022550 16.212762
0.022600 14.783992
0.022650 13.291774
0.022700 12.142406
0.022750 11.670960
0.022800 10.321426
0.022850 9.510528
0.022900 8.918996
0.022950 8.316950
0.023000 7.806215
0.023050 7.603373
0.023100 7.068013
0.023150 6.715563
0.023200 6.074261
0.023250 5.843905
0.023300 5.660530
0.023350 5.086972
0.023400 5.073853
0.023450 4.817585
0.023500 4.776738
0.023550 4.363156
0.023600 4.307779
0.023650 3.877537
0.023700 3.870120
0.023750 3.789788
0.023800 3.844855
0.023850 3.517353
0.023900 3.517788
0.023950 3.356916
0.024000 3.134884
0.024050 3.195822
0.024100 3.067784
0.024150 3.038150
0.024200 2.860390
0.024250 2.857932
0.024300 2.825253
0.024350 2.836769
0.024400 2.778418
0.024450 2.711368
0.024500 2.617384
0.024550 2.538070
0.024600 2.507074
0.024650 2.597410
0.024700 2.549197
0.024750 2.394047
0.024800 2.390534
0.024850 2.486600
0.024900 2.361190
0.024950 2.407024
0.025000 2.280289
0.025050 2.258717
0.025100 2.324541
0.025150 2.229985
0.025200 2.147998
0.025250 2.268434
0.025300 2.098065
0.025350 2.005939
0.025400 2.151488
0.025450 1.911834
0.025500 2.072933
0.025550 1.981549
0.025600 1.988646
0.025650 2.061586
0.025700 2.123116
0.025750 1.868188
0.025800 1.971616
0.025850 1.964286
0.025900 1.854161
0.025950 1.810489
0.026000 1.875466
0.026050 1.826512
0.026100 1.704068
0.026150 1.716126
0.026200 1.799668
0.026250 1.795334
0.026300 1.660819
0.026350 1.880895
0.026400 1.771612
0.026450 1.764540
0.026500 1.863110
0.026550 1.807438
0.026600 1.641132
0.026650 1.630364
0.026700 1.691776
0.026750 1.716028
0.026800 1.579330
0.026850 1.666766
0.026900 1.625885
0.026950 1.651211
0.027000 1.782188
0.027050 1.814720
0.027100 1.683458
0.027150 1.732634
0.027200 1.731410
0.027250 1.642286
0.027300 1.542292
0.027350 1.690556
0.027400 1.607421
0.027450 1.610745
0.027500 1.583246
0.027550 1.599772
0.027600 1.615850
0.027650 1.593250
0.027700 1.603287
0.027750 1.620621
0.027800 1.620239
0.027850 1.464187
0.027900 1.539295
0.027950 1.512903
0.028000 1.475726
0.028050 1.600222
0.028100 1.522156
0.028150 1.460608
0.028200 1.614578
0.028250 1.527700
0.028300 1.607073
0.028350 1.507961
0.028400 1.542054
0.028450 1.547842
0.028500 1.311000
0.028550 1.507076
0.028600 1.532299
0.028650 1.466403
0.028700 1.498502
0.028750 1.370656
0.028800 1.447571
0.028850 1.456121
0.028900 1.510472
0.028950 1.467100
0.029000 1.418289
0.029050 1.366913
0.029100 1.421977
0.029150 1.375141
0.029200 1.354405
0.029250 1.352917
0.029300 1.399572
0.029350 1.287134
0.029400 1.433887
0.029450 1.263395
0.029500 1.226208
0.029550 1.438674
0.029600 1.292877
0.029650 1.514043
0.029700 1.342453
0.029750 1.426291
0.029800 1.302214
0.029850 1.453804
0.029900 1.292295
0.029950 1.324991
0.030000 1.313393
0.030050 1.308375
0.030100 1.370884
0.030150 1.344328
0.030200 1.274095
0.030250 1.350181
0.030300 1.364139
0.030350 1.390949
0.030400 1.378930
0.030450 1.295496
0.030500 1.204945
0.030550 1.374065
0.030600 1.228949
0.030650 1.372331
0.030700 1.240910
0.030750 1.142126
0.030800 1.253891
0.030850 1.303799
0.030900 1.342204
0.030950 1.212170
0.031000 1.346688
0.031050 1.190154
0.031100 1.209188
0.031150 1.302586
0.031200 1.305199
0.031250 1.225207
0.031300 1.278397
0.031350 1.270313
0.031400 1.254028
0.031450 1.250280
0.031500 1.168285
0.031550 1.238859
0.031600 1.325609
0.031650 1.175035
0.031700 1.299352
0.031750 1.325056
0.031800 1.113931
0.031850 1.216997
0.031900 1.234938
0.031950 1.135218
0.032000 1.281830
0.032050 1.126762
0.032100 1.211465
0.032150 1.303663
0.032200 1.217640
0.032250 1.165468
0.032300 1.115656
0.032350 1.228924
0.032400 1.153873
0.032450 1.320289
0.032500 1.141156
0.032550 1.163330
0.032600 1.156889
0.032650 1.162205
0.032700 1.168870
0.032750 1.176236
0.032800 1.320963
0.032850 1.233433
0.032900 1.205485
0.032950 1.063903
0.033000 1.220463
0.033050 1.105005
0.033100 1.158102
0.033150 1.186222
0.033200 1.024293
0.033250 1.181993
0.033300 1.183674
0.033350 1.204080
0.033400 1.064031
0.033450 1.031237
0.033500 1.074134
0.033550 1.113878
0.033600 1.223806
0.033650 1.196068
0.033700 1.116919
0.033750 1.105707
0.033800 1.147942
0.033850 1.302926
0.033900 1.186330
0.033950 1.155590
0.034000 1.128813
0.034050 1.172177
0.034100 1.091439
0.034150 1.106803
0.034200 1.161293
0.034250 1.174875
0.034300 1.021588
0.034350 1.129772
0.034400 1.164030
0.034450 1.198450
0.034500 1.117635
0.034550 1.069697
0.034600 1.077697
0.034650 1.103789
0.034700 1.064677
0.034750 1.118673
0.034800 1.094154
0.034850 1.142134
0.034900 1.184042
0.034950 1.096642
0.035000 1.081783
0.035050 1.108291
0.035100 0.973235
0.035150 1.060079
0.035200 1.095137
0.035250 0.988451
0.035300 1.094131
0.035350 1.148589
0.035400 1.087723
0.035450 1.076311
0.035500 1.007983
0.035550 1.142299
0.035600 0.964187
0.035650 1.016673
0.035700 0.970723
0.035750 1.006933
0.035800 1.020364
0.035850 0.985040
0.035900 1.079720
0.035950 1.003448
0.036000 1.030694
0.036050 1.151204
0.036100 1.102322
0.036150 0.854148
0.036200 1.147257
0.036250 1.005267
0.036300 1.022641
0.036350 0.966571
0.036400 1.065559
0.036450 1.032837
0.036500 1.056279
0.036550 1.081293
0.036600 1.129144
0.036650 0.972416
0.036700 1.038498
0.036750 0.998878
0.036800 1.021016
0.036850 0.925176
0.036900 1.131948
0.036950 1.061332
0.037000 1.126043
0.037050 0.870483
0.037100 1.067873
0.037150 0.937969
0.037200 1.023602
0.037250 0.937266
0.037300 1.041826
0.037350 0.908954
0.037400 1.005503
0.037450 1.022201
0.037500 1.007435
0.037550 0.993373
0.037600 0.965712
0.037650 0.981684
0.037700 0.947901
0.037750 1.031931
0.037800 0.979289
0.037850 0.974203
0.037900 1.036659
0.037950 0.946613
0.038000 0.987875
0.038050 0.950063
0.038100 1.186793
0.038150 0.942381
0.038200 0.978538
0.038250 0.947440
0.038300 0.970688
0.038350 0.877302
0.038400 0.939669
0.038450 0.953781
0.038500 0.903195
0.038550 0.940431
0.038600 0.931443
0.038650 0.982029
0.038700 0.880147
0.038750 1.025425
0.038800 0.977026
0.038850 0.929228
0.038900 0.908521
0.038950 1.001625
0.039000 0.869389
0.039050 0.909477
0.039100 0.914495
0.039150 0.989319
0.039200 0.986725
0.039250 0.892955
0.039300 0.947580
0.039350 0.907076
0.039400 0.961108
0.039450 0.968746
0.039500 0.869638
0.039550 0.926980
0.039600 0.973448
0.039650 0.932762
0.039700 0.976997
0.039750 0.891661
0.039800 0.986932
0.039850 0.917386
0.039900 0.891533
0.039950 0.898393
0.040000 0.958155
0.040050 0.968427
0.040100 0.907280
0.040150 0.909430
0.040200 0.826268
0.040250 0.969292
0.040300 0.846549
0.040350 0.880919
0.040400 0.911382
0.040450 0.942778
0.040500 0.924829
0.040550 0.871095
0.040600 0.965138
0.040650 0.855224
0.040700 0.949479
0.040750 0.960043
0.040800 0.897942
0.040850 0.902698
0.040900 0.914033
0.040950 0.928699
0.041000 0.949996
0.041050 0.895756
0.041100 1.005927
0.041150 0.920397
0.041200 0.825489
0.041250 0.839277
0.041300 0.895302
0.041350 0.851352
0.041400 0.915022
0.041450 0.815422
0.041500 0.872530
0.041550 0.872446
0.041600 0.885699
0.041650 0.915689
0.041700 1.007586
0.041750 0.971914
0.041800 0.941981
0.041850 0.850775
0.041900 0.864126
0.041950 0.915334
0.042000 0.878429
0.042050 0.946651
0.042100 0.889518
0.042150 0.929250
0.042200 0.937867
0.042250 0.939755
0.042300 0.871357
0.042350 0.873109
0.042400 0.969115
0.042450 0.773919
0.042500 0.905677
0.042550 0.931409
0.042600 0.859145
0.042650 0.947187
0.042700 0.915847
0.042750 0.844173
0.042800 0.804822
0.042850 0.971262
0.042900 0.870285
0.042950 0.982243
0.043000 0.988697
0.043050 0.883983
0.043100 0.813432
0.043150 0.822132
0.043200 0.817896
0.043250 0.854356
0.043300 0.857138
0.043350 0.911150
0.043400 0.797640
0.043450 0.897766
0.043500 0.917243
0.043550 0.789427
0.043600 0.813081
0.043650 0.794873
0.043700 0.841361
0.043750 0.941453
0.043800 0.790197
0.043850 0.852663
0.043900 0.845910
0.043950 0.811862
0.044000 0.790040
0.044050 0.865172
0.044100 0.891120
0.044150 0.883572
0.044200 0.937071
0.044250 0.913677
0.044300 0.803285
0.044350 0.894991
0.044400 0.866111
0.044450 0.834471
0.044500 0.805405
0.044550 0.869909
0.044600 0.840873
0.044650 0.904723
0.044700 0.830070
0.044750 0.877926
0.044800 0.781533
0.044850 0.763849
0.044900 0.888156
0.044950 0.900386
0.045000 0.894644
0.045050 0.910538
0.045100 0.983381
0.045150 0.830473
0.045200 0.868924
0.045250 0.856774
0.045300 0.817381
0.045350 0.943121
0.045400 0.778404
0.045450 0.737820
0.045500 0.825561
0.045550 0.835167
0.045600 0.727035
0.045650 0.815065
0.045700 0.888752
0.045750 0.981924
0.045800 0.816814
0.045850 0.859556
0.045900 0.872118
0.045950 0.809288
0.046000 0.868753
0.046050 0.819623
0.046100 0.909713
0.046150 0.749699
0.046200 0.775097
0.046250 0.845959
0.046300 0.889248
0.046350 0.761004
0.046400 0.833016
0.046450 0.830868
0.046500 0.738413
0.046550 0.796651
0.046600 0.839223
0.046650 0.773595
0.046700 0.771343
0.046750 0.913235
0.046800 0.807284
0.046850 0.807932
0.046900 0.718445
0.046950 0.774379
0.047000 0.775921
0.047050 0.742621
0.047100 0.796921
0.047150 0.769273
0.047200 0.812419
0.047250 0.761109
0.047300 0.826124
0.047350 0.795604
0.047400 0.808648
0.047450 0.702990
0.047500 0.761528
0.047550 0.776466
0.047600 0.760962
0.047650 0.809334
0.047700 0.791015
0.047750 0.737273
0.047800 0.880511
0.047850 0.806739
0.047900 0.768225
0.047950 0.734397
0.048000 0.806180
0.048050 0.776222
0.048100 0.854996
0.048150 0.721942
0.048200 0.757355
0.048250 0.855675
0.048300 0.694184
0.048350 0.793558
0.048400 0.732393
0.048450 0.771925
0.048500 0.756239
0.048550 0.759951
0.048600 0.713085
0.048650 0.764455
0.048700 0.811115
0.048750 0.746661
0.048800 0.767014
0.048850 0.825578
0.048900 0.798176
0.048950 0.765796
0.049000 0.793164
0.049050 0.779378
0.049100 0.652511
0.049150 0.719111
0.049200 0.778041
0.049250 0.778983
0.049300 0.727623
0.049350 0.830241
0.049400 0.791750
0.049450 0.753148
0.049500 0.780832
0.049550 0.790750
0.049600 0.819571
0.049650 0.847491
0.049700 0.761076
0.049750 0.763050
0.049800 0.790958
0.049850 0.790014
0.049900 0.795067
