0.00000	16.52400
0.00005	1.83600
0.00010	7.34400
0.00015	36.72000
0.00020	7.34400
0.00025	20.19600
0.00030	3.67200
0.00035	7.34400
0.00040	3.67200
0.00045	3.67200
0.00050	16.52400
0.00055	18.36000
0.00060	3.67200
0.00065	3.67200
0.00070	25.70400
0.00075	23.86800
0.00080	9.18000
0.00085	18.36000
0.00090	20.19600
0.00095	20.19600
0.00100	40.39200
0.00105	45.90000
0.00110	66.09600
0.00115	36.72000
0.00120	141.37200
0.00125	185.43600
0.00130	82.62000
0.00135	84.45600
0.00140	225.82800
0.00145	284.58000
0.00150	411.26400
0.00155	598.53600
0.00160	844.56000
0.00165	1055.70000
0.00170	1454.11200
0.00175	1731.34800
0.00180	1970.02800
0.00185	2568.56400
0.00190	3123.03600
0.00195	3984.12000
0.00200	4213.62000
0.00205	4632.22800
0.00210	4813.99200
0.00215	5238.10800
0.00220	4999.42800
0.00225	5267.48400
0.00230	5348.26800
0.00235	4648.75200
0.00240	4727.70000
0.00245	4035.52800
0.00250	3512.26800
0.00255	3179.95200
0.00260	2618.13600
0.00265	2647.51200
0.00270	2164.64400
0.00275	2272.96800
0.00280	1938.81600
0.00285	1659.74400
0.00290	1757.05200
0.00295	1388.01600
0.00300	1514.70000
0.00305	1237.46400
0.00310	1246.64400
0.00315	919.83600
0.00320	1086.91200
0.00325	1037.34000
0.00330	894.13200
0.00335	895.96800
0.00340	717.87600
0.00345	837.21600
0.00350	912.49200
0.00355	646.27200
0.00360	569.16000
0.00365	611.38800
0.00370	569.16000
0.00375	615.06000
0.00380	554.47200
0.00385	594.86400
0.00390	481.03200
0.00395	442.47600
0.00400	420.44400
0.00405	591.19200
0.00410	488.37600
0.00415	442.47600
0.00420	495.72000
0.00425	418.60800
0.00430	440.64000
0.00435	389.23200
0.00440	444.31200
0.00445	455.32800
0.00450	359.85600
0.00455	457.16400
0.00460	337.82400
0.00465	385.56000
0.00470	482.86800
0.00475	339.66000
0.00480	425.95200
0.00485	358.02000
0.00490	391.06800
0.00495	365.36400
0.00500	403.92000
0.00505	194.61600
0.00510	361.69200
0.00515	369.03600
0.00520	282.74400
0.00525	262.54800
0.00530	335.98800
0.00535	319.46400
0.00540	319.46400
0.00545	244.18800
0.00550	218.48400
0.00555	330.48000
0.00560	332.31600
0.00565	251.53200
0.00570	235.00800
0.00575	150.55200
0.00580	161.56800
0.00585	238.68000
0.00590	201.96000
0.00595	207.46800
0.00600	201.96000
0.00605	238.68000
0.00610	137.70000
0.00615	152.38800
0.00620	335.98800
0.00625	326.80800
0.00630	323.13600
0.00635	286.41600
0.00640	374.54400
0.00645	229.50000
0.00650	183.60000
0.00655	216.64800
0.00660	220.32000
0.00665	179.92800
0.00670	222.15600
0.00675	271.72800
0.00680	196.45200
0.00685	299.26800
0.00690	212.97600
0.00695	209.30400
0.00700	341.49600
0.00705	380.05200
0.00710	157.89600
0.00715	196.45200
0.00720	178.09200
0.00725	203.79600
0.00730	326.80800
0.00735	225.82800
0.00740	348.84000
0.00745	172.58400
0.00750	222.15600
0.00755	218.48400
0.00760	156.06000
0.00765	168.91200
0.00770	154.22400
0.00775	216.64800
0.00780	251.53200
0.00785	194.61600
0.00790	148.71600
0.00795	179.92800
0.00800	235.00800
0.00805	253.36800
0.00810	257.04000
0.00815	313.95600
0.00820	231.33600
0.00825	189.10800
0.00830	163.40400
0.00835	209.30400
0.00840	218.48400
0.00845	211.14000
0.00850	271.72800
0.00855	181.76400
0.00860	231.33600
0.00865	225.82800
0.00870	108.32400
0.00875	150.55200
0.00880	163.40400
0.00885	207.46800
0.00890	178.09200
0.00895	231.33600
0.00900	323.13600
0.00905	165.24000
0.00910	200.12400
0.00915	172.58400
0.00920	192.78000
0.00925	288.25200
0.00930	205.63200
0.00935	262.54800
0.00940	176.25600
0.00945	310.28400
0.00950	113.83200
0.00955	159.73200
0.00960	113.83200
0.00965	222.15600
0.00970	231.33600
0.00975	200.12400
0.00980	99.14400
0.00985	203.79600
0.00990	156.06000
0.00995	100.98000
0.01000	174.42000
0.01005	238.68000
0.01010	150.55200
0.01015	189.10800
0.01020	176.25600
0.01025	141.37200
0.01030	170.74800
0.01035	163.40400
0.01040	119.34000
0.01045	134.02800
0.01050	216.64800
0.01055	161.56800
0.01060	194.61600
0.01065	161.56800
0.01070	176.25600
0.01075	244.18800
0.01080	212.97600
0.01085	233.17200
0.01090	262.54800
0.01095	157.89600
0.01100	203.79600
0.01105	211.14000
0.01110	304.77600
0.01115	238.68000
0.01120	269.89200
0.01125	115.66800
0.01130	207.46800
0.01135	258.87600
0.01140	117.50400
0.01145	200.12400
0.01150	179.92800
0.01155	146.88000
0.01160	194.61600
0.01165	203.79600
0.01170	156.06000
0.01175	290.08800
0.01180	275.40000
0.01185	198.28800
0.01190	168.91200
0.01195	201.96000
0.01200	123.01200
0.01205	150.55200
0.01210	183.60000
0.01215	227.66400
0.01220	273.56400
0.01225	280.90800
0.01230	165.24000
0.01235	102.81600
0.01240	172.58400
0.01245	165.24000
0.01250	130.35600
0.01255	192.78000
0.01260	284.58000
0.01265	223.99200
0.01270	238.68000
0.01275	235.00800
0.01280	190.94400
0.01285	240.51600
0.01290	170.74800
0.01295	159.73200
0.01300	168.91200
0.01305	134.02800
0.01310	163.40400
0.01315	165.24000
0.01320	194.61600
0.01325	170.74800
0.01330	124.84800
0.01335	194.61600
0.01340	146.88000
0.01345	141.37200
0.01350	167.07600
0.01355	168.91200
0.01360	150.55200
0.01365	165.24000
0.01370	178.09200
0.01375	146.88000
0.01380	124.84800
0.01385	178.09200
0.01390	227.66400
0.01395	190.94400
0.01400	212.97600
0.01405	124.84800
0.01410	222.15600
0.01415	113.83200
0.01420	156.06000
0.01425	148.71600
0.01430	146.88000
0.01435	163.40400
0.01440	141.37200
0.01445	115.66800
0.01450	201.96000
0.01455	185.43600
0.01460	192.78000
0.01465	183.60000
0.01470	119.34000
0.01475	141.37200
0.01480	99.14400
0.01485	216.64800
0.01490	196.45200
0.01495	194.61600
0.01500	82.62000
0.01505	154.22400
0.01510	130.35600
0.01515	137.70000
0.01520	143.20800
0.01525	163.40400
0.01530	123.01200
0.01535	190.94400
0.01540	139.53600
0.01545	134.02800
0.01550	161.56800
0.01555	42.22800
0.01560	69.76800
0.01565	220.32000
0.01570	146.88000
0.01575	86.29200
0.01580	110.16000
0.01585	108.32400
0.01590	146.88000
0.01595	97.30800
0.01600	78.94800
0.01605	146.88000
0.01610	179.92800
0.01615	115.66800
0.01620	159.73200
0.01625	183.60000
0.01630	75.27600
0.01635	179.92800
0.01640	115.66800
0.01645	168.91200
0.01650	156.06000
0.01655	172.58400
0.01660	165.24000
0.01665	146.88000
0.01670	124.84800
0.01675	91.80000
0.01680	176.25600
0.01685	128.52000
0.01690	130.35600
0.01695	143.20800
0.01700	209.30400
0.01705	132.19200
0.01710	156.06000
0.01715	88.12800
0.01720	119.34000
0.01725	143.20800
0.01730	159.73200
0.01735	110.16000
0.01740	75.27600
0.01745	165.24000
0.01750	181.76400
0.01755	123.01200
0.01760	77.11200
0.01765	130.35600
0.01770	115.66800
0.01775	91.80000
0.01780	143.20800
0.01785	167.07600
0.01790	146.88000
0.01795	117.50400
0.01800	161.56800
0.01805	211.14000
0.01810	130.35600
0.01815	223.99200
0.01820	187.27200
0.01825	69.76800
0.01830	183.60000
0.01835	163.40400
0.01840	134.02800
0.01845	124.84800
0.01850	88.12800
0.01855	156.06000
0.01860	179.92800
0.01865	117.50400
0.01870	212.97600
0.01875	97.30800
0.01880	145.04400
0.01885	165.24000
0.01890	130.35600
0.01895	196.45200
0.01900	126.68400
0.01905	135.86400
0.01910	89.96400
0.01915	119.34000
0.01920	119.34000
0.01925	110.16000
0.01930	115.66800
0.01935	100.98000
0.01940	168.91200
0.01945	161.56800
0.01950	89.96400
0.01955	130.35600
0.01960	167.07600
0.01965	124.84800
0.01970	42.22800
0.01975	88.12800
0.01980	69.76800
0.01985	113.83200
0.01990	141.37200
0.01995	104.65200
0.02000	99.14400
0.02005	145.04400
0.02010	97.30800
0.02015	119.34000
0.02020	139.53600
0.02025	170.74800
0.02030	187.27200
0.02035	134.02800
0.02040	108.32400
0.02045	106.48800
0.02050	108.32400
0.02055	172.58400
0.02060	246.02400
0.02065	66.09600
0.02070	108.32400
0.02075	73.44000
0.02080	55.08000
0.02085	156.06000
0.02090	102.81600
0.02095	121.17600
0.02100	146.88000
0.02105	189.10800
0.02110	134.02800
0.02115	189.10800
0.02120	293.76000
0.02125	446.14800
0.02130	394.74000
0.02135	398.41200
0.02140	477.36000
0.02145	758.26800
0.02150	778.46400
0.02155	1263.16800
0.02160	1580.79600
0.02165	1957.17600
0.02170	2586.92400
0.02175	3163.42800
0.02180	3429.64800
0.02185	4114.47600
0.02190	4408.23600
0.02195	5339.08800
0.02200	6334.20000
0.02205	6754.64400
0.02210	7009.84800
0.02215	7367.86800
0.02220	7490.88000
0.02225	7468.84800
0.02230	7479.86400
0.02235	7222.82400
0.02240	7938.86400
0.02245	6582.06000
0.02250	5858.67600
0.02255	5983.52400
0.02260	5785.23600
0.02265	4724.02800
0.02270	3987.79200
0.02275	4213.62000
0.02280	4009.82400
0.02285	4004.31600
0.02290	3776.65200
0.02295	3585.70800
0.02300	2935.76400
0.02305	3196.47600
0.02310	2776.03200
0.02315	2805.40800
0.02320	2372.11200
0.02325	2966.97600
0.02330	2476.76400
0.02335	2083.86000
0.02340	2307.85200
0.02345	1836.00000
0.02350	1935.14400
0.02355	2170.15200
0.02360	1973.70000
0.02365	2107.72800
0.02370	1826.82000
0.02375	1955.34000
0.02380	1830.49200
0.02385	1437.58800
0.02390	1479.81600
0.02395	1582.63200
0.02400	1463.29200
0.02405	1487.16000
0.02410	1165.86000
0.02415	1320.08400
0.02420	1635.87600
0.02425	1399.03200
0.02430	1637.71200
0.02435	1283.36400
0.02440	1272.34800
0.02445	1101.60000
0.02450	1233.79200
0.02455	1277.85600
0.02460	1268.67600
0.02465	1285.20000
0.02470	1064.88000
0.02475	1017.14400
0.02480	1171.36800
0.02485	1158.51600
0.02490	952.88400
0.02495	1127.30400
0.02500	973.08000
0.02505	921.67200
0.02510	908.82000
0.02515	1024.48800
0.02520	1059.37200
0.02525	1018.98000
0.02530	1061.20800
0.02535	973.08000
0.02540	844.56000
0.02545	1002.45600
0.02550	908.82000
0.02555	1070.38800
0.02560	787.64400
0.02565	725.22000
0.02570	791.31600
0.02575	940.03200
0.02580	719.71200
0.02585	879.44400
0.02590	848.23200
0.02595	967.57200
0.02600	739.90800
0.02605	806.00400
0.02610	894.13200
0.02615	993.27600
0.02620	925.34400
0.02625	802.33200
0.02630	864.75600
0.02635	923.50800
0.02640	833.54400
0.02645	728.89200
0.02650	835.38000
0.02655	602.20800
0.02660	756.43200
0.02665	747.25200
0.02670	712.36800
0.02675	732.56400
0.02680	697.68000
0.02685	552.63600
0.02690	815.18400
0.02695	747.25200
0.02700	855.57600
0.02705	767.44800
0.02710	653.61600
0.02715	791.31600
0.02720	743.58000
0.02725	624.24000
0.02730	699.51600
0.02735	679.32000
0.02740	525.09600
0.02745	679.32000
0.02750	532.44000
0.02755	730.72800
0.02760	653.61600
0.02765	675.64800
0.02770	633.42000
0.02775	609.55200
0.02780	651.78000
0.02785	545.29200
0.02790	725.22000
0.02795	666.46800
0.02800	681.15600
0.02805	741.74400
0.02810	666.46800
0.02815	673.81200
0.02820	884.95200
0.02825	815.18400
0.02830	574.66800
0.02835	558.14400
0.02840	598.53600
0.02845	638.92800
0.02850	745.41600
0.02855	633.42000
0.02860	657.28800
0.02865	642.60000
0.02870	681.15600
0.02875	594.86400
0.02880	594.86400
0.02885	482.86800
0.02890	607.71600
0.02895	475.52400
0.02900	530.60400
0.02905	517.75200
0.02910	532.44000
0.02915	418.60800
0.02920	587.52000
0.02925	618.73200
0.02930	682.99200
0.02935	548.96400
0.02940	561.81600
0.02945	725.22000
0.02950	492.04800
0.02955	604.04400
0.02960	530.60400
0.02965	521.42400
0.02970	589.35600
0.02975	758.26800
0.02980	615.06000
0.02985	475.52400
0.02990	585.68400
0.02995	637.09200
0.03000	537.94800
0.03005	653.61600
0.03010	723.38400
0.03015	462.67200
0.03020	532.44000
0.03025	526.93200
0.03030	655.45200
0.03035	556.30800
0.03040	605.88000
0.03045	470.01600
0.03050	459.00000
0.03055	460.83600
0.03060	570.99600
0.03065	633.42000
0.03070	594.86400
0.03075	499.39200
0.03080	464.50800
0.03085	613.22400
0.03090	706.86000
0.03095	510.40800
0.03100	490.21200
0.03105	376.38000
0.03110	435.13200
0.03115	547.12800
0.03120	629.74800
0.03125	459.00000
0.03130	649.94400
0.03135	536.11200
0.03140	396.57600
0.03145	609.55200
0.03150	543.45600
0.03155	615.06000
0.03160	468.18000
0.03165	449.82000
0.03170	563.65200
0.03175	495.72000
0.03180	598.53600
0.03185	537.94800
0.03190	552.63600
0.03195	556.30800
0.03200	653.61600
0.03205	618.73200
0.03210	504.90000
0.03215	514.08000
0.03220	492.04800
0.03225	503.06400
0.03230	600.37200
0.03235	526.93200
0.03240	589.35600
0.03245	626.07600
0.03250	705.02400
0.03255	708.69600
0.03260	587.52000
0.03265	631.58400
0.03270	422.28000
0.03275	640.76400
0.03280	817.02000
0.03285	484.70400
0.03290	611.38800
0.03295	613.22400
0.03300	552.63600
0.03305	644.43600
0.03310	497.55600
0.03315	488.37600
0.03320	558.14400
0.03325	593.02800
0.03330	528.76800
0.03335	580.17600
0.03340	719.71200
0.03345	488.37600
0.03350	455.32800
0.03355	591.19200
0.03360	532.44000
0.03365	587.52000
0.03370	648.10800
0.03375	536.11200
0.03380	442.47600
0.03385	512.24400
0.03390	468.18000
0.03395	547.12800
0.03400	482.86800
0.03405	626.07600
0.03410	539.78400
0.03415	444.31200
0.03420	602.20800
0.03425	607.71600
0.03430	503.06400
0.03435	626.07600
0.03440	526.93200
0.03445	484.70400
0.03450	686.66400
0.03455	515.91600
0.03460	794.98800
0.03465	539.78400
0.03470	684.82800
0.03475	644.43600
0.03480	591.19200
0.03485	644.43600
0.03490	530.60400
0.03495	530.60400
0.03500	449.82000
0.03505	493.88400
0.03510	778.46400
0.03515	596.70000
0.03520	596.70000
0.03525	604.04400
0.03530	635.25600
0.03535	668.30400
0.03540	690.33600
0.03545	493.88400
0.03550	624.24000
0.03555	736.23600
0.03560	727.05600
0.03565	537.94800
0.03570	468.18000
0.03575	548.96400
0.03580	611.38800
0.03585	389.23200
0.03590	464.50800
0.03595	596.70000
0.03600	477.36000
0.03605	479.19600
0.03610	486.54000
0.03615	758.26800
0.03620	747.25200
0.03625	492.04800
0.03630	591.19200
0.03635	717.87600
0.03640	532.44000
0.03645	705.02400
0.03650	604.04400
0.03655	591.19200
0.03660	558.14400
0.03665	550.80000
0.03670	475.52400
0.03675	580.17600
0.03680	635.25600
0.03685	596.70000
0.03690	561.81600
0.03695	572.83200
0.03700	633.42000
0.03705	574.66800
0.03710	550.80000
0.03715	554.47200
0.03720	738.07200
0.03725	563.65200
0.03730	719.71200
0.03735	611.38800
0.03740	593.02800
0.03745	528.76800
0.03750	523.26000
0.03755	543.45600
0.03760	659.12400
0.03765	710.53200
0.03770	598.53600
0.03775	598.53600
0.03780	798.66000
0.03785	635.25600
0.03790	600.37200
0.03795	609.55200
0.03800	633.42000
0.03805	716.04000
0.03810	475.52400
0.03815	649.94400
0.03820	714.20400
0.03825	528.76800
0.03830	578.34000
0.03835	622.40400
0.03840	558.14400
0.03845	600.37200
0.03850	503.06400
0.03855	561.81600
0.03860	515.91600
0.03865	558.14400
0.03870	486.54000
0.03875	659.12400
0.03880	525.09600
0.03885	561.81600
0.03890	422.28000
0.03895	677.48400
0.03900	851.90400
0.03905	655.45200
0.03910	547.12800
0.03915	446.14800
0.03920	582.01200
0.03925	574.66800
0.03930	475.52400
0.03935	655.45200
0.03940	644.43600
0.03945	526.93200
0.03950	734.40000
0.03955	638.92800
0.03960	671.97600
0.03965	574.66800
0.03970	530.60400
0.03975	769.28400
0.03980	644.43600
0.03985	438.80400
0.03990	517.75200
0.03995	638.92800
0.04000	580.17600
0.04005	607.71600
0.04010	536.11200
0.04015	620.56800
0.04020	537.94800
0.04025	492.04800
0.04030	556.30800
0.04035	580.17600
0.04040	600.37200
0.04045	449.82000
0.04050	501.22800
0.04055	495.72000
0.04060	572.83200
0.04065	436.96800
0.04070	618.73200
0.04075	503.06400
0.04080	600.37200
0.04085	547.12800
0.04090	618.73200
0.04095	600.37200
0.04100	616.89600
0.04105	622.40400
0.04110	447.98400
0.04115	484.70400
0.04120	660.96000
0.04125	532.44000
0.04130	697.68000
0.04135	570.99600
0.04140	677.48400
0.04145	616.89600
0.04150	594.86400
0.04155	587.52000
0.04160	670.14000
0.04165	554.47200
0.04170	517.75200
0.04175	530.60400
0.04180	466.34400
0.04185	642.60000
0.04190	616.89600
0.04195	556.30800
0.04200	589.35600
0.04205	589.35600
0.04210	596.70000
0.04215	565.48800
0.04220	774.79200
0.04225	482.86800
0.04230	436.96800
0.04235	534.27600
0.04240	479.19600
0.04245	497.55600
0.04250	424.11600
0.04255	534.27600
0.04260	525.09600
0.04265	660.96000
0.04270	427.78800
0.04275	455.32800
0.04280	574.66800
0.04285	521.42400
0.04290	424.11600
0.04295	470.01600
0.04300	743.58000
0.04305	530.60400
0.04310	455.32800
0.04315	536.11200
0.04320	481.03200
0.04325	615.06000
0.04330	605.88000
0.04335	637.09200
0.04340	616.89600
0.04345	565.48800
0.04350	580.17600
0.04355	717.87600
0.04360	578.34000
0.04365	626.07600
0.04370	563.65200
0.04375	644.43600
0.04380	591.19200
0.04385	530.60400
0.04390	615.06000
0.04395	455.32800
0.04400	464.50800
0.04405	539.78400
0.04410	442.47600
0.04415	455.32800
0.04420	424.11600
0.04425	451.65600
0.04430	323.13600
0.04435	541.62000
0.04440	594.86400
0.04445	510.40800
0.04450	468.18000
0.04455	515.91600
0.04460	640.76400
0.04465	570.99600
0.04470	719.71200
0.04475	591.19200
0.04480	640.76400
0.04485	488.37600
0.04490	495.72000
0.04495	565.48800
0.04500	776.62800
0.04505	504.90000
0.04510	543.45600
0.04515	655.45200
0.04520	574.66800
0.04525	723.38400
0.04530	495.72000
0.04535	486.54000
0.04540	466.34400
0.04545	526.93200
0.04550	495.72000
0.04555	519.58800
0.04560	501.22800
0.04565	653.61600
0.04570	446.14800
0.04575	662.79600
0.04580	771.12000
0.04585	499.39200
0.04590	495.72000
0.04595	446.14800
0.04600	664.63200
0.04605	569.16000
0.04610	633.42000
0.04615	655.45200
0.04620	600.37200
0.04625	455.32800
0.04630	622.40400
0.04635	582.01200
0.04640	552.63600
0.04645	670.14000
0.04650	747.25200
0.04655	604.04400
0.04660	506.73600
0.04665	629.74800
0.04670	679.32000
0.04675	609.55200
0.04680	681.15600
0.04685	574.66800
0.04690	701.35200
0.04695	710.53200
0.04700	525.09600
0.04705	578.34000
0.04710	594.86400
0.04715	682.99200
0.04720	644.43600
0.04725	536.11200
0.04730	626.07600
0.04735	615.06000
0.04740	572.83200
0.04745	543.45600
0.04750	385.56000
0.04755	629.74800
0.04760	558.14400
0.04765	671.97600
0.04770	457.16400
0.04775	648.10800
0.04780	515.91600
0.04785	534.27600
0.04790	554.47200
0.04795	682.99200
0.04800	495.72000
0.04805	646.27200
0.04810	701.35200
0.04815	745.41600
0.04820	519.58800
0.04825	629.74800
0.04830	508.57200
0.04835	580.17600
0.04840	585.68400
0.04845	655.45200
0.04850	541.62000
0.04855	602.20800
0.04860	618.73200
0.04865	692.17200
0.04870	578.34000
0.04875	631.58400
0.04880	497.55600
0.04885	613.22400
0.04890	684.82800
0.04895	750.92400
0.04900	598.53600
0.04905	552.63600
0.04910	475.52400
0.04915	582.01200
0.04920	589.35600
0.04925	561.81600
0.04930	591.19200
0.04935	570.99600
0.04940	686.66400
0.04945	537.94800
0.04950	484.70400
0.04955	585.68400
0.04960	684.82800
0.04965	640.76400
0.04970	716.04000
0.04975	829.87200
0.04980	536.11200
0.04985	684.82800
0.04990	648.10800
