0.02986 -0.0250000004 -0.0219123363 -0.0272919314 asynchronous_release_0
0.026125 -0.0250000004 0.0114133407 0.0330867897 asynchronous_release_0
0.016549 -0.0250000004 0.0348368464 0.00337551927 asynchronous_release_0
0.04594 -0.0250000004 0.000813766696 0.000581191676 asynchronous_release_0
0.037308 -0.0250000004 0.0349321491 0.00217829259 asynchronous_release_0
0.034002 -0.0250000004 -0.0162312723 -0.031008802 asynchronous_release_0
0.027193 -0.0250000004 0.0349717889 0.0014049852 asynchronous_release_0
0.043628 -0.0250000004 0.0315802155 -0.0150894 asynchronous_release_0
0.046758 -0.0250000004 0.0244953589 0.0249995478 asynchronous_release_0
0.028224 -0.0250000004 0.000680528039 -0.00073272204 asynchronous_release_0
0.029231 -0.0250000004 -0.034925259 0.00228610666 asynchronous_release_0
0.0439 -0.0250000004 0.0152896254 0.0314837634 asynchronous_release_0
0.044906 -0.0250000004 0.000899536096 -0.000436846439 asynchronous_release_0
0.039433 -0.0250000004 0.0272171208 0.0220051888 asynchronous_release_0
0.033491 -0.0250000004 -0.00508784566 -0.034628223 asynchronous_release_0
0.023585 -0.0250000004 -0.00978085221 0.0336055789 asynchronous_release_0
0.035136 -0.0250000004 0.0260817745 -0.0233396881 asynchronous_release_4
0.04367 -0.0250000004 0.0349905355 -0.000813893337 asynchronous_release_0
0.046899 -0.0250000004 0.0182001201 0.029895746 asynchronous_release_0
0.023173 -0.0250000004 0.0304355386 0.0172823029 asynchronous_release_0
0.030422 -0.0250000004 -0.0325352621 -0.0129018107 asynchronous_release_0
0.040927 -0.0250000004 0.000989350539 -0.000145552434 asynchronous_release_0
0.016382 -0.0250000004 0.0273826108 -0.0217989135 asynchronous_release_0
0.044271 -0.0250000004 -0.000809732865 -0.000586798677 asynchronous_release_0
0.004564 -0.0250000004 -0.00418411463 -0.0347490026 asynchronous_release_3
0.046402 -0.0250000004 -0.0338206296 0.00900916267 asynchronous_release_1
0.035209 -0.0250000004 0.0261224019 -0.0232942079 asynchronous_release_0
0.044072 -0.0250000004 -0.000999517066 3.10746606e-05 asynchronous_release_0
0.030431 -0.0250000004 0.00941719522 0.033709293 asynchronous_release_1
0.029978 -0.0250000004 0.010192663 -0.0334829751 asynchronous_release_0
0.029615 -0.0250000004 3.67480442e-05 0.000999324563 asynchronous_release_0
0.034307 -0.0250000004 0.0264950592 0.0228694521 asynchronous_release_0
0.025734 -0.0250000004 0.000971885475 0.000235454078 asynchronous_release_0
0.031246 -0.0250000004 -0.0305095033 0.0171513909 asynchronous_release_0
0.045725 -0.0250000004 0.0331734879 -0.0111588397 asynchronous_release_0
0.029744 -0.0250000004 -0.0184312496 -0.0297538071 asynchronous_release_4
0.047376 -0.0250000004 0.0318887094 0.0144260255 asynchronous_release_0
0.038892 -0.0250000004 0.000225225514 -0.0349992753 asynchronous_release_0
0.024417 -0.0250000004 -0.0310681147 0.0161174516 asynchronous_release_0
0.029337 -0.0250000004 -0.000547393844 -0.000836875128 asynchronous_release_0
0.033182 -0.0250000004 0.000344400665 0.000938822764 asynchronous_release_1
0.047763 -0.0250000004 0.0237950111 0.0256670499 asynchronous_release_0
0.044886 -0.0250000004 -0.000292021335 -0.000956411805 asynchronous_release_0
0.030341 -0.0250000004 0.0154026877 -0.031428605 asynchronous_release_1
0.015853 -0.0250000004 0.000844191733 -0.000536041341 asynchronous_release_0
0.036122 -0.0250000004 0.000379890561 0.000925031438 asynchronous_release_0
0.024367 -0.0250000004 -0.0347141842 0.004463789 asynchronous_release_2
0.023131 -0.0250000004 -0.0315945699 0.0150593212 asynchronous_release_0
0.036257 -0.0250000004 -0.0344840593 0.00598745787 asynchronous_release_0
0.035912 -0.0250000004 -0.00344880673 0.0348296674 asynchronous_release_0
0.022488 -0.0250000004 0.0349663741 -0.00153384655 asynchronous_release_2
0.040943 -0.0250000004 0.000769554742 0.000638580847 asynchronous_release_4
0.034004 -0.0250000004 0.0347934054 0.00379722773 asynchronous_release_0
0.037638 -0.0250000004 0.00620281242 -0.0344459739 asynchronous_release_0
0.049958 -0.0250000004 0.000970108071 0.000242673298 asynchronous_release_0
0.044794 -0.0250000004 0.0337001274 0.00944994258 asynchronous_release_0
0.024805 -0.0250000004 0.0322328817 -0.0136396971 asynchronous_release_0
0.027891 -0.0250000004 0.0322477606 -0.0136044821 asynchronous_release_0
0.038058 -0.0250000004 -0.0217284616 -0.0274385488 asynchronous_release_0
0.039704 -0.0250000004 0.0330578918 0.0114967729 asynchronous_release_0
0.040016 -0.0250000004 0.0348842702 -0.00284388689 asynchronous_release_4
0.041862 -0.0250000004 -0.0346745781 -0.00476168365 asynchronous_release_0
0.026602 -0.0250000004 -0.0209893389 -0.0280079926 asynchronous_release_0
0.026072 -0.0250000004 0.00421449112 0.0347453316 asynchronous_release_4
0.030745 -0.0250000004 0.0309692291 0.0163066504 asynchronous_release_0
0.009101 -0.0250000004 0.0242972911 -0.0251920949 asynchronous_release_0
0.034013 -0.0250000004 -0.01861158 -0.0296413409 asynchronous_release_0
0.034969 -0.0250000004 -0.0286143997 0.0201548042 asynchronous_release_1
0.009154 -0.0250000004 0.0103039216 -0.0334489043 asynchronous_release_0
0.031889 -0.0250000004 0.0112618182 0.03313867 asynchronous_release_0
0.043153 -0.0250000004 0.00029871613 -0.000954342011 asynchronous_release_2
0.01305 -0.0250000004 0.0298764705 -0.0182317445 asynchronous_release_0
0.01874 -0.0250000004 0.00314813915 -0.0348581299 asynchronous_release_0
0.038942 -0.0250000004 0.0345784499 -0.00541579174 asynchronous_release_0
0.045974 -0.0250000004 -0.0309794321 -0.0162872584 asynchronous_release_0
0.017616 -0.0250000004 -0.0124934376 0.0326942505 asynchronous_release_0
0.038565 -0.0250000004 -0.0323106521 0.0134544328 asynchronous_release_0
0.030362 -0.0250000004 -0.0314999434 -0.0152562632 asynchronous_release_0
0.03721 -0.0250000004 0.00537236001 0.0345852244 asynchronous_release_3
0.012178 -0.0250000004 0.034681046 0.00471434487 asynchronous_release_0
0.020867 -0.0250000004 0.0339568485 -0.00848129959 asynchronous_release_0
0.040529 -0.0250000004 -0.0124099568 0.032726029 asynchronous_release_0
0.043969 -0.0250000004 0.0124099568 -0.032726029 asynchronous_release_0
0.027728 -0.0250000004 0.000998986672 -4.50069864e-05 asynchronous_release_4
0.024782 -0.0250000004 0.0202083567 0.0285766044 asynchronous_release_0
0.036541 -0.0250000004 0.00929592949 -0.0337429355 asynchronous_release_0
0.036822 -0.0250000004 2.68206621e-05 0.000999640261 asynchronous_release_0
0.023549 -0.0250000004 0.0349966221 0.000486251743 asynchronous_release_1
0.046677 -0.0250000004 0.0349965709 -0.000489926117 asynchronous_release_0
0.033533 -0.0250000004 -0.000302740602 0.000953072992 asynchronous_release_0
0.035466 -0.0250000004 0.0348449695 -0.00329060747 asynchronous_release_0
0.0307 -0.0250000004 -0.0330795386 -0.0114343397 asynchronous_release_0
0.047794 -0.0250000004 0.0314415056 0.0153763366 asynchronous_release_0
0.009992 -0.0250000004 0.0221861268 0.0270698315 asynchronous_release_0
0.046412 -0.0250000004 0.0293192938 -0.0191148898 asynchronous_release_0
0.03224 -0.0250000004 0.0329023802 -0.0119345456 asynchronous_release_0
0.04025 -0.0250000004 0.000938641665 0.000344893932 asynchronous_release_1
0.025105 -0.0250000004 -0.027247918 -0.0219670427 asynchronous_release_0
0.03972 -0.0250000004 0.02749132 -0.0216616556 asynchronous_release_0
0.046099 -0.0250000004 -0.0300844192 -0.0178865234 asynchronous_release_0
0.037242 -0.0250000004 0.00194197529 -0.0349460832 asynchronous_release_0
0.014018 -0.0250000004 -0.0256095869 -0.0238568452 asynchronous_release_0
0.039496 -0.0250000004 -0.0136180382 -0.0322420383 asynchronous_release_0
0.039304 -0.0250000004 0.00528319087 -0.034598958 asynchronous_release_0
0.034125 -0.0250000004 -0.0142206864 0.031980808 asynchronous_release_0
0.025645 -0.0250000004 0.000495926747 0.00086836436 asynchronous_release_4
0.034138 -0.0250000004 -0.0347055861 0.00453015349 asynchronous_release_0
0.044695 -0.0250000004 0.0228075297 -0.026548382 asynchronous_release_0
0.03379 -0.0250000004 -0.000922327255 0.000386409671 asynchronous_release_0
0.03876 -0.0250000004 0.0334595791 -0.0102692048 asynchronous_release_0
0.01493 -0.0250000004 0.000317016078 -0.000948420164 asynchronous_release_0
0.041728 -0.0250000004 0.00698831368 0.0342952398 asynchronous_release_0
0.045672 -0.0250000004 0.0330796181 -0.0114341099 asynchronous_release_0
0.042569 -0.0250000004 0.0278984526 0.0211347189 asynchronous_release_0
0.018893 -0.0250000004 -0.00415395212 0.0347526212 asynchronous_release_0
0.046434 -0.0250000004 0.0133391471 0.0323584171 asynchronous_release_0
0.036521 -0.0250000004 0.000995048881 -9.93867433e-05 asynchronous_release_0
0.048045 -0.0250000004 0.027747411 -0.0213326319 asynchronous_release_0
0.027533 -0.0250000004 0.0289255721 0.0197056154 asynchronous_release_0
0.03054 -0.0250000004 0.000561159968 -0.00082770737 asynchronous_release_0
0.027977 -0.0250000004 0.0270233846 -0.0222426771 asynchronous_release_0
0.032275 -0.0250000004 0.000738533177 -0.000674217136 asynchronous_release_0
0.028645 -0.0250000004 0.0348013049 -0.00372413402 asynchronous_release_0
0.03693 -0.0250000004 0.000999434598 3.36226798e-05 asynchronous_release_0
0.018469 -0.0250000004 -0.0198407863 -0.0288330227 asynchronous_release_0
0.024103 -0.0250000004 0.000658235424 0.0349938098 asynchronous_release_2
0.03564 -0.0250000004 -0.0103172959 0.0334447814 asynchronous_release_0
0.025362 -0.0250000004 0.0149431019 -0.0316497031 asynchronous_release_3
0.013791 -0.0250000004 -0.0120208995 0.032870929 asynchronous_release_0
0.025449 -0.0250000004 0.0120208995 -0.032870929 asynchronous_release_4
0.040893 -0.0250000004 -0.0330210199 -0.0116022517 asynchronous_release_0
0.029339 -0.0250000004 0.0242714421 0.0252170002 asynchronous_release_0
0.006975 -0.0250000004 0.0316005719 -0.0150467224 asynchronous_release_0
0.022792 -0.0250000004 0.0332830837 -0.0108275732 asynchronous_release_4
0.034029 -0.0250000004 0.0328700006 0.012023438 asynchronous_release_3
0.046765 -0.0250000004 -0.000358084109 0.000933689333 asynchronous_release_0
0.030821 -0.0250000004 0.029955798 0.0181011096 asynchronous_release_0
0.026984 -0.0250000004 -0.0103072185 -0.0334478885 asynchronous_release_0
0.003762 -0.0250000004 -0.0346273826 0.00509356222 asynchronous_release_0
0.008393 -0.0250000004 0.0319770968 0.0142290294 asynchronous_release_0
0.03089 -0.0250000004 0.000392639858 0.000919692308 asynchronous_release_0
0.025676 -0.0250000004 0.0349990412 -0.000259062764 asynchronous_release_4
0.023815 -0.0250000004 -0.000502225882 -0.00086473647 asynchronous_release_1
0.035748 -0.0250000004 -0.000992572573 0.000121653966 asynchronous_release_0
0.04506 -0.0250000004 -0.000661291426 -0.000750129089 asynchronous_release_0
0.037446 -0.0250000004 -0.0330644002 -0.0114780415 asynchronous_release_0
0.047593 -0.0250000004 0.000534693524 -0.000845046055 asynchronous_release_0
0.009635 -0.0250000004 0.0332269854 0.0109985199 asynchronous_release_0
0.044562 -0.0250000004 0.0333936315 -0.0104816686 asynchronous_release_0
0.040132 -0.0250000004 -0.0327885662 -0.012243771 asynchronous_release_4
0.041394 -0.0250000004 -0.0341470621 0.00767972334 asynchronous_release_0
0.026728 -0.0250000004 0.0197367057 -0.0289043673 asynchronous_release_0
0.036259 -0.0250000004 -0.0321232476 0.0138959333 asynchronous_release_1
0.04864 -0.0250000004 -0.000596330911 0.000802738715 asynchronous_release_1
0.040965 -0.0250000004 -0.0166076357 0.0308088694 asynchronous_release_0
0.029465 -0.0250000004 0.0249224042 0.0245738432 asynchronous_release_0
0.016289 -0.0250000004 -0.0205397061 0.0283393802 asynchronous_release_0
0.033461 -0.0250000004 0.00410219905 -0.0347587681 asynchronous_release_3
0.028174 -0.0250000004 0.0195483563 -0.0290320817 asynchronous_release_0
0.047861 -0.0250000004 0.0295922246 -0.0186895758 asynchronous_release_0
0.032438 -0.0250000004 -0.0141468328 -0.0320135459 asynchronous_release_0
0.039802 -0.0250000004 -0.0111674008 0.0331706069 asynchronous_release_0
0.027298 -0.0250000004 0.000949116577 -0.000314924948 asynchronous_release_0
0.022295 -0.0250000004 0.0259953204 0.0234359407 asynchronous_release_0
0.046666 -0.0250000004 0.0267576635 -0.0225616366 asynchronous_release_0
0.02182 -0.0250000004 0.0312013729 0.0158579422 asynchronous_release_0
0.027454 -0.0250000004 -0.00186730568 -0.0349501526 asynchronous_release_0
0.032234 -0.0250000004 0.00830670448 -0.0339999803 asynchronous_release_0
0.035993 -0.0250000004 -0.000679955774 0.0606179648 asynchronous_release_0
0.036036 -0.0250000004 -0.0166252461 0.03079937 asynchronous_release_0
0.023651 -0.0250000004 0.0303779376 0.0173833515 asynchronous_release_2
0.036047 -0.0250000004 0.00994573869 0.0335571495 asynchronous_release_0
0.037527 -0.0250000004 -0.0238728391 -0.0255946782 asynchronous_release_0
0.030781 -0.0250000004 0.0157627017 0.0312495957 asynchronous_release_0
0.041889 -0.0250000004 -0.0311307038 -0.0159962271 asynchronous_release_1
0.031901 -0.0250000004 -0.0237585197 -0.0257008316 asynchronous_release_0
0.038896 -0.0250000004 -0.0306197846 0.0169537251 asynchronous_release_0
0.033751 -0.0250000004 0.000320688924 0.000947184572 asynchronous_release_0
0.048507 -0.0250000004 0.0150408353 0.0316033744 asynchronous_release_0
0.029013 -0.0250000004 -0.00668612283 0.0343554328 asynchronous_release_1
0.02501 -0.0250000004 0.0347883926 -0.00384288185 asynchronous_release_2
0.049542 -0.0250000004 0.0343723314 -0.0065986995 asynchronous_release_0
0.040925 -0.0250000004 0.0346462326 0.0049637252 asynchronous_release_0
0.030843 -0.0250000004 0.0344158356 -0.00636790858 asynchronous_release_2
0.035597 -0.0250000004 -0.0294745967 0.0188745371 asynchronous_release_0
0.034148 -0.0250000004 0.0331161004 -0.0113280138 asynchronous_release_0
0.045789 -0.0250000004 -0.000448949941 0.000893556909 asynchronous_release_0
0.017114 -0.0250000004 -0.0134554415 0.032310232 asynchronous_release_0
0.041574 -0.0250000004 0.0349980282 0.000371516276 asynchronous_release_3
0.04604 -0.0250000004 0.0196053314 0.0289936369 asynchronous_release_0
0.039445 -0.0250000004 -0.000634200458 0.000773168662 asynchronous_release_1
0.043839 -0.0250000004 -0.0123774046 -0.0327383545 asynchronous_release_0
0.037658 -0.0250000004 0.027591239 -0.0215342408 asynchronous_release_0
0.00384 -0.0250000004 0.019477458 0.0290796944 asynchronous_release_0
0.048852 -0.0250000004 -0.0346728272 0.00477441627 asynchronous_release_0
0.038089 -0.0250000004 -0.0168029462 -0.0307027849 asynchronous_release_0
0.024918 -0.0250000004 0.0139763866 -0.0320883252 asynchronous_release_0
0.01189 -0.0250000004 -0.0332830661 0.0108276272 asynchronous_release_1
0.016036 -0.0250000004 0.0245178519 0.0249774886 asynchronous_release_0
