0.000000 0.076121
0.000050 0.087503
0.000100 0.088604
0.000150 0.099376
0.000200 0.096191
0.000250 0.097659
0.000300 0.102802
0.000350 0.091176
0.000400 0.095453
0.000450 0.104275
0.000500 0.079913
0.000550 0.084447
0.000600 0.113566
0.000650 0.080644
0.000700 0.100720
0.000750 0.084206
0.000800 0.113814
0.000850 0.102928
0.000900 0.118959
0.000950 0.115403
0.001000 0.106348
0.001050 0.096422
0.001100 0.133294
0.001150 0.142440
0.001200 0.170111
0.001250 0.183453
0.001300 0.234007
0.001350 0.268381
0.001400 0.318678
0.001450 0.495776
0.001500 0.586550
0.001550 0.852156
0.001600 1.204717
0.001650 1.668915
0.001700 2.267252
0.001750 3.079120
0.001800 3.879500
0.001850 4.741816
0.001900 6.165843
0.001950 7.450741
0.002000 8.504531
0.002050 9.641001
0.002100 10.526892
0.002150 11.150440
0.002200 11.622371
0.002250 11.504603
0.002300 11.093323
0.002350 10.206855
0.002400 9.441756
0.002450 8.482398
0.002500 7.385250
0.002550 6.631916
0.002600 5.840298
0.002650 5.242912
0.002700 4.500629
0.002750 4.142473
0.002800 3.714771
0.002850 3.372763
0.002900 3.187655
0.002950 2.940123
0.003000 2.655520
0.003050 2.573108
0.003100 2.343624
0.003150 2.131508
0.003200 2.069000
0.003250 1.900796
0.003300 1.874313
0.003350 1.892511
0.003400 1.823310
0.003450 1.603200
0.003500 1.528594
0.003550 1.533548
0.003600 1.504598
0.003650 1.484110
0.003700 1.340820
0.003750 1.269692
0.003800 1.283139
0.003850 1.331563
0.003900 1.250353
0.003950 1.180853
0.004000 1.299177
0.004050 1.203919
0.004100 1.104076
0.004150 1.181308
0.004200 1.107385
0.004250 1.199133
0.004300 1.116059
0.004350 1.156775
0.004400 1.177821
0.004450 1.058947
0.004500 1.047834
0.004550 1.045754
0.004600 1.059577
0.004650 1.059487
0.004700 0.978898
0.004750 1.065706
0.004800 1.044390
0.004850 0.997166
0.004900 0.955834
0.004950 0.955154
0.005000 0.911522
0.005050 0.934178
0.005100 0.862689
0.005150 0.928171
0.005200 0.933710
0.005250 0.884338
0.005300 0.938554
0.005350 0.954886
0.005400 0.887374
0.005450 0.823428
0.005500 0.876107
0.005550 0.844467
0.005600 0.813560
0.005650 0.860710
0.005700 0.825246
0.005750 0.807468
0.005800 0.808347
0.005850 0.828043
0.005900 0.742341
0.005950 0.722741
0.006000 0.781058
0.006050 0.809576
0.006100 0.792614
0.006150 0.741672
0.006200 0.805525
0.006250 0.707015
0.006300 0.735816
0.006350 0.712060
0.006400 0.739976
0.006450 0.710018
0.006500 0.726742
0.006550 0.710532
0.006600 0.674861
0.006650 0.736793
0.006700 0.706202
0.006750 0.705820
0.006800 0.722158
0.006850 0.687520
0.006900 0.708826
0.006950 0.706916
0.007000 0.670104
0.007050 0.689548
0.007100 0.654589
0.007150 0.654403
0.007200 0.704176
0.007250 0.660444
0.007300 0.720527
0.007350 0.675181
0.007400 0.684371
0.007450 0.683427
0.007500 0.614232
0.007550 0.661778
0.007600 0.685345
0.007650 0.622057
0.007700 0.613633
0.007750 0.613465
0.007800 0.622703
0.007850 0.602237
0.007900 0.606158
0.007950 0.621642
0.008000 0.662171
0.008050 0.643465
0.008100 0.660532
0.008150 0.622248
0.008200 0.641264
0.008250 0.646106
0.008300 0.603519
0.008350 0.568807
0.008400 0.619065
0.008450 0.645133
0.008500 0.585539
0.008550 0.592547
0.008600 0.597141
0.008650 0.602041
0.008700 0.616697
0.008750 0.561421
0.008800 0.570195
0.008850 0.608349
0.008900 0.536378
0.008950 0.543142
0.009000 0.557470
0.009050 0.599542
0.009100 0.602614
0.009150 0.611630
0.009200 0.565294
0.009250 0.560052
0.009300 0.545188
0.009350 0.560726
0.009400 0.618654
0.009450 0.595790
0.009500 0.530329
0.009550 0.549255
0.009600 0.556300
0.009650 0.576622
0.009700 0.534829
0.009750 0.566249
0.009800 0.615453
0.009850 0.574879
0.009900 0.597119
0.009950 0.564245
0.010000 0.511928
0.010050 0.560382
0.010100 0.558756
0.010150 0.555006
0.010200 0.557083
0.010250 0.500415
0.010300 0.578024
0.010350 0.507558
0.010400 0.533810
0.010450 0.508288
0.010500 0.501947
0.010550 0.587235
0.010600 0.513049
0.010650 0.548791
0.010700 0.490778
0.010750 0.531222
0.010800 0.564761
0.010850 0.529343
0.010900 0.507788
0.010950 0.516636
0.011000 0.483734
0.011050 0.516436
0.011100 0.533420
0.011150 0.575610
0.011200 0.521500
0.011250 0.477394
0.011300 0.524973
0.011350 0.507401
0.011400 0.460391
0.011450 0.525801
0.011500 0.504394
0.011550 0.480954
0.011600 0.465934
0.011650 0.492008
0.011700 0.483035
0.011750 0.500715
0.011800 0.504262
0.011850 0.476534
0.011900 0.470300
0.011950 0.469364
0.012000 0.445858
0.012050 0.451194
0.012100 0.494357
0.012150 0.470071
0.012200 0.490165
0.012250 0.494113
0.012300 0.439904
0.012350 0.499450
0.012400 0.502785
0.012450 0.467243
0.012500 0.520461
0.012550 0.494515
0.012600 0.492373
0.012650 0.484443
0.012700 0.427283
0.012750 0.460153
0.012800 0.451086
0.012850 0.449732
0.012900 0.537278
0.012950 0.494616
0.013000 0.450487
0.013050 0.449939
0.013100 0.511528
0.013150 0.484926
0.013200 0.466570
0.013250 0.482922
0.013300 0.471494
0.013350 0.480642
0.013400 0.457143
0.013450 0.436419
0.013500 0.430980
0.013550 0.472606
0.013600 0.475994
0.013650 0.462770
0.013700 0.453040
0.013750 0.490464
0.013800 0.443320
0.013850 0.409626
0.013900 0.503972
0.013950 0.427478
0.014000 0.498309
0.014050 0.441085
0.014100 0.368310
0.014150 0.433132
0.014200 0.383564
0.014250 0.489118
0.014300 0.411875
0.014350 0.442167
0.014400 0.415323
0.014450 0.450317
0.014500 0.416764
0.014550 0.473148
0.014600 0.420879
0.014650 0.455739
0.014700 0.445285
0.014750 0.433593
0.014800 0.442031
0.014850 0.457163
0.014900 0.444991
0.014950 0.459147
0.015000 0.419315
0.015050 0.469735
0.015100 0.464046
0.015150 0.454396
0.015200 0.444393
0.015250 0.430361
0.015300 0.460447
0.015350 0.432355
0.015400 0.442351
0.015450 0.412811
0.015500 0.443676
0.015550 0.400318
0.015600 0.438281
0.015650 0.510567
0.015700 0.415063
0.015750 0.438137
0.015800 0.427873
0.015850 0.462711
0.015900 0.413386
0.015950 0.451958
0.016000 0.385326
0.016050 0.413746
0.016100 0.425679
0.016150 0.368753
0.016200 0.379916
0.016250 0.369384
0.016300 0.429103
0.016350 0.464485
0.016400 0.419954
0.016450 0.402444
0.016500 0.386138
0.016550 0.455380
0.016600 0.438375
0.016650 0.415241
0.016700 0.422421
0.016750 0.407527
0.016800 0.434662
0.016850 0.433684
0.016900 0.422224
0.016950 0.402538
0.017000 0.353729
0.017050 0.424569
0.017100 0.456624
0.017150 0.419850
0.017200 0.494223
0.017250 0.411847
0.017300 0.418660
0.017350 0.409558
0.017400 0.389941
0.017450 0.370889
0.017500 0.393477
0.017550 0.459237
0.017600 0.394275
0.017650 0.411273
0.017700 0.398273
0.017750 0.432543
0.017800 0.421438
0.017850 0.406690
0.017900 0.457905
0.017950 0.402659
0.018000 0.481995
0.018050 0.382831
0.018100 0.351842
0.018150 0.386876
0.018200 0.416756
0.018250 0.435200
0.018300 0.390333
0.018350 0.377511
0.018400 0.381588
0.018450 0.372778
0.018500 0.377282
0.018550 0.395616
0.018600 0.394731
0.018650 0.397607
0.018700 0.414034
0.018750 0.355420
0.018800 0.360832
0.018850 0.391264
0.018900 0.387098
0.018950 0.447906
0.019000 0.402541
0.019050 0.376707
0.019100 0.345717
0.019150 0.396303
0.019200 0.418822
0.019250 0.387888
0.019300 0.402017
0.019350 0.348381
0.019400 0.372544
0.019450 0.401600
0.019500 0.411355
0.019550 0.411409
0.019600 0.410308
0.019650 0.396220
0.019700 0.362298
0.019750 0.382394
0.019800 0.347881
0.019850 0.413825
0.019900 0.373359
0.019950 0.419411
0.020000 0.379216
0.020050 0.368892
0.020100 0.400023
0.020150 0.357477
0.020200 0.432087
0.020250 0.378571
0.020300 0.340146
0.020350 0.372044
0.020400 0.382114
0.020450 0.363170
0.020500 0.408225
0.020550 0.372055
0.020600 0.421546
0.020650 0.369160
0.020700 0.405224
0.020750 0.360034
0.020800 0.402108
0.020850 0.334990
0.020900 0.404842
0.020950 0.353836
0.021000 0.390895
0.021050 0.451027
0.021100 0.469729
0.021150 0.553877
0.021200 0.601237
0.021250 0.732441
0.021300 0.797542
0.021350 0.822020
0.021400 1.083054
0.021450 1.311518
0.021500 1.691560
0.021550 2.186988
0.021600 2.906230
0.021650 3.754540
0.021700 4.902712
0.021750 6.254914
0.021800 7.565167
0.021850 9.123835
0.021900 10.861110
0.021950 12.430484
0.022000 13.937047
0.022050 14.973937
0.022100 15.873494
0.022150 16.461702
0.022200 16.811355
0.022250 16.920277
0.022300 16.602128
0.022350 15.218716
0.022400 13.842194
0.022450 12.707610
0.022500 11.766237
0.022550 10.517687
0.022600 9.404146
0.022650 8.282056
0.022700 7.725619
0.022750 6.988843
0.022800 6.041389
0.022850 5.958215
0.022900 5.535165
0.022950 5.254583
0.023000 4.931489
0.023050 4.474979
0.023100 4.239038
0.023150 3.980606
0.023200 3.839003
0.023250 3.695487
0.023300 3.483736
0.023350 3.262142
0.023400 3.246842
0.023450 3.099798
0.023500 2.977675
0.023550 2.713133
0.023600 2.844192
0.023650 2.541394
0.023700 2.511196
0.023750 2.477450
0.023800 2.455392
0.023850 2.299810
0.023900 2.207415
0.023950 2.068343
0.024000 2.191974
0.024050 2.084522
0.024100 2.017924
0.024150 2.019144
0.024200 1.951006
0.024250 1.884380
0.024300 1.915708
0.024350 1.904278
0.024400 1.880545
0.024450 1.767479
0.024500 1.824091
0.024550 1.761489
0.024600 1.745828
0.024650 1.735008
0.024700 1.699369
0.024750 1.698727
0.024800 1.663786
0.024850 1.600744
0.024900 1.575245
0.024950 1.690593
0.025000 1.583689
0.025050 1.481163
0.025100 1.535464
0.025150 1.558340
0.025200 1.549539
0.025250 1.530567
0.025300 1.451151
0.025350 1.476423
0.025400 1.509992
0.025450 1.486642
0.025500 1.520389
0.025550 1.432481
0.025600 1.356372
0.025650 1.419630
0.025700 1.364813
0.025750 1.429393
0.025800 1.294275
0.025850 1.359879
0.025900 1.342830
0.025950 1.315288
0.026000 1.250602
0.026050 1.336408
0.026100 1.298241
0.026150 1.349465
0.026200 1.384714
0.026250 1.322860
0.026300 1.236943
0.026350 1.333759
0.026400 1.294122
0.026450 1.346486
0.026500 1.238791
0.026550 1.169861
0.026600 1.218876
0.026650 1.195018
0.026700 1.182269
0.026750 1.262185
0.026800 1.241601
0.026850 1.192933
0.026900 1.249645
0.026950 1.129021
0.027000 1.219806
0.027050 1.168558
0.027100 1.227263
0.027150 1.252573
0.027200 1.131425
0.027250 1.157583
0.027300 1.184988
0.027350 1.071716
0.027400 1.138453
0.027450 1.212165
0.027500 1.242759
0.027550 1.130559
0.027600 1.091858
0.027650 1.129408
0.027700 1.091691
0.027750 1.110491
0.027800 1.025243
0.027850 1.060631
0.027900 1.075537
0.027950 1.049653
0.028000 1.111156
0.028050 1.074648
0.028100 1.124656
0.028150 1.015328
0.028200 1.099222
0.028250 1.121878
0.028300 1.086829
0.028350 0.982875
0.028400 1.003561
0.028450 1.073387
0.028500 1.068790
0.028550 1.093922
0.028600 1.144980
0.028650 0.984508
0.028700 1.089430
0.028750 0.980638
0.028800 1.169597
0.028850 0.953793
0.028900 1.037956
0.028950 0.986266
0.029000 1.008686
0.029050 1.019592
0.029100 1.023568
0.029150 0.945814
0.029200 1.004560
0.029250 1.031388
0.029300 0.993206
0.029350 1.024222
0.029400 0.925826
0.029450 0.914258
0.029500 0.954059
0.029550 1.034921
0.029600 0.938303
0.029650 0.897635
0.029700 0.950187
0.029750 1.040563
0.029800 0.963050
0.029850 1.021500
0.029900 0.866410
0.029950 0.943352
0.030000 0.908303
0.030050 0.883925
0.030100 0.999332
0.030150 0.916608
0.030200 0.865547
0.030250 0.971197
0.030300 0.935950
0.030350 0.983834
0.030400 0.901029
0.030450 0.871505
0.030500 0.940217
0.030550 0.904625
0.030600 0.884193
0.030650 0.932439
0.030700 0.912051
0.030750 0.839829
0.030800 0.971492
0.030850 0.883180
0.030900 0.987576
0.030950 0.882308
0.031000 0.910675
0.031050 0.872013
0.031100 0.906065
0.031150 0.899731
0.031200 0.950251
0.031250 0.856417
0.031300 0.853684
0.031350 0.964616
0.031400 0.935192
0.031450 0.885476
0.031500 0.923241
0.031550 0.852491
0.031600 0.926371
0.031650 0.879517
0.031700 0.879440
0.031750 0.880008
0.031800 0.965946
0.031850 0.840482
0.031900 0.908692
0.031950 0.853712
0.032000 0.792714
0.032050 0.915052
0.032100 0.814851
0.032150 0.771507
0.032200 0.839556
0.032250 0.905994
0.032300 0.818764
0.032350 0.873698
0.032400 0.832195
0.032450 0.828859
0.032500 0.816403
0.032550 0.777167
0.032600 0.833098
0.032650 0.887988
0.032700 0.806899
0.032750 0.958983
0.032800 0.869996
0.032850 0.818116
0.032900 0.866176
0.032950 0.879484
0.033000 0.787101
0.033050 0.884301
0.033100 0.867252
0.033150 0.852790
0.033200 0.852901
0.033250 0.785755
0.033300 0.867723
0.033350 0.768373
0.033400 0.811751
0.033450 0.835903
0.033500 0.852120
0.033550 0.794498
0.033600 0.807292
0.033650 0.774320
0.033700 0.816135
0.033750 0.783109
0.033800 0.783118
0.033850 0.794662
0.033900 0.775032
0.033950 0.844404
0.034000 0.746565
0.034050 0.852903
0.034100 0.851121
0.034150 0.842499
0.034200 0.790692
0.034250 0.824416
0.034300 0.836312
0.034350 0.793916
0.034400 0.749965
0.034450 0.722391
0.034500 0.769334
0.034550 0.746598
0.034600 0.744562
0.034650 0.794576
0.034700 0.817710
0.034750 0.804760
0.034800 0.752033
0.034850 0.802391
0.034900 0.776084
0.034950 0.783272
0.035000 0.789097
0.035050 0.717033
0.035100 0.729029
0.035150 0.742493
0.035200 0.769418
0.035250 0.768932
0.035300 0.726032
0.035350 0.770750
0.035400 0.712861
0.035450 0.805965
0.035500 0.743762
0.035550 0.817296
0.035600 0.727871
0.035650 0.772309
0.035700 0.770467
0.035750 0.692729
0.035800 0.727959
0.035850 0.737497
0.035900 0.786628
0.035950 0.717892
0.036000 0.756306
0.036050 0.768896
0.036100 0.727321
0.036150 0.813729
0.036200 0.744628
0.036250 0.737684
0.036300 0.785971
0.036350 0.693233
0.036400 0.726237
0.036450 0.686385
0.036500 0.676348
0.036550 0.744602
0.036600 0.731781
0.036650 0.688821
0.036700 0.711843
0.036750 0.743063
0.036800 0.669764
0.036850 0.728276
0.036900 0.764864
0.036950 0.800128
0.037000 0.719205
0.037050 0.696579
0.037100 0.671640
0.037150 0.706128
0.037200 0.757898
0.037250 0.742744
0.037300 0.733512
0.037350 0.760154
0.037400 0.761444
0.037450 0.695246
0.037500 0.728673
0.037550 0.722385
0.037600 0.682194
0.037650 0.684828
0.037700 0.733535
0.037750 0.714403
0.037800 0.747435
0.037850 0.722997
0.037900 0.709854
0.037950 0.608506
0.038000 0.671141
0.038050 0.697455
0.038100 0.788735
0.038150 0.729873
0.038200 0.660076
0.038250 0.691124
0.038300 0.707728
0.038350 0.712116
0.038400 0.741905
0.038450 0.718687
0.038500 0.690759
0.038550 0.731437
0.038600 0.701164
0.038650 0.708706
0.038700 0.740309
0.038750 0.679697
0.038800 0.698888
0.038850 0.776510
0.038900 0.715776
0.038950 0.659494
0.039000 0.700627
0.039050 0.719247
0.039100 0.748124
0.039150 0.662654
0.039200 0.653793
0.039250 0.746299
0.039300 0.690422
0.039350 0.687922
0.039400 0.671217
0.039450 0.728715
0.039500 0.697055
0.039550 0.695377
0.039600 0.738107
0.039650 0.723837
0.039700 0.649099
0.039750 0.591597
0.039800 0.757045
0.039850 0.734795
0.039900 0.738035
0.039950 0.721293
0.040000 0.698086
0.040050 0.724522
0.040100 0.722155
0.040150 0.628933
0.040200 0.671414
0.040250 0.710836
0.040300 0.647922
0.040350 0.709212
0.040400 0.698735
0.040450 0.696325
0.040500 0.617678
0.040550 0.659734
0.040600 0.663741
0.040650 0.665327
0.040700 0.629435
0.040750 0.666857
0.040800 0.675011
0.040850 0.593221
0.040900 0.649548
0.040950 0.676568
0.041000 0.710261
0.041050 0.674213
0.041100 0.643800
0.041150 0.694858
0.041200 0.667733
0.041250 0.614083
0.041300 0.679332
0.041350 0.714188
0.041400 0.691975
0.041450 0.648937
0.041500 0.691342
0.041550 0.683986
0.041600 0.672444
0.041650 0.614162
0.041700 0.624146
0.041750 0.665940
0.041800 0.685291
0.041850 0.630973
0.041900 0.648620
0.041950 0.674736
0.042000 0.655537
0.042050 0.696899
0.042100 0.598476
0.042150 0.653316
0.042200 0.644137
0.042250 0.687383
0.042300 0.688438
0.042350 0.645406
0.042400 0.626848
0.042450 0.629480
0.042500 0.607448
0.042550 0.686732
0.042600 0.640910
0.042650 0.629092
0.042700 0.630063
0.042750 0.668707
0.042800 0.649216
0.042850 0.661408
0.042900 0.604069
0.042950 0.562875
0.043000 0.614531
0.043050 0.670683
0.043100 0.637284
0.043150 0.700542
0.043200 0.689635
0.043250 0.607683
0.043300 0.616487
0.043350 0.631403
0.043400 0.642900
0.043450 0.612682
0.043500 0.655529
0.043550 0.637489
0.043600 0.643836
0.043650 0.609132
0.043700 0.702939
0.043750 0.633261
0.043800 0.612461
0.043850 0.658323
0.043900 0.569860
0.043950 0.621900
0.044000 0.610691
0.044050 0.616207
0.044100 0.597906
0.044150 0.656456
0.044200 0.570070
0.044250 0.598576
0.044300 0.594365
0.044350 0.619449
0.044400 0.632177
0.044450 0.592443
0.044500 0.573073
0.044550 0.570591
0.044600 0.570785
0.044650 0.584395
0.044700 0.576576
0.044750 0.610848
0.044800 0.628197
0.044850 0.598015
0.044900 0.643253
0.044950 0.622047
0.045000 0.645825
0.045050 0.574977
0.045100 0.618579
0.045150 0.606283
0.045200 0.603001
0.045250 0.620551
0.045300 0.635443
0.045350 0.576841
0.045400 0.611677
0.045450 0.591123
0.045500 0.543176
0.045550 0.623668
0.045600 0.564741
0.045650 0.645467
0.045700 0.637708
0.045750 0.571304
0.045800 0.619312
0.045850 0.570174
0.045900 0.577858
0.045950 0.589252
0.046000 0.577663
0.046050 0.588169
0.046100 0.573793
0.046150 0.628675
0.046200 0.567190
0.046250 0.581442
0.046300 0.623555
0.046350 0.528465
0.046400 0.574280
0.046450 0.602578
0.046500 0.641213
0.046550 0.610077
0.046600 0.579778
0.046650 0.578340
0.046700 0.603082
0.046750 0.596084
0.046800 0.571265
0.046850 0.595147
0.046900 0.609720
0.046950 0.581104
0.047000 0.542991
0.047050 0.604613
0.047100 0.597597
0.047150 0.628323
0.047200 0.565596
0.047250 0.591598
0.047300 0.600641
0.047350 0.539565
0.047400 0.565608
0.047450 0.545188
0.047500 0.566552
0.047550 0.566092
0.047600 0.577071
0.047650 0.540389
0.047700 0.535111
0.047750 0.623509
0.047800 0.583951
0.047850 0.568223
0.047900 0.536147
0.047950 0.562535
0.048000 0.538077
0.048050 0.581849
0.048100 0.583390
0.048150 0.594580
0.048200 0.577824
0.048250 0.544598
0.048300 0.589600
0.048350 0.596994
0.048400 0.569531
0.048450 0.568177
0.048500 0.550316
0.048550 0.581004
0.048600 0.577736
0.048650 0.581280
0.048700 0.539014
0.048750 0.609838
0.048800 0.592954
0.048850 0.553528
0.048900 0.573704
0.048950 0.605706
0.049000 0.574045
0.049050 0.540327
0.049100 0.610708
0.049150 0.555356
0.049200 0.544164
0.049250 0.573368
0.049300 0.510874
0.049350 0.605286
0.049400 0.530870
0.049450 0.495832
0.049500 0.551864
0.049550 0.549542
0.049600 0.527357
0.049650 0.546857
0.049700 0.574380
0.049750 0.546214
0.049800 0.614676
0.049850 0.596522
0.049900 0.555340
