0.033887 -0.0250000004 0.0315610822 -0.0151293783 asynchronous_release_0
0.04699 -0.0250000004 0.00698090203 -0.0342967492 asynchronous_release_0
0.046324 -0.0250000004 -0.0346155012 -0.0051736911 asynchronous_release_0
0.046112 -0.0250000004 -0.000833228064 -0.000552929465 asynchronous_release_1
0.035957 -0.0250000004 -0.022669667 -0.0266661995 asynchronous_release_0
0.022632 -0.0250000004 0.0349717889 0.0014049852 asynchronous_release_4
0.023086 -0.0250000004 -0.00526266102 -0.0346020866 asynchronous_release_3
0.011719 -0.0250000004 0.0105394274 -0.0333754471 asynchronous_release_0
0.032715 -0.0250000004 -0.00347558672 -0.0348270053 asynchronous_release_0
0.045318 -0.0250000004 0.01456325 0.0318262745 asynchronous_release_0
0.047491 -0.0250000004 0.000899536096 -0.000436846439 asynchronous_release_0
0.037355 -0.0250000004 -0.000549322192 -0.000835610632 asynchronous_release_0
0.023165 -0.0250000004 0.000405821606 0.00091395231 asynchronous_release_4
0.031984 -0.0250000004 -0.000659996103 0.000751269023 asynchronous_release_0
0.04492 -0.0250000004 -0.0177676583 0.0301547727 asynchronous_release_0
0.021951 -0.0250000004 0.00392080178 0.0347796969 asynchronous_release_0
0.040637 -0.0250000004 0.0304355386 0.0172823029 asynchronous_release_0
0.035435 -0.0250000004 0.0342761529 -0.00708133774 asynchronous_release_0
0.047208 -0.0250000004 0.000864007102 -0.000503479619 asynchronous_release_3
0.024172 -0.0250000004 0.000690442474 -0.000723387303 asynchronous_release_0
0.0285 -0.0250000004 0.00149871921 0.0349678973 asynchronous_release_1
0.041806 -0.0250000004 0.0208070743 -0.0281436611 asynchronous_release_0
0.040922 -0.0250000004 -0.0264950592 -0.0228694521 asynchronous_release_0
0.029938 -0.0250000004 0.0315939767 0.0150605655 asynchronous_release_0
0.012309 -0.0250000004 0.0217819256 0.0273961259 asynchronous_release_0
0.035884 -0.0250000004 0.028951578 -0.0196673875 asynchronous_release_0
0.023302 -0.0250000004 0.0311114037 0.016033732 asynchronous_release_2
0.045944 -0.0250000004 0.0139845965 -0.0320847481 asynchronous_release_0
0.01343 -0.0250000004 -0.0103308117 0.033440609 asynchronous_release_4
0.033446 -0.0250000004 0.0255886329 0.0238793188 asynchronous_release_0
0.03149 -0.0250000004 -0.0328212538 0.0121558751 asynchronous_release_0
0.036764 -0.0250000004 0.00461426932 0.0346945027 asynchronous_release_0
0.039749 -0.0250000004 -0.00383019378 0.0347897918 asynchronous_release_0
0.026331 -0.0250000004 -0.0114476714 0.0330749273 asynchronous_release_0
0.013906 -0.0250000004 0.027610071 -0.0215100901 asynchronous_release_0
0.034528 -0.0250000004 -0.000901401464 0.000432984297 asynchronous_release_0
0.029855 -0.0250000004 0.000830559983 -0.000556929183 asynchronous_release_4
0.047492 -0.0250000004 -0.00467322951 0.0346866102 asynchronous_release_0
0.048697 -0.0250000004 0.0132968105 0.0323758371 asynchronous_release_0
0.033432 -0.0250000004 -0.0126943689 0.0326167595 asynchronous_release_0
0.042954 -0.0250000004 0.000780057876 -0.000625707368 asynchronous_release_0
0.014455 -0.0250000004 0.00050024205 -0.000865885611 asynchronous_release_0
0.035659 -0.0250000004 -9.78312037e-06 0.0349999986 asynchronous_release_4
0.008566 -0.0250000004 0.0303766308 0.017385635 asynchronous_release_0
0.038539 -0.0250000004 0.0347278233 -0.00435640746 asynchronous_release_3
0.039118 -0.0250000004 0.0327687334 0.0122967521 asynchronous_release_2
0.03913 -0.0250000004 -0.022761354 0.0265879816 asynchronous_release_3
0.037408 -0.0250000004 0.0138494686 0.0321433076 asynchronous_release_4
0.037477 -0.0250000004 -0.000927035627 0.00037497326 asynchronous_release_0
0.027004 -0.0250000004 -0.00501215768 0.0346392592 asynchronous_release_4
0.041402 -0.0250000004 -0.020630565 0.0282733052 asynchronous_release_1
0.035867 -0.0250000004 -0.013073793 -0.0324665356 asynchronous_release_0
0.020014 -0.0250000004 0.0346329274 -0.00505572332 asynchronous_release_0
0.030558 -0.0250000004 -0.0349462327 0.00193928336 asynchronous_release_0
0.038529 -0.0250000004 -0.0349390377 -0.00206485995 asynchronous_release_0
0.04676 -0.0250000004 0.0285207866 0.0202870583 asynchronous_release_0
0.031537 -0.0250000004 0.034998809 0.000288740636 asynchronous_release_4
0.043015 -0.0250000004 0.0108560252 -0.0332738143 asynchronous_release_0
0.029762 -0.0250000004 0.0327601055 0.0123197193 asynchronous_release_0
0.035724 -0.0250000004 -0.0270492427 0.022211224 asynchronous_release_0
0.014317 -0.0250000004 0.0329367611 -0.0118393315 asynchronous_release_0
0.040746 -0.0250000004 -0.0155909721 -0.0313356281 asynchronous_release_0
0.038341 -0.0250000004 -0.0281590781 0.0207862051 asynchronous_release_0
0.019557 -0.0250000004 0.027289556 -0.0219152946 asynchronous_release_0
0.030098 -0.0250000004 -0.00946322017 0.0336964013 asynchronous_release_0
0.03982 -0.0250000004 -0.0348617365 -0.00310794554 asynchronous_release_0
0.04417 -0.0250000004 0.0347437438 0.00422756024 asynchronous_release_0
0.036669 -0.0250000004 -0.0339907411 0.00834443063 asynchronous_release_0
0.045674 -0.0250000004 0.000677389552 -0.000735624493 asynchronous_release_0
0.035898 -0.0250000004 -0.0332085191 0.0110541512 asynchronous_release_0
0.049564 -0.0250000004 0.000607395904 -0.00079439928 asynchronous_release_0
0.036294 -0.0250000004 -0.0253545815 -0.0241276853 asynchronous_release_0
0.022798 -0.0250000004 0.0307461695 0.0167234285 asynchronous_release_1
0.033251 -0.0250000004 0.0286143997 -0.0201548042 asynchronous_release_0
0.044024 -0.0250000004 -0.0034066696 0.0348338141 asynchronous_release_0
0.049923 -0.0250000004 -0.0329241683 0.0118743059 asynchronous_release_1
0.032367 -0.0250000004 0.0344966063 -0.00591474041 asynchronous_release_0
0.038331 -0.0250000004 -0.0327771423 -0.0122743205 asynchronous_release_0
0.032235 -0.0250000004 0.0112618182 0.03313867 asynchronous_release_0
0.015053 -0.0250000004 -0.00738021132 -0.0342130455 asynchronous_release_0
0.038885 -0.0250000004 -0.0345812782 0.00539770316 asynchronous_release_0
0.03819 -0.0250000004 -0.0196811051 0.0289422546 asynchronous_release_0
0.025068 -0.0250000004 0.0125990117 -0.0326537119 asynchronous_release_0
0.037433 -0.0250000004 0.0219794382 0.0272379202 asynchronous_release_0
0.02801 -0.0250000004 0.0221677223 -0.0270849052 asynchronous_release_2
0.04664 -0.0250000004 -0.0349609705 -0.00165243541 asynchronous_release_0
0.047392 -0.0250000004 -0.00806721122 0.0340575998 asynchronous_release_0
0.040373 -0.0250000004 -0.00782781967 -0.0341134173 asynchronous_release_1
0.025128 -0.0250000004 -0.00228698277 0.0349252016 asynchronous_release_0
0.006994 -0.0250000004 0.000505046195 -0.000863092313 asynchronous_release_1
0.038757 -0.0250000004 -0.000263095581 0.000964769773 asynchronous_release_0
0.048788 -0.0250000004 0.0337669421 0.00920834534 asynchronous_release_0
0.042633 -0.0250000004 0.000872836865 -0.000488012097 asynchronous_release_4
0.039654 -0.0250000004 -0.0125619463 -0.032667989 asynchronous_release_0
0.045497 -0.0250000004 0.021637752 -0.0275101379 asynchronous_release_0
0.034319 -0.0250000004 0.0333575547 0.0105959211 asynchronous_release_0
0.00875 -0.0250000004 0.0301954923 -0.0176983683 asynchronous_release_0
0.041407 -0.0250000004 -0.0301352563 -0.0178007396 asynchronous_release_0
0.032167 -0.0250000004 -0.00555588783 -0.0345562167 asynchronous_release_0
0.039236 -0.0250000004 0.00514167253 0.0346202716 asynchronous_release_0
0.018758 -0.0250000004 -0.0234768354 -0.0259583936 asynchronous_release_0
0.035853 -0.0250000004 -0.0345255676 0.00574327263 asynchronous_release_0
0.045833 -0.0250000004 -0.0341504132 0.00766480763 asynchronous_release_0
0.044518 -0.0250000004 0.0348401638 -0.00334110505 asynchronous_release_1
0.016736 -0.0250000004 0.0308544576 -0.0165227857 asynchronous_release_0
0.048431 -0.0250000004 0.0292376317 -0.0192395658 asynchronous_release_0
0.031845 -0.0250000004 -0.0330073292 0.0116411432 asynchronous_release_4
0.006265 -0.0250000004 0.0336167494 0.00974238987 asynchronous_release_0
0.037006 -0.0250000004 0.0216174812 0.0275260696 asynchronous_release_0
0.031917 -0.0250000004 0.0292932082 0.0191548415 asynchronous_release_0
0.049146 -0.0250000004 -0.0336962736 -0.0094636749 asynchronous_release_0
0.022958 -0.0250000004 0.034243507 0.00723755697 asynchronous_release_2
0.043392 -0.0250000004 0.00147853672 -0.0349687565 asynchronous_release_0
0.023724 -0.0250000004 0.0349207271 0.00235431884 asynchronous_release_3
0.048823 -0.0250000004 -0.0295317258 0.0187850251 asynchronous_release_0
0.042813 -0.0250000004 0.0105599092 0.0333689724 asynchronous_release_0
0.019253 -0.0250000004 0.0322657954 -0.0135616536 asynchronous_release_0
0.026968 -0.0250000004 0.00517735755 -0.034614953 asynchronous_release_0
0.045822 -0.0250000004 0.0211121317 0.0279155493 asynchronous_release_0
0.011152 -0.0250000004 0.0105803062 0.0333625107 asynchronous_release_0
0.022805 -0.0250000004 -0.0336565367 -0.00960403749 asynchronous_release_1
0.030259 -0.0250000004 -0.00856996283 -0.0339345803 asynchronous_release_0
0.039241 -0.0250000004 0.00698831368 0.0342952398 asynchronous_release_0
0.030699 -0.0250000004 -0.0349998256 -0.00011048649 asynchronous_release_1
0.011901 -0.0250000004 0.0346529862 0.00491635526 asynchronous_release_0
0.0333 -0.0250000004 -0.00416091459 0.0347517883 asynchronous_release_0
0.023067 -0.0250000004 0.000664464714 0.000747319639 asynchronous_release_3
0.028579 -0.0250000004 0.00022912468 0.000973397083 asynchronous_release_0
0.027975 -0.0250000004 -0.000985935908 0.000167123865 asynchronous_release_0
0.012781 -0.0250000004 0.0212487959 0.0278116643 asynchronous_release_0
0.029904 -0.0250000004 0.0194688724 -0.0290854432 asynchronous_release_0
0.045518 -0.0250000004 0.0214938363 -0.0276227262 asynchronous_release_0
0.045794 -0.0250000004 -0.0339888743 -0.00835203103 asynchronous_release_0
0.038407 -0.0250000004 0.0337923653 -0.00911460622 asynchronous_release_0
0.019358 -0.0250000004 -0.0348267764 0.00347787908 asynchronous_release_0
0.038422 -0.0250000004 -0.000991827103 0.000127589172 asynchronous_release_0
0.042549 -0.0250000004 8.16027849e-05 -0.000996664931 asynchronous_release_1
0.036898 -0.0250000004 -0.0262671638 0.0231308474 asynchronous_release_2
0.035448 -0.0250000004 -0.00356857977 -0.0348175996 asynchronous_release_0
0.045222 -0.0250000004 0.0186381453 -0.0296246441 asynchronous_release_0
0.014948 -0.0250000004 -0.0188147499 0.029512797 asynchronous_release_0
0.028765 -0.0250000004 0.0161514569 0.0310504499 asynchronous_release_0
0.037955 -0.0250000004 0.00532163236 -0.0345930662 asynchronous_release_0
0.048546 -0.0250000004 -0.00098837332 -0.000152046639 asynchronous_release_0
0.025258 -0.0250000004 -0.000874270476 -0.000485439115 asynchronous_release_0
0.038382 -0.0250000004 0.0319688738 0.0142474948 asynchronous_release_4
0.021941 -0.0250000004 0.000992053554 -0.000125816322 asynchronous_release_1
0.036332 -0.0250000004 -0.0157748677 -0.0312434561 asynchronous_release_2
0.032355 -0.0250000004 -0.0349667074 0.00152622835 asynchronous_release_0
0.040653 -0.0250000004 0.0349667074 -0.00152622835 asynchronous_release_0
0.009841 -0.0250000004 -0.0315200569 -0.0152146643 asynchronous_release_0
0.030708 -0.0250000004 -0.000911319431 -0.000411700006 asynchronous_release_0
0.031402 -0.0250000004 0.000452422972 0.000891803484 asynchronous_release_3
0.04528 -0.0250000004 0.029969639 0.018078184 asynchronous_release_0
0.040494 -0.0250000004 0.00215239935 0.0349337541 asynchronous_release_0
0.031551 -0.0250000004 -0.027872776 -0.02116857 asynchronous_release_0
0.046413 -0.0250000004 0.0138707613 -0.0321341249 asynchronous_release_0
0.038008 -0.0250000004 -0.0692547651 0.0101871244 asynchronous_release_0
0.021096 -0.0250000004 -0.0326876901 -0.0125105923 asynchronous_release_0
0.006807 -0.0250000004 0.0340065761 0.00827966083 asynchronous_release_3
0.042101 -0.0250000004 -0.00132149764 0.0349750432 asynchronous_release_4
0.049362 -0.0250000004 -0.00676523201 0.0343399423 asynchronous_release_0
0.048617 -0.0250000004 0.0332082071 0.0110550885 asynchronous_release_4
0.032105 -0.0250000004 -0.030790421 -0.0166418141 asynchronous_release_0
0.043065 -0.0250000004 0.0345722469 -0.00545524896 asynchronous_release_0
0.039353 -0.0250000004 0.0265729165 0.0227789401 asynchronous_release_0
0.042343 -0.0250000004 -0.0174046692 0.0303657289 asynchronous_release_0
0.049881 -0.0250000004 -0.030637919 -0.0169209314 asynchronous_release_0
0.049308 -0.0250000004 0.0298149963 0.0183321029 asynchronous_release_0
0.041851 -0.0250000004 -0.0322147016 -0.0136825801 asynchronous_release_0
0.046032 -0.0250000004 -0.000992572573 0.000121653966 asynchronous_release_0
0.045768 -0.0250000004 0.014027567 0.0320659846 asynchronous_release_0
0.045265 -0.0250000004 0.0224654549 -0.0268384674 asynchronous_release_0
0.041021 -0.0250000004 0.0275090157 -0.0216391787 asynchronous_release_0
0.006624 -0.0250000004 0.00539362631 0.0345819143 asynchronous_release_0
0.023451 -0.0250000004 0.0344249946 0.00631820735 asynchronous_release_4
0.027254 -0.0250000004 0.0192545893 -0.0292277401 asynchronous_release_3
0.026728 -0.0250000004 -0.00579086631 -0.0345176168 asynchronous_release_4
0.039246 -0.0250000004 0.0151635635 0.0315446722 asynchronous_release_0
0.031931 -0.0250000004 -0.0279005543 -0.0211319443 asynchronous_release_4
0.031666 -0.0250000004 0.00577643179 -0.0345200353 asynchronous_release_0
0.01237 -0.0250000004 -0.0300614332 -0.0179251286 asynchronous_release_0
0.030288 -0.0250000004 0.000831469369 -0.000555570597 asynchronous_release_1
0.041136 -0.0250000004 -0.00998521495 -0.0335454242 asynchronous_release_0
0.030459 -0.0250000004 -0.0105227604 -0.0333807057 asynchronous_release_0
0.023934 -0.0250000004 0.0149675415 0.0316381526 asynchronous_release_0
0.039886 -0.0250000004 -0.0290967611 0.0194519535 asynchronous_release_0
0.029532 -0.0250000004 0.0172082165 0.0304774882 asynchronous_release_0
0.032892 -0.0250000004 0.0303779376 0.0173833515 asynchronous_release_0
0.032928 -0.0250000004 -0.0342949856 0.00698956107 asynchronous_release_0
0.039009 -0.0250000004 0.0251869991 0.0243025735 asynchronous_release_0
0.030497 -0.0250000004 0.0317902852 -0.014641645 asynchronous_release_0
0.041906 -0.0250000004 -0.0331966972 -0.011089603 asynchronous_release_1
0.038075 -0.0250000004 0.00636354182 0.0344166433 asynchronous_release_0
0.043698 -0.0250000004 -0.000983332665 0.000181815481 asynchronous_release_0
0.016399 -0.0250000004 -0.00549998453 0.0345651583 asynchronous_release_0
0.029773 -0.0250000004 0.011772433 -0.0329607315 asynchronous_release_4
0.037322 -0.0250000004 0.0112687261 0.0331363217 asynchronous_release_0
0.047212 -0.0250000004 -0.000856970534 0.000515365409 asynchronous_release_0
0.044084 -0.0250000004 -0.0171772716 -0.0304949396 asynchronous_release_0
0.027243 -0.0250000004 -0.00954919634 0.0336721376 asynchronous_release_4
0.003639 -0.0250000004 0.0343976364 0.00646549389 asynchronous_release_4
0.00638 -0.0250000004 0.0347964338 -0.00376937637 asynchronous_release_0
0.032261 -0.0250000004 -0.03261245 0.0127054361 asynchronous_release_0
0.037628 -0.0250000004 0.0257054205 0.0237535546 asynchronous_release_0
0.040892 -0.0250000004 0.0349979478 0.000379008561 asynchronous_release_2
0.042866 -0.0250000004 0.0333735509 -0.0105454302 asynchronous_release_0
0.03433 -0.0250000004 0.019477458 0.0290796944 asynchronous_release_0
0.047003 -0.0250000004 0.000582565576 0.0349951513 asynchronous_release_0
0.032736 -0.0250000004 0.033328092 -0.0106882311 asynchronous_release_0
0.046621 -0.0250000004 0.0278999117 -0.0211327927 asynchronous_release_0
0.038156 -0.0250000004 0.0321124799 0.0139207985 asynchronous_release_0
0.007199 -0.0250000004 0.0295769098 -0.0187138025 asynchronous_release_0
0.049651 -0.0250000004 0.0309950833 0.016257454 asynchronous_release_0
0.023981 -0.0250000004 0.0227748647 -0.0265764094 asynchronous_release_0
0.03164 -0.0250000004 0.018379121 -0.0297860355 asynchronous_release_0
