0.000000 0.072205
0.000050 0.087871
0.000100 0.090808
0.000150 0.086644
0.000200 0.094722
0.000250 0.090074
0.000300 0.092647
0.000350 0.074653
0.000400 0.085663
0.000450 0.088243
0.000500 0.132289
0.000550 0.101461
0.000600 0.118831
0.000650 0.118957
0.000700 0.112837
0.000750 0.112591
0.000800 0.125428
0.000850 0.111016
0.000900 0.105720
0.000950 0.117740
0.001000 0.113683
0.001050 0.130597
0.001100 0.145628
0.001150 0.162900
0.001200 0.170467
0.001250 0.201319
0.001300 0.238657
0.001350 0.247329
0.001400 0.335801
0.001450 0.482179
0.001500 0.551948
0.001550 0.863028
0.001600 1.146472
0.001650 1.635532
0.001700 2.210335
0.001750 2.877061
0.001800 3.909981
0.001850 4.999787
0.001900 6.258712
0.001950 7.700624
0.002000 8.992145
0.002050 10.164149
0.002100 11.259998
0.002150 12.333528
0.002200 12.383050
0.002250 12.670560
0.002300 12.289834
0.002350 11.682680
0.002400 10.640625
0.002450 9.544891
0.002500 8.551319
0.002550 7.618033
0.002600 6.646678
0.002650 5.996662
0.002700 5.475768
0.002750 4.794312
0.002800 4.229964
0.002850 3.928248
0.002900 3.634930
0.002950 3.142886
0.003000 3.016012
0.003050 2.790406
0.003100 2.678119
0.003150 2.480667
0.003200 2.411146
0.003250 2.370554
0.003300 2.236143
0.003350 2.015265
0.003400 1.946130
0.003450 1.970468
0.003500 1.935937
0.003550 1.760589
0.003600 1.663042
0.003650 1.667190
0.003700 1.605782
0.003750 1.608754
0.003800 1.592297
0.003850 1.428561
0.003900 1.465999
0.003950 1.305439
0.004000 1.389133
0.004050 1.340849
0.004100 1.311785
0.004150 1.281209
0.004200 1.269769
0.004250 1.226749
0.004300 1.267387
0.004350 1.166295
0.004400 1.247985
0.004450 1.145289
0.004500 1.092164
0.004550 1.158506
0.004600 1.158788
0.004650 1.169734
0.004700 1.041648
0.004750 1.110182
0.004800 1.124759
0.004850 1.045387
0.004900 1.019442
0.004950 1.033140
0.005000 1.049273
0.005050 1.012903
0.005100 1.075693
0.005150 0.987635
0.005200 1.021806
0.005250 0.939868
0.005300 0.983041
0.005350 1.024297
0.005400 0.907618
0.005450 0.967366
0.005500 0.923110
0.005550 0.912582
0.005600 0.924572
0.005650 0.790912
0.005700 0.856629
0.005750 0.870191
0.005800 0.871483
0.005850 0.884829
0.005900 0.940720
0.005950 0.847472
0.006000 0.904239
0.006050 0.821651
0.006100 0.830986
0.006150 0.818472
0.006200 0.874252
0.006250 0.773198
0.006300 0.842629
0.006350 0.828901
0.006400 0.819388
0.006450 0.831114
0.006500 0.835248
0.006550 0.771474
0.006600 0.758613
0.006650 0.719031
0.006700 0.904239
0.006750 0.775413
0.006800 0.762814
0.006850 0.766268
0.006900 0.827101
0.006950 0.736809
0.007000 0.731570
0.007050 0.753490
0.007100 0.764429
0.007150 0.739575
0.007200 0.761726
0.007250 0.665742
0.007300 0.776467
0.007350 0.721133
0.007400 0.688582
0.007450 0.694146
0.007500 0.738849
0.007550 0.686307
0.007600 0.729003
0.007650 0.708823
0.007700 0.664403
0.007750 0.746751
0.007800 0.750164
0.007850 0.646986
0.007900 0.654247
0.007950 0.674607
0.008000 0.679724
0.008050 0.753766
0.008100 0.693860
0.008150 0.753174
0.008200 0.695551
0.008250 0.647271
0.008300 0.682058
0.008350 0.662644
0.008400 0.661739
0.008450 0.681823
0.008500 0.648315
0.008550 0.643367
0.008600 0.691352
0.008650 0.659684
0.008700 0.623332
0.008750 0.624612
0.008800 0.640670
0.008850 0.667562
0.008900 0.662560
0.008950 0.670656
0.009000 0.622815
0.009050 0.641371
0.009100 0.601709
0.009150 0.612393
0.009200 0.584062
0.009250 0.596588
0.009300 0.609528
0.009350 0.640742
0.009400 0.603670
0.009450 0.639352
0.009500 0.578765
0.009550 0.604389
0.009600 0.657241
0.009650 0.519041
0.009700 0.594744
0.009750 0.553422
0.009800 0.572520
0.009850 0.567738
0.009900 0.563260
0.009950 0.565490
0.010000 0.665211
0.010050 0.538533
0.010100 0.626525
0.010150 0.568291
0.010200 0.589100
0.010250 0.634682
0.010300 0.652724
0.010350 0.617718
0.010400 0.581095
0.010450 0.534011
0.010500 0.573967
0.010550 0.558463
0.010600 0.527548
0.010650 0.547702
0.010700 0.571510
0.010750 0.569440
0.010800 0.574205
0.010850 0.606421
0.010900 0.554022
0.010950 0.563512
0.011000 0.566854
0.011050 0.563488
0.011100 0.537680
0.011150 0.535618
0.011200 0.564705
0.011250 0.564699
0.011300 0.559365
0.011350 0.568671
0.011400 0.514784
0.011450 0.558746
0.011500 0.520010
0.011550 0.498284
0.011600 0.561671
0.011650 0.478571
0.011700 0.527054
0.011750 0.506652
0.011800 0.503875
0.011850 0.499983
0.011900 0.522680
0.011950 0.546250
0.012000 0.553831
0.012050 0.607345
0.012100 0.541822
0.012150 0.479242
0.012200 0.537755
0.012250 0.539031
0.012300 0.535725
0.012350 0.522553
0.012400 0.533219
0.012450 0.536607
0.012500 0.550920
0.012550 0.511314
0.012600 0.478408
0.012650 0.495494
0.012700 0.576114
0.012750 0.547436
0.012800 0.474299
0.012850 0.587699
0.012900 0.463449
0.012950 0.547917
0.013000 0.522783
0.013050 0.472287
0.013100 0.508346
0.013150 0.520084
0.013200 0.518520
0.013250 0.544680
0.013300 0.494316
0.013350 0.468116
0.013400 0.467255
0.013450 0.441893
0.013500 0.500337
0.013550 0.555155
0.013600 0.476608
0.013650 0.509332
0.013700 0.528188
0.013750 0.487980
0.013800 0.517761
0.013850 0.501509
0.013900 0.480127
0.013950 0.468943
0.014000 0.453493
0.014050 0.481375
0.014100 0.471984
0.014150 0.468240
0.014200 0.485043
0.014250 0.470629
0.014300 0.451249
0.014350 0.440947
0.014400 0.465572
0.014450 0.413088
0.014500 0.493693
0.014550 0.476207
0.014600 0.508411
0.014650 0.477207
0.014700 0.481732
0.014750 0.510042
0.014800 0.467417
0.014850 0.499811
0.014900 0.459334
0.014950 0.553206
0.015000 0.493059
0.015050 0.465885
0.015100 0.453039
0.015150 0.493321
0.015200 0.479156
0.015250 0.473472
0.015300 0.462259
0.015350 0.446061
0.015400 0.466220
0.015450 0.482288
0.015500 0.437607
0.015550 0.472729
0.015600 0.472559
0.015650 0.488765
0.015700 0.442805
0.015750 0.451123
0.015800 0.496342
0.015850 0.465400
0.015900 0.442825
0.015950 0.474485
0.016000 0.503280
0.016050 0.481836
0.016100 0.504487
0.016150 0.432461
0.016200 0.451461
0.016250 0.419827
0.016300 0.438305
0.016350 0.469463
0.016400 0.465090
0.016450 0.413530
0.016500 0.458527
0.016550 0.451521
0.016600 0.474797
0.016650 0.422841
0.016700 0.443824
0.016750 0.472094
0.016800 0.382034
0.016850 0.427088
0.016900 0.400718
0.016950 0.444196
0.017000 0.440360
0.017050 0.431058
0.017100 0.488256
0.017150 0.428690
0.017200 0.449716
0.017250 0.411452
0.017300 0.419739
0.017350 0.436837
0.017400 0.464242
0.017450 0.438020
0.017500 0.445656
0.017550 0.455154
0.017600 0.464416
0.017650 0.466358
0.017700 0.450956
0.017750 0.455394
0.017800 0.425632
0.017850 0.450786
0.017900 0.404386
0.017950 0.438632
0.018000 0.461647
0.018050 0.453755
0.018100 0.445104
0.018150 0.447334
0.018200 0.413845
0.018250 0.388531
0.018300 0.395339
0.018350 0.461485
0.018400 0.387246
0.018450 0.424914
0.018500 0.445113
0.018550 0.414915
0.018600 0.447168
0.018650 0.432588
0.018700 0.451296
0.018750 0.403632
0.018800 0.434033
0.018850 0.433711
0.018900 0.397790
0.018950 0.390874
0.019000 0.443751
0.019050 0.447033
0.019100 0.407090
0.019150 0.406798
0.019200 0.412693
0.019250 0.392029
0.019300 0.377038
0.019350 0.450424
0.019400 0.367251
0.019450 0.425033
0.019500 0.382411
0.019550 0.406913
0.019600 0.404907
0.019650 0.415521
0.019700 0.417158
0.019750 0.383986
0.019800 0.374012
0.019850 0.386676
0.019900 0.410635
0.019950 0.364401
0.020000 0.414487
0.020050 0.357641
0.020100 0.348756
0.020150 0.411340
0.020200 0.421766
0.020250 0.433512
0.020300 0.422577
0.020350 0.424233
0.020400 0.436150
0.020450 0.401438
0.020500 0.373893
0.020550 0.422391
0.020600 0.390732
0.020650 0.399024
0.020700 0.392875
0.020750 0.399185
0.020800 0.398475
0.020850 0.396529
0.020900 0.431045
0.020950 0.411651
0.021000 0.427504
0.021050 0.483160
0.021100 0.503278
0.021150 0.588430
0.021200 0.655503
0.021250 0.703895
0.021300 0.769721
0.021350 0.894229
0.021400 1.119576
0.021450 1.518504
0.021500 1.796516
0.021550 2.411680
0.021600 3.189137
0.021650 4.200655
0.021700 5.174727
0.021750 6.502473
0.021800 8.316429
0.021850 9.668751
0.021900 11.727680
0.021950 13.509572
0.022000 15.137909
0.022050 16.578041
0.022100 17.671789
0.022150 18.360885
0.022200 18.704811
0.022250 18.307055
0.022300 18.089368
0.022350 17.029710
0.022400 15.799469
0.022450 14.558293
0.022500 13.370655
0.022550 11.955511
0.022600 10.777058
0.022650 9.927818
0.022700 9.121838
0.022750 8.177150
0.022800 7.578834
0.022850 7.007546
0.022900 6.511294
0.022950 6.071906
0.023000 5.794092
0.023050 5.176624
0.023100 4.999511
0.023150 4.947361
0.023200 4.252617
0.023250 4.136267
0.023300 3.911221
0.023350 3.768903
0.023400 3.583403
0.023450 3.484081
0.023500 3.378894
0.023550 3.291870
0.023600 3.042483
0.023650 2.971593
0.023700 2.911145
0.023750 2.844095
0.023800 2.766098
0.023850 2.568082
0.023900 2.444958
0.023950 2.586962
0.024000 2.532145
0.024050 2.441297
0.024100 2.395266
0.024150 2.411368
0.024200 2.209789
0.024250 2.365615
0.024300 2.239932
0.024350 2.126636
0.024400 2.121190
0.024450 2.038282
0.024500 2.012796
0.024550 2.019128
0.024600 1.855901
0.024650 1.899155
0.024700 1.885250
0.024750 1.984842
0.024800 1.947862
0.024850 1.884260
0.024900 1.822766
0.024950 1.811900
0.025000 1.629626
0.025050 1.876474
0.025100 1.688700
0.025150 1.723076
0.025200 1.807654
0.025250 1.665036
0.025300 1.672658
0.025350 1.533516
0.025400 1.498409
0.025450 1.520221
0.025500 1.520195
0.025550 1.566255
0.025600 1.452535
0.025650 1.429647
0.025700 1.586368
0.025750 1.608818
0.025800 1.465446
0.025850 1.557454
0.025900 1.526999
0.025950 1.495333
0.026000 1.433272
0.026050 1.407922
0.026100 1.431596
0.026150 1.546590
0.026200 1.418650
0.026250 1.445680
0.026300 1.368526
0.026350 1.441420
0.026400 1.338580
0.026450 1.395224
0.026500 1.355556
0.026550 1.315672
0.026600 1.346461
0.026650 1.354471
0.026700 1.338995
0.026750 1.328801
0.026800 1.339502
0.026850 1.256660
0.026900 1.314044
0.026950 1.291298
0.027000 1.280878
0.027050 1.272036
0.027100 1.247408
0.027150 1.379870
0.027200 1.323958
0.027250 1.325622
0.027300 1.370517
0.027350 1.268803
0.027400 1.275242
0.027450 1.290526
0.027500 1.195152
0.027550 1.269284
0.027600 1.274705
0.027650 1.187647
0.027700 1.236102
0.027750 1.189198
0.027800 1.155419
0.027850 1.180617
0.027900 1.183043
0.027950 1.233093
0.028000 1.212175
0.028050 1.156873
0.028100 1.216701
0.028150 1.195643
0.028200 1.230418
0.028250 1.217278
0.028300 1.184800
0.028350 1.187944
0.028400 1.182580
0.028450 1.139578
0.028500 1.159741
0.028550 1.217201
0.028600 1.189596
0.028650 1.208924
0.028700 1.091513
0.028750 1.216571
0.028800 1.125917
0.028850 1.135373
0.028900 1.168628
0.028950 1.118546
0.029000 1.099589
0.029050 1.067159
0.029100 1.117359
0.029150 1.185349
0.029200 1.166534
0.029250 1.108370
0.029300 1.070463
0.029350 1.171141
0.029400 1.087398
0.029450 1.099998
0.029500 1.131585
0.029550 1.109471
0.029600 1.073023
0.029650 1.140945
0.029700 1.053926
0.029750 1.213222
0.029800 1.099308
0.029850 1.103234
0.029900 1.040102
0.029950 1.025864
0.030000 1.043419
0.030050 1.118263
0.030100 1.061434
0.030150 1.024868
0.030200 1.043186
0.030250 1.053122
0.030300 1.091647
0.030350 0.975941
0.030400 1.091094
0.030450 1.012236
0.030500 1.054589
0.030550 1.053709
0.030600 1.016668
0.030650 1.081380
0.030700 0.990824
0.030750 1.049524
0.030800 1.057310
0.030850 1.014468
0.030900 1.043851
0.030950 1.057267
0.031000 0.979471
0.031050 1.051833
0.031100 0.983757
0.031150 0.965907
0.031200 1.009232
0.031250 0.968892
0.031300 1.047499
0.031350 1.047365
0.031400 1.009500
0.031450 1.008634
0.031500 1.000833
0.031550 0.951925
0.031600 0.928115
0.031650 0.942877
0.031700 0.932320
0.031750 0.944620
0.031800 0.953804
0.031850 1.064484
0.031900 1.063231
0.031950 0.962141
0.032000 0.974684
0.032050 0.940430
0.032100 0.911813
0.032150 0.951337
0.032200 0.936231
0.032250 0.945613
0.032300 1.006809
0.032350 0.967211
0.032400 0.926141
0.032450 0.926491
0.032500 1.006926
0.032550 0.946258
0.032600 0.968904
0.032650 0.979238
0.032700 0.936574
0.032750 1.013116
0.032800 0.916570
0.032850 0.965668
0.032900 0.914832
0.032950 0.904694
0.033000 0.839657
0.033050 0.949103
0.033100 0.922478
0.033150 0.990030
0.033200 0.892312
0.033250 0.899390
0.033300 0.975878
0.033350 0.889060
0.033400 0.883479
0.033450 0.938183
0.033500 0.887124
0.033550 0.962854
0.033600 0.890199
0.033650 0.966857
0.033700 0.900766
0.033750 0.883062
0.033800 0.969547
0.033850 0.919469
0.033900 0.868499
0.033950 0.911833
0.034000 0.945153
0.034050 0.926115
0.034100 0.997158
0.034150 0.929670
0.034200 0.913954
0.034250 0.844670
0.034300 0.900813
0.034350 0.866395
0.034400 0.910382
0.034450 0.895230
0.034500 0.866201
0.034550 0.864735
0.034600 0.909010
0.034650 0.897966
0.034700 0.825028
0.034750 0.886808
0.034800 0.874285
0.034850 0.908483
0.034900 0.872238
0.034950 1.012246
0.035000 0.882277
0.035050 0.876715
0.035100 0.809274
0.035150 0.936562
0.035200 0.878282
0.035250 0.850120
0.035300 0.930725
0.035350 0.911853
0.035400 0.865967
0.035450 0.853265
0.035500 0.886733
0.035550 0.823519
0.035600 0.864145
0.035650 0.869251
0.035700 0.837207
0.035750 0.840121
0.035800 0.857396
0.035850 0.823774
0.035900 0.869110
0.035950 0.808084
0.036000 0.859288
0.036050 0.832016
0.036100 0.768489
0.036150 0.861091
0.036200 0.806911
0.036250 0.851977
0.036300 0.891422
0.036350 0.808006
0.036400 0.767265
0.036450 0.882585
0.036500 0.745462
0.036550 0.844220
0.036600 0.812185
0.036650 0.889393
0.036700 0.774355
0.036750 0.804583
0.036800 0.788512
0.036850 0.861682
0.036900 0.811745
0.036950 0.785293
0.037000 0.813576
0.037050 0.835304
0.037100 0.811062
0.037150 0.817978
0.037200 0.774270
0.037250 0.743822
0.037300 0.812611
0.037350 0.765745
0.037400 0.828053
0.037450 0.835119
0.037500 0.759611
0.037550 0.819169
0.037600 0.779577
0.037650 0.770749
0.037700 0.820029
0.037750 0.795425
0.037800 0.816908
0.037850 0.804374
0.037900 0.856313
0.037950 0.792945
0.038000 0.839679
0.038050 0.782211
0.038100 0.780986
0.038150 0.788932
0.038200 0.777792
0.038250 0.788064
0.038300 0.771539
0.038350 0.749581
0.038400 0.793679
0.038450 0.786367
0.038500 0.816042
0.038550 0.707652
0.038600 0.727939
0.038650 0.804815
0.038700 0.771947
0.038750 0.886399
0.038800 0.842016
0.038850 0.774128
0.038900 0.826730
0.038950 0.753962
0.039000 0.803538
0.039050 0.745396
0.039100 0.771602
0.039150 0.795564
0.039200 0.802355
0.039250 0.758875
0.039300 0.765604
0.039350 0.703810
0.039400 0.737257
0.039450 0.756619
0.039500 0.728602
0.039550 0.813742
0.039600 0.732682
0.039650 0.766452
0.039700 0.735167
0.039750 0.770635
0.039800 0.811823
0.039850 0.763797
0.039900 0.730778
0.039950 0.700842
0.040000 0.758911
0.040050 0.776303
0.040100 0.763253
0.040150 0.773477
0.040200 0.718541
0.040250 0.777053
0.040300 0.726038
0.040350 0.800080
0.040400 0.728784
0.040450 0.722840
0.040500 0.743644
0.040550 0.720684
0.040600 0.681386
0.040650 0.740444
0.040700 0.714152
0.040750 0.697562
0.040800 0.737291
0.040850 0.735455
0.040900 0.727067
0.040950 0.762115
0.041000 0.705346
0.041050 0.753592
0.041100 0.788853
0.041150 0.729489
0.041200 0.767265
0.041250 0.740757
0.041300 0.786108
0.041350 0.704946
0.041400 0.704738
0.041450 0.702876
0.041500 0.752536
0.041550 0.741646
0.041600 0.764876
0.041650 0.735654
0.041700 0.680448
0.041750 0.701126
0.041800 0.763735
0.041850 0.762887
0.041900 0.730999
0.041950 0.724203
0.042000 0.798125
0.042050 0.746017
0.042100 0.710589
0.042150 0.714709
0.042200 0.707865
0.042250 0.737381
0.042300 0.674685
0.042350 0.673677
0.042400 0.743988
0.042450 0.706604
0.042500 0.693773
0.042550 0.696239
0.042600 0.734546
0.042650 0.723462
0.042700 0.676435
0.042750 0.731113
0.042800 0.713144
0.042850 0.634200
0.042900 0.673528
0.042950 0.725040
0.043000 0.709580
0.043050 0.707864
0.043100 0.695792
0.043150 0.700964
0.043200 0.627445
0.043250 0.709557
0.043300 0.666245
0.043350 0.751253
0.043400 0.707949
0.043450 0.689731
0.043500 0.697586
0.043550 0.689778
0.043600 0.673219
0.043650 0.711671
0.043700 0.673261
0.043750 0.735465
0.043800 0.708434
0.043850 0.739264
0.043900 0.708675
0.043950 0.743107
0.044000 0.727445
0.044050 0.697623
0.044100 0.705674
0.044150 0.707570
0.044200 0.669653
0.044250 0.667939
0.044300 0.690174
0.044350 0.722258
0.044400 0.685114
0.044450 0.679000
0.044500 0.653269
0.044550 0.678301
0.044600 0.581975
0.044650 0.668601
0.044700 0.622169
0.044750 0.664291
0.044800 0.650049
0.044850 0.673481
0.044900 0.704189
0.044950 0.728705
0.045000 0.663208
0.045050 0.707542
0.045100 0.677080
0.045150 0.682682
0.045200 0.684688
0.045250 0.693954
0.045300 0.685116
0.045350 0.631762
0.045400 0.687317
0.045450 0.656611
0.045500 0.742417
0.045550 0.665263
0.045600 0.674595
0.045650 0.648317
0.045700 0.671368
0.045750 0.733888
0.045800 0.661819
0.045850 0.632665
0.045900 0.712782
0.045950 0.675406
0.046000 0.643439
0.046050 0.605841
0.046100 0.722267
0.046150 0.681073
0.046200 0.640675
0.046250 0.653859
0.046300 0.715295
0.046350 0.700839
0.046400 0.729075
0.046450 0.730437
0.046500 0.688982
0.046550 0.667902
0.046600 0.698074
0.046650 0.667638
0.046700 0.673574
0.046750 0.656134
0.046800 0.616155
0.046850 0.645465
0.046900 0.601632
0.046950 0.656364
0.047000 0.642583
0.047050 0.667385
0.047100 0.679069
0.047150 0.614331
0.047200 0.652397
0.047250 0.651803
0.047300 0.585869
0.047350 0.632543
0.047400 0.599654
0.047450 0.671166
0.047500 0.631642
0.047550 0.687198
0.047600 0.661929
0.047650 0.665205
0.047700 0.663721
0.047750 0.639293
0.047800 0.673170
0.047850 0.655426
0.047900 0.637631
0.047950 0.650505
0.048000 0.642282
0.048050 0.584014
0.048100 0.643055
0.048150 0.628057
0.048200 0.612052
0.048250 0.642370
0.048300 0.596394
0.048350 0.665472
0.048400 0.711513
0.048450 0.627721
0.048500 0.643687
0.048550 0.693727
0.048600 0.602841
0.048650 0.646091
0.048700 0.612454
0.048750 0.660702
0.048800 0.605541
0.048850 0.641169
0.048900 0.582927
0.048950 0.682291
0.049000 0.615194
0.049050 0.646096
0.049100 0.624015
0.049150 0.633359
0.049200 0.650616
0.049250 0.640322
0.049300 0.625066
0.049350 0.670036
0.049400 0.601412
0.049450 0.629604
0.049500 0.633111
0.049550 0.592985
0.049600 0.634168
0.049650 0.655600
0.049700 0.642276
0.049750 0.615968
0.049800 0.601549
0.049850 0.635993
0.049900 0.616599
