0.000000 7.000000
0.000010 7.000000
0.000020 7.000000
0.000030 7.000000
0.000040 7.000000
0.000050 7.000000
0.000060 7.000000
0.000070 7.000000
0.000080 7.000000
0.000090 7.000000
0.000100 7.000000
0.000110 7.000000
0.000120 7.000000
0.000130 7.000500
0.000140 7.000500
0.000150 7.000500
0.000160 7.000500
0.000170 7.001000
0.000180 7.001000
0.000190 7.001000
0.000200 7.001000
0.000210 7.001000
0.000220 7.001000
0.000230 7.001000
0.000240 7.001000
0.000250 7.001000
0.000260 7.001000
0.000270 7.001000
0.000280 7.001000
0.000290 7.001500
0.000300 7.001500
0.000310 7.001500
0.000320 7.001500
0.000330 7.001500
0.000340 7.002500
0.000350 7.002500
0.000360 7.002500
0.000370 7.002500
0.000380 7.002500
0.000390 7.002500
0.000400 7.002500
0.000410 7.002500
0.000420 7.002500
0.000430 7.002500
0.000440 7.002500
0.000450 7.002500
0.000460 7.002500
0.000470 7.002500
0.000480 7.002500
0.000490 7.002500
0.000500 7.002500
0.000510 7.002500
0.000520 7.002500
0.000530 7.002500
0.000540 7.002500
0.000550 7.002500
0.000560 7.002500
0.000570 7.002500
0.000580 7.002500
0.000590 7.002500
0.000600 7.002500
0.000610 7.002500
0.000620 7.002500
0.000630 7.002500
0.000640 7.002500
0.000650 7.002500
0.000660 7.002500
0.000670 7.002500
0.000680 7.002500
0.000690 7.002500
0.000700 7.002500
0.000710 7.002500
0.000720 7.002500
0.000730 7.002500
0.000740 7.002500
0.000750 7.003500
0.000760 7.003500
0.000770 7.003500
0.000780 7.003500
0.000790 7.003500
0.000800 7.003500
0.000810 7.003500
0.000820 7.003500
0.000830 7.003500
0.000840 7.003500
0.000850 7.003500
0.000860 7.003500
0.000870 7.003500
0.000880 7.003500
0.000890 7.003500
0.000900 7.003500
0.000910 7.003500
0.000920 7.003500
0.000930 7.003500
0.000940 7.003500
0.000950 7.003500
0.000960 7.003500
0.000970 7.003500
0.000980 7.003500
0.000990 7.003500
0.001000 7.003500
0.001010 7.003500
0.001020 7.003500
0.001030 7.003500
0.001040 7.003500
0.001050 7.003500
0.001060 7.003500
0.001070 7.003500
0.001080 7.003500
0.001090 7.003500
0.001100 7.003500
0.001110 7.003500
0.001120 7.003500
0.001130 7.003500
0.001140 7.003500
0.001150 7.003500
0.001160 7.003500
0.001170 7.003500
0.001180 7.003500
0.001190 7.003500
0.001200 7.003500
0.001210 7.003500
0.001220 7.003500
0.001230 7.003500
0.001240 7.003500
0.001250 7.003500
0.001260 7.003500
0.001270 7.003500
0.001280 7.003500
0.001290 7.003500
0.001300 7.003500
0.001310 7.003500
0.001320 7.003500
0.001330 7.003500
0.001340 7.003500
0.001350 7.003500
0.001360 7.003500
0.001370 7.003500
0.001380 7.003500
0.001390 7.003500
0.001400 7.003500
0.001410 7.003500
0.001420 7.003500
0.001430 7.003500
0.001440 7.003500
0.001450 7.003500
0.001460 7.003500
0.001470 7.003500
0.001480 7.003500
0.001490 7.003500
0.001500 7.003500
0.001510 7.003500
0.001520 7.003500
0.001530 7.003500
0.001540 7.003500
0.001550 7.003500
0.001560 7.003500
0.001570 7.003500
0.001580 7.003500
0.001590 7.003500
0.001600 7.003500
0.001610 7.003500
0.001620 7.003500
0.001630 7.003500
0.001640 7.003500
0.001650 7.003500
0.001660 7.003500
0.001670 7.003500
0.001680 7.003500
0.001690 7.003500
0.001700 7.003500
0.001710 7.003500
0.001720 7.003500
0.001730 7.003500
0.001740 7.003500
0.001750 7.003500
0.001760 7.003500
0.001770 7.003500
0.001780 7.004000
0.001790 7.004000
0.001800 7.004000
0.001810 7.004000
0.001820 7.004000
0.001830 7.004000
0.001840 7.004000
0.001850 7.004000
0.001860 7.004500
0.001870 7.004500
0.001880 7.004500
0.001890 7.004500
0.001900 7.004500
0.001910 7.004500
0.001920 7.004500
0.001930 7.004500
0.001940 7.004500
0.001950 7.004500
0.001960 7.004500
0.001970 7.004500
0.001980 7.004500
0.001990 7.004500
0.002000 7.004500
0.002010 7.004500
0.002020 7.004500
0.002030 7.004500
0.002040 7.005000
0.002050 7.005000
0.002060 7.005000
0.002070 7.005000
0.002080 7.005000
0.002090 7.005000
0.002100 7.005000
0.002110 7.005000
0.002120 7.005000
0.002130 7.005000
0.002140 7.005000
0.002150 7.005000
0.002160 7.005500
0.002170 7.005500
0.002180 7.005500
0.002190 7.005000
0.002200 7.005000
0.002210 7.005000
0.002220 7.005000
0.002230 7.005000
0.002240 7.005000
0.002250 7.005000
0.002260 7.005000
0.002270 7.005000
0.002280 7.005000
0.002290 7.004000
0.002300 7.004000
0.002310 7.004000
0.002320 7.004000
0.002330 7.003500
0.002340 7.003000
0.002350 7.002500
0.002360 7.002500
0.002370 7.002000
0.002380 7.002000
0.002390 7.002000
0.002400 7.001500
0.002410 7.001000
0.002420 7.001000
0.002430 7.000500
0.002440 7.000000
0.002450 6.998000
0.002460 6.997500
0.002470 6.997000
0.002480 6.996500
0.002490 6.995500
0.002500 6.994500
0.002510 6.993500
0.002520 6.992500
0.002530 6.991500
0.002540 6.990000
0.002550 6.990000
0.002560 6.989500
0.002570 6.989500
0.002580 6.989500
0.002590 6.988500
0.002600 6.987500
0.002610 6.985500
0.002620 6.985000
0.002630 6.984000
0.002640 6.982500
0.002650 6.981000
0.002660 6.980500
0.002670 6.980000
0.002680 6.979000
0.002690 6.978000
0.002700 6.977500
0.002710 6.977500
0.002720 6.976500
0.002730 6.975500
0.002740 6.973500
0.002750 6.971000
0.002760 6.971000
0.002770 6.970500
0.002780 6.969500
0.002790 6.968000
0.002800 6.967000
0.002810 6.965500
0.002820 6.964500
0.002830 6.963000
0.002840 6.962000
0.002850 6.961500
0.002860 6.960000
0.002870 6.959500
0.002880 6.957500
0.002890 6.956500
0.002900 6.956000
0.002910 6.954000
0.002920 6.951500
0.002930 6.951000
0.002940 6.949500
0.002950 6.949500
0.002960 6.949000
0.002970 6.949000
0.002980 6.948000
0.002990 6.948000
0.003000 6.948000
0.003010 6.948000
0.003020 6.946500
0.003030 6.945500
0.003040 6.943500
0.003050 6.943500
0.003060 6.942500
0.003070 6.941500
0.003080 6.941000
0.003090 6.940000
0.003100 6.939500
0.003110 6.939000
0.003120 6.938000
0.003130 6.936500
0.003140 6.936000
0.003150 6.934500
0.003160 6.932500
0.003170 6.932000
0.003180 6.931500
0.003190 6.929500
0.003200 6.928500
0.003210 6.928500
0.003220 6.928500
0.003230 6.928500
0.003240 6.927500
0.003250 6.927000
0.003260 6.926500
0.003270 6.926000
0.003280 6.926500
0.003290 6.926000
0.003300 6.925500
0.003310 6.924000
0.003320 6.923000
0.003330 6.922500
0.003340 6.921500
0.003350 6.920500
0.003360 6.919500
0.003370 6.919000
0.003380 6.919500
0.003390 6.919000
0.003400 6.918500
0.003410 6.917000
0.003420 6.916500
0.003430 6.916500
0.003440 6.916500
0.003450 6.915000
0.003460 6.915000
0.003470 6.915000
0.003480 6.914000
0.003490 6.912500
0.003500 6.912500
0.003510 6.912000
0.003520 6.911000
0.003530 6.909500
0.003540 6.909000
0.003550 6.908500
0.003560 6.908500
0.003570 6.907500
0.003580 6.907500
0.003590 6.906500
0.003600 6.905500
0.003610 6.904000
0.003620 6.904000
0.003630 6.903000
0.003640 6.902500
0.003650 6.902500
0.003660 6.902000
0.003670 6.901500
0.003680 6.901500
0.003690 6.901000
0.003700 6.901000
0.003710 6.901000
0.003720 6.900000
0.003730 6.899500
0.003740 6.899000
0.003750 6.899000
0.003760 6.898500
0.003770 6.897500
0.003780 6.896000
0.003790 6.895500
0.003800 6.895000
0.003810 6.894500
0.003820 6.894000
0.003830 6.893500
0.003840 6.893000
0.003850 6.893000
0.003860 6.891500
0.003870 6.890500
0.003880 6.890000
0.003890 6.889500
0.003900 6.889500
0.003910 6.889500
0.003920 6.889000
0.003930 6.888500
0.003940 6.888500
0.003950 6.888500
0.003960 6.887500
0.003970 6.887500
0.003980 6.887000
0.003990 6.887000
0.004000 6.887000
0.004010 6.887000
0.004020 6.886500
0.004030 6.886500
0.004040 6.886500
0.004050 6.886500
0.004060 6.886500
0.004070 6.886500
0.004080 6.886500
0.004090 6.886500
0.004100 6.886500
0.004110 6.886000
0.004120 6.886000
0.004130 6.886000
0.004140 6.885500
0.004150 6.885000
0.004160 6.885000
0.004170 6.884500
0.004180 6.884000
0.004190 6.884000
0.004200 6.883000
0.004210 6.882500
0.004220 6.882000
0.004230 6.881000
0.004240 6.880000
0.004250 6.880000
0.004260 6.880000
0.004270 6.879000
0.004280 6.878500
0.004290 6.878000
0.004300 6.877500
0.004310 6.877000
0.004320 6.876000
0.004330 6.875500
0.004340 6.875500
0.004350 6.875500
0.004360 6.875000
0.004370 6.874500
0.004380 6.874500
0.004390 6.874500
0.004400 6.874500
0.004410 6.874500
0.004420 6.874500
0.004430 6.874000
0.004440 6.874000
0.004450 6.873500
0.004460 6.873500
0.004470 6.873500
0.004480 6.873500
0.004490 6.873500
0.004500 6.873500
0.004510 6.873500
0.004520 6.873500
0.004530 6.873500
0.004540 6.873500
0.004550 6.873500
0.004560 6.873500
0.004570 6.873000
0.004580 6.873000
0.004590 6.873000
0.004600 6.872000
0.004610 6.872000
0.004620 6.872000
0.004630 6.872000
0.004640 6.872000
0.004650 6.872000
0.004660 6.871000
0.004670 6.870500
0.004680 6.870500
0.004690 6.870500
0.004700 6.870000
0.004710 6.869000
0.004720 6.868500
0.004730 6.868500
0.004740 6.868500
0.004750 6.868500
0.004760 6.868000
0.004770 6.868000
0.004780 6.867500
0.004790 6.867000
0.004800 6.867000
0.004810 6.866500
0.004820 6.865500
0.004830 6.865000
0.004840 6.864500
0.004850 6.864500
0.004860 6.865000
0.004870 6.865000
0.004880 6.864000
0.004890 6.864000
0.004900 6.863000
0.004910 6.862500
0.004920 6.862500
0.004930 6.862500
0.004940 6.862500
0.004950 6.862500
0.004960 6.862500
0.004970 6.862000
0.004980 6.862000
0.004990 6.862000
0.005000 6.862000
0.005010 6.861500
0.005020 6.861500
0.005030 6.861500
0.005040 6.861500
0.005050 6.862000
0.005060 6.861000
0.005070 6.861000
0.005080 6.861000
0.005090 6.861000
0.005100 6.861000
0.005110 6.861000
0.005120 6.860000
0.005130 6.859000
0.005140 6.859000
0.005150 6.859000
0.005160 6.859500
0.005170 6.859500
0.005180 6.858500
0.005190 6.858500
0.005200 6.858500
0.005210 6.858000
0.005220 6.858000
0.005230 6.857500
0.005240 6.856500
0.005250 6.856000
0.005260 6.855500
0.005270 6.855500
0.005280 6.855500
0.005290 6.855500
0.005300 6.855000
0.005310 6.854500
0.005320 6.854500
0.005330 6.854000
0.005340 6.853500
0.005350 6.853500
0.005360 6.853500
0.005370 6.853500
0.005380 6.852500
0.005390 6.852500
0.005400 6.852500
0.005410 6.852500
0.005420 6.851500
0.005430 6.851500
0.005440 6.850500
0.005450 6.851000
0.005460 6.851000
0.005470 6.850500
0.005480 6.850500
0.005490 6.849500
0.005500 6.849500
0.005510 6.849000
0.005520 6.849000
0.005530 6.849000
0.005540 6.849000
0.005550 6.849000
0.005560 6.849000
0.005570 6.849000
0.005580 6.848500
0.005590 6.848500
0.005600 6.848500
0.005610 6.848500
0.005620 6.848000
0.005630 6.847000
0.005640 6.845500
0.005650 6.845500
0.005660 6.845500
0.005670 6.845500
0.005680 6.845000
0.005690 6.845000
0.005700 6.844500
0.005710 6.844500
0.005720 6.844500
0.005730 6.844500
0.005740 6.844000
0.005750 6.844000
0.005760 6.844000
0.005770 6.844000
0.005780 6.844000
0.005790 6.844000
0.005800 6.844000
0.005810 6.843500
0.005820 6.843000
0.005830 6.843000
0.005840 6.842500
0.005850 6.842500
0.005860 6.842500
0.005870 6.843000
0.005880 6.842000
0.005890 6.842000
0.005900 6.841500
0.005910 6.841500
0.005920 6.841500
0.005930 6.841500
0.005940 6.841000
0.005950 6.841000
0.005960 6.841000
0.005970 6.841000
0.005980 6.840500
0.005990 6.840500
0.006000 6.840000
0.006010 6.839000
0.006020 6.839000
0.006030 6.839000
0.006040 6.839000
0.006050 6.839000
0.006060 6.838500
0.006070 6.838500
0.006080 6.838500
0.006090 6.838000
0.006100 6.838000
0.006110 6.838500
0.006120 6.838000
0.006130 6.838000
0.006140 6.838000
0.006150 6.837000
0.006160 6.837000
0.006170 6.837000
0.006180 6.837000
0.006190 6.837000
0.006200 6.836500
0.006210 6.835500
0.006220 6.835000
0.006230 6.835000
0.006240 6.835000
0.006250 6.835000
0.006260 6.835000
0.006270 6.834500
0.006280 6.834000
0.006290 6.833500
0.006300 6.833000
0.006310 6.833000
0.006320 6.833000
0.006330 6.833000
0.006340 6.833000
0.006350 6.832500
0.006360 6.831500
0.006370 6.831500
0.006380 6.831500
0.006390 6.830500
0.006400 6.830500
0.006410 6.829500
0.006420 6.829500
0.006430 6.829500
0.006440 6.829500
0.006450 6.829500
0.006460 6.829500
0.006470 6.829000
0.006480 6.829000
0.006490 6.828500
0.006500 6.828500
0.006510 6.828500
0.006520 6.828500
0.006530 6.828500
0.006540 6.828000
0.006550 6.827000
0.006560 6.827000
0.006570 6.826500
0.006580 6.826500
0.006590 6.826500
0.006600 6.826500
0.006610 6.826500
0.006620 6.826000
0.006630 6.825000
0.006640 6.824000
0.006650 6.824000
0.006660 6.824000
0.006670 6.824000
0.006680 6.824000
0.006690 6.823500
0.006700 6.823500
0.006710 6.823000
0.006720 6.822500
0.006730 6.822500
0.006740 6.822500
0.006750 6.822000
0.006760 6.821500
0.006770 6.821500
0.006780 6.821500
0.006790 6.821000
0.006800 6.821000
0.006810 6.820500
0.006820 6.820500
0.006830 6.820000
0.006840 6.819500
0.006850 6.819500
0.006860 6.819500
0.006870 6.819000
0.006880 6.819000
0.006890 6.818500
0.006900 6.818000
0.006910 6.818500
0.006920 6.818500
0.006930 6.818500
0.006940 6.818500
0.006950 6.818500
0.006960 6.818500
0.006970 6.817500
0.006980 6.817500
0.006990 6.817500
0.007000 6.817000
0.007010 6.817000
0.007020 6.816500
0.007030 6.816000
0.007040 6.816000
0.007050 6.816000
0.007060 6.815000
0.007070 6.815000
0.007080 6.815000
0.007090 6.813500
0.007100 6.813000
0.007110 6.813000
0.007120 6.813000
0.007130 6.813000
0.007140 6.813000
0.007150 6.812500
0.007160 6.812500
0.007170 6.812000
0.007180 6.812000
0.007190 6.812000
0.007200 6.811000
0.007210 6.811000
0.007220 6.811000
0.007230 6.811000
0.007240 6.810500
0.007250 6.810500
0.007260 6.810500
0.007270 6.810000
0.007280 6.810000
0.007290 6.810000
0.007300 6.810000
0.007310 6.810000
0.007320 6.809500
0.007330 6.809500
0.007340 6.809000
0.007350 6.808500
0.007360 6.808500
0.007370 6.808500
0.007380 6.808500
0.007390 6.808500
0.007400 6.808500
0.007410 6.808500
0.007420 6.808500
0.007430 6.808500
0.007440 6.808500
0.007450 6.808500
0.007460 6.808500
0.007470 6.807500
0.007480 6.807500
0.007490 6.808000
0.007500 6.808000
0.007510 6.808000
0.007520 6.808000
0.007530 6.808000
0.007540 6.807500
0.007550 6.807500
0.007560 6.807500
0.007570 6.807000
0.007580 6.806500
0.007590 6.806500
0.007600 6.806500
0.007610 6.806500
0.007620 6.806500
0.007630 6.806500
0.007640 6.806500
0.007650 6.806500
0.007660 6.806500
0.007670 6.806500
0.007680 6.806500
0.007690 6.806500
0.007700 6.806500
0.007710 6.806500
0.007720 6.806500
0.007730 6.806500
0.007740 6.806500
0.007750 6.806000
0.007760 6.806000
0.007770 6.806000
0.007780 6.806000
0.007790 6.806500
0.007800 6.806500
0.007810 6.806500
0.007820 6.806500
0.007830 6.806500
0.007840 6.805500
0.007850 6.805500
0.007860 6.805500
0.007870 6.805500
0.007880 6.805000
0.007890 6.805000
0.007900 6.805000
0.007910 6.805000
0.007920 6.805000
0.007930 6.805000
0.007940 6.804500
0.007950 6.805000
0.007960 6.805000
0.007970 6.805000
0.007980 6.805000
0.007990 6.804500
0.008000 6.804500
0.008010 6.804500
0.008020 6.804500
0.008030 6.804500
0.008040 6.804500
0.008050 6.804500
0.008060 6.804000
0.008070 6.804000
0.008080 6.804500
0.008090 6.804500
0.008100 6.805000
0.008110 6.805500
0.008120 6.805500
0.008130 6.804500
0.008140 6.804000
0.008150 6.803500
0.008160 6.803500
0.008170 6.803500
0.008180 6.803500
0.008190 6.803000
0.008200 6.802500
0.008210 6.802500
0.008220 6.802000
0.008230 6.801500
0.008240 6.801500
0.008250 6.801500
0.008260 6.801500
0.008270 6.801000
0.008280 6.801000
0.008290 6.801000
0.008300 6.801000
0.008310 6.801000
0.008320 6.800500
0.008330 6.800500
0.008340 6.801000
0.008350 6.801000
0.008360 6.801000
0.008370 6.801000
0.008380 6.800000
0.008390 6.799500
0.008400 6.799500
0.008410 6.799500
0.008420 6.799500
0.008430 6.799000
0.008440 6.799000
0.008450 6.799000
0.008460 6.799000
0.008470 6.799000
0.008480 6.799000
0.008490 6.799000
0.008500 6.799000
0.008510 6.799000
0.008520 6.799000
0.008530 6.799000
0.008540 6.799000
0.008550 6.799000
0.008560 6.799000
0.008570 6.798500
0.008580 6.798500
0.008590 6.798500
0.008600 6.798000
0.008610 6.798000
0.008620 6.798000
0.008630 6.798000
0.008640 6.798000
0.008650 6.797000
0.008660 6.797000
0.008670 6.797000
0.008680 6.797000
0.008690 6.796500
0.008700 6.797000
0.008710 6.796500
0.008720 6.796000
0.008730 6.796000
0.008740 6.796000
0.008750 6.796000
0.008760 6.795500
0.008770 6.795500
0.008780 6.795000
0.008790 6.794500
0.008800 6.794500
0.008810 6.794500
0.008820 6.794500
0.008830 6.794000
0.008840 6.794500
0.008850 6.794500
0.008860 6.794000
0.008870 6.793000
0.008880 6.793000
0.008890 6.792000
0.008900 6.792000
0.008910 6.792000
0.008920 6.791500
0.008930 6.791500
0.008940 6.791500
0.008950 6.792000
0.008960 6.792000
0.008970 6.792000
0.008980 6.792000
0.008990 6.791500
0.009000 6.791000
0.009010 6.790000
0.009020 6.790000
0.009030 6.790000
0.009040 6.790000
0.009050 6.790000
0.009060 6.789500
0.009070 6.790000
0.009080 6.790000
0.009090 6.790000
0.009100 6.790000
0.009110 6.790000
0.009120 6.790000
0.009130 6.790000
0.009140 6.790000
0.009150 6.790000
0.009160 6.790000
0.009170 6.790000
0.009180 6.790000
0.009190 6.789500
0.009200 6.788500
0.009210 6.788500
0.009220 6.788500
0.009230 6.788000
0.009240 6.788000
0.009250 6.788000
0.009260 6.788000
0.009270 6.788000
0.009280 6.788000
0.009290 6.788000
0.009300 6.787500
0.009310 6.787500
0.009320 6.787500
0.009330 6.787500
0.009340 6.787500
0.009350 6.787500
0.009360 6.787500
0.009370 6.787000
0.009380 6.787000
0.009390 6.787000
0.009400 6.787000
0.009410 6.787500
0.009420 6.787500
0.009430 6.788000
0.009440 6.788000
0.009450 6.788000
0.009460 6.788000
0.009470 6.788000
0.009480 6.787500
0.009490 6.787500
0.009500 6.787000
0.009510 6.787000
0.009520 6.786500
0.009530 6.786500
0.009540 6.785500
0.009550 6.785000
0.009560 6.785000
0.009570 6.785000
0.009580 6.784500
0.009590 6.784500
0.009600 6.784500
0.009610 6.784500
0.009620 6.784000
0.009630 6.784000
0.009640 6.784000
0.009650 6.784000
0.009660 6.784000
0.009670 6.784000
0.009680 6.783500
0.009690 6.783500
0.009700 6.784000
0.009710 6.784000
0.009720 6.784000
0.009730 6.783500
0.009740 6.783500
0.009750 6.783500
0.009760 6.783500
0.009770 6.783000
0.009780 6.783000
0.009790 6.783000
0.009800 6.783500
0.009810 6.783000
0.009820 6.783000
0.009830 6.783000
0.009840 6.783000
0.009850 6.782500
0.009860 6.782500
0.009870 6.782500
0.009880 6.782000
0.009890 6.781000
0.009900 6.781000
0.009910 6.781000
0.009920 6.781000
0.009930 6.780500
0.009940 6.780500
0.009950 6.780500
0.009960 6.780500
0.009970 6.780000
0.009980 6.779500
0.009990 6.779500
0.010000 6.779000
0.010010 6.779000
0.010020 6.779000
0.010030 6.779000
0.010040 6.778500
0.010050 6.778500
0.010060 6.778500
0.010070 6.778500
0.010080 6.778500
0.010090 6.778000
0.010100 6.778000
0.010110 6.778000
0.010120 6.778000
0.010130 6.776500
0.010140 6.776500
0.010150 6.776500
0.010160 6.776500
0.010170 6.776500
0.010180 6.776500
0.010190 6.776500
0.010200 6.776500
0.010210 6.776500
0.010220 6.776500
0.010230 6.776500
0.010240 6.776500
0.010250 6.776500
0.010260 6.776500
0.010270 6.776500
0.010280 6.776500
0.010290 6.776000
0.010300 6.776000
0.010310 6.776000
0.010320 6.776000
0.010330 6.776000
0.010340 6.776000
0.010350 6.776000
0.010360 6.775500
0.010370 6.775500
0.010380 6.775500
0.010390 6.775500
0.010400 6.775000
0.010410 6.775000
0.010420 6.775000
0.010430 6.774500
0.010440 6.774500
0.010450 6.774500
0.010460 6.774000
0.010470 6.774000
0.010480 6.774000
0.010490 6.774000
0.010500 6.774000
0.010510 6.774000
0.010520 6.774000
0.010530 6.774000
0.010540 6.773500
0.010550 6.773500
0.010560 6.773500
0.010570 6.773000
0.010580 6.772500
0.010590 6.772000
0.010600 6.772000
0.010610 6.772000
0.010620 6.772000
0.010630 6.772000
0.010640 6.772000
0.010650 6.771500
0.010660 6.771000
0.010670 6.771000
0.010680 6.771000
0.010690 6.771000
0.010700 6.771000
0.010710 6.771000
0.010720 6.771000
0.010730 6.771000
0.010740 6.771000
0.010750 6.771000
0.010760 6.771000
0.010770 6.771500
0.010780 6.771500
0.010790 6.771000
0.010800 6.770500
0.010810 6.770500
0.010820 6.770500
0.010830 6.770500
0.010840 6.770500
0.010850 6.770500
0.010860 6.770000
0.010870 6.770000
0.010880 6.770000
0.010890 6.770000
0.010900 6.770000
0.010910 6.770000
0.010920 6.770000
0.010930 6.770000
0.010940 6.770000
0.010950 6.769500
0.010960 6.769500
0.010970 6.769500
0.010980 6.769500
0.010990 6.769000
0.011000 6.769000
0.011010 6.769000
0.011020 6.769000
0.011030 6.769000
0.011040 6.769000
0.011050 6.769000
0.011060 6.769000
0.011070 6.769000
0.011080 6.769000
0.011090 6.769000
0.011100 6.769000
0.011110 6.769000
0.011120 6.769000
0.011130 6.769000
0.011140 6.769500
0.011150 6.769500
0.011160 6.769000
0.011170 6.769000
0.011180 6.768500
0.011190 6.768500
0.011200 6.768500
0.011210 6.768500
0.011220 6.768500
0.011230 6.768500
0.011240 6.768500
0.011250 6.768000
0.011260 6.768000
0.011270 6.767500
0.011280 6.767500
0.011290 6.767500
0.011300 6.767500
0.011310 6.767500
0.011320 6.767000
0.011330 6.767000
0.011340 6.767000
0.011350 6.767000
0.011360 6.766500
0.011370 6.766500
0.011380 6.766500
0.011390 6.766500
0.011400 6.766500
0.011410 6.767000
0.011420 6.767000
0.011430 6.767000
0.011440 6.767000
0.011450 6.766500
0.011460 6.766500
0.011470 6.766500
0.011480 6.766500
0.011490 6.766500
0.011500 6.766500
0.011510 6.767000
0.011520 6.767000
0.011530 6.767000
0.011540 6.767000
0.011550 6.767000
0.011560 6.766500
0.011570 6.766500
0.011580 6.766500
0.011590 6.766500
0.011600 6.766500
0.011610 6.766500
0.011620 6.766000
0.011630 6.766500
0.011640 6.766500
0.011650 6.766500
0.011660 6.766500
0.011670 6.766500
0.011680 6.767000
0.011690 6.767000
0.011700 6.767000
0.011710 6.767000
0.011720 6.766500
0.011730 6.766500
0.011740 6.766500
0.011750 6.766000
0.011760 6.766000
0.011770 6.766000
0.011780 6.766000
0.011790 6.766500
0.011800 6.766500
0.011810 6.766500
0.011820 6.766500
0.011830 6.766000
0.011840 6.766000
0.011850 6.766000
0.011860 6.766000
0.011870 6.766500
0.011880 6.766500
0.011890 6.766500
0.011900 6.766000
0.011910 6.765500
0.011920 6.765000
0.011930 6.765000
0.011940 6.765000
0.011950 6.765000
0.011960 6.765000
0.011970 6.765000
0.011980 6.765000
0.011990 6.764500
0.012000 6.764500
0.012010 6.764500
0.012020 6.764000
0.012030 6.764000
0.012040 6.764000
0.012050 6.764000
0.012060 6.764000
0.012070 6.764000
0.012080 6.764000
0.012090 6.764000
0.012100 6.764000
0.012110 6.764000
0.012120 6.764000
0.012130 6.764500
0.012140 6.764500
0.012150 6.764500
0.012160 6.764500
0.012170 6.764500
0.012180 6.764000
0.012190 6.763000
0.012200 6.763000
0.012210 6.763000
0.012220 6.763000
0.012230 6.763000
0.012240 6.763000
0.012250 6.763000
0.012260 6.763000
0.012270 6.763000
0.012280 6.763000
0.012290 6.762500
0.012300 6.762500
0.012310 6.762000
0.012320 6.762000
0.012330 6.762000
0.012340 6.762500
0.012350 6.762500
0.012360 6.762500
0.012370 6.762500
0.012380 6.762500
0.012390 6.762000
0.012400 6.762000
0.012410 6.762000
0.012420 6.762000
0.012430 6.761500
0.012440 6.761500
0.012450 6.761500
0.012460 6.761500
0.012470 6.761500
0.012480 6.761000
0.012490 6.761000
0.012500 6.761000
0.012510 6.761000
0.012520 6.761000
0.012530 6.761000
0.012540 6.761000
0.012550 6.761000
0.012560 6.761000
0.012570 6.761000
0.012580 6.761000
0.012590 6.761000
0.012600 6.760500
0.012610 6.760500
0.012620 6.760500
0.012630 6.760500
0.012640 6.760500
0.012650 6.760000
0.012660 6.760000
0.012670 6.759500
0.012680 6.759500
0.012690 6.759500
0.012700 6.759500
0.012710 6.759500
0.012720 6.759500
0.012730 6.759500
0.012740 6.759000
0.012750 6.759000
0.012760 6.759000
0.012770 6.759000
0.012780 6.759000
0.012790 6.758500
0.012800 6.758500
0.012810 6.758500
0.012820 6.758500
0.012830 6.758000
0.012840 6.758000
0.012850 6.758000
0.012860 6.758000
0.012870 6.758000
0.012880 6.758000
0.012890 6.758000
0.012900 6.758000
0.012910 6.758000
0.012920 6.758000
0.012930 6.758000
0.012940 6.758000
0.012950 6.757500
0.012960 6.758000
0.012970 6.758000
0.012980 6.758000
0.012990 6.758000
0.013000 6.758000
0.013010 6.758000
0.013020 6.757500
0.013030 6.757500
0.013040 6.757500
0.013050 6.757500
0.013060 6.757500
0.013070 6.757500
0.013080 6.757500
0.013090 6.757500
0.013100 6.757500
0.013110 6.757500
0.013120 6.757500
0.013130 6.757500
0.013140 6.757500
0.013150 6.757500
0.013160 6.757500
0.013170 6.757500
0.013180 6.757000
0.013190 6.757000
0.013200 6.757500
0.013210 6.757500
0.013220 6.757500
0.013230 6.758000
0.013240 6.757500
0.013250 6.757500
0.013260 6.757500
0.013270 6.757000
0.013280 6.756000
0.013290 6.756000
0.013300 6.756000
0.013310 6.756000
0.013320 6.755500
0.013330 6.755500
0.013340 6.755500
0.013350 6.755000
0.013360 6.755500
0.013370 6.755500
0.013380 6.755500
0.013390 6.755500
0.013400 6.755500
0.013410 6.755500
0.013420 6.755500
0.013430 6.755500
0.013440 6.755000
0.013450 6.755000
0.013460 6.754500
0.013470 6.754500
0.013480 6.754500
0.013490 6.754500
0.013500 6.754500
0.013510 6.755000
0.013520 6.755000
0.013530 6.755000
0.013540 6.755000
0.013550 6.755000
0.013560 6.755000
0.013570 6.755000
0.013580 6.754500
0.013590 6.754500
0.013600 6.754500
0.013610 6.755500
0.013620 6.755500
0.013630 6.756000
0.013640 6.756000
0.013650 6.756000
0.013660 6.756000
0.013670 6.756000
0.013680 6.756000
0.013690 6.756000
0.013700 6.756000
0.013710 6.756000
0.013720 6.755500
0.013730 6.755500
0.013740 6.755500
0.013750 6.755500
0.013760 6.755500
0.013770 6.755500
0.013780 6.755500
0.013790 6.755500
0.013800 6.755500
0.013810 6.755500
0.013820 6.755500
0.013830 6.755500
0.013840 6.755500
0.013850 6.755500
0.013860 6.755500
0.013870 6.755500
0.013880 6.755500
0.013890 6.755500
0.013900 6.755500
0.013910 6.755500
0.013920 6.755500
0.013930 6.755500
0.013940 6.755000
0.013950 6.755000
0.013960 6.755000
0.013970 6.755000
0.013980 6.755000
0.013990 6.755000
0.014000 6.755000
0.014010 6.755000
0.014020 6.755000
0.014030 6.755500
0.014040 6.755500
0.014050 6.755000
0.014060 6.755000
0.014070 6.755000
0.014080 6.754500
0.014090 6.754500
0.014100 6.754500
0.014110 6.754500
0.014120 6.754000
0.014130 6.754000
0.014140 6.754000
0.014150 6.754000
0.014160 6.754000
0.014170 6.754000
0.014180 6.754000
0.014190 6.754000
0.014200 6.754000
0.014210 6.754000
0.014220 6.754500
0.014230 6.754500
0.014240 6.754500
0.014250 6.754500
0.014260 6.754500
0.014270 6.755000
0.014280 6.755000
0.014290 6.755000
0.014300 6.755000
0.014310 6.755000
0.014320 6.754500
0.014330 6.755000
0.014340 6.755000
0.014350 6.755000
0.014360 6.755000
0.014370 6.754500
0.014380 6.754500
0.014390 6.754500
0.014400 6.754500
0.014410 6.754500
0.014420 6.754500
0.014430 6.754500
0.014440 6.754500
0.014450 6.754500
0.014460 6.754000
0.014470 6.754000
0.014480 6.754000
0.014490 6.754000
0.014500 6.754000
0.014510 6.754000
0.014520 6.754000
0.014530 6.754000
0.014540 6.754000
0.014550 6.754000
0.014560 6.754000
0.014570 6.754000
0.014580 6.754000
0.014590 6.754000
0.014600 6.754000
0.014610 6.753500
0.014620 6.753500
0.014630 6.753500
0.014640 6.753500
0.014650 6.753500
0.014660 6.753500
0.014670 6.752500
0.014680 6.752500
0.014690 6.752500
0.014700 6.752500
0.014710 6.752500
0.014720 6.752500
0.014730 6.752500
0.014740 6.752500
0.014750 6.752500
0.014760 6.752500
0.014770 6.752500
0.014780 6.752500
0.014790 6.752500
0.014800 6.752500
0.014810 6.752500
0.014820 6.752500
0.014830 6.752500
0.014840 6.752500
0.014850 6.752000
0.014860 6.752000
0.014870 6.752000
0.014880 6.752000
0.014890 6.752000
0.014900 6.751500
0.014910 6.751500
0.014920 6.751500
0.014930 6.751500
0.014940 6.750500
0.014950 6.750000
0.014960 6.750000
0.014970 6.750000
0.014980 6.750000
0.014990 6.749500
0.015000 6.749500
0.015010 6.749500
0.015020 6.749500
0.015030 6.749500
0.015040 6.749500
0.015050 6.749500
0.015060 6.749000
0.015070 6.749000
0.015080 6.749000
0.015090 6.749000
0.015100 6.749000
0.015110 6.749000
0.015120 6.748500
0.015130 6.748500
0.015140 6.748500
0.015150 6.748500
0.015160 6.748500
0.015170 6.748500
0.015180 6.748500
0.015190 6.748500
0.015200 6.748500
0.015210 6.748500
0.015220 6.748000
0.015230 6.747500
0.015240 6.747500
0.015250 6.747500
0.015260 6.747500
0.015270 6.747500
0.015280 6.747500
0.015290 6.747500
0.015300 6.747500
0.015310 6.747500
0.015320 6.747500
0.015330 6.747500
0.015340 6.747500
0.015350 6.747500
0.015360 6.747500
0.015370 6.747500
0.015380 6.747500
0.015390 6.748000
0.015400 6.748000
0.015410 6.748000
0.015420 6.748000
0.015430 6.748000
0.015440 6.748000
0.015450 6.748000
0.015460 6.747500
0.015470 6.747500
0.015480 6.747500
0.015490 6.747500
0.015500 6.747500
0.015510 6.747500
0.015520 6.747500
0.015530 6.747500
0.015540 6.747500
0.015550 6.747500
0.015560 6.747500
0.015570 6.747500
0.015580 6.747500
0.015590 6.747500
0.015600 6.747500
0.015610 6.747500
0.015620 6.747000
0.015630 6.747000
0.015640 6.747000
0.015650 6.747000
0.015660 6.747000
0.015670 6.747000
0.015680 6.747000
0.015690 6.747000
0.015700 6.747000
0.015710 6.747000
0.015720 6.746500
0.015730 6.746500
0.015740 6.746500
0.015750 6.746500
0.015760 6.746500
0.015770 6.746500
0.015780 6.746500
0.015790 6.746500
0.015800 6.746500
0.015810 6.746500
0.015820 6.746500
0.015830 6.746500
0.015840 6.746500
0.015850 6.746500
0.015860 6.746500
0.015870 6.746500
0.015880 6.746500
0.015890 6.746500
0.015900 6.746500
0.015910 6.747000
0.015920 6.747000
0.015930 6.747000
0.015940 6.748000
0.015950 6.748000
0.015960 6.748000
0.015970 6.748000
0.015980 6.748000
0.015990 6.747500
0.016000 6.746500
0.016010 6.746500
0.016020 6.746500
0.016030 6.746500
0.016040 6.746500
0.016050 6.746500
0.016060 6.746500
0.016070 6.746500
0.016080 6.746500
0.016090 6.746500
0.016100 6.746500
0.016110 6.746500
0.016120 6.746500
0.016130 6.746500
0.016140 6.746500
0.016150 6.746500
0.016160 6.746500
0.016170 6.746500
0.016180 6.746500
0.016190 6.746500
0.016200 6.746500
0.016210 6.746500
0.016220 6.746500
0.016230 6.746500
0.016240 6.746500
0.016250 6.746500
0.016260 6.746500
0.016270 6.746500
0.016280 6.746500
0.016290 6.746500
0.016300 6.746500
0.016310 6.746500
0.016320 6.746500
0.016330 6.746500
0.016340 6.746500
0.016350 6.746500
0.016360 6.746500
0.016370 6.746500
0.016380 6.746500
0.016390 6.746500
0.016400 6.746000
0.016410 6.746000
0.016420 6.746000
0.016430 6.746000
0.016440 6.746000
0.016450 6.746000
0.016460 6.746000
0.016470 6.746000
0.016480 6.746000
0.016490 6.746000
0.016500 6.746000
0.016510 6.746000
0.016520 6.746000
0.016530 6.746000
0.016540 6.746000
0.016550 6.745500
0.016560 6.745500
0.016570 6.745500
0.016580 6.745000
0.016590 6.745000
0.016600 6.745000
0.016610 6.744500
0.016620 6.744500
0.016630 6.744500
0.016640 6.744500
0.016650 6.744500
0.016660 6.745000
0.016670 6.745000
0.016680 6.745000
0.016690 6.745000
0.016700 6.745000
0.016710 6.745000
0.016720 6.745000
0.016730 6.745000
0.016740 6.744500
0.016750 6.744500
0.016760 6.744500
0.016770 6.744500
0.016780 6.744500
0.016790 6.744500
0.016800 6.744500
0.016810 6.744500
0.016820 6.744500
0.016830 6.745000
0.016840 6.745000
0.016850 6.745000
0.016860 6.745000
0.016870 6.745000
0.016880 6.745000
0.016890 6.745000
0.016900 6.745000
0.016910 6.745000
0.016920 6.745000
0.016930 6.745000
0.016940 6.745000
0.016950 6.745000
0.016960 6.745000
0.016970 6.745000
0.016980 6.745000
0.016990 6.745000
0.017000 6.745000
0.017010 6.745000
0.017020 6.745000
0.017030 6.745000
0.017040 6.745000
0.017050 6.745000
0.017060 6.745000
0.017070 6.745000
0.017080 6.745000
0.017090 6.745000
0.017100 6.745000
0.017110 6.745500
0.017120 6.745500
0.017130 6.745500
0.017140 6.745500
0.017150 6.745500
0.017160 6.745500
0.017170 6.746000
0.017180 6.745500
0.017190 6.745500
0.017200 6.745500
0.017210 6.745500
0.017220 6.746000
0.017230 6.746000
0.017240 6.746000
0.017250 6.746000
0.017260 6.746000
0.017270 6.746000
0.017280 6.746000
0.017290 6.746000
0.017300 6.746500
0.017310 6.746000
0.017320 6.746000
0.017330 6.746000
0.017340 6.746000
0.017350 6.746000
0.017360 6.746000
0.017370 6.746500
0.017380 6.746500
0.017390 6.746500
0.017400 6.746500
0.017410 6.746500
0.017420 6.746500
0.017430 6.746500
0.017440 6.746500
0.017450 6.746500
0.017460 6.746500
0.017470 6.746500
0.017480 6.746500
0.017490 6.746500
0.017500 6.746500
0.017510 6.746500
0.017520 6.746500
0.017530 6.746500
0.017540 6.746500
0.017550 6.746500
0.017560 6.746500
0.017570 6.746500
0.017580 6.746500
0.017590 6.746500
0.017600 6.746500
0.017610 6.746500
0.017620 6.746500
0.017630 6.746500
0.017640 6.746500
0.017650 6.746500
0.017660 6.746500
0.017670 6.746500
0.017680 6.746500
0.017690 6.746500
0.017700 6.746500
0.017710 6.746500
0.017720 6.746000
0.017730 6.745500
0.017740 6.745500
0.017750 6.745500
0.017760 6.745500
0.017770 6.746000
0.017780 6.746000
0.017790 6.746000
0.017800 6.746000
0.017810 6.746000
0.017820 6.746000
0.017830 6.746000
0.017840 6.746000
0.017850 6.746000
0.017860 6.746000
0.017870 6.746000
0.017880 6.746000
0.017890 6.746000
0.017900 6.746000
0.017910 6.746000
0.017920 6.746000
0.017930 6.746000
0.017940 6.746000
0.017950 6.746000
0.017960 6.746000
0.017970 6.746000
0.017980 6.746000
0.017990 6.746000
0.018000 6.746000
0.018010 6.746000
0.018020 6.746000
0.018030 6.746000
0.018040 6.746000
0.018050 6.746000
0.018060 6.746000
0.018070 6.746000
0.018080 6.746000
0.018090 6.746000
0.018100 6.746000
0.018110 6.746000
0.018120 6.746000
0.018130 6.746000
0.018140 6.746000
0.018150 6.746000
0.018160 6.746500
0.018170 6.746500
0.018180 6.746500
0.018190 6.746500
0.018200 6.747000
0.018210 6.747000
0.018220 6.747000
0.018230 6.747000
0.018240 6.747000
0.018250 6.747000
0.018260 6.747500
0.018270 6.747500
0.018280 6.747500
0.018290 6.747500
0.018300 6.747500
0.018310 6.747500
0.018320 6.747500
0.018330 6.747500
0.018340 6.747500
0.018350 6.747500
0.018360 6.747500
0.018370 6.747500
0.018380 6.747500
0.018390 6.747500
0.018400 6.747500
0.018410 6.747500
0.018420 6.747500
0.018430 6.747500
0.018440 6.747500
0.018450 6.747500
0.018460 6.747500
0.018470 6.747500
0.018480 6.747500
0.018490 6.747500
0.018500 6.747500
0.018510 6.747500
0.018520 6.747500
0.018530 6.747500
0.018540 6.747500
0.018550 6.747500
0.018560 6.747500
0.018570 6.747500
0.018580 6.747000
0.018590 6.747000
0.018600 6.747000
0.018610 6.747000
0.018620 6.747000
0.018630 6.747000
0.018640 6.747000
0.018650 6.747000
0.018660 6.747000
0.018670 6.747000
0.018680 6.747000
0.018690 6.747000
0.018700 6.747000
0.018710 6.747000
0.018720 6.747000
0.018730 6.747000
0.018740 6.747000
0.018750 6.746500
0.018760 6.746000
0.018770 6.746000
0.018780 6.746000
0.018790 6.746000
0.018800 6.746000
0.018810 6.746000
0.018820 6.746000
0.018830 6.746000
0.018840 6.746000
0.018850 6.745500
0.018860 6.745500
0.018870 6.745500
0.018880 6.745500
0.018890 6.745500
0.018900 6.745500
0.018910 6.745000
0.018920 6.745000
0.018930 6.745000
0.018940 6.745000
0.018950 6.745000
0.018960 6.745000
0.018970 6.745000
0.018980 6.745000
0.018990 6.745000
0.019000 6.745000
0.019010 6.745000
0.019020 6.745000
0.019030 6.745000
0.019040 6.745000
0.019050 6.745000
0.019060 6.745000
0.019070 6.745000
0.019080 6.745000
0.019090 6.745000
0.019100 6.745000
0.019110 6.745000
0.019120 6.745000
0.019130 6.745000
0.019140 6.745000
0.019150 6.745000
0.019160 6.745000
0.019170 6.745000
0.019180 6.745000
0.019190 6.745000
0.019200 6.745000
0.019210 6.745000
0.019220 6.745000
0.019230 6.745000
0.019240 6.745000
0.019250 6.745000
0.019260 6.744500
0.019270 6.744500
0.019280 6.744500
0.019290 6.744500
0.019300 6.744500
0.019310 6.744500
0.019320 6.744500
0.019330 6.744500
0.019340 6.744500
0.019350 6.744500
0.019360 6.744000
0.019370 6.744000
0.019380 6.744000
0.019390 6.744000
0.019400 6.744000
0.019410 6.744000
0.019420 6.744000
0.019430 6.744000
0.019440 6.744000
0.019450 6.744000
0.019460 6.744000
0.019470 6.744000
0.019480 6.744000
0.019490 6.744000
0.019500 6.744000
0.019510 6.744000
0.019520 6.744000
0.019530 6.744000
0.019540 6.744000
0.019550 6.744000
0.019560 6.743500
0.019570 6.743500
0.019580 6.743500
0.019590 6.743000
0.019600 6.743000
0.019610 6.743000
0.019620 6.743000
0.019630 6.743500
0.019640 6.743500
0.019650 6.743500
0.019660 6.743500
0.019670 6.743500
0.019680 6.743500
0.019690 6.743500
0.019700 6.743500
0.019710 6.743500
0.019720 6.743500
0.019730 6.743500
0.019740 6.743500
0.019750 6.743500
0.019760 6.743500
0.019770 6.743500
0.019780 6.743500
0.019790 6.744000
0.019800 6.744000
0.019810 6.744000
0.019820 6.744000
0.019830 6.744000
0.019840 6.744500
0.019850 6.744500
0.019860 6.744500
0.019870 6.744500
0.019880 6.744500
0.019890 6.744500
0.019900 6.744500
0.019910 6.744500
0.019920 6.744500
0.019930 6.744500
0.019940 6.744500
0.019950 6.745000
0.019960 6.745000
0.019970 6.745000
0.019980 6.745000
0.019990 6.745000
0.020000 6.745000
0.020010 6.745000
0.020020 6.744500
0.020030 6.744500
0.020040 6.745000
0.020050 6.745000
0.020060 6.745000
0.020070 6.745000
0.020080 6.745500
0.020090 6.745500
0.020100 6.745500
0.020110 6.745500
0.020120 6.745500
0.020130 6.745500
0.020140 6.746000
0.020150 6.746000
0.020160 6.746000
0.020170 6.746000
0.020180 6.745500
0.020190 6.745500
0.020200 6.745500
0.020210 6.745500
0.020220 6.745500
0.020230 6.745500
0.020240 6.745500
0.020250 6.745500
0.020260 6.745500
0.020270 6.745500
0.020280 6.745500
0.020290 6.745500
0.020300 6.745500
0.020310 6.745500
0.020320 6.745500
0.020330 6.745500
0.020340 6.745500
0.020350 6.745500
0.020360 6.745500
0.020370 6.745000
0.020380 6.745000
0.020390 6.745000
0.020400 6.745000
0.020410 6.745000
0.020420 6.745000
0.020430 6.745000
0.020440 6.745000
0.020450 6.745000
0.020460 6.745000
0.020470 6.745500
0.020480 6.745500
0.020490 6.745500
0.020500 6.745500
0.020510 6.745500
0.020520 6.745500
0.020530 6.745500
0.020540 6.745500
0.020550 6.745500
0.020560 6.745500
0.020570 6.745500
0.020580 6.745500
0.020590 6.745500
0.020600 6.745500
0.020610 6.745500
0.020620 6.745500
0.020630 6.745500
0.020640 6.745500
0.020650 6.745500
0.020660 6.745500
0.020670 6.745500
0.020680 6.745500
0.020690 6.745500
0.020700 6.745500
0.020710 6.745500
0.020720 6.745500
0.020730 6.745500
0.020740 6.745500
0.020750 6.746500
0.020760 6.746500
0.020770 6.746500
0.020780 6.746500
0.020790 6.746500
0.020800 6.746500
0.020810 6.746500
0.020820 6.746500
0.020830 6.746500
0.020840 6.746500
0.020850 6.746500
0.020860 6.746500
0.020870 6.746500
0.020880 6.746500
0.020890 6.746500
0.020900 6.746500
0.020910 6.746500
0.020920 6.746500
0.020930 6.746500
0.020940 6.746500
0.020950 6.746500
0.020960 6.746500
0.020970 6.746500
0.020980 6.746500
0.020990 6.746500
0.021000 6.746500
0.021010 6.746500
0.021020 6.746500
0.021030 6.746500
0.021040 6.746500
0.021050 6.746500
0.021060 6.746500
0.021070 6.746500
0.021080 6.746500
0.021090 6.746500
0.021100 6.746000
0.021110 6.746000
0.021120 6.746000
0.021130 6.746500
0.021140 6.746500
0.021150 6.746500
0.021160 6.746500
0.021170 6.746500
0.021180 6.746500
0.021190 6.746500
0.021200 6.746500
0.021210 6.746500
0.021220 6.746500
0.021230 6.746500
0.021240 6.746500
0.021250 6.746500
0.021260 6.746500
0.021270 6.746500
0.021280 6.746000
0.021290 6.746000
0.021300 6.746000
0.021310 6.746000
0.021320 6.746000
0.021330 6.746000
0.021340 6.746000
0.021350 6.746000
0.021360 6.746000
0.021370 6.746000
0.021380 6.746000
0.021390 6.745500
0.021400 6.745500
0.021410 6.745500
0.021420 6.745500
0.021430 6.745500
0.021440 6.745500
0.021450 6.745500
0.021460 6.746000
0.021470 6.746000
0.021480 6.745500
0.021490 6.745500
0.021500 6.745000
0.021510 6.745000
0.021520 6.745000
0.021530 6.745000
0.021540 6.745000
0.021550 6.745000
0.021560 6.744500
0.021570 6.744500
0.021580 6.744500
0.021590 6.744500
0.021600 6.744500
0.021610 6.744500
0.021620 6.744500
0.021630 6.744500
0.021640 6.744500
0.021650 6.744500
0.021660 6.744500
0.021670 6.744500
0.021680 6.745000
0.021690 6.744500
0.021700 6.744500
0.021710 6.744500
0.021720 6.744500
0.021730 6.744500
0.021740 6.744500
0.021750 6.744500
0.021760 6.745000
0.021770 6.745000
0.021780 6.744000
0.021790 6.744000
0.021800 6.744000
0.021810 6.744000
0.021820 6.744000
0.021830 6.743000
0.021840 6.742500
0.021850 6.742500
0.021860 6.742500
0.021870 6.742500
0.021880 6.742000
0.021890 6.742500
0.021900 6.742500
0.021910 6.742500
0.021920 6.742500
0.021930 6.742500
0.021940 6.742000
0.021950 6.741500
0.021960 6.740500
0.021970 6.740000
0.021980 6.740000
0.021990 6.740000
0.022000 6.740000
0.022010 6.739000
0.022020 6.738000
0.022030 6.737500
0.022040 6.737000
0.022050 6.737000
0.022060 6.736500
0.022070 6.735500
0.022080 6.735500
0.022090 6.735500
0.022100 6.735000
0.022110 6.734000
0.022120 6.733500
0.022130 6.733500
0.022140 6.732000
0.022150 6.730500
0.022160 6.728500
0.022170 6.727000
0.022180 6.727000
0.022190 6.727000
0.022200 6.726000
0.022210 6.724500
0.022220 6.723000
0.022230 6.720500
0.022240 6.718500
0.022250 6.715500
0.022260 6.713500
0.022270 6.711500
0.022280 6.709000
0.022290 6.707500
0.022300 6.704500
0.022310 6.702000
0.022320 6.699000
0.022330 6.697500
0.022340 6.696000
0.022350 6.693000
0.022360 6.692000
0.022370 6.691500
0.022380 6.689500
0.022390 6.686500
0.022400 6.684000
0.022410 6.682000
0.022420 6.677500
0.022430 6.673500
0.022440 6.670500
0.022450 6.664500
0.022460 6.659000
0.022470 6.654500
0.022480 6.649000
0.022490 6.644500
0.022500 6.638000
0.022510 6.634000
0.022520 6.630000
0.022530 6.627500
0.022540 6.625500
0.022550 6.621500
0.022560 6.616500
0.022570 6.608500
0.022580 6.604000
0.022590 6.598000
0.022600 6.594500
0.022610 6.588000
0.022620 6.586500
0.022630 6.581500
0.022640 6.576500
0.022650 6.572500
0.022660 6.569000
0.022670 6.566500
0.022680 6.563500
0.022690 6.556500
0.022700 6.552000
0.022710 6.546500
0.022720 6.544000
0.022730 6.539000
0.022740 6.535000
0.022750 6.531000
0.022760 6.526500
0.022770 6.521000
0.022780 6.516000
0.022790 6.513500
0.022800 6.510000
0.022810 6.505000
0.022820 6.499000
0.022830 6.494500
0.022840 6.489500
0.022850 6.485500
0.022860 6.481000
0.022870 6.477500
0.022880 6.474500
0.022890 6.472500
0.022900 6.467500
0.022910 6.464500
0.022920 6.461500
0.022930 6.458000
0.022940 6.455500
0.022950 6.452000
0.022960 6.447500
0.022970 6.443500
0.022980 6.441000
0.022990 6.438500
0.023000 6.436000
0.023010 6.431000
0.023020 6.428000
0.023030 6.425000
0.023040 6.421000
0.023050 6.419000
0.023060 6.417000
0.023070 6.414000
0.023080 6.411000
0.023090 6.410000
0.023100 6.408500
0.023110 6.405500
0.023120 6.402500
0.023130 6.399500
0.023140 6.397500
0.023150 6.396000
0.023160 6.392000
0.023170 6.388500
0.023180 6.387000
0.023190 6.384000
0.023200 6.381500
0.023210 6.381000
0.023220 6.378000
0.023230 6.376500
0.023240 6.374500
0.023250 6.373000
0.023260 6.369500
0.023270 6.366000
0.023280 6.364500
0.023290 6.362500
0.023300 6.359500
0.023310 6.356500
0.023320 6.354500
0.023330 6.351500
0.023340 6.350000
0.023350 6.347000
0.023360 6.343500
0.023370 6.344000
0.023380 6.342500
0.023390 6.340500
0.023400 6.338500
0.023410 6.335000
0.023420 6.331000
0.023430 6.327500
0.023440 6.325000
0.023450 6.322500
0.023460 6.320000
0.023470 6.318000
0.023480 6.317500
0.023490 6.316500
0.023500 6.314500
0.023510 6.312500
0.023520 6.311500
0.023530 6.310500
0.023540 6.308500
0.023550 6.306500
0.023560 6.304500
0.023570 6.303000
0.023580 6.300500
0.023590 6.299000
0.023600 6.297000
0.023610 6.295500
0.023620 6.295000
0.023630 6.294000
0.023640 6.292000
0.023650 6.291500
0.023660 6.289000
0.023670 6.288000
0.023680 6.286000
0.023690 6.284000
0.023700 6.283000
0.023710 6.281500
0.023720 6.279500
0.023730 6.278000
0.023740 6.276000
0.023750 6.272500
0.023760 6.270500
0.023770 6.268500
0.023780 6.267000
0.023790 6.265500
0.023800 6.264000
0.023810 6.263500
0.023820 6.261000
0.023830 6.260000
0.023840 6.257500
0.023850 6.255000
0.023860 6.254000
0.023870 6.254000
0.023880 6.253000
0.023890 6.252000
0.023900 6.251500
0.023910 6.250500
0.023920 6.250000
0.023930 6.248500
0.023940 6.246000
0.023950 6.244500
0.023960 6.243000
0.023970 6.240000
0.023980 6.238000
0.023990 6.237000
0.024000 6.235500
0.024010 6.234000
0.024020 6.232000
0.024030 6.231000
0.024040 6.230500
0.024050 6.228000
0.024060 6.226000
0.024070 6.225500
0.024080 6.224000
0.024090 6.223000
0.024100 6.219500
0.024110 6.218000
0.024120 6.218000
0.024130 6.217000
0.024140 6.216500
0.024150 6.214000
0.024160 6.212500
0.024170 6.212000
0.024180 6.209000
0.024190 6.208500
0.024200 6.207000
0.024210 6.206500
0.024220 6.206000
0.024230 6.206000
0.024240 6.205000
0.024250 6.204000
0.024260 6.203000
0.024270 6.199500
0.024280 6.197000
0.024290 6.197000
0.024300 6.196500
0.024310 6.196000
0.024320 6.195500
0.024330 6.194000
0.024340 6.193000
0.024350 6.191500
0.024360 6.191500
0.024370 6.189000
0.024380 6.188500
0.024390 6.186500
0.024400 6.186000
0.024410 6.184000
0.024420 6.182500
0.024430 6.182000
0.024440 6.181500
0.024450 6.180500
0.024460 6.179500
0.024470 6.177000
0.024480 6.177000
0.024490 6.176000
0.024500 6.175000
0.024510 6.173000
0.024520 6.172500
0.024530 6.170500
0.024540 6.169000
0.024550 6.167500
0.024560 6.166000
0.024570 6.165500
0.024580 6.164000
0.024590 6.163500
0.024600 6.163000
0.024610 6.162500
0.024620 6.162000
0.024630 6.162000
0.024640 6.159500
0.024650 6.158500
0.024660 6.157500
0.024670 6.157000
0.024680 6.156500
0.024690 6.156500
0.024700 6.155500
0.024710 6.153500
0.024720 6.152000
0.024730 6.151000
0.024740 6.150000
0.024750 6.149000
0.024760 6.147500
0.024770 6.146000
0.024780 6.145000
0.024790 6.143000
0.024800 6.142500
0.024810 6.141500
0.024820 6.139500
0.024830 6.139000
0.024840 6.136500
0.024850 6.136000
0.024860 6.135500
0.024870 6.135000
0.024880 6.135000
0.024890 6.134000
0.024900 6.131000
0.024910 6.128000
0.024920 6.128000
0.024930 6.127000
0.024940 6.127000
0.024950 6.126500
0.024960 6.126000
0.024970 6.125000
0.024980 6.124000
0.024990 6.123500
0.025000 6.123000
0.025010 6.121000
0.025020 6.120000
0.025030 6.118500
0.025040 6.117000
0.025050 6.117000
0.025060 6.116000
0.025070 6.115000
0.025080 6.114000
0.025090 6.113000
0.025100 6.112000
0.025110 6.112000
0.025120 6.111000
0.025130 6.108000
0.025140 6.107500
0.025150 6.107000
0.025160 6.105000
0.025170 6.104000
0.025180 6.104000
0.025190 6.103000
0.025200 6.101000
0.025210 6.100500
0.025220 6.100500
0.025230 6.100500
0.025240 6.099000
0.025250 6.098500
0.025260 6.098000
0.025270 6.096500
0.025280 6.096000
0.025290 6.096000
0.025300 6.095000
0.025310 6.094500
0.025320 6.093500
0.025330 6.091500
0.025340 6.091000
0.025350 6.090000
0.025360 6.090000
0.025370 6.089500
0.025380 6.088500
0.025390 6.087000
0.025400 6.086000
0.025410 6.085500
0.025420 6.085000
0.025430 6.084000
0.025440 6.083000
0.025450 6.082500
0.025460 6.082000
0.025470 6.081000
0.025480 6.080500
0.025490 6.080000
0.025500 6.079500
0.025510 6.078000
0.025520 6.076000
0.025530 6.075500
0.025540 6.074000
0.025550 6.073000
0.025560 6.072000
0.025570 6.071500
0.025580 6.071000
0.025590 6.069500
0.025600 6.069500
0.025610 6.068000
0.025620 6.068000
0.025630 6.067000
0.025640 6.066000
0.025650 6.065500
0.025660 6.064500
0.025670 6.064000
0.025680 6.063000
0.025690 6.063000
0.025700 6.062500
0.025710 6.061500
0.025720 6.061000
0.025730 6.061500
0.025740 6.061500
0.025750 6.062000
0.025760 6.060000
0.025770 6.059500
0.025780 6.058000
0.025790 6.057500
0.025800 6.057000
0.025810 6.056500
0.025820 6.056500
0.025830 6.056500
0.025840 6.056000
0.025850 6.055500
0.025860 6.054000
0.025870 6.053000
0.025880 6.051000
0.025890 6.051000
0.025900 6.049500
0.025910 6.048000
0.025920 6.048000
0.025930 6.047000
0.025940 6.047000
0.025950 6.047000
0.025960 6.046500
0.025970 6.046000
0.025980 6.045000
0.025990 6.043500
0.026000 6.043500
0.026010 6.042500
0.026020 6.043000
0.026030 6.042500
0.026040 6.041000
0.026050 6.040000
0.026060 6.039000
0.026070 6.038000
0.026080 6.037000
0.026090 6.036000
0.026100 6.035500
0.026110 6.035000
0.026120 6.035000
0.026130 6.035000
0.026140 6.034500
0.026150 6.033000
0.026160 6.032500
0.026170 6.032500
0.026180 6.033000
0.026190 6.032500
0.026200 6.032500
0.026210 6.031500
0.026220 6.031000
0.026230 6.031500
0.026240 6.031500
0.026250 6.030000
0.026260 6.030000
0.026270 6.028500
0.026280 6.027500
0.026290 6.026500
0.026300 6.026000
0.026310 6.026000
0.026320 6.025500
0.026330 6.025000
0.026340 6.023000
0.026350 6.023000
0.026360 6.023000
0.026370 6.023000
0.026380 6.021500
0.026390 6.020500
0.026400 6.020500
0.026410 6.020000
0.026420 6.019000
0.026430 6.018500
0.026440 6.018000
0.026450 6.017500
0.026460 6.018000
0.026470 6.017500
0.026480 6.017000
0.026490 6.017000
0.026500 6.014500
0.026510 6.013000
0.026520 6.012000
0.026530 6.010500
0.026540 6.010500
0.026550 6.010000
0.026560 6.009000
0.026570 6.007500
0.026580 6.007500
0.026590 6.007500
0.026600 6.006500
0.026610 6.005500
0.026620 6.005000
0.026630 6.004500
0.026640 6.003500
0.026650 6.002500
0.026660 6.002000
0.026670 6.001500
0.026680 6.001000
0.026690 6.000000
0.026700 5.999000
0.026710 5.998000
0.026720 5.998000
0.026730 5.997500
0.026740 5.997000
0.026750 5.996500
0.026760 5.995000
0.026770 5.995000
0.026780 5.994000
0.026790 5.993500
0.026800 5.993500
0.026810 5.992500
0.026820 5.992000
0.026830 5.990500
0.026840 5.989000
0.026850 5.988500
0.026860 5.988500
0.026870 5.987000
0.026880 5.986500
0.026890 5.986000
0.026900 5.986500
0.026910 5.986500
0.026920 5.985000
0.026930 5.985000
0.026940 5.984500
0.026950 5.984000
0.026960 5.984000
0.026970 5.983000
0.026980 5.982000
0.026990 5.981000
0.027000 5.981000
0.027010 5.978500
0.027020 5.978000
0.027030 5.977500
0.027040 5.976500
0.027050 5.975500
0.027060 5.975500
0.027070 5.974000
0.027080 5.972500
0.027090 5.972500
0.027100 5.972500
0.027110 5.972500
0.027120 5.972000
0.027130 5.971500
0.027140 5.971500
0.027150 5.971000
0.027160 5.969500
0.027170 5.969000
0.027180 5.969000
0.027190 5.967000
0.027200 5.966500
0.027210 5.966000
0.027220 5.965500
0.027230 5.965500
0.027240 5.965000
0.027250 5.964500
0.027260 5.964000
0.027270 5.963000
0.027280 5.961500
0.027290 5.961500
0.027300 5.961000
0.027310 5.960500
0.027320 5.960500
0.027330 5.960000
0.027340 5.960000
0.027350 5.959500
0.027360 5.959000
0.027370 5.958000
0.027380 5.958000
0.027390 5.957000
0.027400 5.957000
0.027410 5.957000
0.027420 5.957000
0.027430 5.956500
0.027440 5.956000
0.027450 5.955500
0.027460 5.955000
0.027470 5.955000
0.027480 5.954000
0.027490 5.954000
0.027500 5.954000
0.027510 5.953500
0.027520 5.952500
0.027530 5.952500
0.027540 5.951500
0.027550 5.951000
0.027560 5.951000
0.027570 5.950000
0.027580 5.949500
0.027590 5.949500
0.027600 5.948500
0.027610 5.948000
0.027620 5.946000
0.027630 5.944000
0.027640 5.943000
0.027650 5.942000
0.027660 5.941500
0.027670 5.940500
0.027680 5.940500
0.027690 5.940500
0.027700 5.940000
0.027710 5.939500
0.027720 5.939000
0.027730 5.939000
0.027740 5.937000
0.027750 5.935500
0.027760 5.935000
0.027770 5.934500
0.027780 5.934500
0.027790 5.934500
0.027800 5.933500
0.027810 5.933000
0.027820 5.931500
0.027830 5.931500
0.027840 5.931000
0.027850 5.931000
0.027860 5.931000
0.027870 5.930000
0.027880 5.929500
0.027890 5.928500
0.027900 5.928500
0.027910 5.928000
0.027920 5.927500
0.027930 5.926000
0.027940 5.924500
0.027950 5.924000
0.027960 5.923500
0.027970 5.923000
0.027980 5.921500
0.027990 5.920000
0.028000 5.920000
0.028010 5.920000
0.028020 5.920000
0.028030 5.919500
0.028040 5.919500
0.028050 5.919500
0.028060 5.919000
0.028070 5.919000
0.028080 5.919000
0.028090 5.918500
0.028100 5.918500
0.028110 5.917000
0.028120 5.916000
0.028130 5.914500
0.028140 5.913000
0.028150 5.913000
0.028160 5.912500
0.028170 5.912500
0.028180 5.912000
0.028190 5.911000
0.028200 5.911000
0.028210 5.911000
0.028220 5.910000
0.028230 5.910000
0.028240 5.909500
0.028250 5.909000
0.028260 5.908500
0.028270 5.908000
0.028280 5.907000
0.028290 5.907000
0.028300 5.906500
0.028310 5.906500
0.028320 5.906500
0.028330 5.906500
0.028340 5.906500
0.028350 5.905500
0.028360 5.905500
0.028370 5.905500
0.028380 5.905000
0.028390 5.904000
0.028400 5.904000
0.028410 5.903500
0.028420 5.903000
0.028430 5.903000
0.028440 5.902500
0.028450 5.901000
0.028460 5.901000
0.028470 5.900000
0.028480 5.899500
0.028490 5.898500
0.028500 5.898000
0.028510 5.897000
0.028520 5.896000
0.028530 5.894500
0.028540 5.894000
0.028550 5.894000
0.028560 5.893000
0.028570 5.892500
0.028580 5.891500
0.028590 5.891000
0.028600 5.889500
0.028610 5.888500
0.028620 5.888000
0.028630 5.887500
0.028640 5.885500
0.028650 5.885500
0.028660 5.884500
0.028670 5.884500
0.028680 5.884500
0.028690 5.884000
0.028700 5.884000
0.028710 5.884000
0.028720 5.884000
0.028730 5.884000
0.028740 5.883500
0.028750 5.883000
0.028760 5.883000
0.028770 5.880500
0.028780 5.879500
0.028790 5.879000
0.028800 5.878000
0.028810 5.877500
0.028820 5.876000
0.028830 5.875000
0.028840 5.874500
0.028850 5.873000
0.028860 5.873000
0.028870 5.872500
0.028880 5.872000
0.028890 5.871000
0.028900 5.870500
0.028910 5.870000
0.028920 5.869500
0.028930 5.869000
0.028940 5.867500
0.028950 5.867000
0.028960 5.867000
0.028970 5.866500
0.028980 5.866000
0.028990 5.865000
0.029000 5.864500
0.029010 5.864000
0.029020 5.863500
0.029030 5.863000
0.029040 5.862500
0.029050 5.862000
0.029060 5.861500
0.029070 5.861000
0.029080 5.861000
0.029090 5.860000
0.029100 5.859000
0.029110 5.859000
0.029120 5.858500
0.029130 5.857500
0.029140 5.857500
0.029150 5.857000
0.029160 5.856500
0.029170 5.856500
0.029180 5.856500
0.029190 5.856500
0.029200 5.856000
0.029210 5.855500
0.029220 5.855000
0.029230 5.855000
0.029240 5.854000
0.029250 5.853500
0.029260 5.853000
0.029270 5.853000
0.029280 5.852000
0.029290 5.851500
0.029300 5.850500
0.029310 5.850500
0.029320 5.849000
0.029330 5.848500
0.029340 5.848500
0.029350 5.848000
0.029360 5.847500
0.029370 5.847500
0.029380 5.847000
0.029390 5.846000
0.029400 5.846000
0.029410 5.845500
0.029420 5.844500
0.029430 5.844500
0.029440 5.844500
0.029450 5.843500
0.029460 5.843500
0.029470 5.843000
0.029480 5.842500
0.029490 5.842500
0.029500 5.842000
0.029510 5.841500
0.029520 5.841500
0.029530 5.840500
0.029540 5.840000
0.029550 5.839500
0.029560 5.838500
0.029570 5.838000
0.029580 5.837500
0.029590 5.836000
0.029600 5.836000
0.029610 5.835500
0.029620 5.835500
0.029630 5.835500
0.029640 5.835000
0.029650 5.835000
0.029660 5.834000
0.029670 5.833000
0.029680 5.833000
0.029690 5.831500
0.029700 5.831000
0.029710 5.831000
0.029720 5.830000
0.029730 5.829500
0.029740 5.828500
0.029750 5.828500
0.029760 5.827000
0.029770 5.826500
0.029780 5.826000
0.029790 5.825500
0.029800 5.825000
0.029810 5.824500
0.029820 5.824500
0.029830 5.824500
0.029840 5.824500
0.029850 5.824500
0.029860 5.823500
0.029870 5.823000
0.029880 5.822500
0.029890 5.821500
0.029900 5.821500
0.029910 5.820500
0.029920 5.820000
0.029930 5.820000
0.029940 5.819000
0.029950 5.818500
0.029960 5.817500
0.029970 5.817500
0.029980 5.816500
0.029990 5.816500
0.030000 5.815000
0.030010 5.815000
0.030020 5.815000
0.030030 5.814000
0.030040 5.813500
0.030050 5.813000
0.030060 5.812000
0.030070 5.812000
0.030080 5.811500
0.030090 5.811000
0.030100 5.810500
0.030110 5.810000
0.030120 5.809500
0.030130 5.809000
0.030140 5.808500
0.030150 5.808500
0.030160 5.808000
0.030170 5.807000
0.030180 5.806500
0.030190 5.806500
0.030200 5.806500
0.030210 5.806500
0.030220 5.806000
0.030230 5.805000
0.030240 5.804500
0.030250 5.804000
0.030260 5.804000
0.030270 5.804000
0.030280 5.804000
0.030290 5.803000
0.030300 5.802500
0.030310 5.802500
0.030320 5.802500
0.030330 5.803000
0.030340 5.802500
0.030350 5.802000
0.030360 5.802000
0.030370 5.801500
0.030380 5.800000
0.030390 5.800000
0.030400 5.799000
0.030410 5.798500
0.030420 5.798000
0.030430 5.798000
0.030440 5.796500
0.030450 5.796000
0.030460 5.793500
0.030470 5.793500
0.030480 5.793500
0.030490 5.793000
0.030500 5.791000
0.030510 5.790000
0.030520 5.790000
0.030530 5.790000
0.030540 5.790000
0.030550 5.789500
0.030560 5.789000
0.030570 5.789000
0.030580 5.789000
0.030590 5.787000
0.030600 5.785500
0.030610 5.785000
0.030620 5.784500
0.030630 5.784500
0.030640 5.783000
0.030650 5.782500
0.030660 5.781500
0.030670 5.781500
0.030680 5.780000
0.030690 5.780000
0.030700 5.779000
0.030710 5.778500
0.030720 5.778000
0.030730 5.777500
0.030740 5.777000
0.030750 5.776000
0.030760 5.776000
0.030770 5.775500
0.030780 5.775500
0.030790 5.775500
0.030800 5.775500
0.030810 5.774500
0.030820 5.774500
0.030830 5.774000
0.030840 5.773500
0.030850 5.773000
0.030860 5.773000
0.030870 5.772500
0.030880 5.772500
0.030890 5.772000
0.030900 5.770000
0.030910 5.770000
0.030920 5.768500
0.030930 5.768500
0.030940 5.768000
0.030950 5.767500
0.030960 5.766500
0.030970 5.766000
0.030980 5.766000
0.030990 5.765500
0.031000 5.765500
0.031010 5.765500
0.031020 5.765500
0.031030 5.765500
0.031040 5.765000
0.031050 5.764500
0.031060 5.763000
0.031070 5.763000
0.031080 5.763000
0.031090 5.762500
0.031100 5.762000
0.031110 5.762000
0.031120 5.762000
0.031130 5.761500
0.031140 5.761000
0.031150 5.760500
0.031160 5.759500
0.031170 5.759000
0.031180 5.758500
0.031190 5.758000
0.031200 5.758000
0.031210 5.758500
0.031220 5.758500
0.031230 5.758500
0.031240 5.758000
0.031250 5.757500
0.031260 5.756500
0.031270 5.756000
0.031280 5.755000
0.031290 5.754500
0.031300 5.753000
0.031310 5.752500
0.031320 5.752500
0.031330 5.752500
0.031340 5.752500
0.031350 5.752000
0.031360 5.750500
0.031370 5.750500
0.031380 5.750500
0.031390 5.750500
0.031400 5.750000
0.031410 5.748000
0.031420 5.747500
0.031430 5.747000
0.031440 5.747000
0.031450 5.747000
0.031460 5.746000
0.031470 5.745000
0.031480 5.745000
0.031490 5.743500
0.031500 5.742500
0.031510 5.742000
0.031520 5.742000
0.031530 5.742000
0.031540 5.741500
0.031550 5.741500
0.031560 5.741000
0.031570 5.740500
0.031580 5.740500
0.031590 5.740000
0.031600 5.739500
0.031610 5.739500
0.031620 5.739000
0.031630 5.739000
0.031640 5.738500
0.031650 5.738000
0.031660 5.737000
0.031670 5.736000
0.031680 5.735000
0.031690 5.734000
0.031700 5.734000
0.031710 5.734000
0.031720 5.733000
0.031730 5.733000
0.031740 5.732500
0.031750 5.732500
0.031760 5.731500
0.031770 5.731500
0.031780 5.730500
0.031790 5.730000
0.031800 5.729500
0.031810 5.729000
0.031820 5.728500
0.031830 5.728500
0.031840 5.728000
0.031850 5.727500
0.031860 5.727000
0.031870 5.727000
0.031880 5.727000
0.031890 5.727000
0.031900 5.727000
0.031910 5.726000
0.031920 5.725500
0.031930 5.725500
0.031940 5.725000
0.031950 5.725000
0.031960 5.724500
0.031970 5.724000
0.031980 5.724000
0.031990 5.722500
0.032000 5.722500
0.032010 5.722500
0.032020 5.722500
0.032030 5.722500
0.032040 5.722500
0.032050 5.722500
0.032060 5.722000
0.032070 5.721000
0.032080 5.719000
0.032090 5.719000
0.032100 5.718500
0.032110 5.717500
0.032120 5.716500
0.032130 5.716500
0.032140 5.716500
0.032150 5.716500
0.032160 5.715500
0.032170 5.715000
0.032180 5.715000
0.032190 5.714000
0.032200 5.713500
0.032210 5.713500
0.032220 5.712500
0.032230 5.712500
0.032240 5.711500
0.032250 5.711000
0.032260 5.711000
0.032270 5.710000
0.032280 5.709500
0.032290 5.709000
0.032300 5.708500
0.032310 5.708000
0.032320 5.708000
0.032330 5.708000
0.032340 5.707500
0.032350 5.707500
0.032360 5.706500
0.032370 5.705500
0.032380 5.705000
0.032390 5.704500
0.032400 5.703500
0.032410 5.703500
0.032420 5.702000
0.032430 5.701500
0.032440 5.701500
0.032450 5.700500
0.032460 5.700000
0.032470 5.700000
0.032480 5.700000
0.032490 5.700000
0.032500 5.700000
0.032510 5.699000
0.032520 5.699000
0.032530 5.699000
0.032540 5.698500
0.032550 5.698500
0.032560 5.698000
0.032570 5.698000
0.032580 5.697500
0.032590 5.697000
0.032600 5.696500
0.032610 5.696500
0.032620 5.695500
0.032630 5.694000
0.032640 5.694000
0.032650 5.693500
0.032660 5.693000
0.032670 5.693000
0.032680 5.692500
0.032690 5.691500
0.032700 5.691000
0.032710 5.690500
0.032720 5.690000
0.032730 5.689500
0.032740 5.689000
0.032750 5.688000
0.032760 5.687500
0.032770 5.686000
0.032780 5.686000
0.032790 5.685500
0.032800 5.685500
0.032810 5.685500
0.032820 5.685500
0.032830 5.685000
0.032840 5.684500
0.032850 5.684000
0.032860 5.684000
0.032870 5.684000
0.032880 5.683000
0.032890 5.682500
0.032900 5.682000
0.032910 5.682000
0.032920 5.681000
0.032930 5.680000
0.032940 5.679000
0.032950 5.679000
0.032960 5.678500
0.032970 5.678000
0.032980 5.677500
0.032990 5.676500
0.033000 5.676000
0.033010 5.675000
0.033020 5.674000
0.033030 5.673500
0.033040 5.673500
0.033050 5.673500
0.033060 5.673500
0.033070 5.673000
0.033080 5.673000
0.033090 5.671500
0.033100 5.671500
0.033110 5.670500
0.033120 5.670000
0.033130 5.670000
0.033140 5.670000
0.033150 5.669500
0.033160 5.669000
0.033170 5.668000
0.033180 5.668000
0.033190 5.667500
0.033200 5.667500
0.033210 5.667500
0.033220 5.667000
0.033230 5.667000
0.033240 5.667000
0.033250 5.666500
0.033260 5.665000
0.033270 5.664500
0.033280 5.664000
0.033290 5.664000
0.033300 5.663000
0.033310 5.662500
0.033320 5.662500
0.033330 5.662000
0.033340 5.661500
0.033350 5.661500
0.033360 5.661000
0.033370 5.660500
0.033380 5.660500
0.033390 5.660000
0.033400 5.660000
0.033410 5.659000
0.033420 5.659000
0.033430 5.659000
0.033440 5.658000
0.033450 5.657000
0.033460 5.656500
0.033470 5.655500
0.033480 5.655500
0.033490 5.655500
0.033500 5.655000
0.033510 5.655000
0.033520 5.655000
0.033530 5.654000
0.033540 5.654000
0.033550 5.653500
0.033560 5.653500
0.033570 5.653500
0.033580 5.653000
0.033590 5.653000
0.033600 5.653000
0.033610 5.653500
0.033620 5.653500
0.033630 5.653000
0.033640 5.653000
0.033650 5.653000
0.033660 5.653000
0.033670 5.653000
0.033680 5.652000
0.033690 5.651500
0.033700 5.651500
0.033710 5.651500
0.033720 5.651500
0.033730 5.651000
0.033740 5.651000
0.033750 5.650500
0.033760 5.650000
0.033770 5.649500
0.033780 5.649000
0.033790 5.648000
0.033800 5.648000
0.033810 5.648000
0.033820 5.648000
0.033830 5.647500
0.033840 5.647000
0.033850 5.647000
0.033860 5.646000
0.033870 5.645000
0.033880 5.645000
0.033890 5.644500
0.033900 5.644500
0.033910 5.644000
0.033920 5.644000
0.033930 5.643500
0.033940 5.643500
0.033950 5.643500
0.033960 5.643500
0.033970 5.643000
0.033980 5.642500
0.033990 5.642000
0.034000 5.642000
0.034010 5.642000
0.034020 5.642000
0.034030 5.641500
0.034040 5.641000
0.034050 5.641000
0.034060 5.640500
0.034070 5.639000
0.034080 5.639500
0.034090 5.639000
0.034100 5.639000
0.034110 5.639000
0.034120 5.639000
0.034130 5.638500
0.034140 5.638500
0.034150 5.638500
0.034160 5.637500
0.034170 5.637500
0.034180 5.638000
0.034190 5.638000
0.034200 5.638000
0.034210 5.638000
0.034220 5.638000
0.034230 5.638000
0.034240 5.637500
0.034250 5.637500
0.034260 5.636000
0.034270 5.636000
0.034280 5.635500
0.034290 5.635000
0.034300 5.635000
0.034310 5.635000
0.034320 5.634500
0.034330 5.634000
0.034340 5.634000
0.034350 5.634000
0.034360 5.634000
0.034370 5.634000
0.034380 5.633500
0.034390 5.633000
0.034400 5.631500
0.034410 5.631000
0.034420 5.631000
0.034430 5.630500
0.034440 5.630000
0.034450 5.630000
0.034460 5.630000
0.034470 5.629500
0.034480 5.629000
0.034490 5.629000
0.034500 5.629000
0.034510 5.629000
0.034520 5.628500
0.034530 5.628000
0.034540 5.627500
0.034550 5.627500
0.034560 5.627500
0.034570 5.627500
0.034580 5.627000
0.034590 5.627000
0.034600 5.626500
0.034610 5.626500
0.034620 5.626500
0.034630 5.626500
0.034640 5.626500
0.034650 5.626500
0.034660 5.626000
0.034670 5.625000
0.034680 5.625000
0.034690 5.624500
0.034700 5.624500
0.034710 5.624500
0.034720 5.624000
0.034730 5.624000
0.034740 5.624000
0.034750 5.623000
0.034760 5.622500
0.034770 5.622000
0.034780 5.621500
0.034790 5.621500
0.034800 5.622000
0.034810 5.621500
0.034820 5.621500
0.034830 5.621000
0.034840 5.621500
0.034850 5.621000
0.034860 5.620500
0.034870 5.620000
0.034880 5.619500
0.034890 5.619500
0.034900 5.619000
0.034910 5.618000
0.034920 5.618500
0.034930 5.618000
0.034940 5.618000
0.034950 5.618000
0.034960 5.617000
0.034970 5.616500
0.034980 5.616500
0.034990 5.616500
0.035000 5.616500
0.035010 5.616500
0.035020 5.616000
0.035030 5.615500
0.035040 5.615500
0.035050 5.615000
0.035060 5.614500
0.035070 5.613000
0.035080 5.613000
0.035090 5.613000
0.035100 5.612500
0.035110 5.612500
0.035120 5.612500
0.035130 5.612500
0.035140 5.612500
0.035150 5.612000
0.035160 5.612000
0.035170 5.612000
0.035180 5.612500
0.035190 5.612500
0.035200 5.613000
0.035210 5.613000
0.035220 5.612500
0.035230 5.612500
0.035240 5.612500
0.035250 5.612500
0.035260 5.611500
0.035270 5.611000
0.035280 5.610500
0.035290 5.610000
0.035300 5.609000
0.035310 5.609000
0.035320 5.609000
0.035330 5.609500
0.035340 5.609500
0.035350 5.609500
0.035360 5.609000
0.035370 5.609000
0.035380 5.608000
0.035390 5.608000
0.035400 5.608000
0.035410 5.608000
0.035420 5.607500
0.035430 5.607500
0.035440 5.607000
0.035450 5.606500
0.035460 5.606000
0.035470 5.606000
0.035480 5.606000
0.035490 5.605500
0.035500 5.604000
0.035510 5.604000
0.035520 5.603500
0.035530 5.603000
0.035540 5.603000
0.035550 5.603000
0.035560 5.602500
0.035570 5.601500
0.035580 5.601500
0.035590 5.601500
0.035600 5.601500
0.035610 5.601500
0.035620 5.601000
0.035630 5.601500
0.035640 5.601000
0.035650 5.601000
0.035660 5.600000
0.035670 5.599500
0.035680 5.599000
0.035690 5.598500
0.035700 5.598500
0.035710 5.598500
0.035720 5.598000
0.035730 5.597500
0.035740 5.597000
0.035750 5.596500
0.035760 5.596500
0.035770 5.596500
0.035780 5.596000
0.035790 5.596000
0.035800 5.595000
0.035810 5.595000
0.035820 5.594500
0.035830 5.594500
0.035840 5.594000
0.035850 5.594000
0.035860 5.592500
0.035870 5.591500
0.035880 5.591500
0.035890 5.591000
0.035900 5.590500
0.035910 5.590000
0.035920 5.588000
0.035930 5.586500
0.035940 5.586500
0.035950 5.586000
0.035960 5.584500
0.035970 5.584000
0.035980 5.584000
0.035990 5.584000
0.036000 5.584000
0.036010 5.584500
0.036020 5.584500
0.036030 5.584000
0.036040 5.584000
0.036050 5.583500
0.036060 5.583500
0.036070 5.583000
0.036080 5.583000
0.036090 5.582500
0.036100 5.581500
0.036110 5.581500
0.036120 5.581000
0.036130 5.580500
0.036140 5.580500
0.036150 5.580000
0.036160 5.579500
0.036170 5.580000
0.036180 5.579500
0.036190 5.579500
0.036200 5.579000
0.036210 5.579000
0.036220 5.578500
0.036230 5.578500
0.036240 5.578000
0.036250 5.577000
0.036260 5.577000
0.036270 5.576500
0.036280 5.577000
0.036290 5.577000
0.036300 5.576500
0.036310 5.576500
0.036320 5.576500
0.036330 5.576000
0.036340 5.575500
0.036350 5.575000
0.036360 5.574500
0.036370 5.574500
0.036380 5.574500
0.036390 5.574000
0.036400 5.573500
0.036410 5.573500
0.036420 5.573500
0.036430 5.573000
0.036440 5.573000
0.036450 5.573000
0.036460 5.573000
0.036470 5.573000
0.036480 5.572500
0.036490 5.572000
0.036500 5.571500
0.036510 5.571500
0.036520 5.571500
0.036530 5.571500
0.036540 5.571500
0.036550 5.571500
0.036560 5.571500
0.036570 5.571000
0.036580 5.571000
0.036590 5.569500
0.036600 5.569500
0.036610 5.569500
0.036620 5.569500
0.036630 5.569000
0.036640 5.568500
0.036650 5.568500
0.036660 5.568500
0.036670 5.567500
0.036680 5.567500
0.036690 5.567500
0.036700 5.567500
0.036710 5.567500
0.036720 5.567500
0.036730 5.567000
0.036740 5.566000
0.036750 5.566500
0.036760 5.566500
0.036770 5.565500
0.036780 5.565500
0.036790 5.565500
0.036800 5.565500
0.036810 5.565500
0.036820 5.565500
0.036830 5.565500
0.036840 5.565000
0.036850 5.564500
0.036860 5.564000
0.036870 5.564000
0.036880 5.564000
0.036890 5.563500
0.036900 5.562500
0.036910 5.562500
0.036920 5.563000
0.036930 5.562000
0.036940 5.562500
0.036950 5.562500
0.036960 5.562500
0.036970 5.562000
0.036980 5.562000
0.036990 5.562000
0.037000 5.562000
0.037010 5.561500
0.037020 5.561500
0.037030 5.561500
0.037040 5.561500
0.037050 5.561000
0.037060 5.561000
0.037070 5.560500
0.037080 5.560000
0.037090 5.559500
0.037100 5.559000
0.037110 5.558500
0.037120 5.558500
0.037130 5.558000
0.037140 5.558000
0.037150 5.557500
0.037160 5.557500
0.037170 5.557500
0.037180 5.557500
0.037190 5.557500
0.037200 5.557500
0.037210 5.557500
0.037220 5.557500
0.037230 5.556500
0.037240 5.556500
0.037250 5.556500
0.037260 5.556500
0.037270 5.556500
0.037280 5.555000
0.037290 5.555000
0.037300 5.554000
0.037310 5.554000
0.037320 5.554000
0.037330 5.553500
0.037340 5.553500
0.037350 5.553500
0.037360 5.553000
0.037370 5.553000
0.037380 5.552500
0.037390 5.552500
0.037400 5.552500
0.037410 5.552000
0.037420 5.552000
0.037430 5.552000
0.037440 5.552000
0.037450 5.552000
0.037460 5.552000
0.037470 5.552000
0.037480 5.551000
0.037490 5.551000
0.037500 5.550500
0.037510 5.550500
0.037520 5.549500
0.037530 5.549500
0.037540 5.549500
0.037550 5.549500
0.037560 5.549500
0.037570 5.549500
0.037580 5.549500
0.037590 5.549000
0.037600 5.549000
0.037610 5.548500
0.037620 5.548500
0.037630 5.547500
0.037640 5.547000
0.037650 5.547000
0.037660 5.546500
0.037670 5.546500
0.037680 5.546500
0.037690 5.546000
0.037700 5.546000
0.037710 5.546000
0.037720 5.546000
0.037730 5.546000
0.037740 5.546000
0.037750 5.545500
0.037760 5.545000
0.037770 5.545500
0.037780 5.545500
0.037790 5.545500
0.037800 5.545500
0.037810 5.545500
0.037820 5.545000
0.037830 5.545000
0.037840 5.545000
0.037850 5.545500
0.037860 5.546000
0.037870 5.546000
0.037880 5.545500
0.037890 5.545500
0.037900 5.545500
0.037910 5.545500
0.037920 5.546000
0.037930 5.546000
0.037940 5.546000
0.037950 5.546000
0.037960 5.545500
0.037970 5.545500
0.037980 5.545000
0.037990 5.545500
0.038000 5.545500
0.038010 5.545000
0.038020 5.545000
0.038030 5.544500
0.038040 5.544500
0.038050 5.544500
0.038060 5.544500
0.038070 5.544500
0.038080 5.543500
0.038090 5.543500
0.038100 5.543000
0.038110 5.543000
0.038120 5.543000
0.038130 5.543000
0.038140 5.542500
0.038150 5.542500
0.038160 5.541500
0.038170 5.541500
0.038180 5.541500
0.038190 5.541000
0.038200 5.540500
0.038210 5.540500
0.038220 5.540500
0.038230 5.540500
0.038240 5.540000
0.038250 5.540000
0.038260 5.540000
0.038270 5.540000
0.038280 5.539500
0.038290 5.539500
0.038300 5.539500
0.038310 5.539500
0.038320 5.539500
0.038330 5.539500
0.038340 5.538500
0.038350 5.537500
0.038360 5.537500
0.038370 5.536500
0.038380 5.536500
0.038390 5.536000
0.038400 5.536000
0.038410 5.535500
0.038420 5.535500
0.038430 5.534500
0.038440 5.534000
0.038450 5.534500
0.038460 5.534500
0.038470 5.534500
0.038480 5.534500
0.038490 5.534500
0.038500 5.534500
0.038510 5.534500
0.038520 5.534000
0.038530 5.533500
0.038540 5.532500
0.038550 5.532500
0.038560 5.532500
0.038570 5.532500
0.038580 5.532500
0.038590 5.532500
0.038600 5.532500
0.038610 5.532500
0.038620 5.531500
0.038630 5.532000
0.038640 5.531500
0.038650 5.531500
0.038660 5.531500
0.038670 5.531500
0.038680 5.530500
0.038690 5.530500
0.038700 5.530500
0.038710 5.531000
0.038720 5.531000
0.038730 5.531000
0.038740 5.531000
0.038750 5.531000
0.038760 5.530500
0.038770 5.530500
0.038780 5.530500
0.038790 5.530000
0.038800 5.530000
0.038810 5.530000
0.038820 5.530000
0.038830 5.529500
0.038840 5.529500
0.038850 5.529500
0.038860 5.529500
0.038870 5.529500
0.038880 5.529500
0.038890 5.529000
0.038900 5.528500
0.038910 5.529000
0.038920 5.528500
0.038930 5.528000
0.038940 5.528500
0.038950 5.528500
0.038960 5.528500
0.038970 5.528000
0.038980 5.527500
0.038990 5.527000
0.039000 5.527000
0.039010 5.526500
0.039020 5.527000
0.039030 5.526500
0.039040 5.526000
0.039050 5.526500
0.039060 5.526000
0.039070 5.525500
0.039080 5.526000
0.039090 5.526000
0.039100 5.526000
0.039110 5.526000
0.039120 5.525000
0.039130 5.525000
0.039140 5.524500
0.039150 5.525000
0.039160 5.525000
0.039170 5.524500
0.039180 5.524000
0.039190 5.524000
0.039200 5.524500
0.039210 5.524500
0.039220 5.524000
0.039230 5.523500
0.039240 5.523000
0.039250 5.522000
0.039260 5.520500
0.039270 5.520500
0.039280 5.520500
0.039290 5.519500
0.039300 5.519500
0.039310 5.519500
0.039320 5.519500
0.039330 5.519500
0.039340 5.519000
0.039350 5.518500
0.039360 5.518000
0.039370 5.517500
0.039380 5.517500
0.039390 5.517000
0.039400 5.516000
0.039410 5.516500
0.039420 5.516500
0.039430 5.516000
0.039440 5.516000
0.039450 5.516000
0.039460 5.516000
0.039470 5.516000
0.039480 5.515500
0.039490 5.515500
0.039500 5.516000
0.039510 5.516000
0.039520 5.516000
0.039530 5.515500
0.039540 5.515500
0.039550 5.515000
0.039560 5.515000
0.039570 5.515000
0.039580 5.515000
0.039590 5.515000
0.039600 5.515000
0.039610 5.515000
0.039620 5.514500
0.039630 5.514500
0.039640 5.514000
0.039650 5.514000
0.039660 5.513000
0.039670 5.513000
0.039680 5.513000
0.039690 5.513000
0.039700 5.513000
0.039710 5.512500
0.039720 5.512500
0.039730 5.512000
0.039740 5.512500
0.039750 5.512000
0.039760 5.512000
0.039770 5.511500
0.039780 5.511500
0.039790 5.512000
0.039800 5.511500
0.039810 5.511500
0.039820 5.511000
0.039830 5.510000
0.039840 5.510000
0.039850 5.510500
0.039860 5.510000
0.039870 5.510000
0.039880 5.510000
0.039890 5.509500
0.039900 5.509500
0.039910 5.509500
0.039920 5.509500
0.039930 5.509500
0.039940 5.509000
0.039950 5.508500
0.039960 5.508500
0.039970 5.508500
0.039980 5.508000
0.039990 5.508000
0.040000 5.508000
0.040010 5.507500
0.040020 5.507500
0.040030 5.507500
0.040040 5.507500
0.040050 5.507500
0.040060 5.507500
0.040070 5.507500
0.040080 5.507500
0.040090 5.507500
0.040100 5.507500
0.040110 5.507500
0.040120 5.507500
0.040130 5.507500
0.040140 5.507500
0.040150 5.507500
0.040160 5.507500
0.040170 5.507000
0.040180 5.507000
0.040190 5.507000
0.040200 5.506500
0.040210 5.506500
0.040220 5.506500
0.040230 5.505500
0.040240 5.505000
0.040250 5.505000
0.040260 5.505000
0.040270 5.505500
0.040280 5.505500
0.040290 5.505500
0.040300 5.505000
0.040310 5.505000
0.040320 5.505000
0.040330 5.505000
0.040340 5.505000
0.040350 5.505000
0.040360 5.505000
0.040370 5.505000
0.040380 5.504500
0.040390 5.504500
0.040400 5.505000
0.040410 5.505000
0.040420 5.505000
0.040430 5.504500
0.040440 5.505000
0.040450 5.505000
0.040460 5.505000
0.040470 5.505000
0.040480 5.504500
0.040490 5.504500
0.040500 5.504000
0.040510 5.504000
0.040520 5.504000
0.040530 5.504000
0.040540 5.504000
0.040550 5.504000
0.040560 5.504000
0.040570 5.503000
0.040580 5.503000
0.040590 5.503000
0.040600 5.502500
0.040610 5.502500
0.040620 5.502500
0.040630 5.502500
0.040640 5.502000
0.040650 5.502000
0.040660 5.501500
0.040670 5.501500
0.040680 5.501500
0.040690 5.501500
0.040700 5.501500
0.040710 5.501500
0.040720 5.501500
0.040730 5.501500
0.040740 5.502000
0.040750 5.501500
0.040760 5.501500
0.040770 5.501500
0.040780 5.501500
0.040790 5.501500
0.040800 5.501500
0.040810 5.501500
0.040820 5.501500
0.040830 5.501500
0.040840 5.501500
0.040850 5.501500
0.040860 5.501500
0.040870 5.501500
0.040880 5.501500
0.040890 5.501500
0.040900 5.501000
0.040910 5.501000
0.040920 5.501000
0.040930 5.500500
0.040940 5.500000
0.040950 5.500000
0.040960 5.499500
0.040970 5.499500
0.040980 5.499000
0.040990 5.499000
0.041000 5.498500
0.041010 5.498500
0.041020 5.498500
0.041030 5.498000
0.041040 5.497500
0.041050 5.497000
0.041060 5.497000
0.041070 5.497000
0.041080 5.497000
0.041090 5.497000
0.041100 5.497000
0.041110 5.497000
0.041120 5.497000
0.041130 5.497500
0.041140 5.497000
0.041150 5.496500
0.041160 5.496500
0.041170 5.496500
0.041180 5.496500
0.041190 5.496500
0.041200 5.496500
0.041210 5.497000
0.041220 5.497000
0.041230 5.497000
0.041240 5.497000
0.041250 5.497000
0.041260 5.497000
0.041270 5.497000
0.041280 5.497000
0.041290 5.497000
0.041300 5.497000
0.041310 5.497000
0.041320 5.497000
0.041330 5.497000
0.041340 5.497000
0.041350 5.497000
0.041360 5.497000
0.041370 5.496500
0.041380 5.496000
0.041390 5.496000
0.041400 5.496000
0.041410 5.495500
0.041420 5.495000
0.041430 5.495000
0.041440 5.495000
0.041450 5.495000
0.041460 5.495000
0.041470 5.494500
0.041480 5.494500
0.041490 5.494500
0.041500 5.494000
0.041510 5.494000
0.041520 5.494000
0.041530 5.494000
0.041540 5.494000
0.041550 5.494500
0.041560 5.494500
0.041570 5.495000
0.041580 5.495000
0.041590 5.495000
0.041600 5.495000
0.041610 5.495000
0.041620 5.494500
0.041630 5.494500
0.041640 5.494500
0.041650 5.494500
0.041660 5.494500
0.041670 5.494500
0.041680 5.493500
0.041690 5.493500
0.041700 5.493500
0.041710 5.493500
0.041720 5.493000
0.041730 5.493000
0.041740 5.493000
0.041750 5.493000
0.041760 5.493000
0.041770 5.492500
0.041780 5.492500
0.041790 5.492500
0.041800 5.492500
0.041810 5.492000
0.041820 5.492000
0.041830 5.491000
0.041840 5.491000
0.041850 5.491000
0.041860 5.490500
0.041870 5.490500
0.041880 5.490500
0.041890 5.489000
0.041900 5.489000
0.041910 5.488500
0.041920 5.488500
0.041930 5.488000
0.041940 5.488000
0.041950 5.488000
0.041960 5.488000
0.041970 5.487500
0.041980 5.488000
0.041990 5.488000
0.042000 5.488000
0.042010 5.488000
0.042020 5.487500
0.042030 5.487500
0.042040 5.488000
0.042050 5.489000
0.042060 5.489000
0.042070 5.489000
0.042080 5.489000
0.042090 5.489000
0.042100 5.489000
0.042110 5.488500
0.042120 5.488500
0.042130 5.488500
0.042140 5.488500
0.042150 5.488500
0.042160 5.488500
0.042170 5.488500
0.042180 5.488500
0.042190 5.488500
0.042200 5.488500
0.042210 5.488500
0.042220 5.488500
0.042230 5.488500
0.042240 5.488500
0.042250 5.488500
0.042260 5.488500
0.042270 5.488500
0.042280 5.488500
0.042290 5.488500
0.042300 5.488000
0.042310 5.488000
0.042320 5.488000
0.042330 5.488000
0.042340 5.488000
0.042350 5.487500
0.042360 5.488000
0.042370 5.487500
0.042380 5.487500
0.042390 5.487500
0.042400 5.487500
0.042410 5.487500
0.042420 5.487500
0.042430 5.487500
0.042440 5.487500
0.042450 5.487000
0.042460 5.487000
0.042470 5.486500
0.042480 5.486000
0.042490 5.486000
0.042500 5.486500
0.042510 5.486500
0.042520 5.486500
0.042530 5.486500
0.042540 5.486500
0.042550 5.486000
0.042560 5.486000
0.042570 5.486000
0.042580 5.486500
0.042590 5.486500
0.042600 5.486500
0.042610 5.486500
0.042620 5.486500
0.042630 5.486000
0.042640 5.485000
0.042650 5.485000
0.042660 5.485000
0.042670 5.485000
0.042680 5.485000
0.042690 5.485000
0.042700 5.484500
0.042710 5.484500
0.042720 5.484500
0.042730 5.484500
0.042740 5.484500
0.042750 5.484500
0.042760 5.485000
0.042770 5.485000
0.042780 5.485000
0.042790 5.484500
0.042800 5.484000
0.042810 5.483500
0.042820 5.483000
0.042830 5.483000
0.042840 5.483000
0.042850 5.483000
0.042860 5.483000
0.042870 5.482500
0.042880 5.482500
0.042890 5.482000
0.042900 5.482000
0.042910 5.482000
0.042920 5.481500
0.042930 5.481000
0.042940 5.481000
0.042950 5.481000
0.042960 5.480000
0.042970 5.480000
0.042980 5.480000
0.042990 5.480000
0.043000 5.479500
0.043010 5.480000
0.043020 5.479000
0.043030 5.479500
0.043040 5.479000
0.043050 5.479000
0.043060 5.479000
0.043070 5.478500
0.043080 5.477500
0.043090 5.477500
0.043100 5.477500
0.043110 5.477500
0.043120 5.477500
0.043130 5.477500
0.043140 5.477500
0.043150 5.477500
0.043160 5.477000
0.043170 5.477000
0.043180 5.477000
0.043190 5.477000
0.043200 5.477000
0.043210 5.477000
0.043220 5.477000
0.043230 5.476500
0.043240 5.476500
0.043250 5.476500
0.043260 5.476500
0.043270 5.476500
0.043280 5.476500
0.043290 5.476500
0.043300 5.476000
0.043310 5.476000
0.043320 5.476000
0.043330 5.476000
0.043340 5.476000
0.043350 5.476000
0.043360 5.476000
0.043370 5.475500
0.043380 5.476000
0.043390 5.476000
0.043400 5.475500
0.043410 5.476000
0.043420 5.476000
0.043430 5.476000
0.043440 5.476000
0.043450 5.476000
0.043460 5.476000
0.043470 5.476000
0.043480 5.476000
0.043490 5.476000
0.043500 5.476000
0.043510 5.476000
0.043520 5.476000
0.043530 5.476000
0.043540 5.476000
0.043550 5.476000
0.043560 5.476000
0.043570 5.475500
0.043580 5.475500
0.043590 5.475500
0.043600 5.476000
0.043610 5.475500
0.043620 5.475000
0.043630 5.475000
0.043640 5.475000
0.043650 5.475000
0.043660 5.474500
0.043670 5.474500
0.043680 5.474500
0.043690 5.475000
0.043700 5.474500
0.043710 5.474500
0.043720 5.474000
0.043730 5.474000
0.043740 5.474000
0.043750 5.473500
0.043760 5.473500
0.043770 5.473500
0.043780 5.472500
0.043790 5.472000
0.043800 5.472000
0.043810 5.472000
0.043820 5.472500
0.043830 5.472500
0.043840 5.472500
0.043850 5.472500
0.043860 5.472000
0.043870 5.471500
0.043880 5.471500
0.043890 5.471500
0.043900 5.471500
0.043910 5.471500
0.043920 5.471500
0.043930 5.471500
0.043940 5.471500
0.043950 5.471500
0.043960 5.471500
0.043970 5.471500
0.043980 5.471000
0.043990 5.471000
0.044000 5.471000
0.044010 5.470500
0.044020 5.470500
0.044030 5.469500
0.044040 5.469500
0.044050 5.469500
0.044060 5.469500
0.044070 5.469500
0.044080 5.470000
0.044090 5.469500
0.044100 5.469500
0.044110 5.469500
0.044120 5.470000
0.044130 5.470000
0.044140 5.469500
0.044150 5.469500
0.044160 5.469500
0.044170 5.469500
0.044180 5.469000
0.044190 5.469000
0.044200 5.468500
0.044210 5.469000
0.044220 5.468500
0.044230 5.468500
0.044240 5.468500
0.044250 5.468000
0.044260 5.468000
0.044270 5.468000
0.044280 5.468000
0.044290 5.468000
0.044300 5.468000
0.044310 5.468000
0.044320 5.468000
0.044330 5.468000
0.044340 5.468000
0.044350 5.468000
0.044360 5.468000
0.044370 5.468000
0.044380 5.468000
0.044390 5.468000
0.044400 5.468000
0.044410 5.468000
0.044420 5.468000
0.044430 5.468000
0.044440 5.467500
0.044450 5.467500
0.044460 5.467500
0.044470 5.467000
0.044480 5.466500
0.044490 5.466500
0.044500 5.466500
0.044510 5.466000
0.044520 5.465500
0.044530 5.465500
0.044540 5.465500
0.044550 5.465500
0.044560 5.465500
0.044570 5.465500
0.044580 5.465500
0.044590 5.465500
0.044600 5.465500
0.044610 5.465500
0.044620 5.465500
0.044630 5.465000
0.044640 5.465000
0.044650 5.465000
0.044660 5.465000
0.044670 5.465000
0.044680 5.465000
0.044690 5.465000
0.044700 5.464500
0.044710 5.464000
0.044720 5.464000
0.044730 5.463500
0.044740 5.463500
0.044750 5.463500
0.044760 5.463000
0.044770 5.463000
0.044780 5.463000
0.044790 5.463000
0.044800 5.463000
0.044810 5.462500
0.044820 5.462000
0.044830 5.462000
0.044840 5.462000
0.044850 5.462000
0.044860 5.462000
0.044870 5.462500
0.044880 5.462500
0.044890 5.462500
0.044900 5.462000
0.044910 5.462500
0.044920 5.462500
0.044930 5.462000
0.044940 5.462500
0.044950 5.462500
0.044960 5.462500
0.044970 5.462500
0.044980 5.462500
0.044990 5.463000
0.045000 5.463000
0.045010 5.462500
0.045020 5.462500
0.045030 5.462500
0.045040 5.462500
0.045050 5.462500
0.045060 5.462500
0.045070 5.462500
0.045080 5.462500
0.045090 5.462500
0.045100 5.462500
0.045110 5.463000
0.045120 5.463000
0.045130 5.463000
0.045140 5.463000
0.045150 5.463000
0.045160 5.463000
0.045170 5.462500
0.045180 5.462500
0.045190 5.462500
0.045200 5.462000
0.045210 5.462000
0.045220 5.462500
0.045230 5.462000
0.045240 5.462000
0.045250 5.462000
0.045260 5.462000
0.045270 5.461000
0.045280 5.461000
0.045290 5.460500
0.045300 5.460500
0.045310 5.460500
0.045320 5.460000
0.045330 5.460000
0.045340 5.460000
0.045350 5.460000
0.045360 5.460000
0.045370 5.460000
0.045380 5.460000
0.045390 5.460000
0.045400 5.460000
0.045410 5.460000
0.045420 5.460000
0.045430 5.460000
0.045440 5.460000
0.045450 5.460000
0.045460 5.459500
0.045470 5.459500
0.045480 5.459500
0.045490 5.459500
0.045500 5.459500
0.045510 5.459000
0.045520 5.458500
0.045530 5.458500
0.045540 5.459000
0.045550 5.459000
0.045560 5.459000
0.045570 5.459000
0.045580 5.459000
0.045590 5.459000
0.045600 5.459000
0.045610 5.459000
0.045620 5.459000
0.045630 5.459000
0.045640 5.459000
0.045650 5.459000
0.045660 5.459000
0.045670 5.459000
0.045680 5.458500
0.045690 5.458500
0.045700 5.458500
0.045710 5.458500
0.045720 5.458500
0.045730 5.458500
0.045740 5.458500
0.045750 5.458500
0.045760 5.458500
0.045770 5.458000
0.045780 5.458000
0.045790 5.458000
0.045800 5.457500
0.045810 5.457500
0.045820 5.457500
0.045830 5.457000
0.045840 5.456000
0.045850 5.456000
0.045860 5.456000
0.045870 5.456000
0.045880 5.455500
0.045890 5.455000
0.045900 5.454500
0.045910 5.454500
0.045920 5.454500
0.045930 5.453500
0.045940 5.453500
0.045950 5.453500
0.045960 5.453500
0.045970 5.453500
0.045980 5.453500
0.045990 5.453500
0.046000 5.453000
0.046010 5.453000
0.046020 5.452500
0.046030 5.452500
0.046040 5.452000
0.046050 5.452000
0.046060 5.452000
0.046070 5.452000
0.046080 5.452500
0.046090 5.452500
0.046100 5.452500
0.046110 5.452500
0.046120 5.452000
0.046130 5.452000
0.046140 5.452000
0.046150 5.452000
0.046160 5.452000
0.046170 5.452000
0.046180 5.452000
0.046190 5.452000
0.046200 5.452000
0.046210 5.452000
0.046220 5.451500
0.046230 5.451500
0.046240 5.451500
0.046250 5.451500
0.046260 5.451500
0.046270 5.451500
0.046280 5.451500
0.046290 5.451500
0.046300 5.451500
0.046310 5.451500
0.046320 5.451500
0.046330 5.451000
0.046340 5.450500
0.046350 5.450000
0.046360 5.449500
0.046370 5.449000
0.046380 5.449000
0.046390 5.449000
0.046400 5.450000
0.046410 5.450000
0.046420 5.449500
0.046430 5.449500
0.046440 5.449500
0.046450 5.449500
0.046460 5.449500
0.046470 5.449500
0.046480 5.449500
0.046490 5.449500
0.046500 5.449500
0.046510 5.449000
0.046520 5.449000
0.046530 5.449500
0.046540 5.449500
0.046550 5.449500
0.046560 5.449500
0.046570 5.449000
0.046580 5.449000
0.046590 5.449000
0.046600 5.449500
0.046610 5.449500
0.046620 5.449500
0.046630 5.449000
0.046640 5.448500
0.046650 5.448000
0.046660 5.447500
0.046670 5.447000
0.046680 5.446500
0.046690 5.446500
0.046700 5.446500
0.046710 5.446500
0.046720 5.446500
0.046730 5.446500
0.046740 5.446500
0.046750 5.446000
0.046760 5.446000
0.046770 5.445500
0.046780 5.445500
0.046790 5.445500
0.046800 5.445500
0.046810 5.445000
0.046820 5.445000
0.046830 5.445000
0.046840 5.445000
0.046850 5.445000
0.046860 5.445000
0.046870 5.445000
0.046880 5.445000
0.046890 5.445000
0.046900 5.445000
0.046910 5.445000
0.046920 5.445000
0.046930 5.445000
0.046940 5.445000
0.046950 5.445000
0.046960 5.445000
0.046970 5.445000
0.046980 5.445000
0.046990 5.445000
0.047000 5.444500
0.047010 5.444000
0.047020 5.444000
0.047030 5.444000
0.047040 5.444000
0.047050 5.444000
0.047060 5.444000
0.047070 5.444000
0.047080 5.444000
0.047090 5.444000
0.047100 5.444000
0.047110 5.443500
0.047120 5.443500
0.047130 5.443500
0.047140 5.443500
0.047150 5.443000
0.047160 5.443000
0.047170 5.443000
0.047180 5.443000
0.047190 5.443000
0.047200 5.443000
0.047210 5.442500
0.047220 5.442000
0.047230 5.442000
0.047240 5.441500
0.047250 5.441500
0.047260 5.441500
0.047270 5.441500
0.047280 5.441500
0.047290 5.441500
0.047300 5.441500
0.047310 5.441000
0.047320 5.441000
0.047330 5.441000
0.047340 5.441000
0.047350 5.441000
0.047360 5.441000
0.047370 5.441000
0.047380 5.441000
0.047390 5.441000
0.047400 5.440500
0.047410 5.441000
0.047420 5.441000
0.047430 5.441000
0.047440 5.441000
0.047450 5.440500
0.047460 5.440000
0.047470 5.440000
0.047480 5.440000
0.047490 5.440000
0.047500 5.439000
0.047510 5.439000
0.047520 5.439000
0.047530 5.438500
0.047540 5.438500
0.047550 5.438500
0.047560 5.438500
0.047570 5.438500
0.047580 5.438500
0.047590 5.438500
0.047600 5.438500
0.047610 5.438500
0.047620 5.438500
0.047630 5.438500
0.047640 5.438500
0.047650 5.438500
0.047660 5.438500
0.047670 5.438500
0.047680 5.438500
0.047690 5.438500
0.047700 5.438500
0.047710 5.438500
0.047720 5.438000
0.047730 5.438000
0.047740 5.438500
0.047750 5.438500
0.047760 5.438500
0.047770 5.439000
0.047780 5.439000
0.047790 5.439000
0.047800 5.439000
0.047810 5.439000
0.047820 5.439000
0.047830 5.439000
0.047840 5.438500
0.047850 5.438500
0.047860 5.438500
0.047870 5.438500
0.047880 5.438500
0.047890 5.438000
0.047900 5.438000
0.047910 5.438000
0.047920 5.438000
0.047930 5.438000
0.047940 5.437500
0.047950 5.437500
0.047960 5.437500
0.047970 5.437500
0.047980 5.437500
0.047990 5.437000
0.048000 5.436500
0.048010 5.437500
0.048020 5.437500
0.048030 5.437500
0.048040 5.437500
0.048050 5.437000
0.048060 5.437000
0.048070 5.437000
0.048080 5.437000
0.048090 5.437000
0.048100 5.437000
0.048110 5.437000
0.048120 5.437000
0.048130 5.437000
0.048140 5.437000
0.048150 5.437000
0.048160 5.437000
0.048170 5.437000
0.048180 5.437000
0.048190 5.437000
0.048200 5.437000
0.048210 5.436500
0.048220 5.436500
0.048230 5.436500
0.048240 5.436500
0.048250 5.437000
0.048260 5.437000
0.048270 5.437000
0.048280 5.436500
0.048290 5.436500
0.048300 5.436500
0.048310 5.436500
0.048320 5.437000
0.048330 5.437500
0.048340 5.437000
0.048350 5.437000
0.048360 5.437000
0.048370 5.437000
0.048380 5.437000
0.048390 5.436500
0.048400 5.436500
0.048410 5.436500
0.048420 5.436500
0.048430 5.436500
0.048440 5.436000
0.048450 5.436000
0.048460 5.436000
0.048470 5.436000
0.048480 5.436000
0.048490 5.436000
0.048500 5.436000
0.048510 5.436000
0.048520 5.436500
0.048530 5.436500
0.048540 5.436500
0.048550 5.436000
0.048560 5.436500
0.048570 5.436500
0.048580 5.436500
0.048590 5.436500
0.048600 5.436500
0.048610 5.436500
0.048620 5.436000
0.048630 5.436000
0.048640 5.436000
0.048650 5.436000
0.048660 5.436000
0.048670 5.436000
0.048680 5.436000
0.048690 5.436000
0.048700 5.435500
0.048710 5.435500
0.048720 5.435500
0.048730 5.435500
0.048740 5.435500
0.048750 5.436000
0.048760 5.436000
0.048770 5.436000
0.048780 5.436000
0.048790 5.435500
0.048800 5.436000
0.048810 5.436000
0.048820 5.436000
0.048830 5.435500
0.048840 5.435500
0.048850 5.435500
0.048860 5.435500
0.048870 5.435500
0.048880 5.435500
0.048890 5.435500
0.048900 5.435500
0.048910 5.435500
0.048920 5.435500
0.048930 5.435500
0.048940 5.435500
0.048950 5.436000
0.048960 5.436000
0.048970 5.436000
0.048980 5.436000
0.048990 5.436500
0.049000 5.436000
0.049010 5.436000
0.049020 5.436000
0.049030 5.436000
0.049040 5.436000
0.049050 5.436000
0.049060 5.435500
0.049070 5.435500
0.049080 5.434500
0.049090 5.434500
0.049100 5.434500
0.049110 5.434500
0.049120 5.434500
0.049130 5.434500
0.049140 5.434500
0.049150 5.434000
0.049160 5.434000
0.049170 5.434500
0.049180 5.434500
0.049190 5.434500
0.049200 5.434500
0.049210 5.434500
0.049220 5.434500
0.049230 5.434500
0.049240 5.434500
0.049250 5.434000
0.049260 5.434000
0.049270 5.434000
0.049280 5.434000
0.049290 5.434000
0.049300 5.434000
0.049310 5.433500
0.049320 5.433000
0.049330 5.433000
0.049340 5.433000
0.049350 5.433000
0.049360 5.433000
0.049370 5.432500
0.049380 5.432500
0.049390 5.432500
0.049400 5.432500
0.049410 5.432500
0.049420 5.432500
0.049430 5.433000
0.049440 5.433000
0.049450 5.433000
0.049460 5.433000
0.049470 5.433000
0.049480 5.433000
0.049490 5.433000
0.049500 5.433000
0.049510 5.433000
0.049520 5.433000
0.049530 5.433000
0.049540 5.433000
0.049550 5.433500
0.049560 5.433500
0.049570 5.433000
0.049580 5.433000
0.049590 5.433000
0.049600 5.433000
0.049610 5.433000
0.049620 5.433000
0.049630 5.433000
0.049640 5.433000
0.049650 5.433000
0.049660 5.432500
0.049670 5.432500
0.049680 5.432500
0.049690 5.432500
0.049700 5.432000
0.049710 5.432000
0.049720 5.432000
0.049730 5.432000
0.049740 5.431500
0.049750 5.431500
0.049760 5.431000
0.049770 5.431000
0.049780 5.431000
0.049790 5.431000
0.049800 5.431000
0.049810 5.431000
0.049820 5.431000
0.049830 5.431000
0.049840 5.431000
0.049850 5.431000
0.049860 5.431000
0.049870 5.430500
0.049880 5.430500
0.049890 5.430000
0.049900 5.430000
0.049910 5.429500
0.049920 5.429500
0.049930 5.429500
0.049940 5.429500
0.049950 5.429500
0.049960 5.429500
0.049970 5.430500
0.049980 5.430500
0.049990 5.430000
0.050000 5.430000
