0.052247 -0.0250000004 0.0349744528 -0.00133703099 asynchronous_release_0
0.085095 -0.0250000004 -0.0186451292 -0.0296202491 asynchronous_release_1
0.063734 -0.0250000004 0.0349431524 -0.00199401609 asynchronous_release_0
0.101268 -0.0250000004 0.0172865308 -0.0304331374 asynchronous_release_0
0.014455 -0.0250000004 0.025470085 -0.0240057237 asynchronous_release_0
0.083126 -0.0250000004 -0.0335246091 -0.0100548788 asynchronous_release_3
0.104028 -0.0250000004 -0.000584692434 0.000811255051 asynchronous_release_0
0.038198 -0.0250000004 0.00711246311 -0.0342697077 asynchronous_release_0
0.10203 -0.0250000004 0.000767896826 0.000640573544 asynchronous_release_0
0.107289 -0.0250000004 0.0308048062 -0.0166151713 asynchronous_release_0
0.084267 -0.0250000004 0.0314084412 0.0154437632 asynchronous_release_3
0.100735 -0.0250000004 0.0179717693 0.030033573 asynchronous_release_0
0.094849 -0.0250000004 0.00163707742 -0.034961693 asynchronous_release_0
0.098919 -0.0250000004 -0.0336657012 0.00957186315 asynchronous_release_0
0.101348 -0.0250000004 0.0189788215 -0.0294075557 asynchronous_release_0
0.075355 -0.0250000004 -0.0201365192 0.0286272701 asynchronous_release_0
0.101129 -0.0250000004 0.0120499744 0.0328602818 asynchronous_release_0
0.028964 -0.0250000004 -0.0170627566 -0.0305591613 asynchronous_release_0
0.087209 -0.0250000004 -0.0348588773 -0.00313985293 asynchronous_release_4
0.093617 -0.0250000004 0.0330985337 0.0113792383 asynchronous_release_0
0.087185 -0.0250000004 0.00760943725 -0.0341627936 asynchronous_release_3
0.092918 -0.0250000004 -0.0230301948 -0.0263554572 asynchronous_release_0
0.042771 -0.0250000004 -0.0169928227 0.0305981041 asynchronous_release_0
0.072969 -0.0250000004 -0.0258164244 -0.0236328633 asynchronous_release_0
0.019463 -0.0250000004 0.0121512846 -0.0328229536 asynchronous_release_0
0.082469 -0.0250000004 -0.000466091657 0.000884736439 asynchronous_release_0
0.063928 -0.0250000004 0.00092011114 0.000391657362 asynchronous_release_0
0.099798 -0.0250000004 0.0193297649 0.0291780772 asynchronous_release_1
0.016135 -0.0250000004 0.00132410867 -0.0349749444 asynchronous_release_0
0.005579 -0.0250000004 -0.00423676983 0.034742622 asynchronous_release_1
0.054802 -0.0250000004 0.026455361 -0.0229153632 asynchronous_release_0
0.092491 -0.0250000004 0.0183962783 0.029775442 asynchronous_release_0
0.099076 -0.0250000004 -0.0234469071 -0.0259854295 asynchronous_release_1
0.101007 -0.0250000004 0.0203877064 -0.0284489267 asynchronous_release_0
0.100806 -0.0250000004 -0.0344243901 0.00632150009 asynchronous_release_0
0.09161 -0.0250000004 0.0140775179 -0.0320440867 asynchronous_release_0
0.034801 -0.0250000004 0.0145292612 0.0318418054 asynchronous_release_0
0.071758 -0.0250000004 0.0348404429 0.00333819344 asynchronous_release_0
0.088592 -0.0250000004 -0.000768648395 0.0349915587 asynchronous_release_3
0.108028 -0.0250000004 0.0315744705 0.0151014176 asynchronous_release_1
0.098399 -0.0250000004 -2.76970514e-05 -0.000999616363 asynchronous_release_0
0.096386 -0.0250000004 -0.015319262 -0.0314693535 asynchronous_release_0
0.094819 -0.0250000004 -0.0325439579 0.0128798605 asynchronous_release_0
0.076509 -0.0250000004 -0.0210122583 -0.027990802 asynchronous_release_0
0.086998 -0.0250000004 0.000713167902 -0.000700993255 asynchronous_release_4
0.024126 -0.0250000004 0.0323346564 0.0133966412 asynchronous_release_0
0.02413 -0.0250000004 -0.032406395 0.0132221618 asynchronous_release_0
0.059639 -0.0250000004 0.0325056996 -0.0129761124 asynchronous_release_0
0.096276 -0.0250000004 0.000695368892 -0.000718652979 asynchronous_release_0
0.077986 -0.0250000004 -0.000874437083 -0.0349890749 asynchronous_release_0
0.098726 -0.0250000004 0.00273243123 0.0348931773 asynchronous_release_0
0.079716 -0.0250000004 -0.000631809739 0.000775123508 asynchronous_release_0
0.070232 -0.0250000004 0.0185883427 -0.0296559187 asynchronous_release_0
0.054514 -0.0250000004 -0.00298381512 0.0348725802 asynchronous_release_0
0.087213 -0.0250000004 0.0347608562 -0.00408446773 asynchronous_release_1
0.049253 -0.0250000004 0.0221801847 0.0270747005 asynchronous_release_0
0.086573 -0.0250000004 0.0118742449 -0.0329241903 asynchronous_release_0
0.089382 -0.0250000004 0.0346929417 -0.0046259915 asynchronous_release_0
0.094447 -0.0250000004 -0.00818393393 0.0340297403 asynchronous_release_0
0.029876 -0.0250000004 -0.00624336651 -0.0344386465 asynchronous_release_0
0.10073 -0.0250000004 0.000925219355 -0.000379432663 asynchronous_release_0
0.079242 -0.0250000004 0.00270092749 0.03489563 asynchronous_release_0
0.051453 -0.0250000004 0.00757391393 0.0341706867 asynchronous_release_0
0.108753 -0.0250000004 -0.00211549102 0.0349360086 asynchronous_release_0
0.101451 -0.0250000004 -0.000755665684 -0.000654957537 asynchronous_release_0
0.101665 -0.0250000004 0.00960487425 0.0336562979 asynchronous_release_0
0.104287 -0.0250000004 0.00364223248 -0.0348099719 asynchronous_release_0
0.090018 -0.0250000004 0.0253217382 -0.0241621517 asynchronous_release_0
0.048856 -0.0250000004 0.0338181746 0.009018374 asynchronous_release_0
0.101449 -0.0250000004 0.0177801749 -0.0301473943 asynchronous_release_4
0.091894 -0.0250000004 0.0153604823 -0.0314492541 asynchronous_release_0
0.013934 -0.0250000004 0.0188624808 0.0294823137 asynchronous_release_0
0.099171 -0.0250000004 0.032069275 -0.0140200428 asynchronous_release_0
0.065234 -0.0250000004 0.0107940068 0.0332939847 asynchronous_release_0
0.023634 -0.0250000004 0.0137578472 0.0321826295 asynchronous_release_0
0.08654 -0.0250000004 -0.0348191949 0.00355298027 asynchronous_release_0
0.056519 -0.0250000004 0.0133776462 0.0323425197 asynchronous_release_0
0.023892 -0.0250000004 -0.0201105738 -0.0286455026 asynchronous_release_0
0.102036 -0.0250000004 0.0335604626 -0.00993455334 asynchronous_release_0
0.086684 -0.0250000004 -0.0299763911 0.0180669858 asynchronous_release_2
0.107105 -0.0250000004 -0.0345458723 -0.00561984958 asynchronous_release_0
0.050734 -0.0250000004 0.0120570523 -0.0328576854 asynchronous_release_0
0.075947 -0.0250000004 -0.000938791011 -0.00034448721 asynchronous_release_0
0.098493 -0.0250000004 0.0276116025 -0.0215081242 asynchronous_release_1
0.079531 -0.0250000004 -0.027645838 0.0214641012 asynchronous_release_0
0.097872 -0.0250000004 -0.0155762309 0.0313429582 asynchronous_release_0
0.054697 -0.0250000004 0.0307422464 -0.0167306391 asynchronous_release_0
0.038056 -0.0250000004 0.00575956694 -0.0345228531 asynchronous_release_0
0.099268 -0.0250000004 0.0304246668 0.0173014348 asynchronous_release_0
0.044786 -0.0250000004 -0.0331897816 0.0111102834 asynchronous_release_0
0.087103 -0.0250000004 0.00021838147 0.000975863481 asynchronous_release_0
0.101814 -0.0250000004 -0.0156233075 0.0313195189 asynchronous_release_0
0.059952 -0.0250000004 -0.0322062409 -0.0137024833 asynchronous_release_0
0.109993 -0.0250000004 0.0349414037 -0.00202442686 asynchronous_release_0
0.10012 -0.0250000004 0.0338818857 -0.00877597988 asynchronous_release_0
0.052989 -0.0250000004 0.0240724089 -0.0254070685 asynchronous_release_0
0.086422 -0.0250000004 0.0342018683 0.00743183708 asynchronous_release_2
0.104769 -0.0250000004 -0.0196837628 0.0289404472 asynchronous_release_0
0.10542 -0.0250000004 -0.000381359927 -0.000924426637 asynchronous_release_0
0.050722 -0.0250000004 0.00326756147 -0.0348471382 asynchronous_release_0
0.108779 -0.0250000004 -0.0316939839 0.0148489522 asynchronous_release_0
0.04825 -0.0250000004 0.0340525851 -0.00808835278 asynchronous_release_0
0.10499 -0.0250000004 -0.0240310115 -0.0254462273 asynchronous_release_0
0.015815 -0.0250000004 0.0164285168 0.0309047542 asynchronous_release_0
0.079311 -0.0250000004 -0.0177508022 0.0301646982 asynchronous_release_0
0.098227 -0.0250000004 -0.0140775292 0.0320440817 asynchronous_release_2
0.044742 -0.0250000004 0.0345410573 0.00564936802 asynchronous_release_0
0.1019 -0.0250000004 -0.00492919116 -0.0346511627 asynchronous_release_0
0.084044 -0.0250000004 -0.0318751085 -0.0144560525 asynchronous_release_1
0.042302 -0.0250000004 -0.00767776504 0.0341475025 asynchronous_release_0
0.098013 -0.0250000004 -0.00281426231 0.0348866726 asynchronous_release_0
0.026086 -0.0250000004 0.000230859863 -0.000972987011 asynchronous_release_0
0.098622 -0.0250000004 0.010029705 0.033532149 asynchronous_release_0
0.091206 -0.0250000004 -0.0236731368 -0.0257794995 asynchronous_release_0
0.082122 -0.0250000004 0.0236731368 0.0257794995 asynchronous_release_1
0.019878 -0.0250000004 -0.032901369 0.011937333 asynchronous_release_0
0.082938 -0.0250000004 -0.0194113194 0.029123885 asynchronous_release_2
0.068312 -0.0250000004 -0.0157540045 -0.0312539812 asynchronous_release_0
0.056943 -0.0250000004 0.0337074418 0.00942381921 asynchronous_release_0
0.055274 -0.0250000004 0.0349090013 -0.0025222273 asynchronous_release_0
0.091952 -0.0250000004 0.00755001281 -0.0341759756 asynchronous_release_0
0.097349 -0.0250000004 0.0286016353 0.020172914 asynchronous_release_0
0.098671 -0.0250000004 -0.0111144488 0.033188387 asynchronous_release_0
0.025499 -0.0250000004 -0.000661432982 -0.000750004273 asynchronous_release_0
0.048617 -0.0250000004 0.0278192505 0.021238863 asynchronous_release_0
0.084229 -0.0250000004 -0.000595766239 -0.000803157885 asynchronous_release_1
0.043696 -0.0250000004 0.0348893848 0.00278043643 asynchronous_release_0
0.103105 -0.0250000004 -0.0347893748 0.00383398014 asynchronous_release_0
0.059328 -0.0250000004 0.0299811057 -0.0180591611 asynchronous_release_0
0.028996 -0.0250000004 0.0248219432 0.0246753143 asynchronous_release_1
0.100675 -0.0250000004 0.0332660813 -0.0108796983 asynchronous_release_1
0.03079 -0.0250000004 0.0345730978 0.00544985376 asynchronous_release_0
0.082109 -0.0250000004 0.0204578055 0.0283985597 asynchronous_release_0
0.106673 -0.0250000004 0.00198567868 0.0349436272 asynchronous_release_0
0.060528 -0.0250000004 0.0329303008 0.0118572883 asynchronous_release_0
0.097631 -0.0250000004 0.00910562301 0.033794787 asynchronous_release_0
0.10678 -0.0250000004 -0.00910562301 -0.033794787 asynchronous_release_0
0.048038 -0.0250000004 0.0313167377 0.0156288816 asynchronous_release_0
0.085833 -0.0250000004 0.0312428821 -0.0157760045 asynchronous_release_1
0.084197 -0.0250000004 -0.0328581546 0.0120557735 asynchronous_release_1
0.082403 -0.0250000004 0.0347807019 -0.00391187641 asynchronous_release_1
0.079684 -0.0250000004 0.0131752541 0.0324254943 asynchronous_release_0
0.061601 -0.0250000004 0.0289564804 -0.0196601689 asynchronous_release_0
0.088025 -0.0250000004 -0.00548341005 0.0345677916 asynchronous_release_0
0.095786 -0.0250000004 -0.011717231 0.0594786222 asynchronous_release_0
0.069571 -0.0250000004 0.000662710406 0.000748875769 asynchronous_release_0
0.057886 -0.0250000004 -0.00167779325 -0.0349597627 asynchronous_release_0
0.015452 -0.0250000004 0.000104189131 -0.000994557502 asynchronous_release_0
0.105414 -0.0250000004 -0.0319838933 -0.0142137458 asynchronous_release_4
0.041434 -0.0250000004 0.0347302198 0.0043372613 asynchronous_release_0
0.095925 -0.0250000004 0.00675219471 -0.0343425082 asynchronous_release_0
0.093291 -0.0250000004 -0.00916632857 -0.0337783721 asynchronous_release_0
0.024499 -0.0250000004 0.0337898312 -0.00912399631 asynchronous_release_0
0.108231 -0.0250000004 -0.0174292498 0.0303516268 asynchronous_release_0
0.093573 -0.0250000004 -0.000418451581 -0.0349974985 asynchronous_release_0
0.047173 -0.0250000004 0.0289114498 0.0197263294 asynchronous_release_0
0.097903 -0.0250000004 0.0346882013 0.00466140422 asynchronous_release_0
0.10459 -0.0250000004 0.000461395453 -0.000887194587 asynchronous_release_0
0.094837 -0.0250000004 -0.026581746 -0.0227686359 asynchronous_release_0
0.095568 -0.0250000004 0.0260597232 0.0233643066 asynchronous_release_0
0.088006 -0.0250000004 0.000939040923 -0.000343805387 asynchronous_release_0
0.10653 -0.0250000004 0.0263326689 -0.0230562475 asynchronous_release_0
0.105256 -0.0250000004 -0.0297290522 -0.018471152 asynchronous_release_0
0.025236 -0.0250000004 -0.0107246746 0.0333163827 asynchronous_release_0
0.029435 -0.0250000004 0.000741315199 -0.000671157042 asynchronous_release_0
0.104041 -0.0250000004 -0.000266585997 -0.000963811136 asynchronous_release_0
0.087364 -0.0250000004 7.18957198e-05 0.000997412154 asynchronous_release_0
0.016558 -0.0250000004 0.000577499272 -0.0008163912 asynchronous_release_0
0.016518 -0.0250000004 -0.000631861294 0.000775081483 asynchronous_release_0
0.101025 -0.0250000004 0.0167885337 0.0307106681 asynchronous_release_0
0.024765 -0.0250000004 0.0283970526 0.0204598974 asynchronous_release_0
0.032366 -0.0250000004 -0.0243631614 -0.0251283976 asynchronous_release_0
0.051317 -0.0250000004 0.018760407 0.029547371 asynchronous_release_0
0.017568 -0.0250000004 -0.00429248612 -0.0347357822 asynchronous_release_0
0.028211 -0.0250000004 0.0279358267 -0.0210852931 asynchronous_release_0
0.052241 -0.0250000004 0.000390013973 -0.000920808938 asynchronous_release_0
0.031043 -0.0250000004 -0.0207556458 -0.0281816105 asynchronous_release_0
0.076871 -0.0250000004 -0.0168857373 0.0306573299 asynchronous_release_0
0.093988 -0.0250000004 0.0328381409 -0.0121101817 asynchronous_release_0
0.039252 -0.0250000004 -0.000971395118 -0.000237468999 asynchronous_release_0
0.106975 -0.0250000004 -0.000243472192 -0.000969907878 asynchronous_release_0
0.035112 -0.0250000004 0.0307548188 0.0167075169 asynchronous_release_0
0.101392 -0.0250000004 -0.0307548188 -0.0167075169 asynchronous_release_0
0.102028 -0.0250000004 -0.0271213332 -0.0221231391 asynchronous_release_0
0.095484 -0.0250000004 0.000597812293 0.000801636116 asynchronous_release_0
0.100828 -0.0250000004 0.0289283042 0.0197016045 asynchronous_release_0
0.048466 -0.0250000004 0.0276442796 0.0214661083 asynchronous_release_0
0.085006 -0.0250000004 -0.0192661593 -0.0292201148 asynchronous_release_0
0.019722 -0.0250000004 0.0320246983 -0.0141215686 asynchronous_release_0
0.074015 -0.0250000004 -0.0286266832 -0.0201373536 asynchronous_release_0
0.086541 -0.0250000004 0.0242085486 0.0252773846 asynchronous_release_3
0.103214 -0.0250000004 -0.0268028495 -0.0225079377 asynchronous_release_0
0.022261 -0.0250000004 -0.0134866344 0.0322972242 asynchronous_release_0
0.01087 -0.0250000004 -0.000658894482 0.000752235376 asynchronous_release_0
0.030048 -0.0250000004 -0.0284976534 0.0203195411 asynchronous_release_0
0.087642 -0.0250000004 -0.00761938642 -0.034160576 asynchronous_release_0
0.092941 -0.0250000004 0.0109898558 -0.0332298521 asynchronous_release_0
0.043147 -0.0250000004 -0.0321351882 -0.0138682976 asynchronous_release_0
0.08286 -0.0250000004 0.00735685515 -0.0342180754 asynchronous_release_3
0.089854 -0.0250000004 -0.000600926423 0.000799304344 asynchronous_release_0
0.042532 -0.0250000004 0.0343174174 -0.00687858009 asynchronous_release_0
0.082741 -0.0250000004 -0.00019653086 -0.00098049764 asynchronous_release_2
0.088507 -0.0250000004 -0.00336231886 0.034838123 asynchronous_release_0
0.097146 -0.0250000004 -0.0337666506 0.00920941387 asynchronous_release_0
0.092003 -0.0250000004 0.0349978173 0.000390873425 asynchronous_release_0
0.016567 -0.0250000004 -0.0303186024 0.0174866334 asynchronous_release_0
0.026808 -0.0250000004 -0.0322431476 -0.0136154116 asynchronous_release_0
0.060425 -0.0250000004 -0.0214046083 0.0276919256 asynchronous_release_0
0.087316 -0.0250000004 -0.0349767786 -0.0012747378 asynchronous_release_1
0.102031 -0.0250000004 -0.016384434 -0.0309281477 asynchronous_release_1
0.074157 -0.0250000004 0.0327321074 -0.0123939156 asynchronous_release_0
0.095388 -0.0250000004 -0.0270994995 -0.0221498787 asynchronous_release_0
0.026931 -0.0250000004 -0.0203141877 -0.0285014697 asynchronous_release_0
0.091209 -0.0250000004 0.014525903 -0.0318433375 asynchronous_release_0
0.039251 -0.0250000004 -0.00447887996 0.0347122404 asynchronous_release_0
0.042353 -0.0250000004 0.025768472 0.0236851399 asynchronous_release_0
0.053587 -0.0250000004 0.0296300696 0.0186295189 asynchronous_release_0
0.090665 -0.0250000004 -0.0217714869 0.0274044223 asynchronous_release_0
0.097943 -0.0250000004 0.00301405959 -0.0348699791 asynchronous_release_0
0.051651 -0.0250000004 0.0108405748 0.0332788512 asynchronous_release_0
0.092339 -0.0250000004 -0.000162120976 0.00098677089 asynchronous_release_1
0.043076 -0.0250000004 6.29128773e-05 -0.0349999435 asynchronous_release_0
0.101114 -0.0250000004 0.000435001691 -0.0349972967 asynchronous_release_0
0.089383 -0.0250000004 -0.0349990558 0.000257085494 asynchronous_release_0
0.104287 -0.0250000004 -0.00099253685 0.000121945077 asynchronous_release_0
0.085808 -0.0250000004 0.0265240965 -0.0228357681 asynchronous_release_1
0.013722 -0.0250000004 -0.000999206049 -3.98405832e-05 asynchronous_release_3
0.032675 -0.0250000004 0.000990271169 0.000139151039 asynchronous_release_0
0.104595 -0.0250000004 0.0190107822 -0.0293869046 asynchronous_release_0
0.064663 -0.0250000004 0.0346636032 0.00484093106 asynchronous_release_0
0.061478 -0.0250000004 -0.0275047142 0.0216446459 asynchronous_release_0
0.108545 -0.0250000004 -0.0219794406 -0.0272379183 asynchronous_release_0
0.05321 -0.0250000004 -0.000511720809 -0.000859151799 asynchronous_release_0
0.08906 -0.0250000004 -0.030070313 0.0179102283 asynchronous_release_0
0.100261 -0.0250000004 -0.0302725063 -0.0175663134 asynchronous_release_0
0.006542 -0.0250000004 -0.0170292548 0.030577843 asynchronous_release_0
0.091067 -0.0250000004 0.027535918 0.021604935 asynchronous_release_0
0.052386 -0.0250000004 -0.0344676544 0.00608118428 asynchronous_release_0
0.091649 -0.0250000004 0.0523396771 -0.0305868958 asynchronous_release_4
0.056625 -0.0250000004 -0.0283762308 -0.0204887659 asynchronous_release_0
0.029666 -0.0250000004 0.0339585977 -0.00847429293 asynchronous_release_0
0.00609 -0.0250000004 0.00579923908 -0.0345162111 asynchronous_release_0
0.042952 -0.0250000004 0.0269922961 0.0222803939 asynchronous_release_0
0.01747 -0.0250000004 0.0285809647 -0.0202021894 asynchronous_release_0
0.059611 -0.0250000004 0.000995798177 -9.15750552e-05 asynchronous_release_0
0.098143 -0.0250000004 0.000403832853 -0.000914832786 asynchronous_release_0
0.097506 -0.0250000004 -0.0349991816 0.000239352559 asynchronous_release_0
0.08265 -0.0250000004 -0.0314602896 0.0153378675 asynchronous_release_0
0.107055 -0.0250000004 0.034728395 -0.00435184822 asynchronous_release_1
0.016475 -0.0250000004 0.000265544222 0.000964098681 asynchronous_release_0
0.091891 -0.0250000004 -0.0147480845 -0.031741046 asynchronous_release_0
0.096857 -0.0250000004 0.0282728813 0.0206311459 asynchronous_release_0
0.054587 -0.0250000004 -0.00027728174 0.000960788654 asynchronous_release_0
0.054016 -0.0250000004 0.00724568482 -0.0342417881 asynchronous_release_0
0.101653 -0.0250000004 0.0321107734 -0.0139247345 asynchronous_release_0
0.087962 -0.0250000004 -0.0332148592 0.0110350862 asynchronous_release_0
0.013998 -0.0250000004 -0.0165138023 -0.0308592666 asynchronous_release_0
0.059605 -0.0250000004 0.000997520776 -7.03725943e-05 asynchronous_release_0
0.105063 -0.0250000004 0.0345711669 -0.00546208905 asynchronous_release_0
0.090246 -0.0250000004 0.0227547269 -0.0265936535 asynchronous_release_0
0.094487 -0.0250000004 -0.0326540079 -0.0125982445 asynchronous_release_0
0.066216 -0.0250000004 0.0304194331 -0.0173106351 asynchronous_release_0
0.0105 -0.0250000004 0.00157156306 -0.0349646992 asynchronous_release_0
0.10671 -0.0250000004 -0.0243385702 -0.0251522167 asynchronous_release_0
0.092617 -0.0250000004 -0.0116410984 0.0330073451 asynchronous_release_0
0.088531 -0.0250000004 -0.000941095926 0.000338139703 asynchronous_release_0
0.085333 -0.0250000004 -0.000968419811 0.000249325228 asynchronous_release_3
0.032729 -0.0250000004 -0.0340866551 -0.00794354729 asynchronous_release_0
0.107332 -0.0250000004 -0.0101640138 -0.0334916829 asynchronous_release_0
0.003978 -0.0250000004 0.0318461577 -0.014519719 asynchronous_release_1
0.043594 -0.0250000004 0.0278150685 0.0212443396 asynchronous_release_0
0.091101 -0.0250000004 0.0124109496 -0.0327256525 asynchronous_release_0
0.031019 -0.0250000004 0.00502833957 0.0346369139 asynchronous_release_0
0.077889 -0.0250000004 0.0232591298 0.0261536399 asynchronous_release_0
0.086734 -0.0250000004 0.00752914466 -0.034180579 asynchronous_release_0
0.08444 -0.0250000004 0.000941602441 -0.000336726659 asynchronous_release_0
0.108759 -0.0250000004 -0.0226480907 0.0266845272 asynchronous_release_0
0.044448 -0.0250000004 0.000924914324 -0.000380175608 asynchronous_release_0
0.097436 -0.0250000004 0.0299206053 -0.018159223 asynchronous_release_0
0.089207 -0.0250000004 0.0240006706 0.0254748467 asynchronous_release_2
0.026885 -0.0250000004 0.0121239977 -0.0328330425 asynchronous_release_0
0.055673 -0.0250000004 -0.0287647298 0.0199396669 asynchronous_release_0
0.051435 -0.0250000004 -0.000158780151 0.0349996398 asynchronous_release_0
0.054608 -0.0250000004 0.0348015028 -0.00372228466 asynchronous_release_0
0.040578 -0.0250000004 0.034099732 -0.00788722243 asynchronous_release_0
0.108563 -0.0250000004 -0.0280701435 0.0209061485 asynchronous_release_0
0.044986 -0.0250000004 0.0229761807 -0.026402559 asynchronous_release_0
0.03764 -0.0250000004 0.0349672585 0.00151354965 asynchronous_release_0
0.099939 -0.0250000004 -0.0154143637 0.0314228801 asynchronous_release_0
0.097983 -0.0250000004 -0.0158490495 0.0312058909 asynchronous_release_0
0.055343 -0.0250000004 -0.00612144037 -0.0344605277 asynchronous_release_0
0.092392 -0.0250000004 0.0343637161 -0.00664341896 asynchronous_release_0
0.008317 -0.0250000004 0.0327737415 0.0122833981 asynchronous_release_0
0.082552 -0.0250000004 0.0329152547 0.0118989918 asynchronous_release_4
0.06181 -0.0250000004 0.0082953505 -0.0340027522 asynchronous_release_0
0.103706 -0.0250000004 -0.026220004 0.0231842919 asynchronous_release_0
0.103686 -0.0250000004 0.00599750057 0.0344823141 asynchronous_release_0
0.086799 -0.0250000004 -0.0241036556 -0.0253774267 asynchronous_release_3
0.092273 -0.0250000004 0.0167915467 0.0307090208 asynchronous_release_0
0.032576 -0.0250000004 -0.000170361484 0.0349995854 asynchronous_release_0
0.076327 -0.0250000004 0.005447717 0.0345734346 asynchronous_release_0
0.068726 -0.0250000004 0.0111408754 0.0331795252 asynchronous_release_0
0.088614 -0.0250000004 0.0339101106 0.00866627934 asynchronous_release_0
0.021367 -0.0250000004 0.0209548116 0.0280338344 asynchronous_release_0
0.039544 -0.0250000004 -0.0138006069 0.0321643164 asynchronous_release_0
0.084721 -0.0250000004 0.015470108 0.0313954735 asynchronous_release_2
0.0984 -0.0250000004 -0.0343134154 0.00689851595 asynchronous_release_1
0.084112 -0.0250000004 -0.000974120881 -0.000226027673 asynchronous_release_1
0.086441 -0.0250000004 0.0348552331 -0.00318005137 asynchronous_release_0
0.042845 -0.0250000004 0.0349818387 0.00112737036 asynchronous_release_0
0.086384 -0.0250000004 0.0292468692 0.0192255206 asynchronous_release_0
0.093518 -0.0250000004 0.0289689389 0.0196418069 asynchronous_release_0
0.088922 -0.0250000004 -0.0161888025 0.0310309954 asynchronous_release_0
0.044102 -0.0250000004 -0.0179223449 0.0300630929 asynchronous_release_0
