0.00000	12.24000
0.00005	24.48000
0.00010	14.68800
0.00015	26.92800
0.00020	83.23200
0.00025	44.06400
0.00030	7.34400
0.00035	41.61600
0.00040	-0.00000
0.00045	22.03200
0.00050	36.72000
0.00055	39.16800
0.00060	19.58400
0.00065	19.58400
0.00070	12.24000
0.00075	-0.00000
0.00080	22.03200
0.00085	4.89600
0.00090	73.44000
0.00095	7.34400
0.00100	19.58400
0.00105	70.99200
0.00110	90.57600
0.00115	90.57600
0.00120	80.78400
0.00125	100.36800
0.00130	88.12800
0.00135	286.41600
0.00140	266.83200
0.00145	249.69600
0.00150	350.06400
0.00155	626.68800
0.00160	634.03200
0.00165	876.38400
0.00170	1057.53600
0.00175	1424.73600
0.00180	1919.23200
0.00185	2342.73600
0.00190	2795.61600
0.00195	3033.07200
0.00200	3618.14400
0.00205	4323.16800
0.00210	4313.37600
0.00215	4188.52800
0.00220	4594.89600
0.00225	4318.27200
0.00230	4477.39200
0.00235	4288.89600
0.00240	4235.04000
0.00245	3755.23200
0.00250	2675.66400
0.00255	2773.58400
0.00260	2663.42400
0.00265	1696.46400
0.00270	1534.89600
0.00275	1571.61600
0.00280	1079.56800
0.00285	1023.26400
0.00290	1077.12000
0.00295	976.75200
0.00300	1104.04800
0.00305	1040.40000
0.00310	844.56000
0.00315	883.72800
0.00320	771.12000
0.00325	673.20000
0.00330	665.85600
0.00335	406.36800
0.00340	555.69600
0.00345	619.34400
0.00350	460.22400
0.00355	359.85600
0.00360	455.32800
0.00365	467.56800
0.00370	389.23200
0.00375	403.92000
0.00380	433.29600
0.00385	406.36800
0.00390	318.24000
0.00395	279.07200
0.00400	279.07200
0.00405	345.16800
0.00410	403.92000
0.00415	345.16800
0.00420	281.52000
0.00425	445.53600
0.00430	208.08000
0.00435	198.28800
0.00440	247.24800
0.00445	252.14400
0.00450	354.96000
0.00455	247.24800
0.00460	271.72800
0.00465	198.28800
0.00470	332.92800
0.00475	254.59200
0.00480	310.89600
0.00485	210.52800
0.00490	129.74400
0.00495	200.73600
0.00500	247.24800
0.00505	217.87200
0.00510	296.20800
0.00515	137.08800
0.00520	242.35200
0.00525	347.61600
0.00530	83.23200
0.00535	203.18400
0.00540	457.77600
0.00545	237.45600
0.00550	212.97600
0.00555	164.01600
0.00560	244.80000
0.00565	112.60800
0.00570	193.39200
0.00575	220.32000
0.00580	271.72800
0.00585	166.46400
0.00590	176.25600
0.00595	181.15200
0.00600	159.12000
0.00605	171.36000
0.00610	85.68000
0.00615	239.90400
0.00620	215.42400
0.00625	178.70400
0.00630	141.98400
0.00635	269.28000
0.00640	215.42400
0.00645	61.20000
0.00650	139.53600
0.00655	105.26400
0.00660	127.29600
0.00665	154.22400
0.00670	141.98400
0.00675	232.56000
0.00680	110.16000
0.00685	137.08800
0.00690	151.77600
0.00695	239.90400
0.00700	215.42400
0.00705	70.99200
0.00710	141.98400
0.00715	68.54400
0.00720	149.32800
0.00725	198.28800
0.00730	190.94400
0.00735	164.01600
0.00740	149.32800
0.00745	193.39200
0.00750	119.95200
0.00755	186.04800
0.00760	100.36800
0.00765	137.08800
0.00770	139.53600
0.00775	183.60000
0.00780	171.36000
0.00785	166.46400
0.00790	122.40000
0.00795	46.51200
0.00800	124.84800
0.00805	105.26400
0.00810	51.40800
0.00815	212.97600
0.00820	186.04800
0.00825	154.22400
0.00830	193.39200
0.00835	168.91200
0.00840	124.84800
0.00845	198.28800
0.00850	210.52800
0.00855	141.98400
0.00860	56.30400
0.00865	85.68000
0.00870	200.73600
0.00875	134.64000
0.00880	141.98400
0.00885	151.77600
0.00890	146.88000
0.00895	168.91200
0.00900	186.04800
0.00905	95.47200
0.00910	110.16000
0.00915	61.20000
0.00920	151.77600
0.00925	117.50400
0.00930	129.74400
0.00935	75.88800
0.00940	239.90400
0.00945	124.84800
0.00950	112.60800
0.00955	112.60800
0.00960	146.88000
0.00965	210.52800
0.00970	95.47200
0.00975	164.01600
0.00980	198.28800
0.00985	168.91200
0.00990	181.15200
0.00995	149.32800
0.01000	222.76800
0.01005	190.94400
0.01010	205.63200
0.01015	105.26400
0.01020	237.45600
0.01025	205.63200
0.01030	53.85600
0.01035	107.71200
0.01040	176.25600
0.01045	58.75200
0.01050	70.99200
0.01055	100.36800
0.01060	102.81600
0.01065	129.74400
0.01070	73.44000
0.01075	183.60000
0.01080	129.74400
0.01085	36.72000
0.01090	183.60000
0.01095	110.16000
0.01100	137.08800
0.01105	178.70400
0.01110	66.09600
0.01115	66.09600
0.01120	51.40800
0.01125	73.44000
0.01130	144.43200
0.01135	90.57600
0.01140	173.80800
0.01145	239.90400
0.01150	215.42400
0.01155	154.22400
0.01160	149.32800
0.01165	141.98400
0.01170	164.01600
0.01175	127.29600
0.01180	80.78400
0.01185	93.02400
0.01190	117.50400
0.01195	90.57600
0.01200	102.81600
0.01205	132.19200
0.01210	188.49600
0.01215	95.47200
0.01220	117.50400
0.01225	117.50400
0.01230	73.44000
0.01235	26.92800
0.01240	53.85600
0.01245	93.02400
0.01250	102.81600
0.01255	141.98400
0.01260	107.71200
0.01265	164.01600
0.01270	166.46400
0.01275	110.16000
0.01280	115.05600
0.01285	122.40000
0.01290	51.40800
0.01295	168.91200
0.01300	63.64800
0.01305	102.81600
0.01310	146.88000
0.01315	102.81600
0.01320	83.23200
0.01325	58.75200
0.01330	70.99200
0.01335	85.68000
0.01340	78.33600
0.01345	181.15200
0.01350	139.53600
0.01355	112.60800
0.01360	105.26400
0.01365	151.77600
0.01370	198.28800
0.01375	176.25600
0.01380	107.71200
0.01385	146.88000
0.01390	124.84800
0.01395	83.23200
0.01400	58.75200
0.01405	107.71200
0.01410	124.84800
0.01415	137.08800
0.01420	129.74400
0.01425	56.30400
0.01430	146.88000
0.01435	222.76800
0.01440	225.21600
0.01445	90.57600
0.01450	151.77600
0.01455	97.92000
0.01460	95.47200
0.01465	132.19200
0.01470	70.99200
0.01475	171.36000
0.01480	119.95200
0.01485	63.64800
0.01490	48.96000
0.01495	88.12800
0.01500	107.71200
0.01505	88.12800
0.01510	195.84000
0.01515	46.51200
0.01520	122.40000
0.01525	90.57600
0.01530	95.47200
0.01535	117.50400
0.01540	90.57600
0.01545	63.64800
0.01550	58.75200
0.01555	90.57600
0.01560	66.09600
0.01565	119.95200
0.01570	124.84800
0.01575	124.84800
0.01580	93.02400
0.01585	110.16000
0.01590	149.32800
0.01595	58.75200
0.01600	134.64000
0.01605	107.71200
0.01610	46.51200
0.01615	95.47200
0.01620	146.88000
0.01625	58.75200
0.01630	85.68000
0.01635	102.81600
0.01640	70.99200
0.01645	70.99200
0.01650	110.16000
0.01655	85.68000
0.01660	193.39200
0.01665	78.33600
0.01670	80.78400
0.01675	61.20000
0.01680	100.36800
0.01685	75.88800
0.01690	107.71200
0.01695	107.71200
0.01700	173.80800
0.01705	105.26400
0.01710	144.43200
0.01715	102.81600
0.01720	48.96000
0.01725	63.64800
0.01730	159.12000
0.01735	70.99200
0.01740	26.92800
0.01745	56.30400
0.01750	139.53600
0.01755	75.88800
0.01760	73.44000
0.01765	44.06400
0.01770	85.68000
0.01775	63.64800
0.01780	66.09600
0.01785	102.81600
0.01790	93.02400
0.01795	80.78400
0.01800	168.91200
0.01805	66.09600
0.01810	93.02400
0.01815	73.44000
0.01820	70.99200
0.01825	63.64800
0.01830	141.98400
0.01835	107.71200
0.01840	156.67200
0.01845	198.28800
0.01850	122.40000
0.01855	80.78400
0.01860	88.12800
0.01865	39.16800
0.01870	110.16000
0.01875	58.75200
0.01880	34.27200
0.01885	70.99200
0.01890	97.92000
0.01895	51.40800
0.01900	56.30400
0.01905	58.75200
0.01910	100.36800
0.01915	144.43200
0.01920	88.12800
0.01925	34.27200
0.01930	66.09600
0.01935	154.22400
0.01940	178.70400
0.01945	215.42400
0.01950	80.78400
0.01955	41.61600
0.01960	110.16000
0.01965	154.22400
0.01970	124.84800
0.01975	115.05600
0.01980	134.64000
0.01985	88.12800
0.01990	63.64800
0.01995	88.12800
0.02000	34.27200
0.02005	46.51200
0.02010	107.71200
0.02015	124.84800
0.02020	85.68000
0.02025	127.29600
0.02030	68.54400
0.02035	85.68000
0.02040	46.51200
0.02045	102.81600
0.02050	115.05600
0.02055	66.09600
0.02060	51.40800
0.02065	88.12800
0.02070	93.02400
0.02075	166.46400
0.02080	90.57600
0.02085	105.26400
0.02090	97.92000
0.02095	44.06400
0.02100	137.08800
0.02105	85.68000
0.02110	68.54400
0.02115	75.88800
0.02120	269.28000
0.02125	93.02400
0.02130	63.64800
0.02135	141.98400
0.02140	85.68000
0.02145	66.09600
0.02150	183.60000
0.02155	80.78400
0.02160	93.02400
0.02165	90.57600
0.02170	159.12000
0.02175	31.82400
0.02180	151.77600
0.02185	90.57600
0.02190	88.12800
0.02195	102.81600
0.02200	122.40000
0.02205	161.56800
0.02210	97.92000
0.02215	88.12800
0.02220	117.50400
0.02225	95.47200
0.02230	156.67200
0.02235	48.96000
0.02240	80.78400
0.02245	151.77600
0.02250	134.64000
0.02255	58.75200
0.02260	144.43200
0.02265	68.54400
0.02270	102.81600
0.02275	58.75200
0.02280	51.40800
0.02285	117.50400
0.02290	144.43200
0.02295	95.47200
0.02300	102.81600
0.02305	124.84800
0.02310	66.09600
0.02315	110.16000
0.02320	117.50400
0.02325	137.08800
0.02330	46.51200
0.02335	34.27200
0.02340	75.88800
0.02345	168.91200
0.02350	34.27200
0.02355	61.20000
0.02360	95.47200
0.02365	107.71200
0.02370	83.23200
0.02375	53.85600
0.02380	44.06400
0.02385	83.23200
0.02390	56.30400
0.02395	68.54400
0.02400	66.09600
0.02405	26.92800
0.02410	73.44000
0.02415	41.61600
0.02420	78.33600
0.02425	9.79200
0.02430	34.27200
0.02435	88.12800
0.02440	93.02400
0.02445	97.92000
0.02450	56.30400
0.02455	146.88000
0.02460	17.13600
0.02465	17.13600
0.02470	144.43200
0.02475	129.74400
0.02480	115.05600
0.02485	68.54400
0.02490	66.09600
0.02495	95.47200
0.02500	63.64800
0.02505	85.68000
0.02510	90.57600
0.02515	88.12800
0.02520	80.78400
0.02525	115.05600
0.02530	139.53600
0.02535	90.57600
0.02540	112.60800
0.02545	115.05600
0.02550	146.88000
0.02555	122.40000
0.02560	31.82400
0.02565	95.47200
0.02570	93.02400
0.02575	29.37600
0.02580	83.23200
0.02585	70.99200
0.02590	110.16000
0.02595	70.99200
0.02600	171.36000
0.02605	46.51200
0.02610	17.13600
0.02615	68.54400
0.02620	14.68800
0.02625	41.61600
0.02630	29.37600
0.02635	107.71200
0.02640	80.78400
0.02645	80.78400
0.02650	156.67200
0.02655	83.23200
0.02660	247.24800
0.02665	173.80800
0.02670	66.09600
0.02675	24.48000
0.02680	107.71200
0.02685	183.60000
0.02690	102.81600
0.02695	58.75200
0.02700	61.20000
0.02705	36.72000
0.02710	156.67200
0.02715	26.92800
0.02720	46.51200
0.02725	63.64800
0.02730	100.36800
0.02735	66.09600
0.02740	93.02400
0.02745	97.92000
0.02750	51.40800
0.02755	119.95200
0.02760	151.77600
0.02765	146.88000
0.02770	97.92000
0.02775	97.92000
0.02780	139.53600
0.02785	212.97600
0.02790	88.12800
0.02795	164.01600
0.02800	70.99200
0.02805	36.72000
0.02810	83.23200
0.02815	36.72000
0.02820	83.23200
0.02825	139.53600
0.02830	63.64800
0.02835	112.60800
0.02840	46.51200
0.02845	105.26400
0.02850	17.13600
0.02855	56.30400
0.02860	124.84800
0.02865	53.85600
0.02870	117.50400
0.02875	85.68000
0.02880	58.75200
0.02885	115.05600
0.02890	36.72000
0.02895	115.05600
0.02900	102.81600
0.02905	68.54400
0.02910	61.20000
0.02915	39.16800
0.02920	230.11200
0.02925	107.71200
0.02930	137.08800
0.02935	66.09600
0.02940	19.58400
0.02945	53.85600
0.02950	105.26400
0.02955	105.26400
0.02960	105.26400
0.02965	119.95200
0.02970	80.78400
0.02975	68.54400
0.02980	95.47200
0.02985	70.99200
0.02990	107.71200
0.02995	68.54400
0.03000	58.75200
0.03005	51.40800
0.03010	112.60800
0.03015	46.51200
0.03020	97.92000
0.03025	110.16000
0.03030	127.29600
0.03035	110.16000
0.03040	80.78400
0.03045	110.16000
0.03050	97.92000
0.03055	88.12800
0.03060	41.61600
0.03065	41.61600
0.03070	117.50400
0.03075	102.81600
0.03080	36.72000
0.03085	117.50400
0.03090	178.70400
0.03095	58.75200
0.03100	85.68000
0.03105	68.54400
0.03110	88.12800
0.03115	100.36800
0.03120	117.50400
0.03125	112.60800
0.03130	41.61600
0.03135	39.16800
0.03140	75.88800
0.03145	68.54400
0.03150	73.44000
0.03155	44.06400
0.03160	9.79200
0.03165	105.26400
0.03170	61.20000
0.03175	51.40800
0.03180	156.67200
0.03185	48.96000
0.03190	66.09600
0.03195	70.99200
0.03200	51.40800
0.03205	112.60800
0.03210	127.29600
0.03215	88.12800
0.03220	63.64800
0.03225	41.61600
0.03230	100.36800
0.03235	26.92800
0.03240	58.75200
0.03245	85.68000
0.03250	26.92800
0.03255	53.85600
0.03260	80.78400
0.03265	39.16800
0.03270	44.06400
0.03275	51.40800
0.03280	68.54400
0.03285	75.88800
0.03290	119.95200
0.03295	44.06400
0.03300	95.47200
0.03305	85.68000
0.03310	63.64800
0.03315	39.16800
0.03320	31.82400
0.03325	58.75200
0.03330	56.30400
0.03335	68.54400
0.03340	56.30400
0.03345	63.64800
0.03350	85.68000
0.03355	29.37600
0.03360	56.30400
0.03365	61.20000
0.03370	95.47200
0.03375	36.72000
0.03380	31.82400
0.03385	88.12800
0.03390	29.37600
0.03395	48.96000
0.03400	48.96000
0.03405	127.29600
0.03410	85.68000
0.03415	34.27200
0.03420	34.27200
0.03425	100.36800
0.03430	83.23200
0.03435	78.33600
0.03440	58.75200
0.03445	146.88000
0.03450	44.06400
0.03455	68.54400
0.03460	85.68000
0.03465	75.88800
0.03470	70.99200
0.03475	29.37600
0.03480	51.40800
0.03485	29.37600
0.03490	80.78400
0.03495	51.40800
0.03500	134.64000
0.03505	75.88800
0.03510	110.16000
0.03515	144.43200
0.03520	63.64800
0.03525	83.23200
0.03530	56.30400
0.03535	66.09600
0.03540	56.30400
0.03545	80.78400
0.03550	83.23200
0.03555	119.95200
0.03560	102.81600
0.03565	44.06400
0.03570	39.16800
0.03575	75.88800
0.03580	41.61600
0.03585	93.02400
0.03590	83.23200
0.03595	80.78400
0.03600	100.36800
0.03605	100.36800
0.03610	117.50400
0.03615	164.01600
0.03620	51.40800
0.03625	66.09600
0.03630	78.33600
0.03635	80.78400
0.03640	83.23200
0.03645	78.33600
0.03650	39.16800
0.03655	80.78400
0.03660	117.50400
0.03665	88.12800
0.03670	85.68000
0.03675	51.40800
0.03680	39.16800
0.03685	39.16800
0.03690	58.75200
0.03695	93.02400
0.03700	63.64800
0.03705	90.57600
0.03710	34.27200
0.03715	61.20000
0.03720	70.99200
0.03725	9.79200
0.03730	97.92000
0.03735	44.06400
0.03740	39.16800
0.03745	46.51200
0.03750	97.92000
0.03755	156.67200
0.03760	34.27200
0.03765	132.19200
0.03770	53.85600
0.03775	26.92800
0.03780	58.75200
0.03785	48.96000
0.03790	75.88800
0.03795	83.23200
0.03800	26.92800
0.03805	58.75200
0.03810	129.74400
0.03815	73.44000
0.03820	122.40000
0.03825	132.19200
0.03830	58.75200
0.03835	75.88800
0.03840	107.71200
0.03845	83.23200
0.03850	80.78400
0.03855	22.03200
0.03860	34.27200
0.03865	75.88800
0.03870	105.26400
0.03875	53.85600
0.03880	66.09600
0.03885	46.51200
0.03890	58.75200
0.03895	75.88800
0.03900	129.74400
0.03905	53.85600
0.03910	73.44000
0.03915	85.68000
0.03920	80.78400
0.03925	90.57600
0.03930	75.88800
0.03935	73.44000
0.03940	39.16800
0.03945	63.64800
0.03950	97.92000
0.03955	66.09600
0.03960	93.02400
0.03965	48.96000
0.03970	63.64800
0.03975	83.23200
0.03980	31.82400
0.03985	78.33600
0.03990	56.30400
0.03995	173.80800
0.04000	63.64800
0.04005	112.60800
0.04010	90.57600
0.04015	41.61600
0.04020	41.61600
0.04025	144.43200
0.04030	100.36800
0.04035	31.82400
0.04040	53.85600
0.04045	102.81600
0.04050	78.33600
0.04055	97.92000
0.04060	58.75200
0.04065	46.51200
0.04070	51.40800
0.04075	53.85600
0.04080	80.78400
0.04085	80.78400
0.04090	75.88800
0.04095	44.06400
0.04100	85.68000
0.04105	73.44000
0.04110	24.48000
0.04115	56.30400
0.04120	31.82400
0.04125	61.20000
0.04130	85.68000
0.04135	151.77600
0.04140	75.88800
0.04145	83.23200
0.04150	34.27200
0.04155	31.82400
0.04160	56.30400
0.04165	36.72000
0.04170	48.96000
0.04175	41.61600
0.04180	34.27200
0.04185	29.37600
0.04190	41.61600
0.04195	61.20000
0.04200	46.51200
0.04205	68.54400
0.04210	112.60800
0.04215	90.57600
0.04220	39.16800
0.04225	63.64800
0.04230	88.12800
0.04235	83.23200
0.04240	78.33600
0.04245	36.72000
0.04250	58.75200
0.04255	88.12800
0.04260	61.20000
0.04265	56.30400
0.04270	119.95200
0.04275	17.13600
0.04280	68.54400
0.04285	124.84800
0.04290	53.85600
0.04295	137.08800
0.04300	24.48000
0.04305	73.44000
0.04310	22.03200
0.04315	93.02400
0.04320	112.60800
0.04325	58.75200
0.04330	88.12800
0.04335	39.16800
0.04340	110.16000
0.04345	56.30400
0.04350	61.20000
0.04355	78.33600
0.04360	48.96000
0.04365	34.27200
0.04370	34.27200
0.04375	80.78400
0.04380	78.33600
0.04385	19.58400
0.04390	34.27200
0.04395	44.06400
0.04400	210.52800
0.04405	117.50400
0.04410	48.96000
0.04415	132.19200
0.04420	61.20000
0.04425	129.74400
0.04430	29.37600
0.04435	90.57600
0.04440	51.40800
0.04445	117.50400
0.04450	24.48000
0.04455	61.20000
0.04460	105.26400
0.04465	85.68000
0.04470	41.61600
0.04475	70.99200
0.04480	34.27200
0.04485	70.99200
0.04490	73.44000
0.04495	66.09600
0.04500	61.20000
0.04505	34.27200
0.04510	107.71200
0.04515	105.26400
0.04520	53.85600
0.04525	90.57600
0.04530	46.51200
0.04535	75.88800
0.04540	73.44000
0.04545	53.85600
0.04550	63.64800
0.04555	44.06400
0.04560	117.50400
0.04565	117.50400
0.04570	70.99200
0.04575	48.96000
0.04580	29.37600
0.04585	41.61600
0.04590	68.54400
0.04595	63.64800
0.04600	73.44000
0.04605	85.68000
0.04610	66.09600
0.04615	34.27200
0.04620	105.26400
0.04625	80.78400
0.04630	56.30400
0.04635	36.72000
0.04640	68.54400
0.04645	12.24000
0.04650	100.36800
0.04655	56.30400
0.04660	22.03200
0.04665	93.02400
0.04670	34.27200
0.04675	34.27200
0.04680	66.09600
0.04685	53.85600
0.04690	63.64800
0.04695	61.20000
0.04700	24.48000
0.04705	26.92800
0.04710	70.99200
0.04715	85.68000
0.04720	29.37600
0.04725	46.51200
0.04730	102.81600
0.04735	90.57600
0.04740	26.92800
0.04745	90.57600
0.04750	73.44000
0.04755	46.51200
0.04760	100.36800
0.04765	9.79200
0.04770	95.47200
0.04775	115.05600
0.04780	88.12800
0.04785	95.47200
0.04790	66.09600
0.04795	24.48000
0.04800	75.88800
0.04805	68.54400
0.04810	70.99200
0.04815	39.16800
0.04820	83.23200
0.04825	83.23200
0.04830	75.88800
0.04835	19.58400
0.04840	31.82400
0.04845	58.75200
0.04850	63.64800
0.04855	88.12800
0.04860	58.75200
0.04865	31.82400
0.04870	29.37600
0.04875	83.23200
0.04880	63.64800
0.04885	75.88800
0.04890	63.64800
0.04895	134.64000
0.04900	39.16800
0.04905	51.40800
0.04910	26.92800
0.04915	29.37600
0.04920	63.64800
0.04925	112.60800
0.04930	44.06400
0.04935	58.75200
0.04940	68.54400
0.04945	134.64000
0.04950	19.58400
0.04955	53.85600
0.04960	88.12800
0.04965	66.09600
0.04970	75.88800
0.04975	176.25600
0.04980	34.27200
0.04985	46.51200
0.04990	53.85600
0.04995	63.64800
0.05000	85.68000
0.05005	88.12800
0.05010	36.72000
0.05015	41.61600
0.05020	63.64800
0.05025	22.03200
0.05030	48.96000
0.05035	88.12800
0.05040	139.53600
0.05045	58.75200
0.05050	80.78400
0.05055	48.96000
0.05060	97.92000
0.05065	39.16800
0.05070	66.09600
0.05075	117.50400
0.05080	41.61600
0.05085	29.37600
0.05090	31.82400
0.05095	66.09600
0.05100	122.40000
0.05105	39.16800
0.05110	70.99200
0.05115	61.20000
0.05120	53.85600
0.05125	39.16800
0.05130	97.92000
0.05135	90.57600
0.05140	112.60800
0.05145	66.09600
0.05150	78.33600
0.05155	39.16800
0.05160	73.44000
0.05165	39.16800
0.05170	117.50400
0.05175	102.81600
0.05180	48.96000
0.05185	75.88800
0.05190	139.53600
0.05195	95.47200
0.05200	51.40800
0.05205	7.34400
0.05210	17.13600
0.05215	124.84800
0.05220	46.51200
0.05225	36.72000
0.05230	48.96000
0.05235	100.36800
0.05240	102.81600
0.05245	78.33600
0.05250	144.43200
0.05255	41.61600
0.05260	75.88800
0.05265	48.96000
0.05270	151.77600
0.05275	83.23200
0.05280	107.71200
0.05285	7.34400
0.05290	63.64800
0.05295	93.02400
0.05300	75.88800
0.05305	173.80800
0.05310	124.84800
0.05315	105.26400
0.05320	66.09600
0.05325	75.88800
0.05330	22.03200
0.05335	93.02400
0.05340	12.24000
0.05345	53.85600
0.05350	68.54400
0.05355	100.36800
0.05360	63.64800
0.05365	149.32800
0.05370	83.23200
0.05375	68.54400
0.05380	66.09600
0.05385	63.64800
0.05390	73.44000
0.05395	17.13600
0.05400	88.12800
0.05405	61.20000
0.05410	41.61600
0.05415	156.67200
0.05420	58.75200
0.05425	63.64800
0.05430	39.16800
0.05435	58.75200
0.05440	66.09600
0.05445	129.74400
0.05450	124.84800
0.05455	53.85600
0.05460	73.44000
0.05465	80.78400
0.05470	63.64800
0.05475	46.51200
0.05480	44.06400
0.05485	53.85600
0.05490	51.40800
0.05495	51.40800
0.05500	66.09600
0.05505	63.64800
0.05510	46.51200
0.05515	36.72000
0.05520	78.33600
0.05525	95.47200
0.05530	63.64800
0.05535	41.61600
0.05540	61.20000
0.05545	75.88800
0.05550	61.20000
0.05555	29.37600
0.05560	56.30400
0.05565	70.99200
0.05570	34.27200
0.05575	51.40800
0.05580	80.78400
0.05585	68.54400
0.05590	41.61600
0.05595	26.92800
0.05600	78.33600
0.05605	29.37600
0.05610	48.96000
0.05615	22.03200
0.05620	24.48000
0.05625	112.60800
0.05630	88.12800
0.05635	83.23200
0.05640	29.37600
0.05645	34.27200
0.05650	31.82400
0.05655	31.82400
0.05660	68.54400
0.05665	151.77600
0.05670	73.44000
0.05675	56.30400
0.05680	132.19200
0.05685	90.57600
0.05690	97.92000
0.05695	102.81600
0.05700	53.85600
0.05705	63.64800
0.05710	75.88800
0.05715	34.27200
0.05720	56.30400
0.05725	41.61600
0.05730	56.30400
0.05735	63.64800
0.05740	73.44000
0.05745	90.57600
0.05750	78.33600
0.05755	68.54400
0.05760	95.47200
0.05765	31.82400
0.05770	39.16800
0.05775	95.47200
0.05780	19.58400
0.05785	63.64800
0.05790	73.44000
0.05795	36.72000
0.05800	22.03200
0.05805	63.64800
0.05810	34.27200
0.05815	75.88800
0.05820	61.20000
0.05825	53.85600
0.05830	51.40800
0.05835	122.40000
0.05840	46.51200
0.05845	78.33600
0.05850	105.26400
0.05855	73.44000
0.05860	46.51200
0.05865	39.16800
0.05870	134.64000
0.05875	29.37600
0.05880	36.72000
0.05885	56.30400
0.05890	80.78400
0.05895	48.96000
0.05900	122.40000
0.05905	39.16800
0.05910	85.68000
0.05915	63.64800
0.05920	97.92000
0.05925	14.68800
0.05930	53.85600
0.05935	56.30400
0.05940	66.09600
0.05945	24.48000
0.05950	53.85600
0.05955	29.37600
0.05960	53.85600
0.05965	110.16000
0.05970	75.88800
0.05975	41.61600
0.05980	68.54400
0.05985	12.24000
0.05990	19.58400
0.05995	56.30400
0.06000	34.27200
0.06005	31.82400
0.06010	73.44000
0.06015	29.37600
0.06020	22.03200
0.06025	83.23200
0.06030	19.58400
0.06035	63.64800
0.06040	107.71200
0.06045	51.40800
0.06050	34.27200
0.06055	31.82400
0.06060	36.72000
0.06065	36.72000
0.06070	48.96000
0.06075	100.36800
0.06080	53.85600
0.06085	26.92800
0.06090	139.53600
0.06095	61.20000
0.06100	56.30400
0.06105	75.88800
0.06110	80.78400
0.06115	190.94400
0.06120	198.28800
0.06125	225.21600
0.06130	301.10400
0.06135	252.14400
0.06140	239.90400
0.06145	337.82400
0.06150	467.56800
0.06155	614.44800
0.06160	1020.81600
0.06165	1035.50400
0.06170	1547.13600
0.06175	1747.87200
0.06180	2418.62400
0.06185	2739.31200
0.06190	3179.95200
0.06195	4176.28800
0.06200	4440.67200
0.06205	4359.88800
0.06210	5473.72800
0.06215	5738.11200
0.06220	5862.96000
0.06225	5679.36000
0.06230	5855.61600
0.06235	5123.66400
0.06240	4670.78400
0.06245	4259.52000
0.06250	4068.57600
0.06255	3172.60800
0.06260	3145.68000
0.06265	3361.10400
0.06270	2357.42400
0.06275	2283.98400
0.06280	2022.04800
0.06285	1556.92800
0.06290	1698.91200
0.06295	1569.16800
0.06300	1265.61600
0.06305	1424.73600
0.06310	1236.24000
0.06315	1363.53600
0.06320	881.28000
0.06325	1008.57600
0.06330	893.52000
0.06335	1040.40000
0.06340	1011.02400
0.06345	998.78400
0.06350	842.11200
0.06355	905.76000
0.06360	717.26400
0.06365	734.40000
0.06370	829.87200
0.06375	680.54400
0.06380	636.48000
0.06385	462.67200
0.06390	621.79200
0.06395	817.63200
0.06400	567.93600
0.06405	538.56000
0.06410	359.85600
0.06415	477.36000
0.06420	408.81600
0.06425	550.80000
0.06430	455.32800
0.06435	643.82400
0.06440	423.50400
0.06445	589.96800
0.06450	367.20000
0.06455	597.31200
0.06460	430.84800
0.06465	425.95200
0.06470	428.40000
0.06475	315.79200
0.06480	286.41600
0.06485	310.89600
0.06490	345.16800
0.06495	288.86400
0.06500	494.49600
0.06505	470.01600
0.06510	217.87200
0.06515	281.52000
0.06520	335.37600
0.06525	399.02400
0.06530	235.00800
0.06535	298.65600
0.06540	315.79200
0.06545	210.52800
0.06550	325.58400
0.06555	306.00000
0.06560	269.28000
0.06565	376.99200
0.06570	230.11200
0.06575	269.28000
0.06580	252.14400
0.06585	266.83200
0.06590	230.11200
0.06595	310.89600
0.06600	264.38400
0.06605	357.40800
0.06610	340.27200
0.06615	247.24800
0.06620	511.63200
0.06625	225.21600
0.06630	249.69600
0.06635	293.76000
0.06640	225.21600
0.06645	352.51200
0.06650	330.48000
0.06655	271.72800
0.06660	242.35200
0.06665	308.44800
0.06670	298.65600
0.06675	298.65600
0.06680	247.24800
0.06685	254.59200
0.06690	352.51200
0.06695	328.03200
0.06700	340.27200
0.06705	190.94400
0.06710	173.80800
0.06715	215.42400
0.06720	239.90400
0.06725	232.56000
0.06730	279.07200
0.06735	335.37600
0.06740	306.00000
0.06745	274.17600
0.06750	330.48000
0.06755	235.00800
0.06760	286.41600
0.06765	330.48000
0.06770	244.80000
0.06775	274.17600
0.06780	227.66400
0.06785	188.49600
0.06790	288.86400
0.06795	205.63200
0.06800	298.65600
0.06805	323.13600
0.06810	210.52800
0.06815	264.38400
0.06820	261.93600
0.06825	279.07200
0.06830	232.56000
0.06835	318.24000
0.06840	154.22400
0.06845	212.97600
0.06850	283.96800
0.06855	281.52000
0.06860	340.27200
0.06865	281.52000
0.06870	132.19200
0.06875	394.12800
0.06880	421.05600
0.06885	271.72800
0.06890	168.91200
0.06895	261.93600
0.06900	203.18400
0.06905	220.32000
0.06910	298.65600
0.06915	210.52800
0.06920	225.21600
0.06925	188.49600
0.06930	178.70400
0.06935	281.52000
0.06940	259.48800
0.06945	222.76800
0.06950	166.46400
0.06955	254.59200
0.06960	203.18400
0.06965	276.62400
0.06970	200.73600
0.06975	315.79200
0.06980	335.37600
0.06985	239.90400
0.06990	190.94400
0.06995	315.79200
0.07000	242.35200
0.07005	276.62400
0.07010	328.03200
0.07015	173.80800
0.07020	237.45600
0.07025	161.56800
0.07030	117.50400
0.07035	259.48800
0.07040	252.14400
0.07045	244.80000
0.07050	215.42400
0.07055	332.92800
0.07060	247.24800
0.07065	195.84000
0.07070	286.41600
0.07075	166.46400
0.07080	261.93600
0.07085	190.94400
0.07090	274.17600
0.07095	247.24800
0.07100	144.43200
0.07105	335.37600
0.07110	230.11200
0.07115	237.45600
0.07120	232.56000
0.07125	264.38400
0.07130	215.42400
0.07135	107.71200
0.07140	252.14400
0.07145	291.31200
0.07150	190.94400
0.07155	210.52800
0.07160	261.93600
0.07165	249.69600
0.07170	310.89600
0.07175	171.36000
0.07180	156.67200
0.07185	239.90400
0.07190	161.56800
0.07195	149.32800
0.07200	230.11200
0.07205	217.87200
0.07210	200.73600
0.07215	249.69600
0.07220	259.48800
0.07225	203.18400
0.07230	122.40000
0.07235	112.60800
0.07240	171.36000
0.07245	247.24800
0.07250	193.39200
0.07255	239.90400
0.07260	261.93600
0.07265	217.87200
0.07270	252.14400
0.07275	264.38400
0.07280	266.83200
0.07285	164.01600
0.07290	217.87200
0.07295	171.36000
0.07300	291.31200
0.07305	193.39200
0.07310	288.86400
0.07315	279.07200
0.07320	217.87200
0.07325	166.46400
0.07330	166.46400
0.07335	166.46400
0.07340	215.42400
0.07345	161.56800
0.07350	151.77600
0.07355	235.00800
0.07360	239.90400
0.07365	198.28800
0.07370	107.71200
0.07375	198.28800
0.07380	244.80000
0.07385	137.08800
0.07390	198.28800
0.07395	127.29600
0.07400	227.66400
0.07405	173.80800
0.07410	193.39200
0.07415	124.84800
0.07420	298.65600
0.07425	230.11200
0.07430	225.21600
0.07435	110.16000
0.07440	181.15200
0.07445	271.72800
0.07450	244.80000
0.07455	286.41600
0.07460	220.32000
0.07465	220.32000
0.07470	159.12000
0.07475	254.59200
0.07480	271.72800
0.07485	237.45600
0.07490	115.05600
0.07495	225.21600
0.07500	215.42400
0.07505	237.45600
0.07510	168.91200
0.07515	156.67200
0.07520	257.04000
0.07525	129.74400
0.07530	217.87200
0.07535	190.94400
0.07540	257.04000
0.07545	200.73600
0.07550	288.86400
0.07555	115.05600
0.07560	156.67200
0.07565	137.08800
0.07570	168.91200
0.07575	154.22400
0.07580	264.38400
0.07585	374.54400
0.07590	222.76800
0.07595	127.29600
0.07600	159.12000
0.07605	266.83200
0.07610	122.40000
0.07615	154.22400
0.07620	205.63200
0.07625	183.60000
0.07630	259.48800
0.07635	257.04000
0.07640	164.01600
0.07645	193.39200
0.07650	306.00000
0.07655	159.12000
0.07660	200.73600
0.07665	124.84800
0.07670	208.08000
0.07675	198.28800
0.07680	215.42400
0.07685	225.21600
0.07690	208.08000
0.07695	159.12000
0.07700	129.74400
0.07705	154.22400
0.07710	105.26400
0.07715	259.48800
0.07720	168.91200
0.07725	269.28000
0.07730	188.49600
0.07735	112.60800
0.07740	164.01600
0.07745	220.32000
0.07750	195.84000
0.07755	168.91200
0.07760	119.95200
0.07765	144.43200
0.07770	217.87200
0.07775	124.84800
0.07780	190.94400
0.07785	190.94400
0.07790	161.56800
0.07795	171.36000
0.07800	139.53600
0.07805	171.36000
0.07810	237.45600
0.07815	117.50400
0.07820	156.67200
0.07825	274.17600
0.07830	181.15200
0.07835	230.11200
0.07840	215.42400
0.07845	203.18400
0.07850	154.22400
0.07855	193.39200
0.07860	181.15200
0.07865	134.64000
0.07870	139.53600
0.07875	205.63200
0.07880	102.81600
0.07885	203.18400
0.07890	117.50400
0.07895	154.22400
0.07900	186.04800
0.07905	129.74400
0.07910	141.98400
0.07915	293.76000
0.07920	190.94400
0.07925	186.04800
0.07930	141.98400
0.07935	93.02400
0.07940	97.92000
0.07945	151.77600
0.07950	137.08800
0.07955	119.95200
0.07960	139.53600
0.07965	156.67200
0.07970	188.49600
0.07975	90.57600
0.07980	144.43200
0.07985	137.08800
0.07990	225.21600
0.07995	151.77600
0.08000	154.22400
0.08005	127.29600
0.08010	235.00800
0.08015	115.05600
0.08020	222.76800
0.08025	269.28000
0.08030	254.59200
0.08035	269.28000
0.08040	186.04800
0.08045	271.72800
0.08050	146.88000
0.08055	110.16000
0.08060	159.12000
0.08065	97.92000
0.08070	176.25600
0.08075	117.50400
0.08080	134.64000
0.08085	215.42400
0.08090	242.35200
0.08095	230.11200
0.08100	159.12000
0.08105	298.65600
0.08110	132.19200
0.08115	190.94400
0.08120	166.46400
0.08125	237.45600
0.08130	183.60000
0.08135	122.40000
0.08140	198.28800
0.08145	146.88000
0.08150	269.28000
0.08155	249.69600
0.08160	227.66400
0.08165	115.05600
0.08170	298.65600
0.08175	220.32000
0.08180	249.69600
0.08185	200.73600
0.08190	176.25600
0.08195	190.94400
0.08200	66.09600
0.08205	210.52800
0.08210	323.13600
0.08215	257.04000
0.08220	242.35200
0.08225	208.08000
0.08230	146.88000
0.08235	190.94400
0.08240	134.64000
0.08245	222.76800
0.08250	364.75200
0.08255	193.39200
0.08260	137.08800
0.08265	124.84800
0.08270	171.36000
0.08275	283.96800
0.08280	119.95200
0.08285	178.70400
0.08290	252.14400
0.08295	176.25600
0.08300	188.49600
0.08305	149.32800
0.08310	173.80800
0.08315	186.04800
0.08320	276.62400
0.08325	122.40000
0.08330	149.32800
0.08335	144.43200
0.08340	259.48800
0.08345	173.80800
0.08350	110.16000
0.08355	166.46400
0.08360	254.59200
0.08365	112.60800
0.08370	269.28000
0.08375	112.60800
0.08380	230.11200
0.08385	132.19200
0.08390	149.32800
0.08395	164.01600
0.08400	242.35200
0.08405	210.52800
0.08410	154.22400
0.08415	230.11200
0.08420	149.32800
0.08425	151.77600
0.08430	88.12800
0.08435	166.46400
0.08440	261.93600
0.08445	154.22400
0.08450	154.22400
0.08455	102.81600
0.08460	159.12000
0.08465	146.88000
0.08470	119.95200
0.08475	129.74400
0.08480	171.36000
0.08485	141.98400
0.08490	56.30400
0.08495	105.26400
0.08500	166.46400
0.08505	166.46400
0.08510	171.36000
0.08515	119.95200
0.08520	235.00800
0.08525	139.53600
0.08530	144.43200
0.08535	146.88000
0.08540	195.84000
0.08545	129.74400
0.08550	186.04800
0.08555	146.88000
0.08560	161.56800
0.08565	176.25600
0.08570	122.40000
0.08575	232.56000
0.08580	134.64000
0.08585	154.22400
0.08590	188.49600
0.08595	195.84000
0.08600	93.02400
0.08605	220.32000
0.08610	166.46400
0.08615	161.56800
0.08620	159.12000
0.08625	168.91200
0.08630	129.74400
0.08635	134.64000
0.08640	156.67200
0.08645	164.01600
0.08650	127.29600
0.08655	137.08800
0.08660	200.73600
0.08665	137.08800
0.08670	154.22400
0.08675	230.11200
0.08680	242.35200
0.08685	119.95200
0.08690	119.95200
0.08695	93.02400
0.08700	193.39200
0.08705	210.52800
0.08710	110.16000
0.08715	205.63200
0.08720	181.15200
0.08725	102.81600
0.08730	227.66400
0.08735	144.43200
0.08740	257.04000
0.08745	110.16000
0.08750	137.08800
0.08755	232.56000
0.08760	215.42400
0.08765	188.49600
0.08770	127.29600
0.08775	227.66400
0.08780	190.94400
0.08785	144.43200
0.08790	134.64000
0.08795	132.19200
0.08800	183.60000
0.08805	181.15200
0.08810	107.71200
0.08815	176.25600
0.08820	134.64000
0.08825	203.18400
0.08830	83.23200
0.08835	100.36800
0.08840	151.77600
0.08845	164.01600
0.08850	239.90400
0.08855	129.74400
0.08860	181.15200
0.08865	244.80000
0.08870	181.15200
0.08875	161.56800
0.08880	230.11200
0.08885	127.29600
0.08890	127.29600
0.08895	110.16000
0.08900	88.12800
0.08905	154.22400
0.08910	293.76000
0.08915	132.19200
0.08920	156.67200
0.08925	200.73600
0.08930	208.08000
0.08935	274.17600
0.08940	127.29600
0.08945	75.88800
0.08950	129.74400
0.08955	88.12800
0.08960	154.22400
0.08965	249.69600
0.08970	198.28800
0.08975	173.80800
0.08980	164.01600
0.08985	97.92000
0.08990	134.64000
