0.049371 -0.0250000004 0.00152373787 -0.034966816 asynchronous_release_0
0.01097 -0.0250000004 -0.00152373787 0.034966816 asynchronous_release_4
0.048666 -0.0250000004 -0.0179362971 -0.0300547708 asynchronous_release_0
0.045941 -0.0250000004 0.0347671086 0.0040309009 asynchronous_release_0
0.036294 -0.0250000004 -0.00439173626 0.0347233733 asynchronous_release_3
0.047573 -0.0250000004 0.00471507731 0.0346809464 asynchronous_release_0
0.033866 -0.0250000004 0.023577508 -0.0258669889 asynchronous_release_1
0.016756 -0.0250000004 -0.0248083241 0.0246890067 asynchronous_release_0
0.034284 -0.0250000004 -0.00696318328 0.034300351 asynchronous_release_0
0.01582 -0.0250000004 -0.00012441433 0.000992230354 asynchronous_release_0
0.035744 -0.0250000004 0.000955214999 -0.000295912666 asynchronous_release_0
0.029794 -0.0250000004 0.0203246619 -0.0284940014 asynchronous_release_4
0.035644 -0.0250000004 0.0349302463 0.00220859507 asynchronous_release_3
0.043599 -0.0250000004 0.034090135 -0.00792859972 asynchronous_release_4
0.043077 -0.0250000004 -0.0297105563 -0.0185008877 asynchronous_release_0
0.033882 -0.0250000004 0.0188939214 -0.0294621746 asynchronous_release_0
0.047777 -0.0250000004 0.0241773652 0.0253072127 asynchronous_release_1
0.047186 -0.0250000004 0.0147853717 0.0317236944 asynchronous_release_0
0.043182 -0.0250000004 -0.0349146209 -0.00244320477 asynchronous_release_0
0.040108 -0.0250000004 -0.00249118872 0.03491123 asynchronous_release_0
0.009562 -0.0250000004 -0.000999583484 -2.88592711e-05 asynchronous_release_2
0.00404 -0.0250000004 0.0330765732 -0.011442915 asynchronous_release_4
0.047369 -0.0250000004 -0.0345338123 -0.00569348839 asynchronous_release_0
0.044403 -0.0250000004 -0.0185882911 0.0296559511 asynchronous_release_0
0.035774 -0.0250000004 0.0115772297 -0.033029801 asynchronous_release_1
0.039148 -0.0250000004 0.00828369441 0.0340055938 asynchronous_release_0
0.03579 -0.0250000004 0.0224842532 0.0268227209 asynchronous_release_0
0.021946 -0.0250000004 0.029911976 0.0181734338 asynchronous_release_2
0.035779 -0.0250000004 -0.000701530616 -0.000712639316 asynchronous_release_2
0.036764 -0.0250000004 -0.000444650411 0.000895704199 asynchronous_release_0
0.042595 -0.0250000004 0.00219707415 0.0349309729 asynchronous_release_0
0.025929 -0.0250000004 0.000110279283 -0.000993900639 asynchronous_release_0
0.043287 -0.0250000004 0.00710595288 0.0342710583 asynchronous_release_1
0.005758 -0.0250000004 0.00509056266 0.0346278237 asynchronous_release_4
0.045004 -0.0250000004 -0.00319819019 -0.0348535734 asynchronous_release_0
0.048481 -0.0250000004 -0.0263519317 0.0230342288 asynchronous_release_0
0.020573 -0.0250000004 0.0229021536 0.0264667974 asynchronous_release_0
0.045157 -0.0250000004 0.0172942961 0.0304287253 asynchronous_release_0
0.043855 -0.0250000004 -0.0347954389 0.0037785488 asynchronous_release_0
0.013548 -0.0250000004 -0.000986594026 -0.000163193833 asynchronous_release_3
0.025775 -0.0250000004 -0.00948266263 0.0336909351 asynchronous_release_2
0.044131 -0.0250000004 -0.0349084861 -0.00252934773 asynchronous_release_0
0.013178 -0.0250000004 -0.0032168167 0.0348518592 asynchronous_release_0
0.039074 -0.0250000004 -0.0228262469 0.0265322907 asynchronous_release_0
0.038975 -0.0250000004 0.024233074 -0.0252538734 asynchronous_release_0
0.049578 -0.0250000004 -0.0201156967 0.0286419054 asynchronous_release_0
0.023658 -0.0250000004 -0.03144379 0.0153716646 asynchronous_release_4
0.049898 -0.0250000004 -0.000267719519 -0.000963496891 asynchronous_release_0
0.047163 -0.0250000004 -0.0341484053 -0.00767374861 asynchronous_release_0
0.00953 -0.0250000004 -0.000710665729 -0.00070352983 asynchronous_release_0
0.032828 -0.0250000004 0.000568978462 -0.000822352424 asynchronous_release_0
0.049025 -0.0250000004 -0.0461046085 0.039361975 asynchronous_release_0
0.038798 -0.0250000004 0.034345502 -0.00673694966 asynchronous_release_2
0.037846 -0.0250000004 0.00191808568 0.0349474026 asynchronous_release_0
0.013829 -0.0250000004 0.000100418117 0.000994945326 asynchronous_release_0
0.004522 -0.0250000004 -0.00753367621 0.0341795805 asynchronous_release_0
0.027028 -0.0250000004 -0.0252515095 0.0242355373 asynchronous_release_4
0.033951 -0.0250000004 -0.0223416123 -0.0269416474 asynchronous_release_0
0.044456 -0.0250000004 0.0349526694 -0.00181958741 asynchronous_release_0
0.034609 -0.0250000004 0.0207269606 0.0282027145 asynchronous_release_2
0.008113 -0.0250000004 -0.0295655337 -0.0187317703 asynchronous_release_0
0.015291 -0.0250000004 -0.0286193368 0.020147793 asynchronous_release_0
0.022416 -0.0250000004 -0.000825585109 -0.000564277616 asynchronous_release_1
0.01939 -0.0250000004 0.0165191784 0.030856389 asynchronous_release_1
0.047963 -0.0250000004 -0.0334303867 -0.0103638431 asynchronous_release_0
0.040886 -0.0250000004 -0.0229628406 -0.026414162 asynchronous_release_0
0.015634 -0.0250000004 0.0346197052 -0.0051454849 asynchronous_release_1
0.036598 -0.0250000004 0.0166692762 -0.0307755622 asynchronous_release_0
0.045559 -0.0250000004 0.0183177806 0.0298237978 asynchronous_release_4
0.026778 -0.0250000004 0.0283096566 -0.0205806546 asynchronous_release_0
0.044511 -0.0250000004 0.0174973529 0.0303124173 asynchronous_release_4
0.012451 -0.0250000004 -3.73872375e-05 0.000999300853 asynchronous_release_0
0.042825 -0.0250000004 -0.0203860071 -0.0284501444 asynchronous_release_0
0.010597 -0.0250000004 -0.0349467358 0.00193019572 asynchronous_release_4
0.022247 -0.0250000004 -0.000512088188 -0.000858932877 asynchronous_release_0
0.043383 -0.0250000004 0.0137644285 0.0321798152 asynchronous_release_0
0.014379 -0.0250000004 -0.0307957497 -0.0166319512 asynchronous_release_0
0.048821 -0.0250000004 0.000953726746 0.00030067473 asynchronous_release_0
0.044148 -0.0250000004 -0.0126359855 -0.032639422 asynchronous_release_0
0.04864 -0.0250000004 -0.0342491758 -0.00721068368 asynchronous_release_0
0.046155 -0.0250000004 0.015937446 0.0311608379 asynchronous_release_0
0.043978 -0.0250000004 -0.0339451018 0.00852819229 asynchronous_release_1
0.047246 -0.0250000004 0.0323755751 0.0132974485 asynchronous_release_0
0.037663 -0.0250000004 -0.000283226605 -0.000959053017 asynchronous_release_0
0.047092 -0.0250000004 0.0239743192 0.0254996474 asynchronous_release_1
0.044459 -0.0250000004 -0.0206018709 0.0282942205 asynchronous_release_0
0.039376 -0.0250000004 0.0312885399 0.0156852565 asynchronous_release_0
0.037381 -0.0250000004 -0.0114424769 0.0330767248 asynchronous_release_0
0.008907 -0.0250000004 -0.0113061104 -0.0331235848 asynchronous_release_0
0.028713 -0.0250000004 -0.0230328107 0.0263531712 asynchronous_release_0
0.039937 -0.0250000004 -0.000753938655 -0.000656944826 asynchronous_release_0
0.013242 -0.0250000004 -0.0330290819 -0.0115792811 asynchronous_release_0
0.047506 -0.0250000004 0.000129909156 -0.0009915259 asynchronous_release_0
0.041856 -0.0250000004 0.0196971193 0.0289313583 asynchronous_release_0
0.035561 -0.0250000004 0.0104307016 0.0334095864 asynchronous_release_0
0.028487 -0.0250000004 -0.0253569748 0.0241251701 asynchronous_release_0
