0.000000 0.109654
0.000050 0.075632
0.000100 0.121647
0.000150 0.129479
0.000200 0.099618
0.000250 0.058012
0.000300 0.100106
0.000350 0.123116
0.000400 0.107945
0.000450 0.086151
0.000500 0.104271
0.000550 0.090321
0.000600 0.085910
0.000650 0.085416
0.000700 0.092767
0.000750 0.099379
0.000800 0.105246
0.000850 0.088358
0.000900 0.102069
0.000950 0.087143
0.001000 0.152716
0.001050 0.131454
0.001100 0.157614
0.001150 0.162768
0.001200 0.206583
0.001250 0.302051
0.001300 0.340705
0.001350 0.442525
0.001400 0.660119
0.001450 0.815085
0.001500 1.193456
0.001550 1.749820
0.001600 2.302500
0.001650 3.501094
0.001700 4.613040
0.001750 6.125954
0.001800 8.277637
0.001850 10.557387
0.001900 13.294121
0.001950 15.707931
0.002000 18.626252
0.002050 20.673958
0.002100 22.534630
0.002150 23.987572
0.002200 24.812638
0.002250 24.513582
0.002300 23.527664
0.002350 22.605592
0.002400 20.428731
0.002450 18.683031
0.002500 16.809846
0.002550 15.030728
0.002600 12.671895
0.002650 11.262511
0.002700 10.012820
0.002750 8.639158
0.002800 7.814835
0.002850 6.892981
0.002900 6.465918
0.002950 5.929658
0.003000 5.364232
0.003050 5.044132
0.003100 4.465207
0.003150 3.890989
0.003200 4.003120
0.003250 3.709642
0.003300 3.233532
0.003350 3.213538
0.003400 3.136361
0.003450 2.750907
0.003500 2.682145
0.003550 2.696051
0.003600 2.381045
0.003650 2.342149
0.003700 2.224425
0.003750 1.978693
0.003800 2.024910
0.003850 2.023250
0.003900 1.961951
0.003950 1.912361
0.004000 1.884230
0.004050 1.918464
0.004100 1.769149
0.004150 1.645277
0.004200 1.551560
0.004250 1.511658
0.004300 1.642828
0.004350 1.563098
0.004400 1.503277
0.004450 1.384419
0.004500 1.448286
0.004550 1.435514
0.004600 1.375849
0.004650 1.351023
0.004700 1.380728
0.004750 1.371952
0.004800 1.420335
0.004850 1.320287
0.004900 1.235773
0.004950 1.250953
0.005000 1.296602
0.005050 1.324656
0.005100 1.350561
0.005150 1.211361
0.005200 1.252455
0.005250 1.161625
0.005300 1.151841
0.005350 1.062755
0.005400 1.233086
0.005450 1.155818
0.005500 1.110200
0.005550 1.220476
0.005600 1.111162
0.005650 1.172752
0.005700 1.075145
0.005750 1.034137
0.005800 0.986898
0.005850 1.171914
0.005900 0.995504
0.005950 1.064032
0.006000 1.148848
0.006050 1.108990
0.006100 0.861169
0.006150 1.017621
0.006200 1.035917
0.006250 0.976615
0.006300 0.991504
0.006350 0.988336
0.006400 0.948955
0.006450 0.973995
0.006500 1.038708
0.006550 1.014366
0.006600 1.101417
0.006650 1.007191
0.006700 1.020353
0.006750 0.975887
0.006800 0.886309
0.006850 0.975933
0.006900 0.965311
0.006950 0.883115
0.007000 0.930321
0.007050 0.987653
0.007100 0.927930
0.007150 0.947116
0.007200 0.873560
0.007250 0.869212
0.007300 0.961125
0.007350 0.985547
0.007400 0.909441
0.007450 0.839275
0.007500 0.898747
0.007550 0.902981
0.007600 0.872811
0.007650 0.887243
0.007700 0.892253
0.007750 0.897245
0.007800 0.920411
0.007850 0.887461
0.007900 0.962625
0.007950 0.867023
0.008000 0.869391
0.008050 0.781681
0.008100 0.838166
0.008150 0.795262
0.008200 0.803790
0.008250 0.845414
0.008300 0.837581
0.008350 0.839891
0.008400 0.865251
0.008450 0.804373
0.008500 0.896315
0.008550 0.822337
0.008600 0.811735
0.008650 0.712699
0.008700 0.711839
0.008750 0.813715
0.008800 0.777984
0.008850 0.781444
0.008900 0.773785
0.008950 0.744847
0.009000 0.801302
0.009050 0.832562
0.009100 0.775823
0.009150 0.812037
0.009200 0.711061
0.009250 0.851951
0.009300 0.730360
0.009350 0.785800
0.009400 0.718915
0.009450 0.745399
0.009500 0.672603
0.009550 0.702719
0.009600 0.670962
0.009650 0.820860
0.009700 0.727746
0.009750 0.702924
0.009800 0.755099
0.009850 0.752977
0.009900 0.663001
0.009950 0.715999
0.010000 0.630637
0.010050 0.723299
0.010100 0.722464
0.010150 0.674808
0.010200 0.767392
0.010250 0.650494
0.010300 0.676468
0.010350 0.704374
0.010400 0.745104
0.010450 0.700820
0.010500 0.737842
0.010550 0.698930
0.010600 0.676995
0.010650 0.744265
0.010700 0.783083
0.010750 0.787929
0.010800 0.732119
0.010850 0.617145
0.010900 0.671443
0.010950 0.743469
0.011000 0.644793
0.011050 0.677553
0.011100 0.715689
0.011150 0.722773
0.011200 0.712187
0.011250 0.722709
0.011300 0.635763
0.011350 0.594177
0.011400 0.635861
0.011450 0.619215
0.011500 0.791998
0.011550 0.704394
0.011600 0.610734
0.011650 0.657882
0.011700 0.664727
0.011750 0.675881
0.011800 0.617705
0.011850 0.638963
0.011900 0.623411
0.011950 0.554825
0.012000 0.706579
0.012050 0.698045
0.012100 0.649740
0.012150 0.677396
0.012200 0.669810
0.012250 0.661084
0.012300 0.617359
0.012350 0.646691
0.012400 0.663861
0.012450 0.678665
0.012500 0.684533
0.012550 0.678293
0.012600 0.663038
0.012650 0.663770
0.012700 0.686351
0.012750 0.711409
0.012800 0.565501
0.012850 0.561751
0.012900 0.580398
0.012950 0.656106
0.013000 0.615138
0.013050 0.624156
0.013100 0.672093
0.013150 0.604833
0.013200 0.611155
0.013250 0.688987
0.013300 0.597766
0.013350 0.612860
0.013400 0.623965
0.013450 0.662607
0.013500 0.669570
0.013550 0.582906
0.013600 0.599706
0.013650 0.642586
0.013700 0.554072
0.013750 0.623424
0.013800 0.542702
0.013850 0.640268
0.013900 0.602033
0.013950 0.622593
0.014000 0.676659
0.014050 0.527823
0.014100 0.592037
0.014150 0.631785
0.014200 0.702856
0.014250 0.593470
0.014300 0.575176
0.014350 0.564298
0.014400 0.639259
0.014450 0.537347
0.014500 0.637320
0.014550 0.537254
0.014600 0.665103
0.014650 0.612391
0.014700 0.531517
0.014750 0.589937
0.014800 0.546894
0.014850 0.616764
0.014900 0.602830
0.014950 0.574460
0.015000 0.612130
0.015050 0.607396
0.015100 0.623320
0.015150 0.556510
0.015200 0.611749
0.015250 0.524731
0.015300 0.535811
0.015350 0.528005
0.015400 0.533201
0.015450 0.594347
0.015500 0.491353
0.015550 0.493851
0.015600 0.545613
0.015650 0.559975
0.015700 0.539918
0.015750 0.585490
0.015800 0.512712
0.015850 0.558584
0.015900 0.540862
0.015950 0.533942
0.016000 0.556578
0.016050 0.545060
0.016100 0.614271
0.016150 0.580207
0.016200 0.563134
0.016250 0.615424
0.016300 0.502489
0.016350 0.507333
0.016400 0.501120
0.016450 0.581064
0.016500 0.517502
0.016550 0.586906
0.016600 0.562779
0.016650 0.532165
0.016700 0.543228
0.016750 0.509444
0.016800 0.543172
0.016850 0.528606
0.016900 0.570599
0.016950 0.519539
0.017000 0.573129
0.017050 0.546895
0.017100 0.505753
0.017150 0.556859
0.017200 0.513954
0.017250 0.579390
0.017300 0.541018
0.017350 0.491942
0.017400 0.479855
0.017450 0.617535
0.017500 0.503746
0.017550 0.593912
0.017600 0.520417
0.017650 0.485655
0.017700 0.445695
0.017750 0.522589
0.017800 0.427412
0.017850 0.518018
0.017900 0.462262
0.017950 0.621384
0.018000 0.442197
0.018050 0.520409
0.018100 0.406219
0.018150 0.451307
0.018200 0.516178
0.018250 0.509544
0.018300 0.537781
0.018350 0.504117
0.018400 0.442193
0.018450 0.496745
0.018500 0.573690
0.018550 0.511816
0.018600 0.491647
0.018650 0.611623
0.018700 0.499744
0.018750 0.602470
0.018800 0.435763
0.018850 0.500629
0.018900 0.492921
0.018950 0.443787
0.019000 0.487284
0.019050 0.531562
0.019100 0.488152
0.019150 0.523174
0.019200 0.429933
0.019250 0.529403
0.019300 0.494251
0.019350 0.530657
0.019400 0.500488
0.019450 0.466626
0.019500 0.487685
0.019550 0.501117
0.019600 0.517453
0.019650 0.519385
0.019700 0.497285
0.019750 0.444573
0.019800 0.476865
0.019850 0.625269
0.019900 0.473994
0.019950 0.461224
0.020000 0.533017
0.020050 0.475951
0.020100 0.481372
0.020150 0.512736
0.020200 0.473909
0.020250 0.550549
0.020300 0.485758
0.020350 0.449500
0.020400 0.489503
0.020450 0.503605
0.020500 0.573339
0.020550 0.480885
0.020600 0.566214
0.020650 0.454728
0.020700 0.544994
0.020750 0.514484
0.020800 0.580121
0.020850 0.405085
0.020900 0.550204
0.020950 0.474646
0.021000 0.532886
0.021050 0.537566
0.021100 0.625649
0.021150 0.806827
0.021200 0.915372
0.021250 1.077110
0.021300 1.389035
0.021350 1.597883
0.021400 2.075900
0.021450 2.629072
0.021500 3.615366
0.021550 4.717790
0.021600 6.120082
0.021650 7.650474
0.021700 10.108283
0.021750 12.849249
0.021800 15.544133
0.021850 18.127957
0.021900 21.985464
0.021950 24.382942
0.022000 27.302408
0.022050 29.353060
0.022100 31.107192
0.022150 31.927532
0.022200 32.506443
0.022250 32.172713
0.022300 31.000378
0.022350 29.446090
0.022400 27.719343
0.022450 24.950201
0.022500 22.853230
0.022550 20.878150
0.022600 19.314730
0.022650 16.625850
0.022700 15.768290
0.022750 14.448670
0.022800 13.588415
0.022850 12.288907
0.022900 11.175651
0.022950 10.580627
0.023000 9.736693
0.023050 8.691621
0.023100 8.323419
0.023150 8.172139
0.023200 7.570538
0.023250 6.945802
0.023300 6.469156
0.023350 6.048304
0.023400 5.793965
0.023450 5.465533
0.023500 5.508900
0.023550 5.287682
0.023600 4.867747
0.023650 4.795371
0.023700 4.254610
0.023750 4.229224
0.023800 3.902179
0.023850 3.868447
0.023900 3.932673
0.023950 3.506717
0.024000 3.406115
0.024050 3.363193
0.024100 3.306951
0.024150 3.366993
0.024200 3.046673
0.024250 3.137947
0.024300 2.797813
0.024350 2.772291
0.024400 2.662997
0.024450 2.559897
0.024500 2.707074
0.024550 2.667708
0.024600 2.580780
0.024650 2.390084
0.024700 2.324959
0.024750 2.202909
0.024800 2.157668
0.024850 2.278006
0.024900 2.190007
0.024950 2.086495
0.025000 2.255425
0.025050 1.986137
0.025100 2.162423
0.025150 2.180519
0.025200 2.115921
0.025250 1.990237
0.025300 2.035700
0.025350 2.039290
0.025400 2.148794
0.025450 1.804554
0.025500 1.854843
0.025550 1.862445
0.025600 1.871142
0.025650 1.886082
0.025700 1.787318
0.025750 1.856734
0.025800 1.683589
0.025850 1.855487
0.025900 1.845720
0.025950 1.765200
0.026000 1.779061
0.026050 1.813385
0.026100 1.682663
0.026150 1.687455
0.026200 1.808326
0.026250 1.694266
0.026300 1.705532
0.026350 1.884264
0.026400 1.688976
0.026450 1.776152
0.026500 1.783666
0.026550 1.722086
0.026600 1.649522
0.026650 1.684976
0.026700 1.650035
0.026750 1.664235
0.026800 1.596379
0.026850 1.654599
0.026900 1.587044
0.026950 1.576918
0.027000 1.645748
0.027050 1.578944
0.027100 1.445549
0.027150 1.592691
0.027200 1.634398
0.027250 1.596098
0.027300 1.552689
0.027350 1.549619
0.027400 1.619575
0.027450 1.489739
0.027500 1.642984
0.027550 1.527714
0.027600 1.612027
0.027650 1.594333
0.027700 1.519957
0.027750 1.564743
0.027800 1.429328
0.027850 1.473442
0.027900 1.243351
0.027950 1.526691
0.028000 1.453661
0.028050 1.391505
0.028100 1.442769
0.028150 1.425525
0.028200 1.412170
0.028250 1.270288
0.028300 1.374325
0.028350 1.364773
0.028400 1.457617
0.028450 1.231207
0.028500 1.303405
0.028550 1.498991
0.028600 1.372458
0.028650 1.416912
0.028700 1.259224
0.028750 1.410050
0.028800 1.392051
0.028850 1.401149
0.028900 1.397002
0.028950 1.419538
0.029000 1.374819
0.029050 1.382855
0.029100 1.395038
0.029150 1.534620
0.029200 1.397068
0.029250 1.306298
0.029300 1.278483
0.029350 1.144123
0.029400 1.324218
0.029450 1.320588
0.029500 1.286823
0.029550 1.332239
0.029600 1.348260
0.029650 1.248556
0.029700 1.359597
0.029750 1.219115
0.029800 1.288690
0.029850 1.230668
0.029900 1.302362
0.029950 1.194440
0.030000 1.302963
0.030050 1.105635
0.030100 1.419294
0.030150 1.118460
0.030200 1.100503
0.030250 1.255799
0.030300 1.262568
0.030350 1.290674
0.030400 1.326250
0.030450 1.161944
0.030500 1.123940
0.030550 1.075370
0.030600 1.218456
0.030650 1.240696
0.030700 1.236008
0.030750 1.103192
0.030800 1.128321
0.030850 1.341469
0.030900 1.226987
0.030950 1.198771
0.031000 1.119519
0.031050 1.252009
0.031100 1.103566
0.031150 1.189054
0.031200 1.314352
0.031250 1.122892
0.031300 1.130548
0.031350 1.213624
0.031400 1.246171
0.031450 1.280785
0.031500 1.121868
0.031550 1.199848
0.031600 1.104146
0.031650 1.194408
0.031700 1.173360
0.031750 1.181490
0.031800 1.184584
0.031850 1.141778
0.031900 1.215729
0.031950 1.124289
0.032000 1.079234
0.032050 1.172020
0.032100 1.079435
0.032150 1.137779
0.032200 1.075157
0.032250 1.153093
0.032300 1.199710
0.032350 1.142236
0.032400 0.956014
0.032450 1.025052
0.032500 0.944051
0.032550 1.021135
0.032600 1.061376
0.032650 1.091360
0.032700 1.073033
0.032750 1.023811
0.032800 1.063737
0.032850 1.035435
0.032900 1.098626
0.032950 1.077646
0.033000 1.161690
0.033050 1.021718
0.033100 1.045555
0.033150 1.105377
0.033200 1.119605
0.033250 1.124593
0.033300 1.072928
0.033350 1.136614
0.033400 1.050081
0.033450 1.004049
0.033500 1.161815
0.033550 1.037395
0.033600 1.073958
0.033650 0.997472
0.033700 1.023940
0.033750 1.076234
0.033800 1.095607
0.033850 1.057455
0.033900 1.088411
0.033950 1.031803
0.034000 1.120017
0.034050 1.065419
0.034100 1.022893
0.034150 1.073223
0.034200 1.025153
0.034250 1.057839
0.034300 0.959470
0.034350 1.057458
0.034400 0.983643
0.034450 1.010955
0.034500 0.992108
0.034550 0.939982
0.034600 0.910518
0.034650 1.137726
0.034700 1.012876
0.034750 1.048976
0.034800 0.953517
0.034850 0.951895
0.034900 1.002011
0.034950 0.998461
0.035000 1.073426
0.035050 1.022370
0.035100 0.969004
0.035150 1.046372
0.035200 1.023273
0.035250 0.992327
0.035300 0.906828
0.035350 0.941344
0.035400 0.949083
0.035450 1.011543
0.035500 1.212930
0.035550 1.019312
0.035600 1.082286
0.035650 1.014880
0.035700 0.937197
0.035750 0.943693
0.035800 0.950951
0.035850 1.012107
0.035900 0.945554
0.035950 0.930580
0.036000 0.954495
0.036050 1.038453
0.036100 0.953595
0.036150 1.025509
0.036200 0.946213
0.036250 0.924685
0.036300 0.958337
0.036350 0.957929
0.036400 0.940769
0.036450 0.938155
0.036500 0.961863
0.036550 0.945425
0.036600 0.938465
0.036650 0.983607
0.036700 0.873865
0.036750 0.957995
0.036800 0.912036
0.036850 0.921994
0.036900 0.909839
0.036950 1.031591
0.037000 0.982682
0.037050 0.912814
0.037100 0.968989
0.037150 0.906367
0.037200 0.829353
0.037250 0.882595
0.037300 0.871079
0.037350 0.855045
0.037400 0.832971
0.037450 0.968325
0.037500 0.902218
0.037550 1.014838
0.037600 0.892987
0.037650 0.913171
0.037700 0.996116
0.037750 0.970542
0.037800 0.860097
0.037850 0.978145
0.037900 0.953225
0.037950 0.884901
0.038000 0.905359
0.038050 0.875621
0.038100 0.880116
0.038150 0.973268
0.038200 0.985711
0.038250 0.949193
0.038300 0.883400
0.038350 0.874196
0.038400 0.960327
0.038450 0.949789
0.038500 0.896048
0.038550 0.971036
0.038600 0.910282
0.038650 0.925158
0.038700 0.932356
0.038750 0.809228
0.038800 0.954480
0.038850 0.948598
0.038900 0.878050
0.038950 0.825964
0.039000 0.892404
0.039050 0.955204
0.039100 0.892196
0.039150 0.908928
0.039200 0.878638
0.039250 0.838814
0.039300 0.902736
0.039350 0.844776
0.039400 0.968079
0.039450 0.927545
0.039500 0.977044
0.039550 0.888936
0.039600 0.800507
0.039650 0.831651
0.039700 0.837487
0.039750 0.829031
0.039800 0.914603
0.039850 0.903155
0.039900 0.902064
0.039950 0.915382
0.040000 0.839852
0.040050 0.893174
0.040100 0.867212
0.040150 0.824282
0.040200 0.801330
0.040250 0.868578
0.040300 0.804549
0.040350 0.865535
0.040400 0.802175
0.040450 0.775853
0.040500 0.762423
0.040550 0.879689
0.040600 0.865696
0.040650 0.771078
0.040700 0.848089
0.040750 0.825845
0.040800 0.812519
0.040850 0.822061
0.040900 0.796434
0.040950 0.883066
0.041000 0.762315
0.041050 0.817043
0.041100 0.869515
0.041150 0.890879
0.041200 0.850458
0.041250 0.811554
0.041300 0.803947
0.041350 0.773969
0.041400 0.883167
0.041450 0.844203
0.041500 0.933915
0.041550 0.744411
0.041600 0.967403
0.041650 0.825085
0.041700 0.825051
0.041750 0.837569
0.041800 0.843448
0.041850 0.768074
0.041900 0.775503
0.041950 0.818251
0.042000 0.920034
0.042050 0.863896
0.042100 0.789023
0.042150 0.803359
0.042200 0.798323
0.042250 0.846579
0.042300 0.811165
0.042350 0.874853
0.042400 0.763884
0.042450 0.799584
0.042500 0.758832
0.042550 0.868752
0.042600 0.724877
0.042650 0.812795
0.042700 0.903599
0.042750 0.816685
0.042800 0.828032
0.042850 0.872892
0.042900 0.787352
0.042950 0.825364
0.043000 0.785169
0.043050 0.857767
0.043100 0.733865
0.043150 0.915399
0.043200 0.882190
0.043250 0.915558
0.043300 0.832874
0.043350 0.838450
0.043400 0.722396
0.043450 0.782562
0.043500 0.805494
0.043550 0.967164
0.043600 0.667584
0.043650 0.849432
0.043700 0.776416
0.043750 0.711044
0.043800 0.750699
0.043850 0.811573
0.043900 0.767186
0.043950 0.840578
0.044000 0.723935
0.044050 0.793007
0.044100 0.710449
0.044150 0.853041
0.044200 0.781073
0.044250 0.737223
0.044300 0.771291
0.044350 0.872085
0.044400 0.889664
0.044450 0.708842
0.044500 0.833924
0.044550 0.623154
0.044600 0.819786
0.044650 0.786438
0.044700 0.783418
0.044750 0.831470
0.044800 0.859959
0.044850 0.780793
0.044900 0.746322
0.044950 0.735146
0.045000 0.744666
0.045050 0.738894
0.045100 0.729501
0.045150 0.816815
0.045200 0.788589
0.045250 0.778399
0.045300 0.802651
0.045350 0.665369
0.045400 0.734895
0.045450 0.818311
0.045500 0.789048
0.045550 0.687650
0.045600 0.742964
0.045650 0.714382
0.045700 0.898911
0.045750 0.806507
0.045800 0.782584
0.045850 0.856818
0.045900 0.798968
0.045950 0.694018
0.046000 0.701097
0.046050 0.848353
0.046100 0.755195
0.046150 0.735663
0.046200 0.698502
0.046250 0.648266
0.046300 0.850021
0.046350 0.794455
0.046400 0.746150
0.046450 0.757218
0.046500 0.804640
0.046550 0.758092
0.046600 0.774847
0.046650 0.893471
0.046700 0.720765
0.046750 0.708505
0.046800 0.759931
0.046850 0.715855
0.046900 0.677281
0.046950 0.705333
0.047000 0.779593
0.047050 0.732581
0.047100 0.729749
0.047150 0.742021
0.047200 0.775131
0.047250 0.698619
0.047300 0.689110
0.047350 0.736460
0.047400 0.754550
0.047450 0.743256
0.047500 0.790897
0.047550 0.727313
0.047600 0.715952
0.047650 0.650186
0.047700 0.708372
0.047750 0.725642
0.047800 0.785083
0.047850 0.777659
0.047900 0.771179
0.047950 0.717647
0.048000 0.822521
0.048050 0.663181
0.048100 0.757584
0.048150 0.682626
0.048200 0.824568
0.048250 0.688752
0.048300 0.778800
0.048350 0.705544
0.048400 0.743504
0.048450 0.757340
0.048500 0.683837
0.048550 0.748139
0.048600 0.729943
0.048650 0.612351
0.048700 0.653330
0.048750 0.756908
0.048800 0.667367
0.048850 0.732083
0.048900 0.806796
0.048950 0.663206
0.049000 0.779149
0.049050 0.664685
0.049100 0.617706
0.049150 0.700480
0.049200 0.680090
0.049250 0.697114
0.049300 0.729003
0.049350 0.745189
0.049400 0.718905
0.049450 0.667799
0.049500 0.801863
0.049550 0.657589
0.049600 0.699570
0.049650 0.741686
0.049700 0.729212
0.049750 0.651968
0.049800 0.676193
0.049850 0.730439
0.049900 0.701939
