0.019367 -0.0250000004 -0.0253292251 -0.024154303 asynchronous_release_0
0.008528 -0.0250000004 -0.0345254802 -0.0057437983 asynchronous_release_0
0.039854 -0.0250000004 -0.00492689267 0.0346514896 asynchronous_release_0
0.02983 -0.0250000004 0.0341543579 0.00764721121 asynchronous_release_3
0.03479 -0.0250000004 0.0225038998 -0.0268062398 asynchronous_release_0
0.023152 -0.0250000004 -0.0297273547 -0.0184738838 asynchronous_release_2
0.032435 -0.0250000004 0.0333102334 0.0107437586 asynchronous_release_3
0.047058 -0.0250000004 -0.0298339957 0.0183011666 asynchronous_release_0
0.036111 -0.0250000004 0.0210200437 -0.027984956 asynchronous_release_0
0.038184 -0.0250000004 -0.0202801481 -0.0285257006 asynchronous_release_0
0.045263 -0.0250000004 0.0174850224 0.0303195315 asynchronous_release_0
0.0468 -0.0250000004 -0.0271077367 0.022139797 asynchronous_release_0
0.047144 -0.0250000004 7.24914707e-05 0.000997369032 asynchronous_release_0
0.034173 -0.0250000004 -0.00952986993 0.0336776124 asynchronous_release_0
0.029501 -0.0250000004 0.00040925491 -0.000912420089 asynchronous_release_0
0.026438 -0.0250000004 0.0259351191 0.0235025445 asynchronous_release_0
0.034332 -0.0250000004 0.0244574976 -0.0250365895 asynchronous_release_0
0.005354 -0.0250000004 -0.0334124735 -0.0104214496 asynchronous_release_1
0.033374 -0.0250000004 -0.024269425 0.0252189415 asynchronous_release_3
0.021415 -0.0250000004 -0.0273015985 -0.0219002904 asynchronous_release_0
0.00262 -0.0250000004 0.03184622 -0.0145195823 asynchronous_release_0
0.028967 -0.0250000004 0.0334366756 -0.0103435355 asynchronous_release_4
0.012773 -0.0250000004 0.0285183877 0.0202904304 asynchronous_release_0
0.048261 -0.0250000004 -0.0183283116 0.0298173271 asynchronous_release_0
0.042973 -0.0250000004 -0.000935733379 0.000352708155 asynchronous_release_0
0.042866 -0.0250000004 -0.0290967274 0.0194520038 asynchronous_release_0
0.02417 -0.0250000004 0.0340308712 -0.00817922994 asynchronous_release_0
0.04382 -0.0250000004 0.0340287384 0.00818809906 asynchronous_release_0
0.025906 -0.0250000004 0.0241448959 -0.0253381926 asynchronous_release_2
0.040699 -0.0250000004 -0.0184536347 -0.0297399288 asynchronous_release_0
0.047598 -0.0250000004 0.022177957 0.0270765253 asynchronous_release_0
0.027951 -0.0250000004 -0.0129346975 -0.0325222016 asynchronous_release_0
0.005413 -0.0250000004 0.0291795247 -0.0193275797 asynchronous_release_0
0.035943 -0.0250000004 0.0176401646 0.0302295318 asynchronous_release_2
0.038438 -0.0250000004 0.00911159709 -0.0337931768 asynchronous_release_0
0.043221 -0.0250000004 0.0335123728 -0.0100955865 asynchronous_release_0
0.045962 -0.0250000004 0.0259349779 -0.0235027003 asynchronous_release_0
0.040644 -0.0250000004 -0.014234504 0.0319746602 asynchronous_release_1
0.022941 -0.0250000004 0.0217796365 0.0273979458 asynchronous_release_2
0.026806 -0.0250000004 -0.021859229 -0.0273344857 asynchronous_release_0
0.037411 -0.0250000004 -0.0148258234 -0.0317048097 asynchronous_release_0
0.015743 -0.0250000004 -0.0160924576 0.0310810684 asynchronous_release_0
0.020934 -0.0250000004 0.0348601041 -0.00312620292 asynchronous_release_0
0.038348 -0.0250000004 -0.0147226809 0.0317528372 asynchronous_release_0
0.031011 -0.0250000004 -0.00545419087 -0.0345724139 asynchronous_release_4
0.026157 -0.0250000004 -0.0149685015 0.0316376984 asynchronous_release_1
0.030762 -0.0250000004 -0.00240899698 0.0349169978 asynchronous_release_0
0.038983 -0.0250000004 -0.0225992003 0.0267259451 asynchronous_release_0
0.033101 -0.0250000004 -0.034965684 -0.00154949856 asynchronous_release_2
0.047577 -0.0250000004 0.000387140542 -0.0349978588 asynchronous_release_0
0.017286 -0.0250000004 0.034183859 0.00751423891 asynchronous_release_1
0.045587 -0.0250000004 -0.00873778182 -0.0338917567 asynchronous_release_0
0.033176 -0.0250000004 0.0175924061 -0.0302573503 asynchronous_release_0
0.041127 -0.0250000004 -0.034719877 0.00441929184 asynchronous_release_0
0.04916 -0.0250000004 0.0187934561 0.0295263612 asynchronous_release_0
0.039069 -0.0250000004 0.0302337948 -0.0176328572 asynchronous_release_0
0.039697 -0.0250000004 0.033643697 -0.0096489197 asynchronous_release_0
0.035326 -0.0250000004 0.000708166022 0.000706045952 asynchronous_release_1
0.045815 -0.0250000004 -0.0237449697 -0.0257133509 asynchronous_release_0
0.037358 -0.0250000004 0.0220616859 -0.0271713455 asynchronous_release_1
0.024566 -0.0250000004 -0.0321841111 0.0137543808 asynchronous_release_0
0.039002 -0.0250000004 0.0321741255 0.013777723 asynchronous_release_0
0.045841 -0.0250000004 -0.020444424 -0.0284081947 asynchronous_release_0
0.028451 -0.0250000004 0.0269968332 -0.0222748961 asynchronous_release_1
0.028895 -0.0250000004 -0.0232409798 0.0261697699 asynchronous_release_0
0.012018 -0.0250000004 0.0250320903 0.0244621024 asynchronous_release_1
0.034091 -0.0250000004 -0.0228683232 0.0264960336 asynchronous_release_0
0.049598 -0.0250000004 -0.0202615355 0.0285389239 asynchronous_release_0
0.039654 -0.0250000004 -0.0208349133 0.0281230579 asynchronous_release_1
0.030931 -0.0250000004 -0.000630767764 0.000775971667 asynchronous_release_0
0.046373 -0.0250000004 0.02314764 0.0262523668 asynchronous_release_0
0.024924 -0.0250000004 -0.0348091583 -0.00364999978 asynchronous_release_0
0.031053 -0.0250000004 0.00990588074 -0.0335689369 asynchronous_release_0
0.025255 -0.0250000004 -0.000599288008 0.0008005335 asynchronous_release_1
0.044922 -0.0250000004 0.00488152675 0.0346579096 asynchronous_release_1
0.038264 -0.0250000004 -0.0042682254 0.0347387716 asynchronous_release_0
0.047925 -0.0250000004 0.0199976197 -0.0287244705 asynchronous_release_0
0.04428 -0.0250000004 0.0349472083 0.00192162295 asynchronous_release_0
0.047627 -0.0250000004 0.0288527932 0.0198120247 asynchronous_release_0
0.043864 -0.0250000004 -0.000693173654 -0.000720770619 asynchronous_release_0
0.047515 -0.0250000004 0.0348412973 -0.00332926418 asynchronous_release_0
0.031301 -0.0250000004 -0.0265328003 -0.0228256546 asynchronous_release_0
0.046403 -0.0250000004 -0.00789124196 0.034098802 asynchronous_release_0
0.032888 -0.0250000004 0.0348672546 -0.00304541621 asynchronous_release_0
0.036885 -0.0250000004 -0.0349936977 -0.000664168925 asynchronous_release_0
0.046044 -0.0250000004 0.00447998286 -0.0347120981 asynchronous_release_0
0.043104 -0.0250000004 0.000996964656 -7.78554751e-05 asynchronous_release_0
0.034424 -0.0250000004 0.031793003 0.0146357426 asynchronous_release_0
0.046238 -0.0250000004 -0.0316770657 0.0148850096 asynchronous_release_0
0.024555 -0.0250000004 0.0317162249 -0.0148013876 asynchronous_release_3
0.037873 -0.0250000004 0.0338138149 -0.00903470639 asynchronous_release_0
0.047018 -0.0250000004 -0.0121934472 0.0328073139 asynchronous_release_0
0.029153 -0.0250000004 0.0347958251 0.00377499114 asynchronous_release_1
0.031114 -0.0250000004 0.0250894678 -0.0244032499 asynchronous_release_4
0.043811 -0.0250000004 -0.0195464435 0.0290333695 asynchronous_release_0
0.036816 -0.0250000004 0.0190260988 -0.0293769904 asynchronous_release_0
0.030724 -0.0250000004 -0.000791497408 0.000611172523 asynchronous_release_0
0.017982 -0.0250000004 -0.0008680482 0.000496479932 asynchronous_release_0
0.048441 -0.0250000004 0.0319941923 0.0141905483 asynchronous_release_1
0.02855 -0.0250000004 -0.00714329603 -0.0342632941 asynchronous_release_0
0.046583 -0.0250000004 0.0338034122 -0.00907355095 asynchronous_release_0
0.014999 -0.0250000004 -0.030090765 0.0178758457 asynchronous_release_0
0.033832 -0.0250000004 0.00079018769 0.000612864924 asynchronous_release_0
0.040186 -0.0250000004 -0.0305418941 -0.0170936452 asynchronous_release_0
0.022421 -0.0250000004 0.0135720086 -0.0322614411 asynchronous_release_2
0.011928 -0.0250000004 -0.0168600975 -0.0306714381 asynchronous_release_0
0.04544 -0.0250000004 0.00243154064 0.0349154351 asynchronous_release_0
0.045877 -0.0250000004 -0.0208184045 -0.0281352809 asynchronous_release_3
0.047815 -0.0250000004 -0.0100628663 -0.0335222124 asynchronous_release_0
0.024112 -0.0250000004 0.0212022372 -0.0278471747 asynchronous_release_1
0.045092 -0.0250000004 -0.0168105776 -0.0306986072 asynchronous_release_0
0.044046 -0.0250000004 0.034856685 -0.00316409748 asynchronous_release_0
0.040858 -0.0250000004 -0.0346387797 0.00501546988 asynchronous_release_0
0.045124 -0.0250000004 -0.0349398695 0.00205073697 asynchronous_release_0
0.04391 -0.0250000004 -0.00405297632 0.034764542 asynchronous_release_0
0.029534 -0.0250000004 0.031816089 0.0145854886 asynchronous_release_0
0.042715 -0.0250000004 0.0167839902 0.0307131515 asynchronous_release_0
0.046006 -0.0250000004 0.0191112896 0.0293216406 asynchronous_release_0
0.048765 -0.0250000004 -0.00081653239 0.000577299624 asynchronous_release_0
0.026125 -0.0250000004 -0.0124095639 0.032726178 asynchronous_release_0
0.041675 -0.0250000004 0.0312483929 -0.0157650861 asynchronous_release_0
0.038808 -0.0250000004 0.000768074402 0.000640360611 asynchronous_release_0
0.047704 -0.0250000004 0.0154844685 -0.0313883933 asynchronous_release_0
0.030617 -0.0250000004 -0.0106601865 0.0333370728 asynchronous_release_2
0.036205 -0.0250000004 -0.00107325058 -0.0606122771 asynchronous_release_0
0.017633 -0.0250000004 0.0327050921 0.0124650292 asynchronous_release_0
0.035135 -0.0250000004 -0.0263988786 0.0229804092 asynchronous_release_1
0.026641 -0.0250000004 0.0240309729 0.0254462638 asynchronous_release_2
0.035036 -0.0250000004 0.0308320739 -0.0165645168 asynchronous_release_0
0.012583 -0.0250000004 0.0342654703 -0.00713284953 asynchronous_release_0
0.018242 -0.0250000004 -0.000636970111 -0.000770888499 asynchronous_release_0
0.01622 -0.0250000004 -0.0229988517 0.026382813 asynchronous_release_0
0.035895 -0.0250000004 0.0311700273 -0.015919466 asynchronous_release_0
0.046903 -0.0250000004 0.00179835174 -0.0349537685 asynchronous_release_0
0.045219 -0.0250000004 0.00522841565 -0.0346072777 asynchronous_release_0
0.01282 -0.0250000004 -0.0347818481 0.00390167157 asynchronous_release_0
0.049492 -0.0250000004 0.00090631668 -0.000422599191 asynchronous_release_0
0.030986 -0.0250000004 -0.0340044776 0.00828827513 asynchronous_release_1
0.032899 -0.0250000004 -0.0190005438 -0.0293935254 asynchronous_release_0
0.035215 -0.0250000004 0.0295142417 -0.0188124836 asynchronous_release_0
0.035384 -0.0250000004 0.0232749989 0.0261395184 asynchronous_release_2
0.033488 -0.0250000004 -0.0112071029 0.0331572141 asynchronous_release_0
0.045084 -0.0250000004 0.000904990231 -0.000425432347 asynchronous_release_0
0.027032 -0.0250000004 -0.0348566914 0.0031640265 asynchronous_release_0
0.037511 -0.0250000004 0.0206050341 -0.0282919171 asynchronous_release_0
0.038217 -0.0250000004 -0.000971811215 -0.000235760391 asynchronous_release_0
0.034898 -0.0250000004 0.0307279081 0.0167569587 asynchronous_release_0
0.031574 -0.0250000004 -0.00740948513 -0.0342067176 asynchronous_release_1
0.02986 -0.0250000004 -0.0209847619 0.0280114221 asynchronous_release_0
0.039511 -0.0250000004 -0.000999527565 -3.07351025e-05 asynchronous_release_0
0.027634 -0.0250000004 -0.0102907494 0.0334529592 asynchronous_release_2
0.037277 -0.0250000004 0.0267393198 0.0225833739 asynchronous_release_0
0.042438 -0.0250000004 -0.0181710702 0.0299134119 asynchronous_release_1
0.039334 -0.0250000004 0.00331855665 -0.0348423188 asynchronous_release_0
0.023731 -0.0250000004 0.0146899911 0.0317679738 asynchronous_release_3
0.048369 -0.0250000004 0.0347602679 0.0040894714 asynchronous_release_1
0.041003 -0.0250000004 0.000931952254 -0.000362581019 asynchronous_release_0
0.031499 -0.0250000004 -0.0328901969 0.0119680805 asynchronous_release_0
0.04131 -0.0250000004 -0.000683881854 -0.00072959277 asynchronous_release_1
0.035429 -0.0250000004 0.0197497782 0.0288954367 asynchronous_release_0
0.020673 -0.0250000004 0.0306249431 -0.016944405 asynchronous_release_0
0.030399 -0.0250000004 -0.000200293609 0.0349994269 asynchronous_release_0
0.036072 -0.0250000004 -0.0245088947 0.0249862779 asynchronous_release_0
0.036461 -0.0250000004 0.0329888755 0.0116933356 asynchronous_release_1
0.017726 -0.0250000004 0.0349265105 0.00226690702 asynchronous_release_0
0.040404 -0.0250000004 -0.000734799213 0.000678284687 asynchronous_release_0
0.038168 -0.0250000004 0.0287460585 0.0199665751 asynchronous_release_0
0.009928 -0.0250000004 -0.0224637341 -0.0268399078 asynchronous_release_0
0.038543 -0.0250000004 0.000265778354 -0.000964034163 asynchronous_release_0
0.022234 -0.0250000004 0.032125934 0.0138897215 asynchronous_release_1
0.025243 -0.0250000004 0.0349150962 0.00243640302 asynchronous_release_1
0.031644 -0.0250000004 -0.0101883115 -0.0334842994 asynchronous_release_0
0.04619 -0.0250000004 -0.034396462 0.00647173848 asynchronous_release_0
0.032031 -0.0250000004 -0.0137396923 -0.0321903845 asynchronous_release_0
0.036356 -0.0250000004 0.0346812609 -0.00471276404 asynchronous_release_0
0.015947 -0.0250000004 -0.000317044322 0.000948410722 asynchronous_release_0
0.03508 -0.0250000004 0.0331943753 0.0110965513 asynchronous_release_2
0.026671 -0.0250000004 0.000163528808 -0.034999618 asynchronous_release_4
0.032169 -0.0250000004 0.0146028119 -0.0318081418 asynchronous_release_0
0.031863 -0.0250000004 -0.028679434 0.020062155 asynchronous_release_0
0.02817 -0.0250000004 -0.0207577703 -0.0281800456 asynchronous_release_0
0.046919 -0.0250000004 -0.0303004765 -0.0525060104 asynchronous_release_0
0.037108 -0.0250000004 0.0185297145 -0.0296925863 asynchronous_release_0
