0.000000 0.069880
0.000050 0.084322
0.000100 0.091909
0.000150 0.105737
0.000200 0.108307
0.000250 0.098397
0.000300 0.090068
0.000350 0.096316
0.000400 0.110019
0.000450 0.111245
0.000500 0.074290
0.000550 0.091782
0.000600 0.092276
0.000650 0.103912
0.000700 0.103155
0.000750 0.100241
0.000800 0.098274
0.000850 0.122746
0.000900 0.121645
0.000950 0.103659
0.001000 0.116255
0.001050 0.142217
0.001100 0.145642
0.001150 0.169866
0.001200 0.142065
0.001250 0.175629
0.001300 0.206202
0.001350 0.294220
0.001400 0.301298
0.001450 0.476436
0.001500 0.648496
0.001550 0.787654
0.001600 1.248919
0.001650 1.690211
0.001700 2.302105
0.001750 3.122337
0.001800 4.063424
0.001850 5.253622
0.001900 6.435672
0.001950 7.921190
0.002000 9.148495
0.002050 10.437855
0.002100 11.187122
0.002150 11.931508
0.002200 12.669210
0.002250 12.590638
0.002300 11.991928
0.002350 11.272852
0.002400 10.242014
0.002450 9.170638
0.002500 8.113422
0.002550 7.240262
0.002600 6.207295
0.002650 5.444163
0.002700 4.889178
0.002750 4.347108
0.002800 3.837036
0.002850 3.568152
0.002900 3.247383
0.002950 2.970981
0.003000 2.849650
0.003050 2.549180
0.003100 2.375946
0.003150 2.176216
0.003200 1.944228
0.003250 1.889822
0.003300 1.831086
0.003350 1.787520
0.003400 1.705416
0.003450 1.578556
0.003500 1.550247
0.003550 1.409669
0.003600 1.406411
0.003650 1.314303
0.003700 1.371970
0.003750 1.327504
0.003800 1.243300
0.003850 1.258552
0.003900 1.151157
0.003950 1.209507
0.004000 1.247367
0.004050 1.227043
0.004100 1.079317
0.004150 1.117213
0.004200 1.136405
0.004250 1.044287
0.004300 1.144781
0.004350 1.024075
0.004400 1.043290
0.004450 1.034872
0.004500 0.953097
0.004550 0.979525
0.004600 1.082282
0.004650 0.881510
0.004700 0.973621
0.004750 0.864867
0.004800 0.999019
0.004850 0.894131
0.004900 0.885543
0.004950 0.932935
0.005000 0.946706
0.005050 0.917370
0.005100 0.873465
0.005150 0.849575
0.005200 0.936259
0.005250 0.866043
0.005300 0.822911
0.005350 0.798739
0.005400 0.840350
0.005450 0.790982
0.005500 0.825410
0.005550 0.805890
0.005600 0.783092
0.005650 0.803290
0.005700 0.847288
0.005750 0.748714
0.005800 0.794035
0.005850 0.764625
0.005900 0.712628
0.005950 0.788368
0.006000 0.763442
0.006050 0.690680
0.006100 0.737024
0.006150 0.688890
0.006200 0.764299
0.006250 0.779105
0.006300 0.739690
0.006350 0.708446
0.006400 0.736983
0.006450 0.740321
0.006500 0.689221
0.006550 0.722847
0.006600 0.687113
0.006650 0.630547
0.006700 0.671472
0.006750 0.685368
0.006800 0.653041
0.006850 0.734993
0.006900 0.699634
0.006950 0.697664
0.007000 0.618234
0.007050 0.641748
0.007100 0.658887
0.007150 0.628551
0.007200 0.623640
0.007250 0.621356
0.007300 0.654397
0.007350 0.648235
0.007400 0.612808
0.007450 0.634174
0.007500 0.646662
0.007550 0.647280
0.007600 0.632334
0.007650 0.598944
0.007700 0.564765
0.007750 0.545385
0.007800 0.631624
0.007850 0.576060
0.007900 0.625796
0.007950 0.677900
0.008000 0.592813
0.008050 0.671979
0.008100 0.597724
0.008150 0.560744
0.008200 0.605370
0.008250 0.589668
0.008300 0.568270
0.008350 0.574640
0.008400 0.574121
0.008450 0.564331
0.008500 0.537693
0.008550 0.552119
0.008600 0.621717
0.008650 0.561223
0.008700 0.571138
0.008750 0.585858
0.008800 0.623891
0.008850 0.559373
0.008900 0.552870
0.008950 0.585178
0.009000 0.546928
0.009050 0.522448
0.009100 0.589459
0.009150 0.547933
0.009200 0.563462
0.009250 0.566424
0.009300 0.518578
0.009350 0.526180
0.009400 0.520114
0.009450 0.522504
0.009500 0.590253
0.009550 0.593205
0.009600 0.518790
0.009650 0.538060
0.009700 0.554687
0.009750 0.533915
0.009800 0.502946
0.009850 0.468902
0.009900 0.480681
0.009950 0.568011
0.010000 0.528783
0.010050 0.509727
0.010100 0.510033
0.010150 0.478677
0.010200 0.535780
0.010250 0.525484
0.010300 0.465298
0.010350 0.513794
0.010400 0.531374
0.010450 0.514070
0.010500 0.474503
0.010550 0.486241
0.010600 0.529599
0.010650 0.506511
0.010700 0.464956
0.010750 0.501794
0.010800 0.513023
0.010850 0.459137
0.010900 0.493769
0.010950 0.519107
0.011000 0.504694
0.011050 0.434484
0.011100 0.458667
0.011150 0.493831
0.011200 0.430814
0.011250 0.489566
0.011300 0.441850
0.011350 0.460650
0.011400 0.474778
0.011450 0.446196
0.011500 0.469790
0.011550 0.474084
0.011600 0.476679
0.011650 0.518259
0.011700 0.500083
0.011750 0.448735
0.011800 0.461773
0.011850 0.471511
0.011900 0.486732
0.011950 0.499604
0.012000 0.465257
0.012050 0.483817
0.012100 0.490554
0.012150 0.471116
0.012200 0.432421
0.012250 0.427047
0.012300 0.455789
0.012350 0.437855
0.012400 0.421538
0.012450 0.456116
0.012500 0.452045
0.012550 0.463637
0.012600 0.479755
0.012650 0.448905
0.012700 0.506768
0.012750 0.487060
0.012800 0.438158
0.012850 0.508734
0.012900 0.487750
0.012950 0.416418
0.013000 0.427076
0.013050 0.479072
0.013100 0.417601
0.013150 0.434175
0.013200 0.404111
0.013250 0.418471
0.013300 0.450693
0.013350 0.399737
0.013400 0.449427
0.013450 0.434947
0.013500 0.450187
0.013550 0.405827
0.013600 0.413736
0.013650 0.408104
0.013700 0.427506
0.013750 0.446086
0.013800 0.455518
0.013850 0.378938
0.013900 0.417102
0.013950 0.446506
0.014000 0.450439
0.014050 0.377773
0.014100 0.433727
0.014150 0.442345
0.014200 0.432021
0.014250 0.457971
0.014300 0.424271
0.014350 0.469189
0.014400 0.445853
0.014450 0.405801
0.014500 0.397984
0.014550 0.451174
0.014600 0.421465
0.014650 0.404443
0.014700 0.392319
0.014750 0.441401
0.014800 0.417382
0.014850 0.413140
0.014900 0.397847
0.014950 0.329955
0.015000 0.350836
0.015050 0.404600
0.015100 0.411990
0.015150 0.352930
0.015200 0.436689
0.015250 0.382097
0.015300 0.384121
0.015350 0.447817
0.015400 0.402490
0.015450 0.415050
0.015500 0.419384
0.015550 0.377944
0.015600 0.373713
0.015650 0.393355
0.015700 0.404729
0.015750 0.368859
0.015800 0.413530
0.015850 0.382670
0.015900 0.374213
0.015950 0.408283
0.016000 0.401631
0.016050 0.347949
0.016100 0.411706
0.016150 0.419402
0.016200 0.416162
0.016250 0.393700
0.016300 0.439416
0.016350 0.360298
0.016400 0.419005
0.016450 0.378301
0.016500 0.373677
0.016550 0.385653
0.016600 0.381129
0.016650 0.371261
0.016700 0.388815
0.016750 0.407911
0.016800 0.398572
0.016850 0.382428
0.016900 0.389231
0.016950 0.425033
0.017000 0.408334
0.017050 0.372714
0.017100 0.421539
0.017150 0.375197
0.017200 0.388861
0.017250 0.325869
0.017300 0.419558
0.017350 0.381508
0.017400 0.388185
0.017450 0.339655
0.017500 0.386567
0.017550 0.403997
0.017600 0.353834
0.017650 0.385052
0.017700 0.353025
0.017750 0.360989
0.017800 0.336925
0.017850 0.330951
0.017900 0.400711
0.017950 0.426089
0.018000 0.380954
0.018050 0.369140
0.018100 0.366335
0.018150 0.414863
0.018200 0.356878
0.018250 0.364326
0.018300 0.363793
0.018350 0.352615
0.018400 0.348757
0.018450 0.356739
0.018500 0.394868
0.018550 0.352240
0.018600 0.354803
0.018650 0.394443
0.018700 0.370681
0.018750 0.342997
0.018800 0.407109
0.018850 0.371591
0.018900 0.363864
0.018950 0.350784
0.019000 0.396684
0.019050 0.382618
0.019100 0.355063
0.019150 0.381079
0.019200 0.364591
0.019250 0.354177
0.019300 0.358802
0.019350 0.356894
0.019400 0.344106
0.019450 0.356986
0.019500 0.389933
0.019550 0.364751
0.019600 0.407390
0.019650 0.371580
0.019700 0.385686
0.019750 0.402300
0.019800 0.362690
0.019850 0.359818
0.019900 0.311862
0.019950 0.332770
0.020000 0.369099
0.020050 0.377183
0.020100 0.379709
0.020150 0.386317
0.020200 0.329007
0.020250 0.353307
0.020300 0.403859
0.020350 0.365455
0.020400 0.337833
0.020450 0.348981
0.020500 0.347493
0.020550 0.345605
0.020600 0.327206
0.020650 0.336434
0.020700 0.368992
0.020750 0.363536
0.020800 0.333459
0.020850 0.360871
0.020900 0.309730
0.020950 0.390544
0.021000 0.363340
0.021050 0.394620
0.021100 0.519203
0.021150 0.505617
0.021200 0.539125
0.021250 0.599297
0.021300 0.762387
0.021350 0.883835
0.021400 0.976969
0.021450 1.220827
0.021500 1.639648
0.021550 2.174560
0.021600 2.888530
0.021650 3.702888
0.021700 4.823834
0.021750 6.192660
0.021800 7.574716
0.021850 9.267878
0.021900 10.802099
0.021950 12.558627
0.022000 14.441488
0.022050 15.838226
0.022100 16.488718
0.022150 17.388696
0.022200 17.401172
0.022250 17.249558
0.022300 16.541708
0.022350 15.842962
0.022400 14.566605
0.022450 13.236737
0.022500 11.884983
0.022550 10.277095
0.022600 9.426062
0.022650 8.485598
0.022700 7.708857
0.022750 6.919495
0.022800 6.222101
0.022850 5.638595
0.022900 5.132834
0.022950 4.733130
0.023000 4.404016
0.023050 4.080986
0.023100 3.677531
0.023150 3.581343
0.023200 3.582124
0.023250 3.158328
0.023300 3.076861
0.023350 2.889995
0.023400 2.780682
0.023450 2.601074
0.023500 2.504596
0.023550 2.381044
0.023600 2.347498
0.023650 2.333626
0.023700 2.230346
0.023750 2.177326
0.023800 2.002320
0.023850 1.997800
0.023900 1.912769
0.023950 1.955835
0.024000 1.789927
0.024050 1.849033
0.024100 1.738969
0.024150 1.763735
0.024200 1.672251
0.024250 1.725025
0.024300 1.659782
0.024350 1.554118
0.024400 1.549026
0.024450 1.496864
0.024500 1.425235
0.024550 1.462395
0.024600 1.414990
0.024650 1.458196
0.024700 1.437319
0.024750 1.422767
0.024800 1.406640
0.024850 1.296796
0.024900 1.320526
0.024950 1.433906
0.025000 1.183245
0.025050 1.273451
0.025100 1.283223
0.025150 1.315237
0.025200 1.255539
0.025250 1.234455
0.025300 1.290318
0.025350 1.242380
0.025400 1.347884
0.025450 1.175558
0.025500 1.203558
0.025550 1.155956
0.025600 1.154254
0.025650 1.222970
0.025700 1.168497
0.025750 1.114231
0.025800 1.164093
0.025850 1.199233
0.025900 1.133900
0.025950 1.157118
0.026000 1.153909
0.026050 1.116239
0.026100 1.116541
0.026150 1.094847
0.026200 1.045214
0.026250 1.036336
0.026300 1.031635
0.026350 1.070743
0.026400 1.065649
0.026450 1.155937
0.026500 1.126210
0.026550 1.045252
0.026600 1.061919
0.026650 1.005533
0.026700 1.087406
0.026750 1.070590
0.026800 0.992472
0.026850 1.015072
0.026900 0.946180
0.026950 0.944956
0.027000 1.047069
0.027050 1.031063
0.027100 0.968824
0.027150 0.954668
0.027200 0.992766
0.027250 1.033270
0.027300 0.958044
0.027350 0.964068
0.027400 0.945432
0.027450 1.022956
0.027500 0.911371
0.027550 0.931669
0.027600 0.913380
0.027650 0.873952
0.027700 0.958088
0.027750 0.890904
0.027800 0.893551
0.027850 0.970439
0.027900 0.900177
0.027950 0.929229
0.028000 0.925911
0.028050 0.879313
0.028100 0.969850
0.028150 0.884914
0.028200 0.912537
0.028250 0.874097
0.028300 0.875722
0.028350 0.837040
0.028400 0.873843
0.028450 0.885773
0.028500 0.905772
0.028550 0.856676
0.028600 0.856612
0.028650 0.888704
0.028700 0.838751
0.028750 0.859973
0.028800 0.912476
0.028850 0.876252
0.028900 0.912805
0.028950 0.845159
0.029000 0.877106
0.029050 0.848120
0.029100 0.827741
0.029150 0.809021
0.029200 0.833507
0.029250 0.841137
0.029300 0.791879
0.029350 0.877033
0.029400 0.806549
0.029450 0.827167
0.029500 0.908184
0.029550 0.852280
0.029600 0.821009
0.029650 0.819885
0.029700 0.825907
0.029750 0.796807
0.029800 0.769960
0.029850 0.793820
0.029900 0.838178
0.029950 0.883970
0.030000 0.820620
0.030050 0.759974
0.030100 0.749086
0.030150 0.817280
0.030200 0.830165
0.030250 0.798887
0.030300 0.778391
0.030350 0.676941
0.030400 0.747958
0.030450 0.776028
0.030500 0.800582
0.030550 0.783040
0.030600 0.770327
0.030650 0.818349
0.030700 0.776827
0.030750 0.782545
0.030800 0.690816
0.030850 0.742646
0.030900 0.766885
0.030950 0.745993
0.031000 0.764134
0.031050 0.737590
0.031100 0.735226
0.031150 0.727870
0.031200 0.745490
0.031250 0.724394
0.031300 0.812306
0.031350 0.775678
0.031400 0.713725
0.031450 0.761737
0.031500 0.700826
0.031550 0.726220
0.031600 0.777699
0.031650 0.756523
0.031700 0.763197
0.031750 0.741293
0.031800 0.689994
0.031850 0.688866
0.031900 0.696051
0.031950 0.724401
0.032000 0.747767
0.032050 0.707695
0.032100 0.693809
0.032150 0.710781
0.032200 0.634963
0.032250 0.773275
0.032300 0.745315
0.032350 0.674467
0.032400 0.690267
0.032450 0.694451
0.032500 0.707779
0.032550 0.718571
0.032600 0.701344
0.032650 0.793920
0.032700 0.790646
0.032750 0.704710
0.032800 0.688689
0.032850 0.690371
0.032900 0.746768
0.032950 0.718292
0.033000 0.697628
0.033050 0.636498
0.033100 0.714994
0.033150 0.703552
0.033200 0.680763
0.033250 0.718487
0.033300 0.733046
0.033350 0.695576
0.033400 0.710798
0.033450 0.779028
0.033500 0.643589
0.033550 0.718561
0.033600 0.666681
0.033650 0.646931
0.033700 0.643303
0.033750 0.704565
0.033800 0.726166
0.033850 0.652952
0.033900 0.688063
0.033950 0.641059
0.034000 0.677620
0.034050 0.653654
0.034100 0.643935
0.034150 0.694375
0.034200 0.652571
0.034250 0.702517
0.034300 0.668190
0.034350 0.657802
0.034400 0.692852
0.034450 0.701154
0.034500 0.638328
0.034550 0.687342
0.034600 0.690147
0.034650 0.670765
0.034700 0.660343
0.034750 0.739669
0.034800 0.695977
0.034850 0.635353
0.034900 0.682822
0.034950 0.701804
0.035000 0.669703
0.035050 0.622731
0.035100 0.678205
0.035150 0.648037
0.035200 0.639604
0.035250 0.585254
0.035300 0.646630
0.035350 0.665088
0.035400 0.643929
0.035450 0.640439
0.035500 0.587173
0.035550 0.656867
0.035600 0.540058
0.035650 0.644106
0.035700 0.609176
0.035750 0.640696
0.035800 0.617865
0.035850 0.582023
0.035900 0.595651
0.035950 0.621585
0.036000 0.675034
0.036050 0.590090
0.036100 0.589392
0.036150 0.609696
0.036200 0.620668
0.036250 0.625886
0.036300 0.640585
0.036350 0.623321
0.036400 0.610368
0.036450 0.603940
0.036500 0.642085
0.036550 0.564007
0.036600 0.616824
0.036650 0.535544
0.036700 0.586975
0.036750 0.619489
0.036800 0.637404
0.036850 0.575696
0.036900 0.617205
0.036950 0.610791
0.037000 0.579906
0.037050 0.601586
0.037100 0.629306
0.037150 0.561170
0.037200 0.635807
0.037250 0.560061
0.037300 0.534067
0.037350 0.636633
0.037400 0.577086
0.037450 0.582558
0.037500 0.576795
0.037550 0.549961
0.037600 0.631460
0.037650 0.604716
0.037700 0.618643
0.037750 0.569885
0.037800 0.546679
0.037850 0.654523
0.037900 0.644398
0.037950 0.632720
0.038000 0.611110
0.038050 0.593232
0.038100 0.624123
0.038150 0.577979
0.038200 0.583681
0.038250 0.659119
0.038300 0.585295
0.038350 0.605653
0.038400 0.593800
0.038450 0.568048
0.038500 0.556081
0.038550 0.568007
0.038600 0.585398
0.038650 0.584288
0.038700 0.602556
0.038750 0.604606
0.038800 0.585692
0.038850 0.569824
0.038900 0.665299
0.038950 0.591889
0.039000 0.545538
0.039050 0.588946
0.039100 0.529172
0.039150 0.553848
0.039200 0.570776
0.039250 0.614500
0.039300 0.502572
0.039350 0.611652
0.039400 0.564933
0.039450 0.526733
0.039500 0.583315
0.039550 0.629031
0.039600 0.531394
0.039650 0.578696
0.039700 0.579279
0.039750 0.592607
0.039800 0.530277
0.039850 0.525175
0.039900 0.549624
0.039950 0.566172
0.040000 0.594804
0.040050 0.586658
0.040100 0.537535
0.040150 0.520395
0.040200 0.585308
0.040250 0.571482
0.040300 0.549541
0.040350 0.577621
0.040400 0.544328
0.040450 0.539268
0.040500 0.521220
0.040550 0.577004
0.040600 0.575278
0.040650 0.553202
0.040700 0.527791
0.040750 0.523509
0.040800 0.552715
0.040850 0.542771
0.040900 0.538530
0.040950 0.548220
0.041000 0.568625
0.041050 0.543901
0.041100 0.538845
0.041150 0.562617
0.041200 0.517182
0.041250 0.537668
0.041300 0.565678
0.041350 0.535008
0.041400 0.519984
0.041450 0.546412
0.041500 0.581252
0.041550 0.553824
0.041600 0.605438
0.041650 0.496282
0.041700 0.572944
0.041750 0.537028
0.041800 0.627376
0.041850 0.535370
0.041900 0.505965
0.041950 0.500821
0.042000 0.543602
0.042050 0.544442
0.042100 0.486281
0.042150 0.538483
0.042200 0.562147
0.042250 0.530065
0.042300 0.508039
0.042350 0.524949
0.042400 0.542774
0.042450 0.546218
0.042500 0.534362
0.042550 0.510542
0.042600 0.545501
0.042650 0.529349
0.042700 0.560171
0.042750 0.552587
0.042800 0.484992
0.042850 0.563026
0.042900 0.534823
0.042950 0.545227
0.043000 0.532426
0.043050 0.556652
0.043100 0.515380
0.043150 0.577650
0.043200 0.532017
0.043250 0.481901
0.043300 0.530455
0.043350 0.516687
0.043400 0.526340
0.043450 0.489052
0.043500 0.467319
0.043550 0.574573
0.043600 0.567839
0.043650 0.505151
0.043700 0.535003
0.043750 0.515031
0.043800 0.571295
0.043850 0.565419
0.043900 0.499756
0.043950 0.469954
0.044000 0.486749
0.044050 0.501843
0.044100 0.523175
0.044150 0.486241
0.044200 0.533262
0.044250 0.506910
0.044300 0.504423
0.044350 0.514365
0.044400 0.519012
0.044450 0.474730
0.044500 0.474854
0.044550 0.508880
0.044600 0.523380
0.044650 0.541510
0.044700 0.477366
0.044750 0.487380
0.044800 0.512682
0.044850 0.547054
0.044900 0.506929
0.044950 0.555775
0.045000 0.511986
0.045050 0.454526
0.045100 0.470023
0.045150 0.557897
0.045200 0.543803
0.045250 0.536915
0.045300 0.544521
0.045350 0.554881
0.045400 0.479834
0.045450 0.519204
0.045500 0.526824
0.045550 0.479754
0.045600 0.531138
0.045650 0.496780
0.045700 0.468719
0.045750 0.479043
0.045800 0.503161
0.045850 0.532871
0.045900 0.472621
0.045950 0.471979
0.046000 0.484234
0.046050 0.492846
0.046100 0.472878
0.046150 0.534162
0.046200 0.517025
0.046250 0.498911
0.046300 0.441809
0.046350 0.465263
0.046400 0.476721
0.046450 0.544021
0.046500 0.545442
0.046550 0.485360
0.046600 0.498796
0.046650 0.480524
0.046700 0.505208
0.046750 0.454160
0.046800 0.441370
0.046850 0.469816
0.046900 0.489907
0.046950 0.486567
0.047000 0.523684
0.047050 0.506288
0.047100 0.507701
0.047150 0.494019
0.047200 0.472738
0.047250 0.472206
0.047300 0.458419
0.047350 0.516641
0.047400 0.555123
0.047450 0.520581
0.047500 0.495444
0.047550 0.540680
0.047600 0.433583
0.047650 0.506459
0.047700 0.490754
0.047750 0.465444
0.047800 0.480253
0.047850 0.461583
0.047900 0.459162
0.047950 0.474978
0.048000 0.544664
0.048050 0.509714
0.048100 0.516068
0.048150 0.481958
0.048200 0.467046
0.048250 0.468514
0.048300 0.505770
0.048350 0.454090
0.048400 0.454580
0.048450 0.452166
0.048500 0.468198
0.048550 0.471648
0.048600 0.483870
0.048650 0.440616
0.048700 0.438183
0.048750 0.457219
0.048800 0.433330
0.048850 0.487612
0.048900 0.483325
0.048950 0.434929
0.049000 0.456040
0.049050 0.431066
0.049100 0.502354
0.049150 0.418392
0.049200 0.411993
0.049250 0.556437
0.049300 0.469380
0.049350 0.483826
0.049400 0.474584
0.049450 0.474228
0.049500 0.492704
0.049550 0.484456
0.049600 0.488103
0.049650 0.476855
0.049700 0.448662
0.049750 0.455248
0.049800 0.438927
0.049850 0.431543
0.049900 0.428137
