0.00000	6.12000
0.00005	15.30000
0.00010	3.06000
0.00015	12.24000
0.00020	39.78000
0.00025	15.30000
0.00030	125.46000
0.00035	21.42000
0.00040	-0.00000
0.00045	15.30000
0.00050	33.66000
0.00055	94.86000
0.00060	30.60000
0.00065	45.90000
0.00070	0.00000
0.00075	21.42000
0.00080	33.66000
0.00085	6.12000
0.00090	45.90000
0.00095	30.60000
0.00100	30.60000
0.00105	18.36000
0.00110	94.86000
0.00115	70.38000
0.00120	113.22000
0.00125	162.18000
0.00130	171.36000
0.00135	91.80000
0.00140	198.90000
0.00145	146.88000
0.00150	633.42000
0.00155	685.44000
0.00160	994.50000
0.00165	1009.80000
0.00170	1386.18000
0.00175	1992.06000
0.00180	2187.90000
0.00185	3154.86000
0.00190	3497.58000
0.00195	3873.96000
0.00200	5716.08000
0.00205	4810.32000
0.00210	5348.88000
0.00215	5511.06000
0.00220	5734.44000
0.00225	5921.10000
0.00230	5434.56000
0.00235	4764.42000
0.00240	4225.86000
0.00245	3803.58000
0.00250	3188.52000
0.00255	2974.32000
0.00260	2876.40000
0.00265	2313.36000
0.00270	2206.26000
0.00275	1728.90000
0.00280	1260.72000
0.00285	1533.06000
0.00290	1349.46000
0.00295	1269.90000
0.00300	771.12000
0.00305	685.44000
0.00310	890.46000
0.00315	709.92000
0.00320	559.98000
0.00325	566.10000
0.00330	615.06000
0.00335	712.98000
0.00340	685.44000
0.00345	608.94000
0.00350	327.42000
0.00355	523.26000
0.00360	480.42000
0.00365	593.64000
0.00370	406.98000
0.00375	520.20000
0.00380	480.42000
0.00385	333.54000
0.00390	511.02000
0.00395	293.76000
0.00400	400.86000
0.00405	315.18000
0.00410	284.58000
0.00415	495.72000
0.00420	339.66000
0.00425	361.08000
0.00430	391.68000
0.00435	296.82000
0.00440	281.52000
0.00445	250.92000
0.00450	324.36000
0.00455	382.50000
0.00460	312.12000
0.00465	156.06000
0.00470	269.28000
0.00475	223.38000
0.00480	253.98000
0.00485	312.12000
0.00490	235.62000
0.00495	336.60000
0.00500	312.12000
0.00505	205.02000
0.00510	284.58000
0.00515	278.46000
0.00520	275.40000
0.00525	315.18000
0.00530	367.20000
0.00535	180.54000
0.00540	269.28000
0.00545	342.72000
0.00550	198.90000
0.00555	266.22000
0.00560	250.92000
0.00565	376.38000
0.00570	198.90000
0.00575	192.78000
0.00580	318.24000
0.00585	223.38000
0.00590	290.70000
0.00595	235.62000
0.00600	269.28000
0.00605	348.84000
0.00610	266.22000
0.00615	244.80000
0.00620	165.24000
0.00625	312.12000
0.00630	257.04000
0.00635	278.46000
0.00640	226.44000
0.00645	266.22000
0.00650	220.32000
0.00655	153.00000
0.00660	183.60000
0.00665	134.64000
0.00670	85.68000
0.00675	205.02000
0.00680	260.10000
0.00685	214.20000
0.00690	247.86000
0.00695	183.60000
0.00700	180.54000
0.00705	208.08000
0.00710	284.58000
0.00715	195.84000
0.00720	241.74000
0.00725	156.06000
0.00730	220.32000
0.00735	201.96000
0.00740	162.18000
0.00745	189.72000
0.00750	140.76000
0.00755	177.48000
0.00760	263.16000
0.00765	327.42000
0.00770	385.56000
0.00775	275.40000
0.00780	198.90000
0.00785	244.80000
0.00790	253.98000
0.00795	100.98000
0.00800	97.92000
0.00805	272.34000
0.00810	168.30000
0.00815	208.08000
0.00820	131.58000
0.00825	149.94000
0.00830	153.00000
0.00835	290.70000
0.00840	257.04000
0.00845	137.70000
0.00850	217.26000
0.00855	183.60000
0.00860	177.48000
0.00865	100.98000
0.00870	257.04000
0.00875	186.66000
0.00880	42.84000
0.00885	241.74000
0.00890	208.08000
0.00895	131.58000
0.00900	131.58000
0.00905	113.22000
0.00910	156.06000
0.00915	180.54000
0.00920	131.58000
0.00925	162.18000
0.00930	156.06000
0.00935	137.70000
0.00940	174.42000
0.00945	312.12000
0.00950	211.14000
0.00955	232.56000
0.00960	55.08000
0.00965	116.28000
0.00970	94.86000
0.00975	358.02000
0.00980	131.58000
0.00985	140.76000
0.00990	153.00000
0.00995	159.12000
0.01000	205.02000
0.01005	189.72000
0.01010	134.64000
0.01015	153.00000
0.01020	192.78000
0.01025	149.94000
0.01030	146.88000
0.01035	192.78000
0.01040	110.16000
0.01045	128.52000
0.01050	91.80000
0.01055	140.76000
0.01060	119.34000
0.01065	192.78000
0.01070	116.28000
0.01075	143.82000
0.01080	174.42000
0.01085	159.12000
0.01090	168.30000
0.01095	180.54000
0.01100	211.14000
0.01105	94.86000
0.01110	149.94000
0.01115	238.68000
0.01120	162.18000
0.01125	146.88000
0.01130	73.44000
0.01135	100.98000
0.01140	266.22000
0.01145	189.72000
0.01150	229.50000
0.01155	146.88000
0.01160	159.12000
0.01165	143.82000
0.01170	122.40000
0.01175	174.42000
0.01180	257.04000
0.01185	104.04000
0.01190	250.92000
0.01195	97.92000
0.01200	73.44000
0.01205	156.06000
0.01210	67.32000
0.01215	119.34000
0.01220	85.68000
0.01225	146.88000
0.01230	198.90000
0.01235	235.62000
0.01240	104.04000
0.01245	174.42000
0.01250	64.26000
0.01255	100.98000
0.01260	153.00000
0.01265	140.76000
0.01270	73.44000
0.01275	198.90000
0.01280	146.88000
0.01285	137.70000
0.01290	128.52000
0.01295	122.40000
0.01300	229.50000
0.01305	183.60000
0.01310	214.20000
0.01315	113.22000
0.01320	180.54000
0.01325	171.36000
0.01330	116.28000
0.01335	104.04000
0.01340	201.96000
0.01345	113.22000
0.01350	85.68000
0.01355	122.40000
0.01360	208.08000
0.01365	201.96000
0.01370	183.60000
0.01375	137.70000
0.01380	143.82000
0.01385	110.16000
0.01390	290.70000
0.01395	88.74000
0.01400	162.18000
0.01405	146.88000
0.01410	91.80000
0.01415	220.32000
0.01420	119.34000
0.01425	88.74000
0.01430	122.40000
0.01435	192.78000
0.01440	324.36000
0.01445	156.06000
0.01450	223.38000
0.01455	113.22000
0.01460	183.60000
0.01465	128.52000
0.01470	76.50000
0.01475	180.54000
0.01480	94.86000
0.01485	171.36000
0.01490	137.70000
0.01495	140.76000
0.01500	153.00000
0.01505	91.80000
0.01510	110.16000
0.01515	61.20000
0.01520	94.86000
0.01525	85.68000
0.01530	208.08000
0.01535	125.46000
0.01540	48.96000
0.01545	146.88000
0.01550	140.76000
0.01555	171.36000
0.01560	183.60000
0.01565	229.50000
0.01570	113.22000
0.01575	205.02000
0.01580	91.80000
0.01585	122.40000
0.01590	85.68000
0.01595	64.26000
0.01600	52.02000
0.01605	165.24000
0.01610	88.74000
0.01615	119.34000
0.01620	168.30000
0.01625	146.88000
0.01630	107.10000
0.01635	174.42000
0.01640	94.86000
0.01645	174.42000
0.01650	220.32000
0.01655	76.50000
0.01660	70.38000
0.01665	177.48000
0.01670	125.46000
0.01675	122.40000
0.01680	100.98000
0.01685	128.52000
0.01690	79.56000
0.01695	180.54000
0.01700	79.56000
0.01705	88.74000
0.01710	73.44000
0.01715	257.04000
0.01720	94.86000
0.01725	128.52000
0.01730	143.82000
0.01735	146.88000
0.01740	52.02000
0.01745	116.28000
0.01750	76.50000
0.01755	61.20000
0.01760	94.86000
0.01765	183.60000
0.01770	195.84000
0.01775	205.02000
0.01780	134.64000
0.01785	48.96000
0.01790	122.40000
0.01795	128.52000
0.01800	192.78000
0.01805	52.02000
0.01810	30.60000
0.01815	146.88000
0.01820	48.96000
0.01825	97.92000
0.01830	146.88000
0.01835	67.32000
0.01840	85.68000
0.01845	137.70000
0.01850	116.28000
0.01855	201.96000
0.01860	97.92000
0.01865	165.24000
0.01870	156.06000
0.01875	134.64000
0.01880	100.98000
0.01885	113.22000
0.01890	189.72000
0.01895	131.58000
0.01900	174.42000
0.01905	52.02000
0.01910	70.38000
0.01915	85.68000
0.01920	85.68000
0.01925	79.56000
0.01930	143.82000
0.01935	18.36000
0.01940	70.38000
0.01945	186.66000
0.01950	70.38000
0.01955	104.04000
0.01960	107.10000
0.01965	39.78000
0.01970	107.10000
0.01975	131.58000
0.01980	73.44000
0.01985	195.84000
0.01990	94.86000
0.01995	88.74000
0.02000	131.58000
0.02005	134.64000
0.02010	165.24000
0.02015	122.40000
0.02020	131.58000
0.02025	146.88000
0.02030	131.58000
0.02035	156.06000
0.02040	94.86000
0.02045	61.20000
0.02050	180.54000
0.02055	45.90000
0.02060	257.04000
0.02065	293.76000
0.02070	177.48000
0.02075	107.10000
0.02080	79.56000
0.02085	67.32000
0.02090	94.86000
0.02095	229.50000
0.02100	140.76000
0.02105	140.76000
0.02110	180.54000
0.02115	104.04000
0.02120	70.38000
0.02125	140.76000
0.02130	64.26000
0.02135	42.84000
0.02140	122.40000
0.02145	125.46000
0.02150	159.12000
0.02155	186.66000
0.02160	67.32000
0.02165	183.60000
0.02170	125.46000
0.02175	153.00000
0.02180	67.32000
0.02185	128.52000
0.02190	107.10000
0.02195	97.92000
0.02200	131.58000
0.02205	64.26000
0.02210	97.92000
0.02215	143.82000
0.02220	45.90000
0.02225	128.52000
0.02230	159.12000
0.02235	73.44000
0.02240	76.50000
0.02245	131.58000
0.02250	143.82000
0.02255	100.98000
0.02260	177.48000
0.02265	134.64000
0.02270	128.52000
0.02275	134.64000
0.02280	116.28000
0.02285	125.46000
0.02290	217.26000
0.02295	85.68000
0.02300	128.52000
0.02305	223.38000
0.02310	183.60000
0.02315	104.04000
0.02320	70.38000
0.02325	58.14000
0.02330	162.18000
0.02335	45.90000
0.02340	55.08000
0.02345	137.70000
0.02350	122.40000
0.02355	70.38000
0.02360	42.84000
0.02365	39.78000
0.02370	146.88000
0.02375	146.88000
0.02380	113.22000
0.02385	131.58000
0.02390	162.18000
0.02395	76.50000
0.02400	214.20000
0.02405	88.74000
0.02410	100.98000
0.02415	76.50000
0.02420	156.06000
0.02425	88.74000
0.02430	153.00000
0.02435	140.76000
0.02440	153.00000
0.02445	122.40000
0.02450	85.68000
0.02455	140.76000
0.02460	61.20000
0.02465	177.48000
0.02470	73.44000
0.02475	48.96000
0.02480	85.68000
0.02485	100.98000
0.02490	113.22000
0.02495	70.38000
0.02500	140.76000
0.02505	104.04000
0.02510	113.22000
0.02515	119.34000
0.02520	134.64000
0.02525	67.32000
0.02530	94.86000
0.02535	143.82000
0.02540	97.92000
0.02545	211.14000
0.02550	88.74000
0.02555	140.76000
0.02560	70.38000
0.02565	110.16000
0.02570	67.32000
0.02575	55.08000
0.02580	88.74000
0.02585	146.88000
0.02590	140.76000
0.02595	104.04000
0.02600	67.32000
0.02605	67.32000
0.02610	58.14000
0.02615	134.64000
0.02620	174.42000
0.02625	137.70000
0.02630	79.56000
0.02635	85.68000
0.02640	73.44000
0.02645	97.92000
0.02650	134.64000
0.02655	171.36000
0.02660	137.70000
0.02665	107.10000
0.02670	70.38000
0.02675	104.04000
0.02680	94.86000
0.02685	61.20000
0.02690	113.22000
0.02695	153.00000
0.02700	168.30000
0.02705	143.82000
0.02710	76.50000
0.02715	116.28000
0.02720	247.86000
0.02725	110.16000
0.02730	52.02000
0.02735	116.28000
0.02740	82.62000
0.02745	88.74000
0.02750	39.78000
0.02755	79.56000
0.02760	70.38000
0.02765	183.60000
0.02770	82.62000
0.02775	100.98000
0.02780	192.78000
0.02785	97.92000
0.02790	79.56000
0.02795	48.96000
0.02800	58.14000
0.02805	100.98000
0.02810	36.72000
0.02815	58.14000
0.02820	45.90000
0.02825	67.32000
0.02830	128.52000
0.02835	52.02000
0.02840	94.86000
0.02845	82.62000
0.02850	156.06000
0.02855	171.36000
0.02860	116.28000
0.02865	36.72000
0.02870	247.86000
0.02875	195.84000
0.02880	177.48000
0.02885	82.62000
0.02890	55.08000
0.02895	110.16000
0.02900	36.72000
0.02905	79.56000
0.02910	131.58000
0.02915	67.32000
0.02920	107.10000
0.02925	104.04000
0.02930	82.62000
0.02935	85.68000
0.02940	94.86000
0.02945	24.48000
0.02950	67.32000
0.02955	79.56000
0.02960	64.26000
0.02965	122.40000
0.02970	24.48000
0.02975	94.86000
0.02980	235.62000
0.02985	67.32000
0.02990	76.50000
0.02995	122.40000
0.03000	42.84000
0.03005	91.80000
0.03010	61.20000
0.03015	94.86000
0.03020	140.76000
0.03025	15.30000
0.03030	33.66000
0.03035	97.92000
0.03040	107.10000
0.03045	76.50000
0.03050	100.98000
0.03055	97.92000
0.03060	79.56000
0.03065	73.44000
0.03070	116.28000
0.03075	85.68000
0.03080	156.06000
0.03085	55.08000
0.03090	134.64000
0.03095	177.48000
0.03100	174.42000
0.03105	64.26000
0.03110	85.68000
0.03115	137.70000
0.03120	55.08000
0.03125	88.74000
0.03130	189.72000
0.03135	162.18000
0.03140	128.52000
0.03145	137.70000
0.03150	48.96000
0.03155	39.78000
0.03160	48.96000
0.03165	104.04000
0.03170	113.22000
0.03175	76.50000
0.03180	61.20000
0.03185	107.10000
0.03190	85.68000
0.03195	58.14000
0.03200	58.14000
0.03205	73.44000
0.03210	94.86000
0.03215	61.20000
0.03220	33.66000
0.03225	76.50000
0.03230	119.34000
0.03235	67.32000
0.03240	100.98000
0.03245	79.56000
0.03250	100.98000
0.03255	134.64000
0.03260	70.38000
0.03265	113.22000
0.03270	33.66000
0.03275	73.44000
0.03280	58.14000
0.03285	64.26000
0.03290	42.84000
0.03295	39.78000
0.03300	52.02000
0.03305	61.20000
0.03310	110.16000
0.03315	113.22000
0.03320	18.36000
0.03325	76.50000
0.03330	137.70000
0.03335	91.80000
0.03340	58.14000
0.03345	24.48000
0.03350	79.56000
0.03355	73.44000
0.03360	33.66000
0.03365	61.20000
0.03370	67.32000
0.03375	61.20000
0.03380	36.72000
0.03385	85.68000
0.03390	100.98000
0.03395	73.44000
0.03400	73.44000
0.03405	55.08000
0.03410	15.30000
0.03415	70.38000
0.03420	97.92000
0.03425	52.02000
0.03430	104.04000
0.03435	70.38000
0.03440	79.56000
0.03445	131.58000
0.03450	94.86000
0.03455	97.92000
0.03460	195.84000
0.03465	134.64000
0.03470	61.20000
0.03475	64.26000
0.03480	79.56000
0.03485	45.90000
0.03490	76.50000
0.03495	64.26000
0.03500	113.22000
0.03505	159.12000
0.03510	201.96000
0.03515	55.08000
0.03520	42.84000
0.03525	85.68000
0.03530	64.26000
0.03535	55.08000
0.03540	45.90000
0.03545	45.90000
0.03550	73.44000
0.03555	107.10000
0.03560	88.74000
0.03565	146.88000
0.03570	113.22000
0.03575	58.14000
0.03580	100.98000
0.03585	100.98000
0.03590	131.58000
0.03595	113.22000
0.03600	55.08000
0.03605	116.28000
0.03610	149.94000
0.03615	48.96000
0.03620	12.24000
0.03625	88.74000
0.03630	97.92000
0.03635	82.62000
0.03640	94.86000
0.03645	91.80000
0.03650	110.16000
0.03655	97.92000
0.03660	42.84000
0.03665	70.38000
0.03670	116.28000
0.03675	125.46000
0.03680	48.96000
0.03685	88.74000
0.03690	88.74000
0.03695	45.90000
0.03700	82.62000
0.03705	88.74000
0.03710	45.90000
0.03715	64.26000
0.03720	107.10000
0.03725	128.52000
0.03730	110.16000
0.03735	18.36000
0.03740	67.32000
0.03745	110.16000
0.03750	76.50000
0.03755	70.38000
0.03760	76.50000
0.03765	100.98000
0.03770	45.90000
0.03775	73.44000
0.03780	113.22000
0.03785	119.34000
0.03790	85.68000
0.03795	39.78000
0.03800	113.22000
0.03805	39.78000
0.03810	55.08000
0.03815	70.38000
0.03820	146.88000
0.03825	24.48000
0.03830	125.46000
0.03835	42.84000
0.03840	76.50000
0.03845	85.68000
0.03850	180.54000
0.03855	192.78000
0.03860	113.22000
0.03865	76.50000
0.03870	61.20000
0.03875	137.70000
0.03880	61.20000
0.03885	94.86000
0.03890	82.62000
0.03895	52.02000
0.03900	100.98000
0.03905	153.00000
0.03910	104.04000
0.03915	128.52000
0.03920	107.10000
0.03925	48.96000
0.03930	64.26000
0.03935	61.20000
0.03940	94.86000
0.03945	52.02000
0.03950	79.56000
0.03955	52.02000
0.03960	73.44000
0.03965	76.50000
0.03970	146.88000
0.03975	61.20000
0.03980	104.04000
0.03985	94.86000
0.03990	24.48000
0.03995	100.98000
0.04000	52.02000
0.04005	15.30000
0.04010	110.16000
0.04015	15.30000
0.04020	113.22000
0.04025	21.42000
0.04030	76.50000
0.04035	12.24000
0.04040	70.38000
0.04045	79.56000
0.04050	79.56000
0.04055	12.24000
0.04060	55.08000
0.04065	85.68000
0.04070	177.48000
0.04075	143.82000
0.04080	79.56000
0.04085	64.26000
0.04090	143.82000
0.04095	70.38000
0.04100	73.44000
0.04105	140.76000
0.04110	82.62000
0.04115	45.90000
0.04120	88.74000
0.04125	64.26000
0.04130	64.26000
0.04135	70.38000
0.04140	21.42000
0.04145	58.14000
0.04150	55.08000
0.04155	107.10000
0.04160	33.66000
0.04165	52.02000
0.04170	79.56000
0.04175	55.08000
0.04180	33.66000
0.04185	73.44000
0.04190	45.90000
0.04195	128.52000
0.04200	55.08000
0.04205	48.96000
0.04210	55.08000
0.04215	15.30000
0.04220	58.14000
0.04225	52.02000
0.04230	67.32000
0.04235	70.38000
0.04240	64.26000
0.04245	33.66000
0.04250	30.60000
0.04255	116.28000
0.04260	85.68000
0.04265	186.66000
0.04270	149.94000
0.04275	18.36000
0.04280	97.92000
0.04285	76.50000
0.04290	149.94000
0.04295	42.84000
0.04300	52.02000
0.04305	85.68000
0.04310	79.56000
0.04315	48.96000
0.04320	55.08000
0.04325	64.26000
0.04330	107.10000
0.04335	58.14000
0.04340	70.38000
0.04345	94.86000
0.04350	64.26000
0.04355	82.62000
0.04360	61.20000
0.04365	58.14000
0.04370	39.78000
0.04375	55.08000
0.04380	64.26000
0.04385	91.80000
0.04390	88.74000
0.04395	94.86000
0.04400	88.74000
0.04405	88.74000
0.04410	70.38000
0.04415	104.04000
0.04420	48.96000
0.04425	104.04000
0.04430	55.08000
0.04435	21.42000
0.04440	110.16000
0.04445	73.44000
0.04450	85.68000
0.04455	100.98000
0.04460	61.20000
0.04465	39.78000
0.04470	55.08000
0.04475	24.48000
0.04480	55.08000
0.04485	33.66000
0.04490	67.32000
0.04495	79.56000
0.04500	91.80000
0.04505	30.60000
0.04510	70.38000
0.04515	91.80000
0.04520	39.78000
0.04525	116.28000
0.04530	45.90000
0.04535	64.26000
0.04540	116.28000
0.04545	73.44000
0.04550	82.62000
0.04555	64.26000
0.04560	94.86000
0.04565	104.04000
0.04570	67.32000
0.04575	91.80000
0.04580	91.80000
0.04585	97.92000
0.04590	6.12000
0.04595	70.38000
0.04600	122.40000
0.04605	85.68000
0.04610	61.20000
0.04615	82.62000
0.04620	153.00000
0.04625	94.86000
0.04630	52.02000
0.04635	116.28000
0.04640	137.70000
0.04645	64.26000
0.04650	58.14000
0.04655	119.34000
0.04660	116.28000
0.04665	116.28000
0.04670	58.14000
0.04675	61.20000
0.04680	64.26000
0.04685	76.50000
0.04690	168.30000
0.04695	140.76000
0.04700	180.54000
0.04705	67.32000
0.04710	33.66000
0.04715	104.04000
0.04720	21.42000
0.04725	76.50000
0.04730	73.44000
0.04735	42.84000
0.04740	104.04000
0.04745	91.80000
0.04750	128.52000
0.04755	79.56000
0.04760	79.56000
0.04765	79.56000
0.04770	85.68000
0.04775	27.54000
0.04780	131.58000
0.04785	82.62000
0.04790	73.44000
0.04795	61.20000
0.04800	76.50000
0.04805	122.40000
0.04810	42.84000
0.04815	15.30000
0.04820	21.42000
0.04825	79.56000
0.04830	153.00000
0.04835	61.20000
0.04840	45.90000
0.04845	134.64000
0.04850	21.42000
0.04855	85.68000
0.04860	33.66000
0.04865	18.36000
0.04870	18.36000
0.04875	67.32000
0.04880	15.30000
0.04885	42.84000
0.04890	24.48000
0.04895	88.74000
0.04900	94.86000
0.04905	58.14000
0.04910	42.84000
0.04915	85.68000
0.04920	52.02000
0.04925	42.84000
0.04930	67.32000
0.04935	52.02000
0.04940	58.14000
0.04945	113.22000
0.04950	52.02000
0.04955	146.88000
0.04960	162.18000
0.04965	27.54000
0.04970	42.84000
0.04975	33.66000
0.04980	24.48000
0.04985	97.92000
0.04990	153.00000
0.04995	94.86000
0.05000	82.62000
0.05005	94.86000
0.05010	134.64000
0.05015	82.62000
0.05020	91.80000
0.05025	9.18000
0.05030	79.56000
0.05035	64.26000
0.05040	91.80000
0.05045	36.72000
0.05050	58.14000
0.05055	116.28000
0.05060	70.38000
0.05065	42.84000
0.05070	94.86000
0.05075	82.62000
0.05080	39.78000
0.05085	48.96000
0.05090	39.78000
0.05095	70.38000
0.05100	70.38000
0.05105	48.96000
0.05110	119.34000
0.05115	67.32000
0.05120	55.08000
0.05125	110.16000
0.05130	76.50000
0.05135	9.18000
0.05140	104.04000
0.05145	100.98000
0.05150	162.18000
0.05155	64.26000
0.05160	18.36000
0.05165	61.20000
0.05170	82.62000
0.05175	76.50000
0.05180	58.14000
0.05185	58.14000
0.05190	55.08000
0.05195	52.02000
0.05200	128.52000
0.05205	73.44000
0.05210	119.34000
0.05215	94.86000
0.05220	88.74000
0.05225	76.50000
0.05230	134.64000
0.05235	39.78000
0.05240	61.20000
0.05245	52.02000
0.05250	91.80000
0.05255	119.34000
0.05260	27.54000
0.05265	82.62000
0.05270	30.60000
0.05275	64.26000
0.05280	61.20000
0.05285	266.22000
0.05290	149.94000
0.05295	91.80000
0.05300	24.48000
0.05305	88.74000
0.05310	159.12000
0.05315	61.20000
0.05320	73.44000
0.05325	79.56000
0.05330	61.20000
0.05335	58.14000
0.05340	64.26000
0.05345	88.74000
0.05350	61.20000
0.05355	94.86000
0.05360	45.90000
0.05365	70.38000
0.05370	82.62000
0.05375	64.26000
0.05380	79.56000
0.05385	76.50000
0.05390	91.80000
0.05395	55.08000
0.05400	76.50000
0.05405	45.90000
0.05410	24.48000
0.05415	94.86000
0.05420	67.32000
0.05425	42.84000
0.05430	45.90000
0.05435	76.50000
0.05440	42.84000
0.05445	12.24000
0.05450	58.14000
0.05455	73.44000
0.05460	107.10000
0.05465	146.88000
0.05470	107.10000
0.05475	82.62000
0.05480	122.40000
0.05485	73.44000
0.05490	48.96000
0.05495	52.02000
0.05500	55.08000
0.05505	79.56000
0.05510	67.32000
0.05515	39.78000
0.05520	85.68000
0.05525	24.48000
0.05530	48.96000
0.05535	122.40000
0.05540	58.14000
0.05545	91.80000
0.05550	97.92000
0.05555	85.68000
0.05560	79.56000
0.05565	85.68000
0.05570	85.68000
0.05575	18.36000
0.05580	39.78000
0.05585	131.58000
0.05590	48.96000
0.05595	30.60000
0.05600	107.10000
0.05605	33.66000
0.05610	48.96000
0.05615	30.60000
0.05620	42.84000
0.05625	21.42000
0.05630	36.72000
0.05635	39.78000
0.05640	70.38000
0.05645	79.56000
0.05650	122.40000
0.05655	131.58000
0.05660	88.74000
0.05665	76.50000
0.05670	70.38000
0.05675	94.86000
0.05680	91.80000
0.05685	55.08000
0.05690	21.42000
0.05695	91.80000
0.05700	73.44000
0.05705	30.60000
0.05710	52.02000
0.05715	61.20000
0.05720	45.90000
0.05725	91.80000
0.05730	64.26000
0.05735	52.02000
0.05740	30.60000
0.05745	100.98000
0.05750	21.42000
0.05755	125.46000
0.05760	94.86000
0.05765	165.24000
0.05770	100.98000
0.05775	6.12000
0.05780	100.98000
0.05785	61.20000
0.05790	33.66000
0.05795	6.12000
0.05800	113.22000
0.05805	79.56000
0.05810	58.14000
0.05815	107.10000
0.05820	91.80000
0.05825	9.18000
0.05830	39.78000
0.05835	82.62000
0.05840	94.86000
0.05845	18.36000
0.05850	67.32000
0.05855	162.18000
0.05860	55.08000
0.05865	67.32000
0.05870	52.02000
0.05875	27.54000
0.05880	226.44000
0.05885	45.90000
0.05890	125.46000
0.05895	73.44000
0.05900	73.44000
0.05905	36.72000
0.05910	58.14000
0.05915	9.18000
0.05920	36.72000
0.05925	30.60000
0.05930	134.64000
0.05935	55.08000
0.05940	64.26000
0.05945	52.02000
0.05950	149.94000
0.05955	21.42000
0.05960	42.84000
0.05965	9.18000
0.05970	21.42000
0.05975	73.44000
0.05980	27.54000
0.05985	94.86000
0.05990	104.04000
0.05995	15.30000
0.06000	88.74000
0.06005	73.44000
0.06010	88.74000
0.06015	27.54000
0.06020	76.50000
0.06025	36.72000
0.06030	52.02000
0.06035	48.96000
0.06040	88.74000
0.06045	55.08000
0.06050	58.14000
0.06055	88.74000
0.06060	253.98000
0.06065	58.14000
0.06070	36.72000
0.06075	100.98000
0.06080	131.58000
0.06085	67.32000
0.06090	52.02000
0.06095	39.78000
0.06100	52.02000
0.06105	104.04000
0.06110	36.72000
0.06115	165.24000
0.06120	45.90000
0.06125	52.02000
0.06130	27.54000
0.06135	45.90000
0.06140	-0.00000
0.06145	36.72000
0.06150	61.20000
0.06155	85.68000
0.06160	52.02000
0.06165	61.20000
0.06170	119.34000
0.06175	100.98000
0.06180	30.60000
0.06185	42.84000
0.06190	79.56000
0.06195	107.10000
0.06200	55.08000
0.06205	85.68000
0.06210	48.96000
0.06215	100.98000
0.06220	113.22000
0.06225	134.64000
0.06230	58.14000
0.06235	67.32000
0.06240	33.66000
0.06245	24.48000
0.06250	67.32000
0.06255	27.54000
0.06260	100.98000
0.06265	67.32000
0.06270	79.56000
0.06275	85.68000
0.06280	107.10000
0.06285	67.32000
0.06290	39.78000
0.06295	58.14000
0.06300	85.68000
0.06305	27.54000
0.06310	61.20000
0.06315	94.86000
0.06320	91.80000
0.06325	58.14000
0.06330	67.32000
0.06335	48.96000
0.06340	42.84000
0.06345	39.78000
0.06350	94.86000
0.06355	104.04000
0.06360	21.42000
0.06365	15.30000
0.06370	61.20000
0.06375	122.40000
0.06380	97.92000
0.06385	82.62000
0.06390	36.72000
0.06395	113.22000
0.06400	30.60000
0.06405	79.56000
0.06410	64.26000
0.06415	27.54000
0.06420	3.06000
0.06425	91.80000
0.06430	52.02000
0.06435	140.76000
0.06440	48.96000
0.06445	55.08000
0.06450	36.72000
0.06455	85.68000
0.06460	39.78000
0.06465	48.96000
0.06470	183.60000
0.06475	85.68000
0.06480	21.42000
0.06485	55.08000
0.06490	24.48000
0.06495	82.62000
0.06500	82.62000
0.06505	79.56000
0.06510	119.34000
0.06515	45.90000
0.06520	42.84000
0.06525	58.14000
0.06530	104.04000
0.06535	79.56000
0.06540	55.08000
0.06545	156.06000
0.06550	156.06000
0.06555	76.50000
0.06560	67.32000
0.06565	85.68000
0.06570	113.22000
0.06575	55.08000
0.06580	58.14000
0.06585	52.02000
0.06590	94.86000
0.06595	110.16000
0.06600	9.18000
0.06605	79.56000
0.06610	58.14000
0.06615	30.60000
0.06620	85.68000
0.06625	39.78000
0.06630	76.50000
0.06635	79.56000
0.06640	64.26000
0.06645	67.32000
0.06650	67.32000
0.06655	79.56000
0.06660	79.56000
0.06665	55.08000
0.06670	33.66000
0.06675	9.18000
0.06680	76.50000
0.06685	42.84000
0.06690	15.30000
0.06695	67.32000
0.06700	24.48000
0.06705	70.38000
0.06710	58.14000
0.06715	125.46000
0.06720	79.56000
0.06725	88.74000
0.06730	27.54000
0.06735	64.26000
0.06740	45.90000
0.06745	24.48000
0.06750	24.48000
0.06755	18.36000
0.06760	61.20000
0.06765	61.20000
0.06770	82.62000
0.06775	30.60000
0.06780	33.66000
0.06785	48.96000
0.06790	42.84000
0.06795	45.90000
0.06800	149.94000
0.06805	67.32000
0.06810	52.02000
0.06815	45.90000
0.06820	146.88000
0.06825	67.32000
0.06830	107.10000
0.06835	82.62000
0.06840	39.78000
0.06845	88.74000
0.06850	58.14000
0.06855	39.78000
0.06860	39.78000
0.06865	12.24000
0.06870	67.32000
0.06875	70.38000
0.06880	12.24000
0.06885	156.06000
0.06890	24.48000
0.06895	107.10000
0.06900	39.78000
0.06905	48.96000
0.06910	82.62000
0.06915	122.40000
0.06920	48.96000
0.06925	70.38000
0.06930	48.96000
0.06935	9.18000
0.06940	33.66000
0.06945	64.26000
0.06950	73.44000
0.06955	85.68000
0.06960	67.32000
0.06965	58.14000
0.06970	55.08000
0.06975	79.56000
0.06980	119.34000
0.06985	82.62000
0.06990	64.26000
0.06995	48.96000
0.07000	18.36000
0.07005	45.90000
0.07010	61.20000
0.07015	33.66000
0.07020	52.02000
0.07025	61.20000
0.07030	33.66000
0.07035	48.96000
0.07040	183.60000
0.07045	33.66000
0.07050	104.04000
0.07055	94.86000
0.07060	58.14000
0.07065	27.54000
0.07070	6.12000
0.07075	52.02000
0.07080	58.14000
0.07085	153.00000
0.07090	113.22000
0.07095	85.68000
0.07100	45.90000
0.07105	45.90000
0.07110	85.68000
0.07115	30.60000
0.07120	33.66000
0.07125	30.60000
0.07130	67.32000
0.07135	64.26000
0.07140	67.32000
0.07145	30.60000
0.07150	134.64000
0.07155	24.48000
0.07160	104.04000
0.07165	61.20000
0.07170	104.04000
0.07175	119.34000
0.07180	12.24000
0.07185	18.36000
0.07190	110.16000
0.07195	85.68000
0.07200	21.42000
0.07205	82.62000
0.07210	149.94000
0.07215	45.90000
0.07220	39.78000
0.07225	110.16000
0.07230	39.78000
0.07235	94.86000
0.07240	70.38000
0.07245	52.02000
0.07250	61.20000
0.07255	45.90000
0.07260	42.84000
0.07265	36.72000
0.07270	58.14000
0.07275	39.78000
0.07280	24.48000
0.07285	24.48000
0.07290	27.54000
0.07295	45.90000
0.07300	67.32000
0.07305	12.24000
0.07310	21.42000
0.07315	55.08000
0.07320	88.74000
0.07325	24.48000
0.07330	39.78000
0.07335	36.72000
0.07340	61.20000
0.07345	33.66000
0.07350	79.56000
0.07355	104.04000
0.07360	67.32000
0.07365	48.96000
0.07370	88.74000
0.07375	36.72000
0.07380	116.28000
0.07385	79.56000
0.07390	64.26000
0.07395	79.56000
0.07400	58.14000
0.07405	52.02000
0.07410	73.44000
0.07415	107.10000
0.07420	67.32000
0.07425	116.28000
0.07430	100.98000
0.07435	58.14000
0.07440	94.86000
0.07445	113.22000
0.07450	85.68000
0.07455	70.38000
0.07460	39.78000
0.07465	45.90000
0.07470	42.84000
0.07475	67.32000
0.07480	192.78000
0.07485	61.20000
0.07490	205.02000
0.07495	15.30000
0.07500	79.56000
0.07505	18.36000
0.07510	104.04000
0.07515	104.04000
0.07520	52.02000
0.07525	55.08000
0.07530	52.02000
0.07535	61.20000
0.07540	18.36000
0.07545	131.58000
0.07550	24.48000
0.07555	45.90000
0.07560	67.32000
0.07565	100.98000
0.07570	55.08000
0.07575	55.08000
0.07580	82.62000
0.07585	45.90000
0.07590	33.66000
0.07595	48.96000
0.07600	91.80000
0.07605	85.68000
0.07610	119.34000
0.07615	70.38000
0.07620	61.20000
0.07625	36.72000
0.07630	61.20000
0.07635	55.08000
0.07640	39.78000
0.07645	52.02000
0.07650	42.84000
0.07655	79.56000
0.07660	67.32000
0.07665	64.26000
0.07670	73.44000
0.07675	52.02000
0.07680	82.62000
0.07685	42.84000
0.07690	70.38000
0.07695	45.90000
0.07700	58.14000
0.07705	73.44000
0.07710	39.78000
0.07715	119.34000
0.07720	76.50000
0.07725	70.38000
0.07730	18.36000
0.07735	85.68000
0.07740	33.66000
0.07745	67.32000
0.07750	27.54000
0.07755	15.30000
0.07760	39.78000
0.07765	82.62000
0.07770	85.68000
0.07775	61.20000
0.07780	76.50000
0.07785	64.26000
0.07790	128.52000
0.07795	82.62000
0.07800	48.96000
0.07805	42.84000
0.07810	55.08000
0.07815	12.24000
0.07820	61.20000
0.07825	27.54000
0.07830	100.98000
0.07835	33.66000
0.07840	67.32000
0.07845	73.44000
0.07850	55.08000
0.07855	91.80000
0.07860	24.48000
0.07865	27.54000
0.07870	88.74000
0.07875	27.54000
0.07880	39.78000
0.07885	12.24000
0.07890	113.22000
0.07895	159.12000
0.07900	198.90000
0.07905	88.74000
0.07910	61.20000
0.07915	55.08000
0.07920	18.36000
0.07925	64.26000
0.07930	171.36000
0.07935	42.84000
0.07940	52.02000
0.07945	48.96000
0.07950	128.52000
0.07955	119.34000
0.07960	30.60000
0.07965	48.96000
0.07970	52.02000
0.07975	107.10000
0.07980	48.96000
0.07985	73.44000
0.07990	94.86000
0.07995	33.66000
0.08000	33.66000
0.08005	82.62000
0.08010	55.08000
0.08015	52.02000
0.08020	21.42000
0.08025	168.30000
0.08030	73.44000
0.08035	61.20000
0.08040	55.08000
0.08045	70.38000
0.08050	52.02000
0.08055	70.38000
0.08060	82.62000
0.08065	42.84000
0.08070	36.72000
0.08075	64.26000
0.08080	122.40000
0.08085	18.36000
0.08090	131.58000
0.08095	122.40000
0.08100	27.54000
0.08105	61.20000
0.08110	21.42000
0.08115	61.20000
0.08120	64.26000
0.08125	33.66000
0.08130	107.10000
0.08135	76.50000
0.08140	131.58000
0.08145	39.78000
0.08150	27.54000
0.08155	79.56000
0.08160	61.20000
0.08165	52.02000
0.08170	113.22000
0.08175	64.26000
0.08180	128.52000
0.08185	48.96000
0.08190	48.96000
0.08195	48.96000
0.08200	33.66000
0.08205	45.90000
0.08210	94.86000
0.08215	85.68000
0.08220	15.30000
0.08225	104.04000
0.08230	125.46000
0.08235	73.44000
0.08240	42.84000
0.08245	52.02000
0.08250	88.74000
0.08255	82.62000
0.08260	110.16000
0.08265	36.72000
0.08270	140.76000
0.08275	131.58000
0.08280	64.26000
0.08285	82.62000
0.08290	134.64000
0.08295	76.50000
0.08300	70.38000
0.08305	76.50000
0.08310	36.72000
0.08315	33.66000
0.08320	134.64000
0.08325	88.74000
0.08330	52.02000
0.08335	61.20000
0.08340	24.48000
0.08345	171.36000
0.08350	42.84000
0.08355	18.36000
0.08360	58.14000
0.08365	61.20000
0.08370	97.92000
0.08375	45.90000
0.08380	39.78000
0.08385	73.44000
0.08390	113.22000
0.08395	67.32000
0.08400	48.96000
0.08405	36.72000
0.08410	171.36000
0.08415	125.46000
0.08420	113.22000
0.08425	36.72000
0.08430	45.90000
0.08435	140.76000
0.08440	61.20000
0.08445	33.66000
0.08450	73.44000
0.08455	100.98000
0.08460	61.20000
0.08465	143.82000
0.08470	48.96000
0.08475	97.92000
0.08480	88.74000
0.08485	116.28000
0.08490	39.78000
0.08495	125.46000
0.08500	85.68000
0.08505	21.42000
0.08510	88.74000
0.08515	52.02000
0.08520	79.56000
0.08525	48.96000
0.08530	82.62000
0.08535	3.06000
0.08540	88.74000
0.08545	42.84000
0.08550	48.96000
0.08555	94.86000
0.08560	48.96000
0.08565	73.44000
0.08570	125.46000
0.08575	100.98000
0.08580	79.56000
0.08585	100.98000
0.08590	21.42000
0.08595	18.36000
0.08600	61.20000
0.08605	55.08000
0.08610	24.48000
0.08615	18.36000
0.08620	58.14000
0.08625	131.58000
0.08630	45.90000
0.08635	52.02000
0.08640	88.74000
0.08645	64.26000
0.08650	55.08000
0.08655	85.68000
0.08660	52.02000
0.08665	36.72000
0.08670	61.20000
0.08675	79.56000
0.08680	76.50000
0.08685	52.02000
0.08690	55.08000
0.08695	73.44000
0.08700	67.32000
0.08705	42.84000
0.08710	91.80000
0.08715	67.32000
0.08720	82.62000
0.08725	58.14000
0.08730	61.20000
0.08735	27.54000
0.08740	64.26000
0.08745	58.14000
0.08750	131.58000
0.08755	48.96000
0.08760	70.38000
0.08765	18.36000
0.08770	88.74000
0.08775	27.54000
0.08780	76.50000
0.08785	36.72000
0.08790	42.84000
0.08795	21.42000
0.08800	91.80000
0.08805	27.54000
0.08810	64.26000
0.08815	149.94000
0.08820	61.20000
0.08825	76.50000
0.08830	76.50000
0.08835	61.20000
0.08840	30.60000
0.08845	42.84000
0.08850	33.66000
0.08855	48.96000
0.08860	70.38000
0.08865	36.72000
0.08870	52.02000
0.08875	94.86000
0.08880	15.30000
0.08885	82.62000
0.08890	174.42000
0.08895	146.88000
0.08900	42.84000
0.08905	27.54000
0.08910	76.50000
0.08915	36.72000
0.08920	52.02000
0.08925	45.90000
0.08930	64.26000
0.08935	30.60000
0.08940	58.14000
0.08945	143.82000
0.08950	79.56000
0.08955	131.58000
0.08960	100.98000
0.08965	97.92000
0.08970	85.68000
0.08975	100.98000
0.08980	79.56000
0.08985	48.96000
0.08990	73.44000
0.08995	91.80000
0.09000	48.96000
0.09005	113.22000
0.09010	137.70000
0.09015	119.34000
0.09020	91.80000
0.09025	33.66000
0.09030	39.78000
0.09035	45.90000
0.09040	70.38000
0.09045	58.14000
0.09050	33.66000
0.09055	107.10000
0.09060	73.44000
0.09065	113.22000
0.09070	100.98000
0.09075	15.30000
0.09080	48.96000
0.09085	21.42000
0.09090	104.04000
0.09095	88.74000
0.09100	39.78000
0.09105	55.08000
0.09110	61.20000
0.09115	100.98000
0.09120	45.90000
0.09125	70.38000
0.09130	88.74000
0.09135	58.14000
0.09140	58.14000
0.09145	21.42000
0.09150	48.96000
0.09155	52.02000
0.09160	52.02000
0.09165	113.22000
0.09170	64.26000
0.09175	104.04000
0.09180	64.26000
0.09185	45.90000
0.09190	55.08000
0.09195	149.94000
0.09200	64.26000
0.09205	45.90000
0.09210	18.36000
0.09215	58.14000
0.09220	70.38000
0.09225	33.66000
0.09230	27.54000
0.09235	85.68000
0.09240	67.32000
0.09245	45.90000
0.09250	27.54000
0.09255	27.54000
0.09260	104.04000
0.09265	45.90000
0.09270	24.48000
0.09275	70.38000
0.09280	12.24000
0.09285	79.56000
0.09290	97.92000
0.09295	70.38000
0.09300	91.80000
0.09305	21.42000
0.09310	61.20000
0.09315	42.84000
0.09320	3.06000
0.09325	21.42000
0.09330	58.14000
0.09335	27.54000
0.09340	45.90000
0.09345	76.50000
0.09350	122.40000
0.09355	94.86000
0.09360	64.26000
0.09365	48.96000
0.09370	70.38000
0.09375	24.48000
0.09380	21.42000
0.09385	45.90000
0.09390	58.14000
0.09395	88.74000
0.09400	82.62000
0.09405	140.76000
0.09410	76.50000
0.09415	58.14000
0.09420	85.68000
0.09425	122.40000
0.09430	39.78000
0.09435	58.14000
0.09440	104.04000
0.09445	85.68000
0.09450	94.86000
0.09455	61.20000
0.09460	79.56000
0.09465	24.48000
0.09470	9.18000
0.09475	45.90000
0.09480	162.18000
0.09485	79.56000
0.09490	55.08000
0.09495	119.34000
0.09500	97.92000
0.09505	94.86000
0.09510	45.90000
0.09515	73.44000
0.09520	67.32000
0.09525	110.16000
0.09530	67.32000
0.09535	76.50000
0.09540	85.68000
0.09545	45.90000
0.09550	39.78000
0.09555	110.16000
0.09560	58.14000
0.09565	58.14000
0.09570	15.30000
0.09575	79.56000
0.09580	48.96000
0.09585	116.28000
0.09590	67.32000
0.09595	45.90000
0.09600	36.72000
0.09605	55.08000
0.09610	52.02000
0.09615	82.62000
0.09620	79.56000
0.09625	64.26000
0.09630	58.14000
0.09635	33.66000
0.09640	27.54000
0.09645	45.90000
0.09650	107.10000
0.09655	91.80000
0.09660	61.20000
0.09665	82.62000
0.09670	27.54000
0.09675	149.94000
0.09680	91.80000
0.09685	107.10000
0.09690	42.84000
0.09695	9.18000
0.09700	27.54000
0.09705	9.18000
0.09710	67.32000
0.09715	33.66000
0.09720	30.60000
0.09725	36.72000
0.09730	18.36000
0.09735	134.64000
0.09740	107.10000
0.09745	39.78000
0.09750	82.62000
0.09755	58.14000
0.09760	24.48000
0.09765	21.42000
0.09770	110.16000
0.09775	39.78000
0.09780	55.08000
0.09785	104.04000
0.09790	91.80000
0.09795	55.08000
0.09800	55.08000
0.09805	73.44000
0.09810	128.52000
0.09815	140.76000
0.09820	18.36000
0.09825	24.48000
0.09830	58.14000
0.09835	39.78000
0.09840	33.66000
0.09845	137.70000
0.09850	24.48000
0.09855	48.96000
0.09860	45.90000
0.09865	52.02000
0.09870	110.16000
0.09875	33.66000
0.09880	39.78000
0.09885	116.28000
0.09890	76.50000
0.09895	85.68000
0.09900	88.74000
0.09905	88.74000
0.09910	48.96000
0.09915	97.92000
0.09920	27.54000
0.09925	58.14000
0.09930	33.66000
0.09935	88.74000
0.09940	61.20000
0.09945	52.02000
0.09950	100.98000
0.09955	39.78000
0.09960	12.24000
0.09965	122.40000
0.09970	24.48000
0.09975	42.84000
0.09980	48.96000
0.09985	107.10000
0.09990	45.90000
0.09995	100.98000
0.10000	36.72000
0.10005	58.14000
0.10010	30.60000
0.10015	52.02000
0.10020	0.00000
0.10025	61.20000
0.10030	76.50000
0.10035	73.44000
0.10040	116.28000
0.10045	30.60000
0.10050	12.24000
0.10055	61.20000
0.10060	67.32000
0.10065	45.90000
0.10070	116.28000
0.10075	82.62000
0.10080	76.50000
0.10085	76.50000
0.10090	79.56000
0.10095	107.10000
0.10100	79.56000
0.10105	45.90000
0.10110	67.32000
0.10115	52.02000
0.10120	33.66000
0.10125	91.80000
0.10130	113.22000
0.10135	52.02000
0.10140	61.20000
0.10145	73.44000
0.10150	70.38000
0.10155	33.66000
0.10160	45.90000
0.10165	33.66000
0.10170	24.48000
0.10175	67.32000
0.10180	67.32000
0.10185	76.50000
0.10190	85.68000
0.10195	33.66000
0.10200	48.96000
0.10205	48.96000
0.10210	33.66000
0.10215	33.66000
0.10220	55.08000
0.10225	58.14000
0.10230	33.66000
0.10235	64.26000
0.10240	24.48000
0.10245	88.74000
0.10250	107.10000
0.10255	12.24000
0.10260	55.08000
0.10265	85.68000
0.10270	36.72000
0.10275	21.42000
0.10280	42.84000
0.10285	61.20000
0.10290	18.36000
0.10295	100.98000
0.10300	30.60000
0.10305	42.84000
0.10310	55.08000
0.10315	64.26000
0.10320	85.68000
0.10325	30.60000
0.10330	85.68000
0.10335	45.90000
0.10340	42.84000
0.10345	27.54000
0.10350	61.20000
0.10355	36.72000
0.10360	33.66000
0.10365	122.40000
0.10370	73.44000
0.10375	110.16000
0.10380	58.14000
0.10385	91.80000
0.10390	45.90000
0.10395	21.42000
0.10400	67.32000
0.10405	36.72000
0.10410	153.00000
0.10415	110.16000
0.10420	61.20000
0.10425	82.62000
0.10430	94.86000
0.10435	119.34000
0.10440	113.22000
0.10445	168.30000
0.10450	73.44000
0.10455	18.36000
0.10460	18.36000
0.10465	52.02000
0.10470	116.28000
0.10475	110.16000
0.10480	122.40000
0.10485	36.72000
0.10490	18.36000
0.10495	61.20000
0.10500	48.96000
0.10505	107.10000
0.10510	100.98000
0.10515	116.28000
0.10520	58.14000
0.10525	64.26000
0.10530	45.90000
0.10535	18.36000
0.10540	45.90000
0.10545	119.34000
0.10550	70.38000
0.10555	76.50000
0.10560	52.02000
0.10565	64.26000
0.10570	30.60000
0.10575	27.54000
0.10580	39.78000
0.10585	42.84000
0.10590	21.42000
0.10595	55.08000
0.10600	36.72000
0.10605	61.20000
0.10610	91.80000
0.10615	88.74000
0.10620	58.14000
0.10625	36.72000
0.10630	79.56000
0.10635	61.20000
0.10640	97.92000
0.10645	76.50000
0.10650	113.22000
0.10655	67.32000
0.10660	110.16000
0.10665	100.98000
0.10670	61.20000
0.10675	70.38000
0.10680	61.20000
0.10685	55.08000
0.10690	113.22000
0.10695	55.08000
0.10700	27.54000
0.10705	21.42000
0.10710	122.40000
0.10715	122.40000
0.10720	67.32000
0.10725	61.20000
0.10730	64.26000
0.10735	125.46000
0.10740	76.50000
0.10745	33.66000
0.10750	30.60000
0.10755	70.38000
0.10760	58.14000
0.10765	100.98000
0.10770	140.76000
0.10775	30.60000
0.10780	94.86000
0.10785	39.78000
0.10790	116.28000
0.10795	61.20000
0.10800	61.20000
0.10805	45.90000
0.10810	79.56000
0.10815	107.10000
0.10820	52.02000
0.10825	36.72000
0.10830	12.24000
0.10835	6.12000
0.10840	24.48000
0.10845	153.00000
0.10850	61.20000
0.10855	67.32000
0.10860	70.38000
0.10865	24.48000
0.10870	58.14000
0.10875	12.24000
0.10880	61.20000
0.10885	42.84000
0.10890	36.72000
0.10895	61.20000
0.10900	3.06000
0.10905	61.20000
0.10910	55.08000
0.10915	52.02000
0.10920	36.72000
0.10925	79.56000
0.10930	82.62000
0.10935	100.98000
0.10940	134.64000
0.10945	107.10000
0.10950	39.78000
0.10955	48.96000
0.10960	45.90000
0.10965	36.72000
0.10970	70.38000
0.10975	128.52000
0.10980	18.36000
0.10985	24.48000
0.10990	33.66000
0.10995	55.08000
0.11000	76.50000
0.11005	58.14000
0.11010	64.26000
0.11015	18.36000
0.11020	36.72000
0.11025	52.02000
0.11030	30.60000
0.11035	67.32000
0.11040	146.88000
0.11045	45.90000
0.11050	48.96000
0.11055	119.34000
0.11060	119.34000
0.11065	12.24000
0.11070	97.92000
0.11075	58.14000
0.11080	52.02000
0.11085	88.74000
0.11090	39.78000
0.11095	128.52000
0.11100	61.20000
0.11105	48.96000
0.11110	27.54000
0.11115	82.62000
0.11120	64.26000
0.11125	85.68000
0.11130	128.52000
0.11135	39.78000
0.11140	36.72000
0.11145	76.50000
0.11150	149.94000
0.11155	122.40000
0.11160	76.50000
0.11165	52.02000
0.11170	9.18000
0.11175	64.26000
0.11180	15.30000
0.11185	58.14000
0.11190	186.66000
0.11195	18.36000
0.11200	110.16000
0.11205	55.08000
0.11210	58.14000
0.11215	76.50000
0.11220	70.38000
0.11225	94.86000
0.11230	125.46000
0.11235	18.36000
0.11240	64.26000
0.11245	52.02000
0.11250	67.32000
0.11255	24.48000
0.11260	88.74000
0.11265	67.32000
0.11270	73.44000
0.11275	61.20000
0.11280	36.72000
0.11285	52.02000
0.11290	15.30000
0.11295	6.12000
0.11300	42.84000
0.11305	82.62000
0.11310	55.08000
0.11315	180.54000
0.11320	70.38000
0.11325	100.98000
0.11330	64.26000
0.11335	33.66000
0.11340	55.08000
0.11345	12.24000
0.11350	45.90000
0.11355	137.70000
0.11360	52.02000
0.11365	100.98000
0.11370	24.48000
0.11375	45.90000
0.11380	42.84000
0.11385	36.72000
0.11390	70.38000
0.11395	21.42000
0.11400	39.78000
0.11405	73.44000
0.11410	18.36000
0.11415	97.92000
0.11420	42.84000
0.11425	33.66000
0.11430	153.00000
0.11435	67.32000
0.11440	94.86000
0.11445	73.44000
0.11450	21.42000
0.11455	88.74000
0.11460	55.08000
0.11465	177.48000
0.11470	52.02000
0.11475	110.16000
0.11480	39.78000
0.11485	119.34000
0.11490	48.96000
0.11495	24.48000
0.11500	116.28000
0.11505	52.02000
0.11510	94.86000
0.11515	21.42000
0.11520	64.26000
0.11525	94.86000
0.11530	45.90000
0.11535	30.60000
0.11540	58.14000
0.11545	76.50000
0.11550	30.60000
0.11555	45.90000
0.11560	58.14000
0.11565	73.44000
0.11570	30.60000
0.11575	33.66000
0.11580	33.66000
0.11585	64.26000
0.11590	91.80000
0.11595	52.02000
0.11600	97.92000
0.11605	67.32000
0.11610	58.14000
0.11615	15.30000
0.11620	79.56000
0.11625	39.78000
0.11630	107.10000
0.11635	48.96000
0.11640	61.20000
0.11645	21.42000
0.11650	76.50000
0.11655	12.24000
0.11660	27.54000
0.11665	24.48000
0.11670	45.90000
0.11675	85.68000
0.11680	70.38000
0.11685	39.78000
0.11690	82.62000
0.11695	21.42000
0.11700	76.50000
0.11705	73.44000
0.11710	33.66000
0.11715	88.74000
0.11720	55.08000
0.11725	91.80000
0.11730	52.02000
0.11735	61.20000
0.11740	48.96000
0.11745	42.84000
0.11750	134.64000
0.11755	58.14000
0.11760	104.04000
0.11765	79.56000
0.11770	156.06000
0.11775	27.54000
0.11780	55.08000
0.11785	48.96000
0.11790	88.74000
0.11795	45.90000
0.11800	27.54000
0.11805	58.14000
0.11810	36.72000
0.11815	64.26000
0.11820	27.54000
0.11825	64.26000
0.11830	76.50000
0.11835	48.96000
0.11840	67.32000
0.11845	3.06000
0.11850	52.02000
0.11855	36.72000
0.11860	104.04000
0.11865	110.16000
0.11870	76.50000
0.11875	79.56000
0.11880	55.08000
0.11885	55.08000
0.11890	42.84000
0.11895	73.44000
0.11900	18.36000
0.11905	104.04000
0.11910	64.26000
0.11915	85.68000
0.11920	27.54000
0.11925	30.60000
0.11930	100.98000
0.11935	85.68000
0.11940	61.20000
0.11945	45.90000
0.11950	67.32000
0.11955	39.78000
0.11960	107.10000
0.11965	122.40000
0.11970	116.28000
0.11975	39.78000
0.11980	73.44000
0.11985	12.24000
0.11990	30.60000
0.11995	110.16000
0.12000	67.32000
0.12005	91.80000
0.12010	36.72000
0.12015	61.20000
0.12020	79.56000
0.12025	24.48000
0.12030	30.60000
0.12035	36.72000
0.12040	12.24000
0.12045	27.54000
0.12050	39.78000
0.12055	21.42000
0.12060	33.66000
0.12065	24.48000
0.12070	55.08000
0.12075	39.78000
0.12080	137.70000
0.12085	82.62000
0.12090	85.68000
0.12095	88.74000
0.12100	94.86000
0.12105	18.36000
0.12110	42.84000
0.12115	24.48000
0.12120	79.56000
0.12125	165.24000
0.12130	27.54000
0.12135	64.26000
0.12140	52.02000
0.12145	48.96000
0.12150	107.10000
0.12155	18.36000
0.12160	52.02000
0.12165	52.02000
0.12170	58.14000
0.12175	82.62000
0.12180	15.30000
0.12185	82.62000
0.12190	9.18000
0.12195	52.02000
0.12200	125.46000
0.12205	36.72000
0.12210	55.08000
0.12215	324.36000
0.12220	67.32000
0.12225	110.16000
0.12230	55.08000
0.12235	70.38000
0.12240	143.82000
0.12245	58.14000
0.12250	48.96000
0.12255	100.98000
0.12260	91.80000
0.12265	36.72000
0.12270	97.92000
0.12275	21.42000
0.12280	61.20000
0.12285	30.60000
0.12290	125.46000
0.12295	91.80000
0.12300	116.28000
0.12305	52.02000
0.12310	21.42000
0.12315	36.72000
0.12320	64.26000
0.12325	39.78000
0.12330	82.62000
0.12335	21.42000
0.12340	33.66000
0.12345	6.12000
0.12350	27.54000
0.12355	52.02000
0.12360	64.26000
0.12365	110.16000
0.12370	128.52000
0.12375	12.24000
0.12380	55.08000
0.12385	52.02000
0.12390	104.04000
0.12395	45.90000
0.12400	30.60000
0.12405	18.36000
0.12410	94.86000
0.12415	88.74000
0.12420	131.58000
0.12425	79.56000
0.12430	61.20000
0.12435	45.90000
0.12440	100.98000
0.12445	27.54000
0.12450	52.02000
0.12455	125.46000
0.12460	48.96000
0.12465	58.14000
0.12470	21.42000
0.12475	110.16000
0.12480	9.18000
0.12485	82.62000
0.12490	12.24000
0.12495	113.22000
0.12500	85.68000
0.12505	131.58000
0.12510	82.62000
0.12515	48.96000
0.12520	91.80000
0.12525	52.02000
0.12530	55.08000
0.12535	67.32000
0.12540	64.26000
0.12545	39.78000
0.12550	119.34000
0.12555	67.32000
0.12560	21.42000
0.12565	70.38000
0.12570	42.84000
0.12575	39.78000
0.12580	45.90000
0.12585	30.60000
0.12590	52.02000
0.12595	58.14000
0.12600	61.20000
0.12605	39.78000
0.12610	58.14000
0.12615	36.72000
0.12620	27.54000
0.12625	24.48000
0.12630	70.38000
0.12635	48.96000
0.12640	58.14000
0.12645	73.44000
0.12650	162.18000
0.12655	39.78000
0.12660	36.72000
0.12665	52.02000
0.12670	30.60000
0.12675	45.90000
0.12680	119.34000
0.12685	85.68000
0.12690	79.56000
0.12695	42.84000
0.12700	24.48000
0.12705	21.42000
0.12710	159.12000
0.12715	134.64000
0.12720	174.42000
0.12725	55.08000
0.12730	18.36000
0.12735	42.84000
0.12740	39.78000
0.12745	73.44000
0.12750	73.44000
0.12755	165.24000
0.12760	52.02000
0.12765	61.20000
0.12770	85.68000
0.12775	48.96000
0.12780	88.74000
0.12785	97.92000
0.12790	30.60000
0.12795	15.30000
0.12800	18.36000
0.12805	67.32000
0.12810	36.72000
0.12815	15.30000
0.12820	39.78000
0.12825	55.08000
0.12830	52.02000
0.12835	45.90000
0.12840	48.96000
0.12845	36.72000
0.12850	42.84000
0.12855	45.90000
0.12860	36.72000
0.12865	42.84000
0.12870	33.66000
0.12875	64.26000
0.12880	39.78000
0.12885	45.90000
0.12890	55.08000
0.12895	24.48000
0.12900	110.16000
0.12905	70.38000
0.12910	85.68000
0.12915	55.08000
0.12920	76.50000
0.12925	3.06000
0.12930	61.20000
0.12935	18.36000
0.12940	107.10000
0.12945	64.26000
0.12950	61.20000
0.12955	55.08000
0.12960	39.78000
0.12965	91.80000
0.12970	52.02000
0.12975	64.26000
0.12980	9.18000
0.12985	73.44000
0.12990	186.66000
0.12995	67.32000
0.13000	79.56000
0.13005	52.02000
0.13010	91.80000
0.13015	97.92000
0.13020	39.78000
0.13025	30.60000
0.13030	64.26000
0.13035	100.98000
0.13040	64.26000
0.13045	137.70000
0.13050	39.78000
0.13055	91.80000
0.13060	76.50000
0.13065	33.66000
0.13070	162.18000
0.13075	110.16000
0.13080	64.26000
0.13085	9.18000
0.13090	30.60000
0.13095	91.80000
0.13100	24.48000
0.13105	113.22000
0.13110	24.48000
0.13115	27.54000
0.13120	55.08000
0.13125	61.20000
0.13130	64.26000
0.13135	186.66000
0.13140	61.20000
0.13145	48.96000
0.13150	48.96000
0.13155	12.24000
0.13160	91.80000
0.13165	55.08000
0.13170	21.42000
0.13175	36.72000
0.13180	45.90000
0.13185	128.52000
0.13190	42.84000
0.13195	79.56000
0.13200	58.14000
0.13205	119.34000
0.13210	48.96000
0.13215	85.68000
0.13220	55.08000
0.13225	52.02000
0.13230	9.18000
0.13235	33.66000
0.13240	64.26000
0.13245	70.38000
0.13250	3.06000
0.13255	27.54000
0.13260	48.96000
0.13265	76.50000
0.13270	97.92000
0.13275	33.66000
0.13280	52.02000
0.13285	116.28000
0.13290	27.54000
0.13295	45.90000
0.13300	70.38000
0.13305	27.54000
0.13310	67.32000
0.13315	33.66000
0.13320	27.54000
0.13325	30.60000
0.13330	70.38000
0.13335	30.60000
0.13340	48.96000
0.13345	9.18000
0.13350	36.72000
0.13355	39.78000
0.13360	97.92000
0.13365	76.50000
0.13370	33.66000
0.13375	70.38000
0.13380	21.42000
0.13385	61.20000
0.13390	3.06000
0.13395	70.38000
0.13400	15.30000
0.13405	15.30000
0.13410	55.08000
0.13415	73.44000
0.13420	48.96000
0.13425	36.72000
0.13430	30.60000
0.13435	61.20000
0.13440	61.20000
0.13445	64.26000
0.13450	52.02000
0.13455	107.10000
0.13460	36.72000
0.13465	94.86000
0.13470	85.68000
0.13475	91.80000
0.13480	67.32000
0.13485	45.90000
0.13490	125.46000
0.13495	52.02000
0.13500	3.06000
0.13505	113.22000
0.13510	58.14000
0.13515	30.60000
0.13520	15.30000
0.13525	97.92000
0.13530	100.98000
0.13535	48.96000
0.13540	64.26000
0.13545	33.66000
0.13550	76.50000
0.13555	15.30000
0.13560	97.92000
0.13565	48.96000
0.13570	107.10000
0.13575	100.98000
0.13580	100.98000
0.13585	67.32000
0.13590	52.02000
0.13595	21.42000
0.13600	21.42000
0.13605	9.18000
0.13610	52.02000
0.13615	104.04000
0.13620	15.30000
0.13625	18.36000
0.13630	9.18000
0.13635	15.30000
0.13640	42.84000
0.13645	45.90000
0.13650	9.18000
0.13655	30.60000
0.13660	42.84000
0.13665	30.60000
0.13670	15.30000
0.13675	61.20000
0.13680	52.02000
0.13685	79.56000
0.13690	73.44000
0.13695	70.38000
0.13700	45.90000
0.13705	73.44000
0.13710	21.42000
0.13715	58.14000
0.13720	55.08000
0.13725	27.54000
0.13730	45.90000
0.13735	33.66000
0.13740	27.54000
0.13745	58.14000
0.13750	21.42000
0.13755	113.22000
0.13760	21.42000
0.13765	12.24000
0.13770	39.78000
0.13775	82.62000
0.13780	110.16000
0.13785	82.62000
0.13790	24.48000
0.13795	9.18000
0.13800	79.56000
0.13805	33.66000
0.13810	33.66000
0.13815	104.04000
0.13820	104.04000
0.13825	52.02000
0.13830	12.24000
0.13835	107.10000
0.13840	73.44000
0.13845	100.98000
0.13850	24.48000
0.13855	67.32000
0.13860	67.32000
0.13865	79.56000
0.13870	55.08000
0.13875	58.14000
0.13880	52.02000
0.13885	42.84000
0.13890	15.30000
0.13895	61.20000
0.13900	88.74000
0.13905	30.60000
0.13910	21.42000
0.13915	21.42000
0.13920	30.60000
0.13925	64.26000
0.13930	91.80000
0.13935	39.78000
0.13940	39.78000
0.13945	39.78000
0.13950	67.32000
0.13955	67.32000
0.13960	3.06000
0.13965	67.32000
0.13970	94.86000
0.13975	94.86000
0.13980	64.26000
0.13985	64.26000
0.13990	122.40000
0.13995	42.84000
0.14000	30.60000
0.14005	73.44000
0.14010	107.10000
0.14015	18.36000
0.14020	70.38000
0.14025	58.14000
0.14030	70.38000
0.14035	100.98000
0.14040	85.68000
0.14045	58.14000
0.14050	122.40000
0.14055	104.04000
0.14060	82.62000
0.14065	18.36000
0.14070	91.80000
0.14075	9.18000
0.14080	48.96000
0.14085	42.84000
0.14090	36.72000
0.14095	91.80000
0.14100	119.34000
0.14105	58.14000
0.14110	55.08000
0.14115	137.70000
0.14120	195.84000
0.14125	211.14000
0.14130	195.84000
0.14135	367.20000
0.14140	358.02000
0.14145	517.14000
0.14150	569.16000
0.14155	1015.92000
0.14160	1214.82000
0.14165	1560.60000
0.14170	2050.20000
0.14175	2402.10000
0.14180	2478.60000
0.14185	3907.62000
0.14190	4384.98000
0.14195	4510.44000
0.14200	4960.26000
0.14205	6196.50000
0.14210	6263.82000
0.14215	6499.44000
0.14220	6352.56000
0.14225	7016.58000
0.14230	6159.78000
0.14235	5948.64000
0.14240	5195.88000
0.14245	5006.16000
0.14250	4225.86000
0.14255	3589.38000
0.14260	3473.10000
0.14265	3020.22000
0.14270	2625.48000
0.14275	2475.54000
0.14280	2169.54000
0.14285	2047.14000
0.14290	1719.72000
0.14295	1539.18000
0.14300	1331.10000
0.14305	1370.88000
0.14310	1257.66000
0.14315	1086.30000
0.14320	1211.76000
0.14325	985.32000
0.14330	1018.98000
0.14335	869.04000
0.14340	642.60000
0.14345	621.18000
0.14350	716.04000
0.14355	804.78000
0.14360	578.34000
0.14365	813.96000
0.14370	740.52000
0.14375	578.34000
0.14380	801.72000
0.14385	535.50000
0.14390	547.74000
0.14395	492.66000
0.14400	608.94000
0.14405	645.66000
0.14410	648.72000
0.14415	572.22000
0.14420	474.30000
0.14425	605.88000
0.14430	440.64000
0.14435	327.42000
0.14440	465.12000
0.14445	523.26000
0.14450	299.88000
0.14455	544.68000
0.14460	501.84000
0.14465	474.30000
0.14470	327.42000
0.14475	318.24000
0.14480	446.76000
0.14485	431.46000
0.14490	400.86000
0.14495	428.40000
0.14500	364.14000
0.14505	465.12000
0.14510	406.98000
0.14515	266.22000
0.14520	370.26000
0.14525	318.24000
0.14530	394.74000
0.14535	253.98000
0.14540	232.56000
0.14545	223.38000
0.14550	358.02000
0.14555	428.40000
0.14560	462.06000
0.14565	315.18000
0.14570	309.06000
0.14575	376.38000
0.14580	336.60000
0.14585	336.60000
0.14590	306.00000
0.14595	232.56000
0.14600	257.04000
0.14605	269.28000
0.14610	354.96000
0.14615	223.38000
0.14620	318.24000
0.14625	229.50000
0.14630	266.22000
0.14635	511.02000
0.14640	232.56000
0.14645	388.62000
0.14650	400.86000
0.14655	253.98000
0.14660	410.04000
0.14665	373.32000
0.14670	156.06000
0.14675	266.22000
0.14680	232.56000
0.14685	364.14000
0.14690	342.72000
0.14695	146.88000
0.14700	269.28000
0.14705	217.26000
0.14710	171.36000
0.14715	306.00000
0.14720	269.28000
0.14725	232.56000
0.14730	198.90000
0.14735	134.64000
0.14740	354.96000
0.14745	226.44000
0.14750	269.28000
0.14755	312.12000
0.14760	318.24000
0.14765	284.58000
0.14770	272.34000
0.14775	229.50000
0.14780	223.38000
0.14785	293.76000
0.14790	186.66000
0.14795	250.92000
0.14800	220.32000
0.14805	302.94000
0.14810	309.06000
0.14815	223.38000
0.14820	266.22000
0.14825	284.58000
0.14830	257.04000
0.14835	318.24000
0.14840	180.54000
0.14845	192.78000
0.14850	168.30000
0.14855	235.62000
0.14860	208.08000
0.14865	281.52000
0.14870	296.82000
0.14875	336.60000
0.14880	263.16000
0.14885	238.68000
0.14890	174.42000
0.14895	354.96000
0.14900	299.88000
0.14905	376.38000
0.14910	162.18000
0.14915	324.36000
0.14920	293.76000
0.14925	284.58000
0.14930	250.92000
0.14935	244.80000
0.14940	330.48000
0.14945	214.20000
0.14950	211.14000
0.14955	168.30000
0.14960	201.96000
0.14965	180.54000
0.14970	278.46000
0.14975	281.52000
0.14980	198.90000
0.14985	201.96000
0.14990	235.62000
0.14995	275.40000
0.15000	180.54000
0.15005	122.40000
0.15010	223.38000
0.15015	354.96000
0.15020	67.32000
0.15025	235.62000
0.15030	229.50000
0.15035	214.20000
0.15040	241.74000
0.15045	140.76000
0.15050	238.68000
0.15055	220.32000
0.15060	306.00000
0.15065	177.48000
0.15070	186.66000
0.15075	299.88000
0.15080	214.20000
0.15085	205.02000
0.15090	269.28000
0.15095	229.50000
0.15100	229.50000
0.15105	229.50000
0.15110	247.86000
0.15115	217.26000
0.15120	247.86000
0.15125	220.32000
0.15130	198.90000
0.15135	125.46000
0.15140	272.34000
0.15145	229.50000
0.15150	143.82000
0.15155	211.14000
0.15160	244.80000
0.15165	110.16000
0.15170	143.82000
0.15175	287.64000
0.15180	223.38000
0.15185	156.06000
0.15190	253.98000
0.15195	309.06000
0.15200	192.78000
0.15205	146.88000
0.15210	281.52000
0.15215	128.52000
0.15220	168.30000
0.15225	137.70000
0.15230	122.40000
0.15235	257.04000
0.15240	186.66000
0.15245	205.02000
0.15250	146.88000
0.15255	162.18000
0.15260	146.88000
0.15265	122.40000
0.15270	232.56000
0.15275	226.44000
0.15280	174.42000
0.15285	336.60000
0.15290	278.46000
0.15295	168.30000
0.15300	232.56000
0.15305	211.14000
0.15310	257.04000
0.15315	241.74000
0.15320	162.18000
0.15325	153.00000
0.15330	116.28000
0.15335	306.00000
0.15340	100.98000
0.15345	143.82000
0.15350	247.86000
0.15355	183.60000
0.15360	137.70000
0.15365	220.32000
0.15370	125.46000
0.15375	195.84000
0.15380	211.14000
0.15385	113.22000
0.15390	296.82000
0.15395	208.08000
0.15400	177.48000
0.15405	247.86000
0.15410	211.14000
0.15415	205.02000
0.15420	205.02000
0.15425	134.64000
0.15430	140.76000
0.15435	214.20000
0.15440	198.90000
0.15445	100.98000
0.15450	91.80000
0.15455	186.66000
0.15460	149.94000
0.15465	241.74000
0.15470	149.94000
0.15475	266.22000
0.15480	238.68000
0.15485	165.24000
0.15490	153.00000
0.15495	171.36000
0.15500	220.32000
0.15505	220.32000
0.15510	159.12000
0.15515	275.40000
0.15520	428.40000
0.15525	134.64000
0.15530	281.52000
0.15535	263.16000
0.15540	159.12000
0.15545	192.78000
0.15550	122.40000
0.15555	284.58000
0.15560	226.44000
0.15565	165.24000
0.15570	131.58000
0.15575	198.90000
0.15580	205.02000
0.15585	149.94000
0.15590	159.12000
0.15595	201.96000
0.15600	149.94000
0.15605	146.88000
0.15610	174.42000
0.15615	119.34000
0.15620	211.14000
0.15625	97.92000
0.15630	260.10000
0.15635	137.70000
0.15640	168.30000
0.15645	238.68000
0.15650	189.72000
0.15655	113.22000
0.15660	241.74000
0.15665	104.04000
0.15670	162.18000
0.15675	159.12000
0.15680	104.04000
0.15685	171.36000
0.15690	168.30000
0.15695	64.26000
0.15700	156.06000
0.15705	64.26000
0.15710	205.02000
0.15715	217.26000
0.15720	180.54000
0.15725	140.76000
0.15730	85.68000
0.15735	183.60000
0.15740	119.34000
0.15745	269.28000
0.15750	107.10000
0.15755	330.48000
0.15760	247.86000
0.15765	250.92000
0.15770	201.96000
0.15775	195.84000
0.15780	165.24000
0.15785	125.46000
0.15790	183.60000
0.15795	149.94000
0.15800	73.44000
0.15805	131.58000
0.15810	159.12000
0.15815	125.46000
0.15820	137.70000
0.15825	143.82000
0.15830	137.70000
0.15835	153.00000
0.15840	116.28000
0.15845	257.04000
0.15850	266.22000
0.15855	88.74000
0.15860	146.88000
0.15865	143.82000
0.15870	156.06000
0.15875	180.54000
0.15880	128.52000
0.15885	116.28000
0.15890	107.10000
0.15895	253.98000
0.15900	174.42000
0.15905	205.02000
0.15910	223.38000
0.15915	275.40000
0.15920	339.66000
0.15925	137.70000
0.15930	217.26000
0.15935	269.28000
0.15940	183.60000
0.15945	272.34000
0.15950	382.50000
0.15955	198.90000
0.15960	177.48000
0.15965	195.84000
0.15970	211.14000
0.15975	253.98000
0.15980	201.96000
0.15985	220.32000
0.15990	205.02000
0.15995	180.54000
0.16000	70.38000
0.16005	186.66000
0.16010	162.18000
0.16015	195.84000
0.16020	79.56000
0.16025	153.00000
0.16030	235.62000
0.16035	110.16000
0.16040	131.58000
0.16045	119.34000
0.16050	235.62000
0.16055	205.02000
0.16060	153.00000
0.16065	159.12000
0.16070	183.60000
0.16075	189.72000
0.16080	122.40000
0.16085	94.86000
0.16090	192.78000
0.16095	272.34000
0.16100	177.48000
0.16105	183.60000
0.16110	165.24000
0.16115	125.46000
0.16120	91.80000
0.16125	76.50000
0.16130	189.72000
0.16135	107.10000
0.16140	131.58000
0.16145	100.98000
0.16150	162.18000
0.16155	214.20000
0.16160	110.16000
0.16165	140.76000
0.16170	122.40000
0.16175	165.24000
0.16180	226.44000
0.16185	198.90000
0.16190	91.80000
0.16195	174.42000
0.16200	143.82000
0.16205	131.58000
0.16210	113.22000
0.16215	186.66000
0.16220	223.38000
0.16225	82.62000
0.16230	205.02000
0.16235	128.52000
0.16240	122.40000
0.16245	269.28000
0.16250	168.30000
0.16255	263.16000
0.16260	177.48000
0.16265	183.60000
0.16270	238.68000
0.16275	226.44000
0.16280	162.18000
0.16285	76.50000
0.16290	180.54000
0.16295	159.12000
0.16300	113.22000
0.16305	149.94000
0.16310	168.30000
0.16315	189.72000
0.16320	177.48000
0.16325	104.04000
0.16330	119.34000
0.16335	94.86000
0.16340	45.90000
0.16345	146.88000
0.16350	143.82000
0.16355	162.18000
0.16360	146.88000
0.16365	131.58000
0.16370	82.62000
0.16375	266.22000
0.16380	107.10000
0.16385	67.32000
0.16390	85.68000
0.16395	177.48000
0.16400	131.58000
0.16405	15.30000
0.16410	214.20000
0.16415	153.00000
0.16420	104.04000
0.16425	91.80000
0.16430	48.96000
0.16435	149.94000
0.16440	122.40000
0.16445	122.40000
0.16450	55.08000
0.16455	168.30000
0.16460	110.16000
0.16465	134.64000
0.16470	211.14000
0.16475	253.98000
0.16480	143.82000
0.16485	229.50000
0.16490	146.88000
0.16495	79.56000
0.16500	217.26000
0.16505	128.52000
0.16510	94.86000
0.16515	107.10000
0.16520	183.60000
0.16525	64.26000
0.16530	100.98000
0.16535	177.48000
0.16540	61.20000
0.16545	272.34000
0.16550	174.42000
0.16555	97.92000
0.16560	97.92000
0.16565	67.32000
0.16570	88.74000
0.16575	220.32000
0.16580	159.12000
0.16585	159.12000
0.16590	220.32000
0.16595	183.60000
0.16600	247.86000
0.16605	131.58000
0.16610	64.26000
0.16615	116.28000
0.16620	156.06000
0.16625	91.80000
0.16630	140.76000
0.16635	266.22000
0.16640	165.24000
0.16645	104.04000
0.16650	88.74000
0.16655	119.34000
0.16660	110.16000
0.16665	143.82000
0.16670	110.16000
0.16675	104.04000
0.16680	64.26000
0.16685	296.82000
0.16690	104.04000
0.16695	128.52000
0.16700	226.44000
0.16705	146.88000
0.16710	208.08000
0.16715	177.48000
0.16720	180.54000
0.16725	156.06000
0.16730	186.66000
0.16735	110.16000
0.16740	211.14000
0.16745	76.50000
0.16750	174.42000
0.16755	107.10000
0.16760	168.30000
0.16765	113.22000
0.16770	88.74000
0.16775	125.46000
0.16780	91.80000
0.16785	97.92000
0.16790	58.14000
0.16795	116.28000
0.16800	214.20000
0.16805	82.62000
0.16810	116.28000
0.16815	171.36000
0.16820	183.60000
0.16825	125.46000
0.16830	149.94000
0.16835	140.76000
0.16840	177.48000
0.16845	186.66000
0.16850	201.96000
0.16855	153.00000
0.16860	180.54000
0.16865	91.80000
0.16870	168.30000
0.16875	113.22000
0.16880	149.94000
0.16885	165.24000
0.16890	76.50000
0.16895	125.46000
0.16900	116.28000
0.16905	134.64000
0.16910	159.12000
0.16915	91.80000
0.16920	125.46000
0.16925	91.80000
0.16930	137.70000
0.16935	159.12000
0.16940	110.16000
0.16945	146.88000
0.16950	195.84000
0.16955	128.52000
0.16960	110.16000
0.16965	107.10000
0.16970	198.90000
0.16975	186.66000
0.16980	131.58000
0.16985	192.78000
0.16990	165.24000
