0.046102 -0.0250000004 0.0344429862 -0.00621938125 asynchronous_release_0
0.047506 -0.0250000004 0.00026583979 0.000964017223 asynchronous_release_0
0.040199 -0.0250000004 -0.0342802809 -0.00706132725 asynchronous_release_0
0.016076 -0.0250000004 -0.0340238801 0.00820826289 asynchronous_release_4
0.046949 -0.0250000004 -0.000994513872 -0.000104604777 asynchronous_release_0
0.046153 -0.0250000004 -0.0263881227 0.0229927593 asynchronous_release_0
0.049327 -0.0250000004 -0.0222792463 -0.0269932433 asynchronous_release_1
0.03945 -0.0250000004 0.00805516506 -0.0340604509 asynchronous_release_0
0.033242 -0.0250000004 -0.000685532757 -0.000728041784 asynchronous_release_2
0.04127 -0.0250000004 -0.0248743965 -0.0246224369 asynchronous_release_0
0.043921 -0.0250000004 0.0343767798 -0.00657548581 asynchronous_release_3
0.01949 -0.0250000004 0.0327171816 0.0124332629 asynchronous_release_0
0.042682 -0.0250000004 0.0343138026 0.0068965898 asynchronous_release_0
0.014331 -0.0250000004 0.031744193 -0.0147413097 asynchronous_release_0
0.037217 -0.0250000004 -0.0286384452 -0.0201206227 asynchronous_release_0
0.035999 -0.0250000004 -0.000316746088 0.000948510367 asynchronous_release_0
0.047763 -0.0250000004 -0.0169942367 0.0305973188 asynchronous_release_0
0.046482 -0.0250000004 0.0146095982 0.0318050254 asynchronous_release_0
0.016753 -0.0250000004 -0.0063620722 -0.034416915 asynchronous_release_0
0.039342 -0.0250000004 -0.0329869588 -0.0116987413 asynchronous_release_0
0.049315 -0.0250000004 0.0207324279 -0.0281986956 asynchronous_release_0
0.026077 -0.0250000004 -2.4094638e-05 0.000999709682 asynchronous_release_2
0.037302 -0.0250000004 -0.0332311872 0.010985818 asynchronous_release_0
0.043515 -0.0250000004 -0.000732837749 0.000680403435 asynchronous_release_0
0.022412 -0.0250000004 -0.0298288928 -0.0183094826 asynchronous_release_3
0.016557 -0.0250000004 -0.0229459935 -0.0264287984 asynchronous_release_0
0.034029 -0.0250000004 0.0304306998 -0.0172908215 asynchronous_release_0
0.048967 -0.0250000004 -0.0348628486 0.00309544642 asynchronous_release_0
0.019797 -0.0250000004 -0.000611093468 0.0349946648 asynchronous_release_0
0.011636 -0.0250000004 -0.0242795783 0.0252091665 asynchronous_release_0
0.035325 -0.0250000004 -0.0116966355 0.0329877056 asynchronous_release_0
0.034049 -0.0250000004 -0.0340118982 0.00825777083 asynchronous_release_0
0.009841 -0.0250000004 0.0317031338 -0.0148294068 asynchronous_release_0
0.049268 -0.0250000004 -0.0160187052 -0.0311191434 asynchronous_release_0
0.004167 -0.0250000004 0.0246827781 -0.0248145212 asynchronous_release_1
0.04018 -0.0250000004 0.00118382351 -0.0349799737 asynchronous_release_0
0.046768 -0.0250000004 0.000747950133 -0.000663754924 asynchronous_release_0
0.010983 -0.0250000004 0.0217461361 0.0274245431 asynchronous_release_0
0.041904 -0.0250000004 0.0339078714 0.00867503643 asynchronous_release_0
0.033142 -0.0250000004 0.020282774 0.0285238335 asynchronous_release_4
0.038813 -0.0250000004 8.40702504e-05 -0.00099645983 asynchronous_release_0
0.043722 -0.0250000004 -0.0156711496 -0.0312956079 asynchronous_release_0
0.041132 -0.0250000004 0.0211676053 -0.0278735087 asynchronous_release_4
0.022148 -0.0250000004 0.00768906203 0.0341449605 asynchronous_release_2
0.036994 -0.0250000004 -0.0238437105 -0.0256218163 asynchronous_release_0
0.022601 -0.0250000004 0.0349898369 0.000843394726 asynchronous_release_4
0.034752 -0.0250000004 -0.00566648753 0.034538253 asynchronous_release_0
0.039904 -0.0250000004 0.0316364638 0.0149711107 asynchronous_release_0
0.04988 -0.0250000004 -0.0009919601 -0.000126551017 asynchronous_release_0
0.047668 -0.0250000004 0.0146343038 0.0317936653 asynchronous_release_0
0.0124 -0.0250000004 -0.02271985 0.0266234561 asynchronous_release_0
0.044997 -0.0250000004 -0.0126161629 -0.0326470892 asynchronous_release_0
0.030197 -0.0250000004 -0.0337844507 0.00914389912 asynchronous_release_0
0.041803 -0.0250000004 -0.00562496467 -0.0345450398 asynchronous_release_1
0.034932 -0.0250000004 0.00298473888 0.0348725011 asynchronous_release_0
0.044467 -0.0250000004 -0.0191990822 -0.0292642314 asynchronous_release_0
0.039622 -0.0250000004 0.0347366246 0.00428566385 asynchronous_release_0
0.045357 -0.0250000004 -0.0038168081 -0.0347912629 asynchronous_release_0
0.01525 -0.0250000004 0.000731830324 -0.000681486887 asynchronous_release_4
0.027525 -0.0250000004 0.00030088203 0.000953661368 asynchronous_release_4
0.007415 -0.0250000004 0.000271047738 -0.000962565906 asynchronous_release_0
0.033433 -0.0250000004 0.00092401504 0.000382356124 asynchronous_release_1
0.017377 -0.0250000004 0.0331659283 0.0111812878 asynchronous_release_0
0.046801 -0.0250000004 -0.000883630531 -0.000468184884 asynchronous_release_0
0.044548 -0.0250000004 -0.0214969049 -0.0276203382 asynchronous_release_0
0.046447 -0.0250000004 -0.00562831607 0.0345444939 asynchronous_release_0
0.044717 -0.0250000004 -0.0271022512 -0.0221465116 asynchronous_release_2
0.038016 -0.0250000004 0.0286011693 0.0201735747 asynchronous_release_0
0.043683 -0.0250000004 -0.000996451957 8.41635178e-05 asynchronous_release_0
0.018801 -0.0250000004 -0.012258742 0.0327829719 asynchronous_release_4
0.040955 -0.0250000004 -0.0284338609 0.0204087127 asynchronous_release_0
0.031208 -0.0250000004 -0.0127066807 -0.0326119651 asynchronous_release_3
0.035331 -0.0250000004 0.000826398398 -0.000563085861 asynchronous_release_0
0.048636 -0.0250000004 0.0229679016 0.0264097614 asynchronous_release_0
0.049562 -0.0250000004 -0.0332718518 -0.0108620383 asynchronous_release_0
0.041085 -0.0250000004 -0.0190548962 0.0293583196 asynchronous_release_0
0.027614 -0.0250000004 -0.00656777002 -0.0343782547 asynchronous_release_0
0.044871 -0.0250000004 0.0346273044 0.00509409376 asynchronous_release_0
0.022032 -0.0250000004 0.000581076376 -0.000813849031 asynchronous_release_3
0.015381 -0.0250000004 -0.0202441912 -0.0285512298 asynchronous_release_0
0.030984 -0.0250000004 0.00695858537 -0.0343012841 asynchronous_release_0
0.027248 -0.0250000004 -0.00476793633 -0.0346737189 asynchronous_release_1
0.04009 -0.0250000004 -0.00392187505 -0.0347795758 asynchronous_release_1
0.014286 -0.0250000004 0.0259243403 0.0235144335 asynchronous_release_0
0.029641 -0.0250000004 0.034304247 0.00694396433 asynchronous_release_4
0.046791 -0.0250000004 -0.0200723084 -0.0286723287 asynchronous_release_0
0.046203 -0.0250000004 -0.0314200387 -0.0154201546 asynchronous_release_0
0.019237 -0.0250000004 0.00443378102 0.0347180297 asynchronous_release_0
0.018987 -0.0250000004 0.0297859155 -0.0183793155 asynchronous_release_0
0.043093 -0.0250000004 -0.000533198911 0.0349959383 asynchronous_release_3
0.02454 -0.0250000004 0.0283560694 0.0205166598 asynchronous_release_3
0.038166 -0.0250000004 -0.00363171818 -0.0348110704 asynchronous_release_0
0.045249 -0.0250000004 -0.0251603363 -0.0243301763 asynchronous_release_1
0.026659 -0.0250000004 -0.0216394832 -0.0275087761 asynchronous_release_2
0.04631 -0.0250000004 0.000990433639 -0.000137989879 asynchronous_release_0
0.044899 -0.0250000004 0.0110762301 -0.0332011615 asynchronous_release_0
0.02387 -0.0250000004 0.000652659337 0.000757651497 asynchronous_release_4
0.045539 -0.0250000004 -0.0192271444 0.0292458017 asynchronous_release_0
0.033866 -0.0250000004 -0.034966336 0.0015347148 asynchronous_release_1
0.028197 -0.0250000004 -0.0260369074 0.0233897296 asynchronous_release_0
0.044141 -0.0250000004 -0.000936774267 0.00034993424 asynchronous_release_0
0.044941 -0.0250000004 -0.0225444131 0.0267721766 asynchronous_release_0
0.025522 -0.0250000004 -0.0310512297 -0.0161499578 asynchronous_release_0
0.024058 -0.0250000004 0.000406109664 -0.000913824349 asynchronous_release_2
0.002394 -0.0250000004 0.024203812 0.0252819201 asynchronous_release_3
0.038609 -0.0250000004 0.011191284 -0.0331625566 asynchronous_release_0
0.04136 -0.0250000004 -0.034842355 0.00331817733 asynchronous_release_1
0.02216 -0.0250000004 -0.000961022705 -0.000276469456 asynchronous_release_4
0.045471 -0.0250000004 0.0220633246 -0.0271700149 asynchronous_release_0
0.032148 -0.0250000004 -0.0289342375 0.0196928896 asynchronous_release_2
0.048241 -0.0250000004 -0.0261992443 -0.0232077487 asynchronous_release_1
0.042215 -0.0250000004 0.012110118 -0.0328381644 asynchronous_release_0
0.045507 -0.0250000004 -0.0346836929 -0.00469483224 asynchronous_release_0
0.03316 -0.0250000004 0.00428342242 -0.034736901 asynchronous_release_1
0.043276 -0.0250000004 -0.0186478627 -0.0296185282 asynchronous_release_0
0.038122 -0.0250000004 0.00487942083 0.0346582061 asynchronous_release_0
0.009018 -0.0250000004 0.0121257683 0.0328323886 asynchronous_release_0
0.046656 -0.0250000004 0.0190702997 -0.0293483163 asynchronous_release_1
0.039433 -0.0250000004 0.0332494045 -0.0109305583 asynchronous_release_0
0.018723 -0.0250000004 0.0337195581 0.00938037314 asynchronous_release_0
