0.000000 0.089339
0.000050 0.116997
0.000100 0.110878
0.000150 0.097906
0.000200 0.095945
0.000250 0.118959
0.000300 0.090563
0.000350 0.112589
0.000400 0.133154
0.000450 0.104760
0.000500 0.093249
0.000550 0.067557
0.000600 0.086161
0.000650 0.074397
0.000700 0.104771
0.000750 0.082231
0.000800 0.068779
0.000850 0.115783
0.000900 0.092263
0.000950 0.082739
0.001000 0.083217
0.001050 0.162759
0.001100 0.166685
0.001150 0.221767
0.001200 0.197027
0.001250 0.243289
0.001300 0.300324
0.001350 0.407532
0.001400 0.497126
0.001450 0.721084
0.001500 1.062762
0.001550 1.366272
0.001600 2.100057
0.001650 3.072013
0.001700 3.994571
0.001750 5.264367
0.001800 7.502722
0.001850 9.095646
0.001900 11.445398
0.001950 13.780922
0.002000 16.754054
0.002050 17.990132
0.002100 19.723315
0.002150 20.842823
0.002200 21.539931
0.002250 21.672581
0.002300 20.630861
0.002350 19.737743
0.002400 17.719142
0.002450 16.067258
0.002500 14.983226
0.002550 12.787930
0.002600 11.593198
0.002650 9.961420
0.002700 8.768161
0.002750 7.589105
0.002800 7.175766
0.002850 6.388050
0.002900 5.494934
0.002950 5.090590
0.003000 4.574655
0.003050 4.257677
0.003100 3.890968
0.003150 3.632288
0.003200 3.436037
0.003250 3.343199
0.003300 3.008392
0.003350 2.781240
0.003400 2.564861
0.003450 2.439853
0.003500 2.394732
0.003550 2.272886
0.003600 2.209458
0.003650 2.162000
0.003700 1.938574
0.003750 2.030780
0.003800 1.729489
0.003850 1.804419
0.003900 1.715030
0.003950 1.534682
0.004000 1.412735
0.004050 1.752081
0.004100 1.629084
0.004150 1.715556
0.004200 1.591194
0.004250 1.588336
0.004300 1.493039
0.004350 1.387351
0.004400 1.425247
0.004450 1.428907
0.004500 1.456062
0.004550 1.524928
0.004600 1.392215
0.004650 1.271275
0.004700 1.261310
0.004750 1.254168
0.004800 1.163365
0.004850 1.246249
0.004900 1.291150
0.004950 1.177048
0.005000 1.237821
0.005050 1.257077
0.005100 1.163416
0.005150 1.124898
0.005200 1.217183
0.005250 1.186379
0.005300 1.152119
0.005350 1.100207
0.005400 1.074984
0.005450 1.116916
0.005500 1.117082
0.005550 0.992794
0.005600 1.119462
0.005650 1.024160
0.005700 1.123972
0.005750 0.971122
0.005800 1.010371
0.005850 1.096631
0.005900 1.012101
0.005950 1.092565
0.006000 0.995680
0.006050 1.020966
0.006100 1.006667
0.006150 0.967559
0.006200 1.018693
0.006250 0.985923
0.006300 1.012817
0.006350 1.004991
0.006400 0.830761
0.006450 0.993503
0.006500 0.892959
0.006550 0.907969
0.006600 0.956292
0.006650 0.988106
0.006700 1.003264
0.006750 1.068682
0.006800 0.835358
0.006850 0.905706
0.006900 0.886249
0.006950 0.813115
0.007000 0.847615
0.007050 0.965277
0.007100 0.832923
0.007150 0.856029
0.007200 0.799866
0.007250 0.814346
0.007300 0.851731
0.007350 0.895893
0.007400 0.960237
0.007450 0.753813
0.007500 0.836052
0.007550 0.783318
0.007600 0.850110
0.007650 0.911898
0.007700 0.907122
0.007750 0.818418
0.007800 0.915703
0.007850 0.901175
0.007900 0.778461
0.007950 0.735233
0.008000 0.840016
0.008050 0.815586
0.008100 0.826581
0.008150 0.854353
0.008200 0.735284
0.008250 0.775546
0.008300 0.812854
0.008350 0.817372
0.008400 0.809755
0.008450 0.812823
0.008500 0.816047
0.008550 0.763691
0.008600 0.743892
0.008650 0.773074
0.008700 0.760136
0.008750 0.722926
0.008800 0.781248
0.008850 0.792374
0.008900 0.718696
0.008950 0.653886
0.009000 0.742598
0.009050 0.791134
0.009100 0.755748
0.009150 0.707996
0.009200 0.767309
0.009250 0.735689
0.009300 0.603859
0.009350 0.701311
0.009400 0.747382
0.009450 0.695154
0.009500 0.738310
0.009550 0.697802
0.009600 0.793816
0.009650 0.737218
0.009700 0.704029
0.009750 0.678865
0.009800 0.752120
0.009850 0.679878
0.009900 0.694389
0.009950 0.720613
0.010000 0.840581
0.010050 0.687495
0.010100 0.756099
0.010150 0.707877
0.010200 0.763963
0.010250 0.611427
0.010300 0.657920
0.010350 0.743214
0.010400 0.729888
0.010450 0.597756
0.010500 0.685741
0.010550 0.659907
0.010600 0.704879
0.010650 0.664913
0.010700 0.780065
0.010750 0.727499
0.010800 0.702413
0.010850 0.688755
0.010900 0.675349
0.010950 0.571999
0.011000 0.610666
0.011050 0.687160
0.011100 0.664335
0.011150 0.611395
0.011200 0.666179
0.011250 0.586983
0.011300 0.627702
0.011350 0.630636
0.011400 0.636558
0.011450 0.623436
0.011500 0.544734
0.011550 0.624588
0.011600 0.571001
0.011650 0.599047
0.011700 0.581585
0.011750 0.661083
0.011800 0.576589
0.011850 0.617817
0.011900 0.683647
0.011950 0.637439
0.012000 0.584072
0.012050 0.549570
0.012100 0.551506
0.012150 0.614152
0.012200 0.608895
0.012250 0.563639
0.012300 0.649397
0.012350 0.623273
0.012400 0.713768
0.012450 0.591758
0.012500 0.552764
0.012550 0.554786
0.012600 0.519797
0.012650 0.602149
0.012700 0.598164
0.012750 0.587110
0.012800 0.617191
0.012850 0.621709
0.012900 0.591195
0.012950 0.647045
0.013000 0.564043
0.013050 0.609909
0.013100 0.623300
0.013150 0.564376
0.013200 0.611177
0.013250 0.565807
0.013300 0.549156
0.013350 0.547188
0.013400 0.543983
0.013450 0.608101
0.013500 0.559781
0.013550 0.530631
0.013600 0.546328
0.013650 0.631096
0.013700 0.525789
0.013750 0.648527
0.013800 0.565524
0.013850 0.546506
0.013900 0.535210
0.013950 0.567028
0.014000 0.565020
0.014050 0.504446
0.014100 0.537011
0.014150 0.575431
0.014200 0.505212
0.014250 0.508434
0.014300 0.527585
0.014350 0.538405
0.014400 0.530948
0.014450 0.542658
0.014500 0.594751
0.014550 0.539735
0.014600 0.503589
0.014650 0.503629
0.014700 0.434446
0.014750 0.549364
0.014800 0.566947
0.014850 0.542189
0.014900 0.489767
0.014950 0.562313
0.015000 0.573374
0.015050 0.549604
0.015100 0.505689
0.015150 0.566613
0.015200 0.571500
0.015250 0.511038
0.015300 0.507171
0.015350 0.502431
0.015400 0.528942
0.015450 0.571608
0.015500 0.596423
0.015550 0.589111
0.015600 0.495420
0.015650 0.465280
0.015700 0.542666
0.015750 0.581374
0.015800 0.469637
0.015850 0.409071
0.015900 0.468598
0.015950 0.521410
0.016000 0.578329
0.016050 0.555035
0.016100 0.496067
0.016150 0.518273
0.016200 0.535561
0.016250 0.542651
0.016300 0.499194
0.016350 0.555778
0.016400 0.504054
0.016450 0.498128
0.016500 0.552131
0.016550 0.556895
0.016600 0.515150
0.016650 0.541900
0.016700 0.487889
0.016750 0.462693
0.016800 0.476770
0.016850 0.544108
0.016900 0.508039
0.016950 0.428195
0.017000 0.465698
0.017050 0.404078
0.017100 0.533035
0.017150 0.512517
0.017200 0.499127
0.017250 0.511979
0.017300 0.476078
0.017350 0.525536
0.017400 0.497307
0.017450 0.542395
0.017500 0.446828
0.017550 0.512422
0.017600 0.500271
0.017650 0.495509
0.017700 0.484375
0.017750 0.543693
0.017800 0.558230
0.017850 0.448360
0.017900 0.527175
0.017950 0.440387
0.018000 0.465562
0.018050 0.508742
0.018100 0.462312
0.018150 0.522204
0.018200 0.545415
0.018250 0.490179
0.018300 0.488490
0.018350 0.444152
0.018400 0.544153
0.018450 0.427461
0.018500 0.434157
0.018550 0.505317
0.018600 0.509964
0.018650 0.444386
0.018700 0.502456
0.018750 0.513290
0.018800 0.483166
0.018850 0.551508
0.018900 0.489686
0.018950 0.480240
0.019000 0.439144
0.019050 0.511226
0.019100 0.505791
0.019150 0.479239
0.019200 0.511815
0.019250 0.413837
0.019300 0.473812
0.019350 0.476488
0.019400 0.493234
0.019450 0.425524
0.019500 0.439838
0.019550 0.475476
0.019600 0.552304
0.019650 0.427640
0.019700 0.532747
0.019750 0.496929
0.019800 0.391802
0.019850 0.509200
0.019900 0.411270
0.019950 0.459444
0.020000 0.428625
0.020050 0.560427
0.020100 0.555832
0.020150 0.488216
0.020200 0.380850
0.020250 0.452586
0.020300 0.482160
0.020350 0.441408
0.020400 0.404076
0.020450 0.436620
0.020500 0.470676
0.020550 0.444456
0.020600 0.459383
0.020650 0.499711
0.020700 0.551159
0.020750 0.405831
0.020800 0.472576
0.020850 0.418202
0.020900 0.451883
0.020950 0.546743
0.021000 0.457077
0.021050 0.517881
0.021100 0.688287
0.021150 0.689063
0.021200 0.844147
0.021250 0.963717
0.021300 1.156741
0.021350 1.348571
0.021400 1.737810
0.021450 2.036896
0.021500 2.772509
0.021550 4.031193
0.021600 5.289051
0.021650 6.847625
0.021700 8.691772
0.021750 11.072104
0.021800 13.390365
0.021850 16.199033
0.021900 19.080126
0.021950 21.760452
0.022000 24.281229
0.022050 26.647479
0.022100 27.997791
0.022150 28.305093
0.022200 29.234448
0.022250 28.573478
0.022300 27.505831
0.022350 26.600459
0.022400 24.924064
0.022450 22.947288
0.022500 20.668920
0.022550 18.973684
0.022600 16.700858
0.022650 15.416286
0.022700 13.983122
0.022750 12.474010
0.022800 11.190447
0.022850 10.609901
0.022900 9.726952
0.022950 9.011880
0.023000 8.543184
0.023050 7.397658
0.023100 7.342760
0.023150 6.856314
0.023200 6.572584
0.023250 6.047380
0.023300 5.692875
0.023350 5.406197
0.023400 5.047246
0.023450 4.705662
0.023500 4.461212
0.023550 4.173612
0.023600 3.934272
0.023650 3.927054
0.023700 3.789605
0.023750 3.547485
0.023800 3.501763
0.023850 3.304681
0.023900 3.225610
0.023950 3.187786
0.024000 3.123255
0.024050 3.200979
0.024100 2.973435
0.024150 2.646211
0.024200 2.689430
0.024250 2.727570
0.024300 2.724062
0.024350 2.344282
0.024400 2.508867
0.024450 2.453479
0.024500 2.293172
0.024550 2.260794
0.024600 2.204070
0.024650 2.273968
0.024700 2.084921
0.024750 2.144721
0.024800 2.126370
0.024850 2.033718
0.024900 2.058783
0.024950 2.081013
0.025000 1.963110
0.025050 1.843510
0.025100 1.925417
0.025150 1.881327
0.025200 1.858706
0.025250 1.915410
0.025300 1.935964
0.025350 1.925668
0.025400 1.900057
0.025450 1.888591
0.025500 1.785094
0.025550 1.863790
0.025600 1.785988
0.025650 1.952926
0.025700 1.731517
0.025750 1.619257
0.025800 1.758660
0.025850 1.574626
0.025900 1.643855
0.025950 1.650587
0.026000 1.637581
0.026050 1.659495
0.026100 1.724442
0.026150 1.599046
0.026200 1.459301
0.026250 1.581779
0.026300 1.535813
0.026350 1.607351
0.026400 1.660803
0.026450 1.561939
0.026500 1.531565
0.026550 1.542005
0.026600 1.548262
0.026650 1.439232
0.026700 1.591761
0.026750 1.600449
0.026800 1.507713
0.026850 1.507015
0.026900 1.437882
0.026950 1.516346
0.027000 1.522775
0.027050 1.414357
0.027100 1.473690
0.027150 1.474622
0.027200 1.337151
0.027250 1.416253
0.027300 1.405559
0.027350 1.438121
0.027400 1.459355
0.027450 1.361377
0.027500 1.366474
0.027550 1.415230
0.027600 1.399020
0.027650 1.381636
0.027700 1.385270
0.027750 1.310550
0.027800 1.324569
0.027850 1.331991
0.027900 1.378047
0.027950 1.427733
0.028000 1.395240
0.028050 1.400810
0.028100 1.296646
0.028150 1.278240
0.028200 1.356939
0.028250 1.363065
0.028300 1.315947
0.028350 1.431049
0.028400 1.422170
0.028450 1.243974
0.028500 1.221314
0.028550 1.287218
0.028600 1.356929
0.028650 1.014895
0.028700 1.324869
0.028750 1.372679
0.028800 1.188228
0.028850 1.288370
0.028900 1.210144
0.028950 1.240574
0.029000 1.270603
0.029050 1.230969
0.029100 1.213306
0.029150 1.328142
0.029200 1.288565
0.029250 1.179071
0.029300 1.266269
0.029350 1.161071
0.029400 1.193183
0.029450 1.263241
0.029500 1.142193
0.029550 1.091591
0.029600 1.265502
0.029650 1.173016
0.029700 1.159813
0.029750 1.147757
0.029800 1.199541
0.029850 1.292271
0.029900 1.267484
0.029950 1.222192
0.030000 1.218162
0.030050 1.090120
0.030100 1.199645
0.030150 1.170817
0.030200 1.162436
0.030250 1.115250
0.030300 1.128551
0.030350 1.210035
0.030400 1.089754
0.030450 1.157390
0.030500 1.118455
0.030550 1.116069
0.030600 1.111853
0.030650 1.069569
0.030700 1.135339
0.030750 1.155251
0.030800 1.205513
0.030850 0.992771
0.030900 1.221600
0.030950 1.036160
0.031000 1.036762
0.031050 1.075330
0.031100 1.089808
0.031150 1.076920
0.031200 1.145865
0.031250 1.078693
0.031300 1.000559
0.031350 1.038879
0.031400 1.167979
0.031450 1.092335
0.031500 1.112892
0.031550 1.062782
0.031600 1.021948
0.031650 1.078576
0.031700 0.989442
0.031750 1.020110
0.031800 1.058587
0.031850 0.939679
0.031900 1.087333
0.031950 1.066741
0.032000 1.014021
0.032050 0.977765
0.032100 1.023663
0.032150 1.020207
0.032200 0.990954
0.032250 1.216108
0.032300 1.049598
0.032350 1.030076
0.032400 1.034495
0.032450 0.998653
0.032500 1.066824
0.032550 1.006232
0.032600 0.969540
0.032650 0.935968
0.032700 0.940251
0.032750 1.029853
0.032800 1.023962
0.032850 1.063464
0.032900 1.047808
0.032950 1.014938
0.033000 1.077120
0.033050 1.005878
0.033100 1.083505
0.033150 0.915157
0.033200 1.038000
0.033250 0.990254
0.033300 0.908293
0.033350 0.859381
0.033400 1.027024
0.033450 0.936148
0.033500 0.943519
0.033550 1.013437
0.033600 0.975332
0.033650 1.107596
0.033700 1.087241
0.033750 1.037067
0.033800 0.933880
0.033850 1.003142
0.033900 0.981063
0.033950 0.912663
0.034000 1.062579
0.034050 1.021531
0.034100 0.923629
0.034150 1.007941
0.034200 1.040580
0.034250 0.991058
0.034300 0.961258
0.034350 0.982256
0.034400 0.897945
0.034450 0.847783
0.034500 1.002647
0.034550 0.959597
0.034600 1.001615
0.034650 0.859227
0.034700 1.020649
0.034750 1.005305
0.034800 0.867238
0.034850 0.920542
0.034900 0.866446
0.034950 0.917134
0.035000 0.963850
0.035050 0.939178
0.035100 0.979795
0.035150 1.005113
0.035200 0.962169
0.035250 0.851281
0.035300 0.951330
0.035350 0.954116
0.035400 0.949839
0.035450 0.876689
0.035500 0.835951
0.035550 0.941017
0.035600 0.841911
0.035650 0.987305
0.035700 0.925261
0.035750 0.930991
0.035800 0.914533
0.035850 0.882943
0.035900 0.990722
0.035950 0.953526
0.036000 0.854904
0.036050 0.773936
0.036100 0.943528
0.036150 0.928496
0.036200 0.896016
0.036250 0.965782
0.036300 0.777766
0.036350 0.851068
0.036400 0.878761
0.036450 0.932863
0.036500 0.863663
0.036550 0.936933
0.036600 0.932820
0.036650 0.836220
0.036700 0.807594
0.036750 0.942258
0.036800 0.834276
0.036850 1.001880
0.036900 0.870146
0.036950 0.854810
0.037000 0.806822
0.037050 0.815046
0.037100 0.861954
0.037150 0.894186
0.037200 0.896762
0.037250 0.868030
0.037300 0.869076
0.037350 0.891832
0.037400 0.797849
0.037450 0.835503
0.037500 0.805732
0.037550 0.852560
0.037600 0.834078
0.037650 0.895460
0.037700 0.850645
0.037750 0.927381
0.037800 0.915866
0.037850 0.834582
0.037900 0.913897
0.037950 0.798979
0.038000 0.810707
0.038050 0.767631
0.038100 0.882340
0.038150 0.865342
0.038200 0.823810
0.038250 0.912348
0.038300 0.810263
0.038350 0.703951
0.038400 0.893302
0.038450 0.925556
0.038500 0.900894
0.038550 0.837548
0.038600 0.780925
0.038650 0.904437
0.038700 0.881966
0.038750 0.871836
0.038800 0.855463
0.038850 0.787691
0.038900 0.816266
0.038950 0.864464
0.039000 0.791024
0.039050 0.758760
0.039100 0.824260
0.039150 0.788104
0.039200 0.809912
0.039250 0.893910
0.039300 0.869635
0.039350 0.772783
0.039400 0.735538
0.039450 0.801654
0.039500 0.820574
0.039550 0.774634
0.039600 0.891097
0.039650 0.812689
0.039700 0.912076
0.039750 0.730862
0.039800 0.732286
0.039850 0.786396
0.039900 0.822345
0.039950 0.716041
0.040000 0.912929
0.040050 0.825857
0.040100 0.869359
0.040150 0.816555
0.040200 0.810255
0.040250 0.735433
0.040300 0.802376
0.040350 0.734644
0.040400 0.717639
0.040450 0.769433
0.040500 0.693293
0.040550 0.732187
0.040600 0.763920
0.040650 0.682636
0.040700 0.730649
0.040750 0.732339
0.040800 0.678491
0.040850 0.742249
0.040900 0.739914
0.040950 0.908142
0.041000 0.801962
0.041050 0.786646
0.041100 0.723551
0.041150 0.818445
0.041200 0.720646
0.041250 0.787702
0.041300 0.700364
0.041350 0.808128
0.041400 0.786970
0.041450 0.764916
0.041500 0.776033
0.041550 0.799681
0.041600 0.839252
0.041650 0.844782
0.041700 0.789387
0.041750 0.686987
0.041800 0.783436
0.041850 0.776330
0.041900 0.728098
0.041950 0.806544
0.042000 0.803704
0.042050 0.711612
0.042100 0.858614
0.042150 0.658422
0.042200 0.711028
0.042250 0.686846
0.042300 0.814202
0.042350 0.797012
0.042400 0.740717
0.042450 0.742033
0.042500 0.810593
0.042550 0.685149
0.042600 0.718784
0.042650 0.749132
0.042700 0.697517
0.042750 0.700515
0.042800 0.784092
0.042850 0.720396
0.042900 0.758708
0.042950 0.734384
0.043000 0.728927
0.043050 0.742425
0.043100 0.730090
0.043150 0.773882
0.043200 0.803996
0.043250 0.757150
0.043300 0.811590
0.043350 0.756860
0.043400 0.730627
0.043450 0.719103
0.043500 0.684032
0.043550 0.793602
0.043600 0.674833
0.043650 0.719103
0.043700 0.733785
0.043750 0.711735
0.043800 0.767672
0.043850 0.873856
0.043900 0.713196
0.043950 0.799276
0.044000 0.743818
0.044050 0.651136
0.044100 0.638501
0.044150 0.670917
0.044200 0.801688
0.044250 0.657366
0.044300 0.804387
0.044350 0.646443
0.044400 0.676442
0.044450 0.657602
0.044500 0.731372
0.044550 0.722444
0.044600 0.643841
0.044650 0.717857
0.044700 0.765281
0.044750 0.708041
0.044800 0.684704
0.044850 0.670278
0.044900 0.783471
0.044950 0.720651
0.045000 0.643214
0.045050 0.713456
0.045100 0.629528
0.045150 0.751442
0.045200 0.752500
0.045250 0.728202
0.045300 0.691134
0.045350 0.664848
0.045400 0.683934
0.045450 0.734942
0.045500 0.691383
0.045550 0.664105
0.045600 0.772783
0.045650 0.710909
0.045700 0.635115
0.045750 0.734037
0.045800 0.704912
0.045850 0.690388
0.045900 0.726370
0.045950 0.706358
0.046000 0.699183
0.046050 0.666177
0.046100 0.705989
0.046150 0.725611
0.046200 0.698130
0.046250 0.650196
0.046300 0.667005
0.046350 0.670885
0.046400 0.746319
0.046450 0.713195
0.046500 0.816829
0.046550 0.651457
0.046600 0.748666
0.046650 0.595884
0.046700 0.753039
0.046750 0.682323
0.046800 0.714458
0.046850 0.706370
0.046900 0.731129
0.046950 0.653515
0.047000 0.722457
0.047050 0.623951
0.047100 0.693936
0.047150 0.675416
0.047200 0.731500
0.047250 0.633572
0.047300 0.677391
0.047350 0.669217
0.047400 0.646790
0.047450 0.713600
0.047500 0.773972
0.047550 0.687934
0.047600 0.696932
0.047650 0.615336
0.047700 0.640451
0.047750 0.721101
0.047800 0.714925
0.047850 0.665627
0.047900 0.677558
0.047950 0.702974
0.048000 0.667934
0.048050 0.737650
0.048100 0.692031
0.048150 0.686765
0.048200 0.603325
0.048250 0.671295
0.048300 0.672761
0.048350 0.657783
0.048400 0.650518
0.048450 0.709198
0.048500 0.674851
0.048550 0.670537
0.048600 0.606864
0.048650 0.595598
0.048700 0.674005
0.048750 0.679461
0.048800 0.689826
0.048850 0.698274
0.048900 0.677385
0.048950 0.672119
0.049000 0.664882
0.049050 0.690036
0.049100 0.635651
0.049150 0.742483
0.049200 0.618173
0.049250 0.689705
0.049300 0.713099
0.049350 0.601215
0.049400 0.574052
0.049450 0.778474
0.049500 0.663430
0.049550 0.729580
0.049600 0.696637
0.049650 0.710319
0.049700 0.677284
0.049750 0.604316
0.049800 0.664733
0.049850 0.532725
0.049900 0.664063
