0.030183 -0.0250000004 0.000477816073 0.000878459902 asynchronous_release_0
0.095363 -0.0250000004 0.00675131079 0.0343426819 asynchronous_release_1
0.083026 -0.0250000004 0.000215924001 0.0349993339 asynchronous_release_0
0.083214 -0.0250000004 0.000390692682 -0.000920521172 asynchronous_release_0
0.107005 -0.0250000004 0.0195933457 0.029001738 asynchronous_release_0
0.099389 -0.0250000004 -0.0203267538 -0.0284925092 asynchronous_release_0
0.026753 -0.0250000004 0.0104544998 0.0334021472 asynchronous_release_0
0.100579 -0.0250000004 0.0344863303 0.0059743635 asynchronous_release_0
0.10487 -0.0250000004 -0.000417431674 0.000908708313 asynchronous_release_0
0.106209 -0.0250000004 0.0243770217 -0.025114952 asynchronous_release_0
0.036882 -0.0250000004 -0.0288583114 0.019803986 asynchronous_release_0
0.096057 -0.0250000004 0.00272159923 0.0348940238 asynchronous_release_0
0.055821 -0.0250000004 -0.024917187 -0.0245791333 asynchronous_release_0
0.036381 -0.0250000004 0.0232267648 0.0261823871 asynchronous_release_0
0.101086 -0.0250000004 0.0223045253 -0.026972359 asynchronous_release_0
0.096085 -0.0250000004 -0.0348184465 0.0035603065 asynchronous_release_0
0.014581 -0.0250000004 -0.0145059666 0.0318524243 asynchronous_release_1
0.046938 -0.0250000004 -0.000749622299 -0.000661865855 asynchronous_release_0
0.031149 -0.0250000004 0.0117325638 0.0329749442 asynchronous_release_0
0.049201 -0.0250000004 -0.0260244027 -0.0234036421 asynchronous_release_0
0.08814 -0.0250000004 -0.0168827695 -0.0306589643 asynchronous_release_0
0.032827 -0.0250000004 -0.0318873887 -0.0144289445 asynchronous_release_0
0.061976 -0.0250000004 0.000503380656 -0.000864064764 asynchronous_release_0
0.074263 -0.0250000004 0.0299277502 -0.0181474451 asynchronous_release_0
0.034517 -0.0250000004 0.0129635301 0.0325107196 asynchronous_release_0
0.095366 -0.0250000004 -0.0132333894 0.0324018117 asynchronous_release_0
0.093676 -0.0250000004 0.0349079161 -0.00253720147 asynchronous_release_0
0.052971 -0.0250000004 0.00356247135 0.0348182251 asynchronous_release_0
0.067774 -0.0250000004 0.0244574976 -0.0250365895 asynchronous_release_0
0.009022 -0.0250000004 -0.010075163 -0.0335185186 asynchronous_release_0
0.095997 -0.0250000004 0.0268066572 -0.0225034027 asynchronous_release_0
0.095229 -0.0250000004 0.0154223614 0.0314189556 asynchronous_release_0
0.092069 -0.0250000004 0.0304104413 -0.0173264266 asynchronous_release_0
0.025827 -0.0250000004 -0.0218776507 0.0273197438 asynchronous_release_0
0.105605 -0.0250000004 0.000662052313 0.000749457627 asynchronous_release_0
0.096543 -0.0250000004 -0.00500585831 0.0346401701 asynchronous_release_0
0.085509 -0.0250000004 -0.0211534605 0.0278842448 asynchronous_release_0
0.059631 -0.0250000004 -0.0248914591 -0.0246051877 asynchronous_release_0
0.103938 -0.0250000004 -0.0341334628 -0.00773994292 asynchronous_release_0
0.019322 -0.0250000004 -0.00276481505 0.0348906262 asynchronous_release_1
0.098092 -0.0250000004 0.0338215481 -0.00900571385 asynchronous_release_1
0.091255 -0.0250000004 -0.007992527 -0.0340752038 asynchronous_release_0
0.022822 -0.0250000004 -0.000972482627 0.000232975407 asynchronous_release_0
0.085569 -0.0250000004 0.034796341 -0.00377023227 asynchronous_release_0
0.026072 -0.0250000004 0.0335123728 -0.0100955865 asynchronous_release_0
0.109829 -0.0250000004 -0.00908378946 -0.0338006623 asynchronous_release_0
0.004688 -0.0250000004 0.0247303375 -0.0247671236 asynchronous_release_3
0.044512 -0.0250000004 -0.0259513801 -0.0234845879 asynchronous_release_0
0.082665 -0.0250000004 0.00894730969 -0.0338370455 asynchronous_release_0
0.058338 -0.0250000004 0.0345776734 0.0054207472 asynchronous_release_0
0.089381 -0.0250000004 0.0342784978 -0.00706997785 asynchronous_release_0
0.088738 -0.0250000004 0.0217796365 0.0273979458 asynchronous_release_3
0.093565 -0.0250000004 -0.0106554954 0.0333385725 asynchronous_release_1
0.0333 -0.0250000004 -0.0230055717 -0.0263769534 asynchronous_release_0
0.10458 -0.0250000004 0.0148258234 0.0317048097 asynchronous_release_0
0.090393 -0.0250000004 0.0284000999 0.0204556674 asynchronous_release_0
0.106497 -0.0250000004 -0.000435550194 0.0349972898 asynchronous_release_1
0.10613 -0.0250000004 0.0349584234 -0.00170547093 asynchronous_release_0
0.099142 -0.0250000004 -0.0302198837 0.017656688 asynchronous_release_0
0.08386 -0.0250000004 0.0249149611 0.0245813896 asynchronous_release_3
0.109102 -0.0250000004 0.0188247471 -0.0295064213 asynchronous_release_0
0.050155 -0.0250000004 0.011693431 0.0329888416 asynchronous_release_0
0.025696 -0.0250000004 0.0124974606 0.0326927129 asynchronous_release_0
0.103648 -0.0250000004 0.000934077512 -0.000357070303 asynchronous_release_0
0.02075 -0.0250000004 0.015368032 -0.0314455656 asynchronous_release_0
0.083774 -0.0250000004 0.0617545912 -0.0329601345 asynchronous_release_3
0.099511 -0.0250000004 0.0348926912 -0.00273863118 asynchronous_release_0
0.087628 -0.0250000004 -0.000162464181 -0.000986714442 asynchronous_release_0
0.084553 -0.0250000004 0.0143019305 0.031944558 asynchronous_release_4
0.089872 -0.0250000004 6.41535545e-05 -0.000997940039 asynchronous_release_0
0.094323 -0.0250000004 0.034812726 -0.00361581347 asynchronous_release_0
0.027259 -0.0250000004 -0.000986469586 0.000163944368 asynchronous_release_0
0.092957 -0.0250000004 -0.00844539064 -0.0339657972 asynchronous_release_0
0.095756 -0.0250000004 0.00608085727 0.0344677121 asynchronous_release_0
0.086421 -0.0250000004 -0.0141501665 0.0320120725 asynchronous_release_0
0.087759 -0.0250000004 0.0346824352 -0.00470411423 asynchronous_release_0
0.105572 -0.0250000004 -0.0345928285 -0.00532317755 asynchronous_release_0
0.091445 -0.0250000004 0.000943918096 0.000330179689 asynchronous_release_0
0.094829 -0.0250000004 -0.00248382309 0.0349117548 asynchronous_release_0
0.089191 -0.0250000004 0.0125061362 0.0326893952 asynchronous_release_0
0.058197 -0.0250000004 -0.020444424 -0.0284081947 asynchronous_release_0
0.092742 -0.0250000004 0.0286630467 -0.0200855609 asynchronous_release_0
0.096543 -0.0250000004 -0.0242147306 0.0252714626 asynchronous_release_0
0.016755 -0.0250000004 0.032922213 0.0118797262 asynchronous_release_0
0.039299 -0.0250000004 -0.000644903134 -0.000764264318 asynchronous_release_0
0.090015 -0.0250000004 0.0329610582 0.0117715184 asynchronous_release_0
0.083465 -0.0250000004 0.020687718 -0.028231513 asynchronous_release_3
0.045899 -0.0250000004 0.0334371687 -0.0103419412 asynchronous_release_0
0.094161 -0.0250000004 0.0237981393 -0.0256641494 asynchronous_release_0
0.108625 -0.0250000004 0.0271656734 -0.0220686698 asynchronous_release_1
0.029222 -0.0250000004 0.000818823375 0.000574045539 asynchronous_release_0
0.107393 -0.0250000004 0.000397064932 -0.000917790521 asynchronous_release_0
0.016262 -0.0250000004 -0.0332184534 0.0110242619 asynchronous_release_0
0.006233 -0.0250000004 -0.0261565176 -0.0232558936 asynchronous_release_1
0.103914 -0.0250000004 -0.0341805863 0.0075291115 asynchronous_release_0
0.012945 -0.0250000004 -0.00481391761 -0.034667365 asynchronous_release_0
0.039381 -0.0250000004 -0.0113122341 -0.0331214939 asynchronous_release_0
0.045107 -0.0250000004 -0.0100850115 0.0335155567 asynchronous_release_0
0.089908 -0.0250000004 0.0239828178 0.0254916545 asynchronous_release_2
0.100259 -0.0250000004 0.0155040662 -0.0313787178 asynchronous_release_0
0.036915 -0.0250000004 0.0194788904 -0.029078735 asynchronous_release_0
0.075646 -0.0250000004 0.01778004 0.0301474738 asynchronous_release_0
0.098804 -0.0250000004 -0.0152897306 -0.0314837123 asynchronous_release_0
0.098819 -0.0250000004 -0.0554653794 0.0244661336 asynchronous_release_0
0.104978 -0.0250000004 0.0348359843 0.00338440498 asynchronous_release_1
0.035691 -0.0250000004 -0.0280035642 -0.0209952469 asynchronous_release_0
0.028231 -0.0250000004 0.011237323 0.0331469844 asynchronous_release_0
0.055651 -0.0250000004 -0.011237323 -0.0331469844 asynchronous_release_0
0.095276 -0.0250000004 0.00044295196 0.0349971969 asynchronous_release_0
0.066773 -0.0250000004 -0.0342697711 0.00711215769 asynchronous_release_0
0.087343 -0.0250000004 0.0109755763 -0.0332345712 asynchronous_release_2
0.084847 -0.0250000004 0.0232542935 0.0261579402 asynchronous_release_1
0.076508 -0.0250000004 0.0259943266 0.023437043 asynchronous_release_0
0.106499 -0.0250000004 -0.0338668548 0.00883380684 asynchronous_release_0
0.016429 -0.0250000004 0.034902105 -0.00261592521 asynchronous_release_0
0.044141 -0.0250000004 0.0025021884 0.0349104433 asynchronous_release_0
0.103371 -0.0250000004 -7.58418512e-05 0.0349999178 asynchronous_release_0
0.103414 -0.0250000004 0.0123078331 0.032764573 asynchronous_release_0
0.061871 -0.0250000004 0.0346838805 -0.00469344562 asynchronous_release_0
0.091306 -0.0250000004 0.00927205164 -0.0337495046 asynchronous_release_4
0.089837 -0.0250000004 -0.0132010612 0.0324149963 asynchronous_release_1
0.050275 -0.0250000004 0.0349776814 -0.00124972215 asynchronous_release_0
0.087947 -0.0250000004 -0.000259786123 0.00096566618 asynchronous_release_0
0.103565 -0.0250000004 0.0111537833 -0.0331751883 asynchronous_release_0
0.033576 -0.0250000004 -0.0346772186 -0.00474241573 asynchronous_release_1
0.085893 -0.0250000004 0.0316770657 -0.0148850096 asynchronous_release_3
0.02091 -0.0250000004 -0.000584819458 -0.000811163487 asynchronous_release_0
0.09056 -0.0250000004 0.0148216131 0.0317067782 asynchronous_release_0
0.019419 -0.0250000004 0.000706505164 0.000707707887 asynchronous_release_0
0.016582 -0.0250000004 0.0267219308 -0.0226039469 asynchronous_release_0
0.100124 -0.0250000004 -0.0345976066 -0.0052920331 asynchronous_release_0
0.104323 -0.0250000004 -0.000798229367 -0.0349908964 asynchronous_release_1
0.059954 -0.0250000004 0.0345836016 0.00538279679 asynchronous_release_0
0.048089 -0.0250000004 0.0331725793 -0.0111615402 asynchronous_release_0
0.095393 -0.0250000004 -0.0248223705 0.0246748845 asynchronous_release_0
0.068212 -0.0250000004 -0.0110135679 -0.0332220006 asynchronous_release_0
0.056495 -0.0250000004 -0.030074478 0.0179032336 asynchronous_release_0
0.019335 -0.0250000004 -0.00605067359 -0.0344730235 asynchronous_release_0
0.024437 -0.0250000004 0.0251328487 -0.0243585697 asynchronous_release_0
0.109437 -0.0250000004 -0.0221736071 -0.0270800877 asynchronous_release_0
0.102367 -0.0250000004 -0.0135126527 0.0322863472 asynchronous_release_0
0.092226 -0.0250000004 -0.0139566658 0.0320969076 asynchronous_release_0
0.10451 -0.0250000004 -0.0320094068 0.0141561957 asynchronous_release_0
0.084427 -0.0250000004 0.00617657532 -0.0344506882 asynchronous_release_2
0.010969 -0.0250000004 -0.00315575058 -0.0348574416 asynchronous_release_4
0.092912 -0.0250000004 -0.0329916925 0.0116853852 asynchronous_release_0
0.105134 -0.0250000004 -0.00637600576 0.0344143364 asynchronous_release_0
0.018031 -0.0250000004 -0.0183144303 -0.0298258553 asynchronous_release_0
0.061918 -0.0250000004 -0.00567005738 -0.0345376671 asynchronous_release_0
0.09539 -0.0250000004 -0.0135611103 0.0322660237 asynchronous_release_0
0.1009 -0.0250000004 -0.0286183656 -0.0201491724 asynchronous_release_0
0.038134 -0.0250000004 -0.0340445519 -0.00812209877 asynchronous_release_0
0.0933 -0.0250000004 0.030673625 -0.0168561184 asynchronous_release_0
0.066802 -0.0250000004 -2.32813392e-05 -0.000999728953 asynchronous_release_0
0.084404 -0.0250000004 0.0333203912 -0.010712214 asynchronous_release_4
0.092634 -0.0250000004 0.0161392768 0.0310567826 asynchronous_release_0
0.09818 -0.0250000004 -0.00883105637 -0.0338675722 asynchronous_release_0
0.05928 -0.0250000004 0.0344923766 -0.00593935675 asynchronous_release_0
0.057366 -0.0250000004 -0.0192901229 0.0292043003 asynchronous_release_1
0.092334 -0.0250000004 0.0346597811 -0.00486822084 asynchronous_release_0
0.08971 -0.0250000004 0.0153437441 0.0314574239 asynchronous_release_0
0.06998 -0.0250000004 0.0224126214 -0.0268826041 asynchronous_release_0
0.034983 -0.0250000004 -0.00401642727 0.0347687836 asynchronous_release_0
0.068105 -0.0250000004 -0.012658356 0.0326307527 asynchronous_release_0
0.096642 -0.0250000004 -0.022922218 -0.0264494219 asynchronous_release_0
0.037263 -0.0250000004 -0.0227971131 0.0265573274 asynchronous_release_0
0.085746 -0.0250000004 0.00300967634 -0.0348703577 asynchronous_release_4
0.106003 -0.0250000004 0.0174657315 -0.0303306483 asynchronous_release_1
0.061272 -0.0250000004 0.0327050921 0.0124650292 asynchronous_release_0
0.06187 -0.0250000004 0.0348606449 -0.00312016601 asynchronous_release_0
0.029286 -0.0250000004 0.010308475 -0.0334475013 asynchronous_release_0
0.083999 -0.0250000004 0.0160854038 -0.0310847195 asynchronous_release_0
0.096557 -0.0250000004 0.00446647387 -0.0347138389 asynchronous_release_0
0.08799 -0.0250000004 0.0233619278 0.0260618559 asynchronous_release_0
0.004549 -0.0250000004 0.00593449687 0.0344932131 asynchronous_release_0
0.071191 -0.0250000004 0.000941765726 0.00033626971 asynchronous_release_0
0.093841 -0.0250000004 -0.000934142818 -0.00035689942 asynchronous_release_0
0.048285 -0.0250000004 0.0348584938 -0.00314410726 asynchronous_release_0
0.068881 -0.0250000004 -0.0349745517 0.00133444212 asynchronous_release_0
0.011005 -0.0250000004 0.00279348963 0.0348883421 asynchronous_release_0
0.021114 -0.0250000004 -0.0193178163 0.0291859893 asynchronous_release_0
0.063755 -0.0250000004 -0.0349347163 -0.00213672502 asynchronous_release_0
0.086011 -0.0250000004 -0.000999958926 9.06348442e-06 asynchronous_release_0
0.085837 -0.0250000004 -0.0282707114 -0.0206341193 asynchronous_release_3
0.101957 -0.0250000004 0.0155886574 -0.0313367797 asynchronous_release_0
0.098684 -0.0250000004 0.0122661765 0.0327801909 asynchronous_release_0
0.08674 -0.0250000004 0.0226810058 -0.026656556 asynchronous_release_0
0.078004 -0.0250000004 -0.000984004445 -0.000178143911 asynchronous_release_0
0.005715 -0.0250000004 0.0334279505 0.0103716983 asynchronous_release_2
0.013104 -0.0250000004 0.0348417891 0.00332411413 asynchronous_release_0
0.089349 -0.0250000004 0.0288078926 -0.0198772564 asynchronous_release_0
0.025009 -0.0250000004 -0.0271102877 -0.0221366732 asynchronous_release_0
0.056727 -0.0250000004 -0.000786781654 0.000617231423 asynchronous_release_0
0.091395 -0.0250000004 -0.0300099683 0.0180111578 asynchronous_release_0
0.028702 -0.0250000004 -0.0141990019 -0.0319904415 asynchronous_release_0
0.05095 -0.0250000004 -0.0345059063 -0.00586024149 asynchronous_release_0
0.099447 -0.0250000004 -0.0213395076 0.0277421235 asynchronous_release_0
0.046813 -0.0250000004 0.0333050393 -0.0107598495 asynchronous_release_1
0.045666 -0.0250000004 -0.0141894947 0.0319946596 asynchronous_release_0
0.102409 -0.0250000004 0.0310389007 -0.0161736405 asynchronous_release_0
0.00419 -0.0250000004 0.0342696629 -0.00711267894 asynchronous_release_4
0.027009 -0.0250000004 0.0343508034 0.00670986615 asynchronous_release_0
0.099011 -0.0250000004 -0.000495337681 0.000868700513 asynchronous_release_0
0.104638 -0.0250000004 -0.00821242694 0.0340228753 asynchronous_release_0
0.092447 -0.0250000004 -0.0212629568 -0.0278008393 asynchronous_release_0
0.100755 -0.0250000004 0.0134447547 -0.0323146804 asynchronous_release_0
0.101224 -0.0250000004 -0.00556814079 -0.0345542444 asynchronous_release_0
0.090905 -0.0250000004 -0.000284564547 0.000958656883 asynchronous_release_4
0.015205 -0.0250000004 0.0168980794 0.0306505287 asynchronous_release_0
0.089529 -0.0250000004 -0.00073127652 0.000682081118 asynchronous_release_4
0.027483 -0.0250000004 0.0326389077 -0.0126373139 asynchronous_release_0
0.004255 -0.0250000004 -0.00584805693 0.0345079734 asynchronous_release_1
0.023142 -0.0250000004 0.0340876902 0.00793910431 asynchronous_release_0
0.055417 -0.0250000004 -0.0349846761 0.00103558456 asynchronous_release_0
0.018935 -0.0250000004 0.0209897679 -0.0280076712 asynchronous_release_0
0.043772 -0.0250000004 -0.000688969244 0.000724790577 asynchronous_release_0
0.032061 -0.0250000004 0.00726008907 -0.0342387369 asynchronous_release_0
0.083891 -0.0250000004 0.00458386885 0.0346985323 asynchronous_release_0
0.054575 -0.0250000004 0.00361259428 -0.0348130602 asynchronous_release_0
0.029155 -0.0250000004 -0.034728512 0.00435091411 asynchronous_release_0
0.094911 -0.0250000004 -0.0210078446 0.0279941148 asynchronous_release_0
0.07757 -0.0250000004 -0.000893181223 -0.0004496969 asynchronous_release_0
0.09427 -0.0250000004 0.0262070829 -0.0231988966 asynchronous_release_0
0.096921 -0.0250000004 0.00729643529 0.0342310098 asynchronous_release_0
0.107904 -0.0250000004 -0.0326623582 -0.0125765797 asynchronous_release_0
0.059299 -0.0250000004 0.0293253595 -0.0191055827 asynchronous_release_0
0.097362 -0.0250000004 -0.0265353604 0.0228226784 asynchronous_release_0
0.09312 -0.0250000004 -0.0274125474 0.0217612555 asynchronous_release_0
0.007973 -0.0250000004 0.0277926403 0.0212736726 asynchronous_release_0
0.106142 -0.0250000004 0.000735414061 -0.000677618004 asynchronous_release_0
0.087518 -0.0250000004 -0.0232349527 0.0261751213 asynchronous_release_0
0.042404 -0.0250000004 -0.00120677833 0.0349791893 asynchronous_release_0
