0.08282 -0.0250000004 0.01223358 0.0327923699 synchronous_release_0
0.085024 -0.0250000004 -0.01223358 -0.0327923699 synchronous_release_0
0.084424 -0.0250000004 -0.0349809657 0.00115413883 synchronous_release_0
0.003304 -0.0250000004 0.0307343806 -0.0167450844 synchronous_release_0
0.084053 -0.0250000004 -0.00261763522 -0.0349019768 synchronous_release_0
0.030183 -0.0250000004 0.000477816073 0.000878459902 asynchronous_release_0
0.002374 -0.0250000004 0.0294037245 -0.0189847566 synchronous_release_0
0.004798 -0.0250000004 -0.00173941928 -0.0349567507 synchronous_release_0
0.002559 -0.0250000004 0.0337533463 0.00925805654 synchronous_release_0
0.08268 -0.0250000004 0.0335828526 -0.00985860088 synchronous_release_0
0.100387 -0.0250000004 0.0253292251 0.024154303 synchronous_release_0
0.003231 -0.0250000004 -0.0222454171 0.0270211291 synchronous_release_0
0.006214 -0.0250000004 0.0345236928 0.0057545318 synchronous_release_0
0.083062 -0.0250000004 0.0131486071 0.0324363089 synchronous_release_0
0.106405 -0.0250000004 -0.0131486071 -0.0324363089 synchronous_release_0
0.095363 -0.0250000004 0.00675131079 0.0343426819 asynchronous_release_1
0.082958 -0.0250000004 0.0239625418 -0.0255107152 synchronous_release_1
0.003254 -0.0250000004 0.00391885416 0.0347799164 synchronous_release_0
0.084033 -0.0250000004 0.0320797182 0.0139961309 synchronous_release_0
0.006019 -0.0250000004 0.0314115438 0.0154374516 synchronous_release_0
0.085601 -0.0250000004 -0.00233654664 -0.0349219208 synchronous_release_0
0.091286 -0.0250000004 0.0290749972 -0.0194844691 synchronous_release_0
0.083026 -0.0250000004 0.000215924001 0.0349993339 asynchronous_release_0
0.004469 -0.0250000004 0.0142613214 -0.0319627081 synchronous_release_0
0.08248 -0.0250000004 0.0137778512 0.0321740705 synchronous_release_0
0.101856 -0.0250000004 -0.0345254802 -0.0057437983 synchronous_release_0
0.083214 -0.0250000004 0.000390692682 -0.000920521172 asynchronous_release_0
0.087096 -0.0250000004 0.032218241 0.0136742439 synchronous_release_0
0.107005 -0.0250000004 0.0195933457 0.029001738 asynchronous_release_0
0.099389 -0.0250000004 -0.0203267538 -0.0284925092 asynchronous_release_0
0.084219 -0.0250000004 -0.000616930257 0.000787017826 synchronous_release_0
0.085291 -0.0250000004 -0.00187178639 -0.034949913 synchronous_release_0
0.026753 -0.0250000004 0.0104544998 0.0334021472 asynchronous_release_0
0.100579 -0.0250000004 0.0344863303 0.0059743635 asynchronous_release_0
0.10487 -0.0250000004 -0.000417431674 0.000908708313 asynchronous_release_0
0.082522 -0.0250000004 0.0285551207 -0.0202387026 synchronous_release_0
0.08765 -0.0250000004 0.0318047909 0.0146101086 synchronous_release_1
0.106209 -0.0250000004 0.0243770217 -0.025114952 asynchronous_release_0
0.003674 -0.0250000004 0.0298048977 -0.018348517 synchronous_release_0
0.083003 -0.0250000004 0.0139278591 0.0321094183 synchronous_release_0
0.089041 -0.0250000004 0.00301041805 0.0348702937 synchronous_release_0
0.036882 -0.0250000004 -0.0288583114 0.019803986 asynchronous_release_0
0.096057 -0.0250000004 0.00272159923 0.0348940238 asynchronous_release_0
0.086546 -0.0250000004 0.010894701 -0.0332611709 synchronous_release_0
0.086291 -0.0250000004 -0.0346135924 0.00518644602 synchronous_release_0
0.085761 -0.0250000004 0.0276707114 0.0214320258 synchronous_release_0
0.083004 -0.0250000004 0.029404493 0.0189835664 synchronous_release_1
0.055821 -0.0250000004 -0.024917187 -0.0245791333 asynchronous_release_0
0.017354 -0.0250000004 0.024917187 0.0245791333 synchronous_release_0
0.08656 -0.0250000004 0.0337447473 -0.00928935031 synchronous_release_0
0.093647 -0.0250000004 0.0330352116 0.0115617815 synchronous_release_0
0.082905 -0.0250000004 0.0395400209 0.0459520048 synchronous_release_1
0.002677 -0.0250000004 0.0248034583 -0.0246938951 synchronous_release_0
0.084335 -0.0250000004 0.024049839 -0.0254284338 synchronous_release_0
0.08347 -0.0250000004 -0.0219901467 -0.0272292756 synchronous_release_0
0.082551 -0.0250000004 0.0203696686 -0.0284618447 synchronous_release_1
0.082938 -0.0250000004 0.030766273 0.0166864149 synchronous_release_0
0.036381 -0.0250000004 0.0232267648 0.0261823871 asynchronous_release_0
0.086719 -0.0250000004 -0.000748068204 0.000663621852 synchronous_release_0
0.083934 -0.0250000004 0.0275065578 -0.0216423029 synchronous_release_0
0.082499 -0.0250000004 0.0323395801 -0.013384751 synchronous_release_0
0.101086 -0.0250000004 0.0223045253 -0.026972359 asynchronous_release_0
0.002855 -0.0250000004 0.0345110108 0.00583010602 synchronous_release_0
0.10486 -0.0250000004 -0.000166574458 0.000986028879 synchronous_release_0
0.096085 -0.0250000004 -0.0348184465 0.0035603065 asynchronous_release_0
0.082922 -0.0250000004 0.0286518148 -0.0638676249 synchronous_release_0
0.082456 -0.0250000004 0.0557657484 -0.0237735422 synchronous_release_0
0.002894 -0.0250000004 0.0279641413 -0.0210477267 synchronous_release_0
0.089501 -0.0250000004 -0.000992614861 0.000121308439 synchronous_release_0
0.014581 -0.0250000004 -0.0145059666 0.0318524243 asynchronous_release_1
0.085508 -0.0250000004 0.0349035619 -0.00259641381 synchronous_release_1
0.084866 -0.0250000004 0.0349490199 -0.00188838777 synchronous_release_0
0.082821 -0.0250000004 0.021406294 -0.0276906225 synchronous_release_0
0.109358 -0.0250000004 0.0346839296 0.00469308318 synchronous_release_0
0.093193 -0.0250000004 0.0202801481 0.0285257006 synchronous_release_0
0.003044 -0.0250000004 0.00199306039 0.0349432069 synchronous_release_0
0.086973 -0.0250000004 0.000213753424 -0.000976887646 synchronous_release_1
0.082998 -0.0250000004 -0.00993103886 0.0335615028 synchronous_release_0
0.087591 -0.0250000004 0.000725179523 -0.000688559844 synchronous_release_1
0.046938 -0.0250000004 -0.000749622299 -0.000661865855 asynchronous_release_0
0.083096 -0.0250000004 0.0231653049 -0.0262367804 synchronous_release_0
0.003384 -0.0250000004 0.0343043708 0.00694335232 synchronous_release_1
0.031149 -0.0250000004 0.0117325638 0.0329749442 asynchronous_release_0
0.049201 -0.0250000004 -0.0260244027 -0.0234036421 asynchronous_release_0
0.00941 -0.0250000004 0.0339831779 -0.00837517875 synchronous_release_0
0.082548 -0.0250000004 -0.00973847139 0.0336178847 synchronous_release_0
0.016965 -0.0250000004 0.0319605896 0.0142660686 synchronous_release_0
0.024601 -0.0250000004 0.0201471906 0.0286197609 synchronous_release_0
0.004872 -0.0250000004 -0.0180837035 -0.0299663089 synchronous_release_0
0.018545 -0.0250000004 0.0180837035 0.0299663089 synchronous_release_0
0.083433 -0.0250000004 0.0349934365 -0.000677792185 synchronous_release_0
0.085944 -0.0250000004 0.0519031695 -0.0313218932 synchronous_release_0
0.083102 -0.0250000004 0.0349999957 1.72921856e-05 synchronous_release_0
0.002759 -0.0250000004 0.0285037845 -0.0203109396 synchronous_release_0
0.083526 -0.0250000004 0.0318416819 0.0145295317 synchronous_release_0
0.08814 -0.0250000004 -0.0168827695 -0.0306589643 asynchronous_release_0
0.032827 -0.0250000004 -0.0318873887 -0.0144289445 asynchronous_release_0
0.101769 -0.0250000004 0.0249922356 -0.0245028194 synchronous_release_0
0.087032 -0.0250000004 -0.000700080555 -0.000714063874 synchronous_release_1
0.061976 -0.0250000004 0.000503380656 -0.000864064764 asynchronous_release_0
0.002526 -0.0250000004 0.0349021779 -0.00261495216 synchronous_release_0
0.002728 -0.0250000004 0.0177292765 -0.030177355 synchronous_release_0
0.002611 -0.0250000004 0.0231681919 0.0262342312 synchronous_release_0
0.082412 -0.0250000004 0.0341677438 0.0500755957 synchronous_release_0
0.098016 -0.0250000004 -0.0315394512 -0.0151744198 synchronous_release_0
0.093631 -0.0250000004 0.0349907736 0.000803595101 synchronous_release_0
0.104146 -0.0250000004 0.0314447565 -0.0153696874 synchronous_release_0
0.074263 -0.0250000004 0.0299277502 -0.0181474451 asynchronous_release_0
0.088922 -0.0250000004 0.0212998225 0.0277726045 synchronous_release_0
0.034517 -0.0250000004 0.0129635301 0.0325107196 asynchronous_release_0
0.087015 -0.0250000004 0.031761917 -0.0147030823 synchronous_release_1
0.00464 -0.0250000004 0.0120852109 0.032847339 synchronous_release_0
0.088528 -0.0250000004 0.00063256563 0.000774506762 synchronous_release_0
0.095366 -0.0250000004 -0.0132333894 0.0324018117 asynchronous_release_0
0.086354 -0.0250000004 0.0132333894 -0.0324018117 synchronous_release_1
0.002374 -0.0250000004 0.0349119791 -0.00248066895 synchronous_release_0
0.084138 -0.0250000004 0.0294004718 0.0189897935 synchronous_release_0
0.093676 -0.0250000004 0.0349079161 -0.00253720147 asynchronous_release_0
0.08309 -0.0250000004 0.0387907034 -0.0465862783 synchronous_release_0
0.096475 -0.0250000004 0.0328436519 -0.0120952276 synchronous_release_0
0.012513 -0.0250000004 -0.000850627257 0.000525769217 synchronous_release_0
0.084653 -0.0250000004 0.0165823072 -0.0308225094 synchronous_release_0
0.082155 -0.0250000004 0.00942867535 -0.0337060837 synchronous_release_0
0.052971 -0.0250000004 0.00356247135 0.0348182251 asynchronous_release_0
0.09067 -0.0250000004 0.00033970035 -0.000940533717 synchronous_release_0
0.067774 -0.0250000004 0.0244574976 -0.0250365895 asynchronous_release_0
0.009022 -0.0250000004 -0.010075163 -0.0335185186 asynchronous_release_0
0.095997 -0.0250000004 0.0268066572 -0.0225034027 asynchronous_release_0
0.004277 -0.0250000004 0.0341650255 -0.00759940998 synchronous_release_0
0.095229 -0.0250000004 0.0154223614 0.0314189556 asynchronous_release_0
0.007562 -0.0250000004 -0.000362368614 -0.000932034864 synchronous_release_0
0.084039 -0.0250000004 0.0309590356 -0.0163259952 synchronous_release_0
0.082636 -0.0250000004 0.0244412301 0.0250524704 synchronous_release_0
0.092069 -0.0250000004 0.0304104413 -0.0173264266 asynchronous_release_0
0.083739 -0.0250000004 0.000622393882 -0.000782704195 synchronous_release_0
0.093771 -0.0250000004 0.024269425 -0.0252189415 synchronous_release_0
0.083014 -0.0250000004 0.0273015985 0.0219002904 synchronous_release_0
0.003697 -0.0250000004 0.014796669 0.0317184266 synchronous_release_0
0.083186 -0.0250000004 0.0200706287 -0.0286735045 synchronous_release_0
0.082889 -0.0250000004 0.0251486543 0.0551592711 synchronous_release_0
0.095261 -0.0250000004 -0.00334878287 0.0348394267 synchronous_release_0
0.091283 -0.0250000004 0.0238227201 -0.025641334 synchronous_release_0
0.082523 -0.0250000004 -0.0300506754 0.0179431577 synchronous_release_0
0.002672 -0.0250000004 0.00776057332 -0.0341287782 synchronous_release_0
0.010248 -0.0250000004 0.000381062999 -0.000924549074 synchronous_release_0
0.083445 -0.0250000004 0.020310367 0.0285041926 synchronous_release_0
0.082812 -0.0250000004 0.0349921187 -0.000742719474 synchronous_release_0
0.087491 -0.0250000004 0.0181392733 0.0299327039 synchronous_release_0
0.085525 -0.0250000004 0.000943667171 0.000330896162 synchronous_release_0
0.082276 -0.0250000004 0.0343940738 -0.00648441862 synchronous_release_1
0.025827 -0.0250000004 -0.0218776507 0.0273197438 asynchronous_release_0
0.083531 -0.0250000004 0.000692006727 0.000721891051 synchronous_release_0
0.00378 -0.0250000004 -0.0226072925 0.0267191004 synchronous_release_0
0.084961 -0.0250000004 0.0344430659 0.00621893946 synchronous_release_0
0.091014 -0.0250000004 0.0349965828 0.000489069634 synchronous_release_0
0.083361 -0.0250000004 0.00617628393 -0.0344507404 synchronous_release_0
0.092468 -0.0250000004 0.00829606362 0.0340025783 synchronous_release_0
0.082501 -0.0250000004 0.0247335471 -0.0247639183 synchronous_release_0
0.004951 -0.0250000004 0.022190518 -0.0270662319 synchronous_release_0
0.082917 -0.0250000004 0.0343277945 -0.00682660416 synchronous_release_0
0.017895 -0.0250000004 -0.00332268457 -0.0348419254 synchronous_release_0
0.002866 -0.0250000004 -0.0134344532 0.0323189645 synchronous_release_0
0.082561 -0.0250000004 0.0212718177 0.02779406 synchronous_release_1
0.082698 -0.0250000004 0.0599550653 0.00896605497 synchronous_release_1
0.086199 -0.0250000004 -0.000499734401 0.000866178693 synchronous_release_0
0.105605 -0.0250000004 0.000662052313 0.000749457627 asynchronous_release_0
0.084379 -0.0250000004 -0.00695188578 -0.0343026425 synchronous_release_0
0.003864 -0.0250000004 0.026131614 -0.0232838732 synchronous_release_0
0.088779 -0.0250000004 0.0269068916 0.0223834578 synchronous_release_1
0.083063 -0.0250000004 0.0347707704 -0.00399919039 synchronous_release_0
0.082995 -0.0250000004 -0.0188121577 0.0295144494 synchronous_release_0
0.011895 -0.0250000004 -0.000682778095 -0.00073062581 synchronous_release_0
0.002563 -0.0250000004 0.0349124721 0.00247372037 synchronous_release_0
0.087337 -0.0250000004 -0.000528890463 -0.000848690096 synchronous_release_0
0.0901 -0.0250000004 0.0192463629 -0.0292331578 synchronous_release_1
0.004449 -0.0250000004 0.0303029888 0.0175136767 synchronous_release_0
0.082616 -0.0250000004 0.0304838129 0.0171970099 synchronous_release_0
0.085752 -0.0250000004 0.068694722 0.0134549312 synchronous_release_0
0.089284 -0.0250000004 0.0247459968 -0.0247514776 synchronous_release_0
0.087557 -0.0250000004 0.0343999168 -0.00645335001 synchronous_release_0
0.090656 -0.0250000004 0.0227887234 0.0265645268 synchronous_release_1
0.002271 -0.0250000004 0.0349431715 0.00199368064 synchronous_release_0
0.01265 -0.0250000004 0.0289042883 0.0197368213 synchronous_release_0
0.082787 -0.0250000004 0.0148323997 -0.0317017337 synchronous_release_0
0.094279 -0.0250000004 0.0200383069 0.0286961018 synchronous_release_0
0.085917 -0.0250000004 0.0338818412 0.00877615174 synchronous_release_0
0.08257 -0.0250000004 0.0146550688 -0.0317840992 synchronous_release_0
0.005748 -0.0250000004 0.0349993257 0.000217260294 synchronous_release_0
0.082997 -0.0250000004 0.0184536347 0.0297399288 synchronous_release_0
0.096543 -0.0250000004 -0.00500585831 0.0346401701 asynchronous_release_0
0.083305 -0.0250000004 -0.0349796117 0.00119447364 synchronous_release_0
0.084279 -0.0250000004 0.0344307619 0.00628670311 synchronous_release_0
0.006788 -0.0250000004 -0.000302829978 -0.000953044597 synchronous_release_0
0.082684 -0.0250000004 0.0345942452 0.00531396253 synchronous_release_0
0.085509 -0.0250000004 -0.0126950961 -0.0326164764 synchronous_release_0
0.085509 -0.0250000004 -0.0211534605 0.0278842448 asynchronous_release_0
0.003187 -0.0250000004 0.0211534605 -0.0278842448 synchronous_release_0
0.083324 -0.0250000004 0.0266653871 -0.0226706227 synchronous_release_0
0.083623 -0.0250000004 -0.0243866467 0.0251056062 synchronous_release_0
0.059631 -0.0250000004 -0.0248914591 -0.0246051877 asynchronous_release_0
0.007852 -0.0250000004 0.025352762 0.0241295972 synchronous_release_0
0.005019 -0.0250000004 0.000998114272 -6.13832196e-05 synchronous_release_0
0.003096 -0.0250000004 0.0187686827 0.0295421149 synchronous_release_0
0.082212 -0.0250000004 0.034859892 -0.00312856717 synchronous_release_0
0.092021 -0.0250000004 0.0311522368 -0.0159542515 synchronous_release_0
0.004426 -0.0250000004 0.016601841 -0.0308119924 synchronous_release_0
0.103938 -0.0250000004 -0.0341334628 -0.00773994292 asynchronous_release_0
0.093941 -0.0250000004 0.0341334628 0.00773994292 synchronous_release_0
0.019322 -0.0250000004 -0.00276481505 0.0348906262 asynchronous_release_1
0.005692 -0.0250000004 0.0263833909 0.0229981887 synchronous_release_0
0.090875 -0.0250000004 0.0236990027 -0.025755723 synchronous_release_0
0.005371 -0.0250000004 0.0222505997 -0.0270168616 synchronous_release_0
0.098092 -0.0250000004 0.0338215481 -0.00900571385 asynchronous_release_1
0.091255 -0.0250000004 -0.007992527 -0.0340752038 asynchronous_release_0
0.004667 -0.0250000004 -0.0335062556 -0.0101158705 synchronous_release_0
0.084114 -0.0250000004 -0.0294924827 0.018846577 synchronous_release_0
0.084077 -0.0250000004 0.0125836122 -0.0326596495 synchronous_release_0
0.082526 -0.0250000004 0.0308925274 0.0164514969 synchronous_release_0
0.083462 -0.0250000004 -0.00253813973 0.0349078479 synchronous_release_0
0.022822 -0.0250000004 -0.000972482627 0.000232975407 asynchronous_release_0
0.085569 -0.0250000004 0.034796341 -0.00377023227 asynchronous_release_0
0.082826 -0.0250000004 0.0333939016 0.0104808079 synchronous_release_0
0.089581 -0.0250000004 -0.00017884481 0.000983877296 synchronous_release_1
0.082809 -0.0250000004 0.0268817135 0.0224136895 synchronous_release_0
0.085607 -0.0250000004 -0.00596996775 0.0344870916 synchronous_release_0
0.026072 -0.0250000004 0.0335123728 -0.0100955865 asynchronous_release_0
0.091482 -0.0250000004 -0.00289479191 -0.0605526232 synchronous_release_0
0.00282 -0.0250000004 0.0203485609 0.0284769392 synchronous_release_0
0.109829 -0.0250000004 -0.00908378946 -0.0338006623 asynchronous_release_0
0.004688 -0.0250000004 0.0247303375 -0.0247671236 asynchronous_release_3
0.082042 -0.0250000004 0.00805400593 -0.034060725 synchronous_release_1
0.082686 -0.0250000004 0.0175024565 0.0303094707 synchronous_release_1
0.014799 -0.0250000004 0.0251149325 -0.0243770417 synchronous_release_0
0.082352 -0.0250000004 0.000449501199 -0.0349971134 synchronous_release_0
0.003364 -0.0250000004 0.0305914802 -0.0170047446 synchronous_release_0
0.087775 -0.0250000004 -0.000385320377 0.00092278286 synchronous_release_1
0.082806 -0.0250000004 0.0175102179 -0.0303049875 synchronous_release_0
0.082995 -0.0250000004 0.0348642648 0.0030794542 synchronous_release_1
0.00479 -0.0250000004 -0.0321710347 -0.0137849384 synchronous_release_0
0.082742 -0.0250000004 -0.000992954358 0.000118497441 synchronous_release_0
0.089524 -0.0250000004 0.0321710347 0.0137849384 synchronous_release_0
0.00525 -0.0250000004 0.0302537657 -0.0175985698 synchronous_release_0
0.044512 -0.0250000004 -0.0259513801 -0.0234845879 asynchronous_release_0
0.082899 -0.0250000004 -0.000306636015 -0.000951826851 synchronous_release_0
0.082665 -0.0250000004 0.00894730969 -0.0338370455 asynchronous_release_0
0.013286 -0.0250000004 0.0333214245 0.0107089996 synchronous_release_0
0.087587 -0.0250000004 -0.00304932943 0.0348669125 synchronous_release_0
0.082332 -0.0250000004 0.0113277903 -0.0331161768 synchronous_release_0
0.003192 -0.0250000004 8.58899519e-06 0.000999963114 synchronous_release_0
0.082413 -0.0250000004 0.0349993392 0.000215069311 synchronous_release_0
0.058338 -0.0250000004 0.0345776734 0.0054207472 asynchronous_release_0
0.004548 -0.0250000004 -0.0345776734 -0.0054207472 synchronous_release_0
0.08701 -0.0250000004 0.033356105 0.010600484 synchronous_release_0
0.086141 -0.0250000004 0.0331656658 -0.0111820664 synchronous_release_0
0.084368 -0.0250000004 0.0277075347 -0.021384399 synchronous_release_0
0.01672 -0.0250000004 -0.00510627126 0.0346255107 synchronous_release_0
0.082389 -0.0250000004 -0.0325397075 0.0128905947 synchronous_release_0
0.088589 -0.0250000004 0.0325397075 -0.0128905947 synchronous_release_0
0.082527 -0.0250000004 0.0290108835 0.0195798018 synchronous_release_0
0.082844 -0.0250000004 0.0260881424 -0.0233325701 synchronous_release_0
0.082482 -0.0250000004 -0.0186456655 -0.0296199115 synchronous_release_0
0.086214 -0.0250000004 0.0163287631 -0.0309575757 synchronous_release_0
0.086004 -0.0250000004 0.0252982835 -0.0241867082 synchronous_release_1
0.08302 -0.0250000004 0.0117181734 -0.0329800608 synchronous_release_0
0.082684 -0.0250000004 -0.00303305232 0.0348683322 synchronous_release_0
0.014547 -0.0250000004 0.015525441 -0.0313681476 synchronous_release_0
0.007658 -0.0250000004 0.0342742496 0.00709054377 synchronous_release_0
0.003249 -0.0250000004 0.0109669995 0.0332374025 synchronous_release_0
0.006322 -0.0250000004 -0.0109669995 -0.0332374025 synchronous_release_0
0.083498 -0.0250000004 0.0347701953 0.00400418783 synchronous_release_1
0.089381 -0.0250000004 0.0342784978 -0.00706997785 asynchronous_release_0
0.083045 -0.0250000004 0.0110164685 -0.0332210388 synchronous_release_0
0.08295 -0.0250000004 -0.0129146834 -0.0325301545 synchronous_release_0
0.090417 -0.0250000004 0.0129146834 0.0325301545 synchronous_release_1
0.005181 -0.0250000004 0.0347105885 -0.0044916638 synchronous_release_0
0.086214 -0.0250000004 0.0334449161 0.0103168594 synchronous_release_0
0.002784 -0.0250000004 0.0323182257 0.0134362303 synchronous_release_0
0.002768 -0.0250000004 0.0336023641 -0.00979189101 synchronous_release_0
0.088738 -0.0250000004 0.0217796365 0.0273979458 asynchronous_release_3
0.093565 -0.0250000004 -0.0106554954 0.0333385725 asynchronous_release_1
0.090268 -0.0250000004 0.0341997984 -0.0074413566 synchronous_release_1
0.0333 -0.0250000004 -0.0230055717 -0.0263769534 asynchronous_release_0
0.091256 -0.0250000004 0.0343458976 -0.00673493277 synchronous_release_0
0.002709 -0.0250000004 0.000980086686 0.000198570106 synchronous_release_0
0.016346 -0.0250000004 0.0331822758 -0.0111326805 synchronous_release_0
0.100347 -0.0250000004 0.0349968777 -0.000467491817 synchronous_release_1
0.082974 -0.0250000004 0.000487953406 0.0349965984 synchronous_release_0
0.082278 -0.0250000004 0.0244585174 0.0250355932 synchronous_release_0
0.090811 -0.0250000004 0.0318049845 0.0146096872 synchronous_release_0
0.003808 -0.0250000004 -0.0254349727 0.0240429234 synchronous_release_0
0.102866 -0.0250000004 0.0160341504 -0.031111188 synchronous_release_0
0.088731 -0.0250000004 0.0349601544 -0.00166961245 synchronous_release_1
0.10458 -0.0250000004 0.0148258234 0.0317048097 asynchronous_release_0
0.010023 -0.0250000004 0.0317924831 -0.0146368718 synchronous_release_0
0.084297 -0.0250000004 0.00297943233 -0.0348729549 synchronous_release_1
0.082871 -0.0250000004 0.0199443867 0.0287614575 synchronous_release_0
0.087191 -0.0250000004 0.0242783772 -0.0252103233 synchronous_release_0
0.082763 -0.0250000004 0.0315309881 0.0151919976 synchronous_release_1
0.090393 -0.0250000004 0.0284000999 0.0204556674 asynchronous_release_0
0.086859 -0.0250000004 0.0236788761 -0.025774228 synchronous_release_0
0.083595 -0.0250000004 0.000478746389 0.000877953242 synchronous_release_0
0.106497 -0.0250000004 -0.000435550194 0.0349972898 asynchronous_release_1
0.004494 -0.0250000004 -0.030090767 -0.0178758425 synchronous_release_0
0.014539 -0.0250000004 0.0305263172 -0.0171214474 synchronous_release_0
0.082199 -0.0250000004 0.030090767 0.0178758425 synchronous_release_0
0.002935 -0.0250000004 0.0303130356 0.0174962817 synchronous_release_0
0.008107 -0.0250000004 -4.2933869e-06 -0.0349999997 synchronous_release_0
0.082429 -0.0250000004 -0.0100891018 0.0335143257 synchronous_release_0
0.084573 -0.0250000004 0.0239797065 0.0254945813 synchronous_release_0
0.089829 -0.0250000004 0.0100891018 -0.0335143257 synchronous_release_0
0.092944 -0.0250000004 0.030606076 0.0169784603 synchronous_release_0
0.088609 -0.0250000004 0.0333329696 0.0106730099 synchronous_release_0
0.089384 -0.0250000004 -0.0167980935 -0.0307054401 synchronous_release_0
0.10613 -0.0250000004 0.0349584234 -0.00170547093 asynchronous_release_0
0.099142 -0.0250000004 -0.0302198837 0.017656688 asynchronous_release_0
0.008694 -0.0250000004 0.0273101305 0.0218896499 synchronous_release_0
0.083198 -0.0250000004 0.0163293194 0.0309572823 synchronous_release_0
0.008204 -0.0250000004 0.0133840155 0.0323398845 synchronous_release_0
0.09028 -0.0250000004 0.0009239967 -0.000382400442 synchronous_release_0
0.008878 -0.0250000004 -0.0084009586 -0.0339768141 synchronous_release_0
0.085293 -0.0250000004 0.0213113568 0.0277637546 synchronous_release_1
0.082967 -0.0250000004 0.0272134933 -0.0220096748 synchronous_release_0
0.003242 -0.0250000004 0.0334687509 -0.0102392729 synchronous_release_1
0.082612 -0.0250000004 0.0349621559 -0.0016271616 synchronous_release_0
0.095626 -0.0250000004 0.0160719147 -0.031091696 synchronous_release_0
0.087695 -0.0250000004 0.022578036 -0.0267438271 synchronous_release_0
0.089209 -0.0250000004 0.0212522579 -0.027809019 synchronous_release_0
0.010492 -0.0250000004 0.000863811922 0.000503814414 synchronous_release_1
0.082781 -0.0250000004 0.0176335045 -0.0302334173 synchronous_release_1
0.082709 -0.0250000004 0.0225992003 -0.0267259451 synchronous_release_0
0.08386 -0.0250000004 0.0249149611 0.0245813896 asynchronous_release_3
0.008242 -0.0250000004 -0.000702325417 0.000711856031 synchronous_release_0
0.007636 -0.0250000004 0.000338767236 -0.0349983605 synchronous_release_0
0.083119 -0.0250000004 0.000491594263 0.000870824368 synchronous_release_1
0.088297 -0.0250000004 -0.000272959043 0.0349989356 synchronous_release_0
0.109102 -0.0250000004 0.0188247471 -0.0295064213 asynchronous_release_0
0.002822 -0.0250000004 0.034965684 0.00154949856 synchronous_release_0
0.005825 -0.0250000004 -0.00452910101 -0.0347057235 synchronous_release_0
0.084023 -0.0250000004 0.034183859 0.00751423891 synchronous_release_0
0.082707 -0.0250000004 0.0276946929 -0.0214010277 synchronous_release_1
0.083395 -0.0250000004 -0.0152349769 -0.031510244 synchronous_release_0
0.093299 -0.0250000004 7.31784283e-05 -0.000997318865 synchronous_release_1
0.006821 -0.0250000004 0.0119895589 -0.0328823734 synchronous_release_0
0.050155 -0.0250000004 0.011693431 0.0329888416 asynchronous_release_0
0.003786 -0.0250000004 0.0344158904 0.00636761253 synchronous_release_0
0.083048 -0.0250000004 0.0215883149 -0.0275489502 synchronous_release_0
0.08289 -0.0250000004 0.0339940408 -0.00833097784 synchronous_release_1
0.087239 -0.0250000004 0.0308970034 0.0164430892 synchronous_release_0
0.025696 -0.0250000004 0.0124974606 0.0326927129 asynchronous_release_0
0.103648 -0.0250000004 0.000934077512 -0.000357070303 asynchronous_release_0
0.02075 -0.0250000004 0.015368032 -0.0314455656 asynchronous_release_0
0.014815 -0.0250000004 0.0329595447 -0.0117757554 synchronous_release_1
0.09422 -0.0250000004 0.0211509819 -0.027886125 synchronous_release_0
0.003012 -0.0250000004 -0.0307087591 0.0167920253 synchronous_release_0
0.083307 -0.0250000004 0.0347789816 0.00392714101 synchronous_release_0
0.087639 -0.0250000004 0.0141008461 -0.0320338281 synchronous_release_0
0.003396 -0.0250000004 0.0345810893 0.0053989129 synchronous_release_0
0.082359 -0.0250000004 0.0252298979 0.0652951166 synchronous_release_0
0.002864 -0.0250000004 0.0346779903 -0.00473677011 synchronous_release_0
0.007315 -0.0250000004 0.0132368319 -0.0324004056 synchronous_release_0
0.017227 -0.0250000004 0.00239485175 -0.0349179708 synchronous_release_0
0.082542 -0.0250000004 0.0290424239 0.0195329879 synchronous_release_0
0.082813 -0.0250000004 0.0349982802 0.000346961676 synchronous_release_0
0.09746 -0.0250000004 0.0177996177 -0.0301359189 synchronous_release_0
0.093754 -0.0250000004 0.0171986625 0.0304828806 synchronous_release_1
0.082723 -0.0250000004 -0.00037276224 0.00092792689 synchronous_release_0
0.09437 -0.0250000004 0.0275374755 -0.0216029499 synchronous_release_1
0.083774 -0.0250000004 0.0617545912 -0.0329601345 asynchronous_release_3
0.082984 -0.0250000004 0.00185506125 -0.0349508047 synchronous_release_0
0.009071 -0.0250000004 0.0293407541 0.0190819325 synchronous_release_1
0.014148 -0.0250000004 0.00798593028 -0.0340767504 synchronous_release_0
0.088823 -0.0250000004 0.031919643 -0.0143574506 synchronous_release_1
0.091697 -0.0250000004 0.0337746133 -0.00918016868 synchronous_release_0
0.083564 -0.0250000004 -0.00717136572 0.0342574301 synchronous_release_0
0.082677 -0.0250000004 0.025329723 -0.0241537809 synchronous_release_0
0.092625 -0.0250000004 -0.0333553718 0.0106027909 synchronous_release_0
0.083496 -0.0250000004 0.026135646 0.0232793472 synchronous_release_0
0.002834 -0.0250000004 0.0244350026 -0.0250585444 synchronous_release_0
0.084822 -0.0250000004 0.00529395259 -0.034597313 synchronous_release_1
0.002718 -0.0250000004 -0.00849468796 -0.0339535017 synchronous_release_0
0.099511 -0.0250000004 0.0348926912 -0.00273863118 asynchronous_release_0
0.087628 -0.0250000004 -0.000162464181 -0.000986714442 asynchronous_release_0
0.007269 -0.0250000004 0.000864187157 0.000503170505 synchronous_release_0
0.100935 -0.0250000004 0.034999765 0.00012827015 synchronous_release_0
0.082552 -0.0250000004 0.0588362914 0.0146044791 synchronous_release_0
0.082471 -0.0250000004 0.0209780071 0.0280164812 synchronous_release_0
0.092132 -0.0250000004 0.0137739809 -0.0321757277 synchronous_release_0
0.002316 -0.0250000004 0.0128003719 -0.0325753047 synchronous_release_0
0.084768 -0.0250000004 0.0346112274 -0.00520220514 synchronous_release_0
0.084553 -0.0250000004 0.0143019305 0.031944558 asynchronous_release_4
0.088928 -0.0250000004 0.00922671344 0.0337619277 synchronous_release_1
0.089872 -0.0250000004 6.41535545e-05 -0.000997940039 asynchronous_release_0
0.083075 -0.0250000004 0.0342665597 -0.00712761414 synchronous_release_0
0.090242 -0.0250000004 0.0233059748 0.0261119042 synchronous_release_1
0.092309 -0.0250000004 0.0323283867 -0.0134117641 synchronous_release_0
0.094323 -0.0250000004 0.034812726 -0.00361581347 asynchronous_release_0
0.002259 -0.0250000004 0.0205377493 0.0283407984 synchronous_release_0
0.084087 -0.0250000004 -0.0345195405 0.00577938761 synchronous_release_0
0.093632 -0.0250000004 0.0345195405 -0.00577938761 synchronous_release_1
0.027259 -0.0250000004 -0.000986469586 0.000163944368 asynchronous_release_0
0.005859 -0.0250000004 0.0181177172 0.0299457564 synchronous_release_0
0.082632 -0.0250000004 -0.0287884098 0.019905463 synchronous_release_1
0.09019 -0.0250000004 0.000996692165 -8.12694786e-05 synchronous_release_1
0.007352 -0.0250000004 0.0327446362 -0.0123607766 synchronous_release_0
0.090122 -0.0250000004 -0.00566757156 0.0345380751 synchronous_release_0
0.092957 -0.0250000004 -0.00844539064 -0.0339657972 asynchronous_release_0
0.007244 -0.0250000004 0.0251925479 -0.0242968214 synchronous_release_0
0.089898 -0.0250000004 -0.0336379385 -0.00966897574 synchronous_release_0
0.007482 -0.0250000004 -0.00428472413 0.0347367405 synchronous_release_0
0.084926 -0.0250000004 0.0342519866 -0.0071973199 synchronous_release_0
0.091156 -0.0250000004 0.0108929314 -0.0332617505 synchronous_release_0
0.00272 -0.0250000004 0.0170284233 0.030578306 synchronous_release_0
0.097126 -0.0250000004 0.0349958015 0.000542105802 synchronous_release_0
0.084036 -0.0250000004 -0.0170284233 -0.030578306 synchronous_release_1
0.095756 -0.0250000004 0.00608085727 0.0344677121 asynchronous_release_0
0.086421 -0.0250000004 -0.0141501665 0.0320120725 asynchronous_release_0
0.004553 -0.0250000004 0.0206481848 0.0282604399 synchronous_release_0
0.007498 -0.0250000004 -0.000914630644 -0.000404290472 synchronous_release_0
0.082611 -0.0250000004 -0.00977445035 -0.0336074414 synchronous_release_0
0.095339 -0.0250000004 0.00977445035 0.0336074414 synchronous_release_0
0.105393 -0.0250000004 -0.00444331294 0.0347168111 synchronous_release_0
0.09234 -0.0250000004 0.0345198005 -0.00577783468 synchronous_release_0
0.009633 -0.0250000004 0.0334442368 0.0103190612 synchronous_release_0
0.083139 -0.0250000004 0.0256586876 -0.0238040281 synchronous_release_0
0.087759 -0.0250000004 0.0346824352 -0.00470411423 asynchronous_release_0
0.105572 -0.0250000004 -0.0345928285 -0.00532317755 asynchronous_release_0
0.008462 -0.0250000004 0.0219064212 -0.0272966795 synchronous_release_0
0.082781 -0.0250000004 -0.000637505091 0.000770446143 synchronous_release_0
0.089332 -0.0250000004 0.0328061536 -0.0121965685 synchronous_release_0
0.002574 -0.0250000004 0.000499997686 0.00086602674 synchronous_release_0
0.002455 -0.0250000004 0.0321741255 0.013777723 synchronous_release_0
0.086932 -0.0250000004 0.0280189208 -0.0209747485 synchronous_release_0
0.091445 -0.0250000004 0.000943918096 0.000330179689 asynchronous_release_0
0.003457 -0.0250000004 0.00934950315 -0.0337281306 synchronous_release_0
0.08325 -0.0250000004 0.0245346663 0.0249609725 synchronous_release_0
0.082722 -0.0250000004 0.0346844954 -0.00468889959 synchronous_release_0
0.002788 -0.0250000004 0.0121622237 -0.0328189018 synchronous_release_0
0.084552 -0.0250000004 -0.0121622237 0.0328189018 synchronous_release_2
0.083036 -0.0250000004 0.0343962915 -0.00647264481 synchronous_release_0
0.094829 -0.0250000004 -0.00248382309 0.0349117548 asynchronous_release_0
0.086002 -0.0250000004 0.028972433 -0.0196366526 synchronous_release_1
0.089191 -0.0250000004 0.0125061362 0.0326893952 asynchronous_release_0
0.00423 -0.0250000004 0.0239139908 0.025556233 synchronous_release_0
0.082655 -0.0250000004 0.0347904624 0.00382409816 synchronous_release_0
0.006387 -0.0250000004 0.034553126 -0.00557507695 synchronous_release_0
0.0026 -0.0250000004 0.0348291124 0.00345440769 synchronous_release_0
0.082547 -0.0250000004 0.0149750965 -0.0316345774 synchronous_release_0
0.058197 -0.0250000004 -0.020444424 -0.0284081947 asynchronous_release_0
0.004115 -0.0250000004 -0.020444424 -0.0284081947 synchronous_release_0
0.082537 -0.0250000004 0.0279596935 -0.0210536348 synchronous_release_0
0.106958 -0.0250000004 -0.000992589208 0.000121518166 synchronous_release_0
0.003417 -0.0250000004 0.0349850219 -0.00102383891 synchronous_release_0
0.084611 -0.0250000004 -0.000826070601 0.000563566644 synchronous_release_0
0.092742 -0.0250000004 0.0286630467 -0.0200855609 asynchronous_release_0
0.003591 -0.0250000004 0.0317261293 0.0147801462 synchronous_release_0
0.082549 -0.0250000004 0.0196892945 -0.028936684 synchronous_release_0
0.082577 -0.0250000004 -0.0327890425 -0.0122424953 synchronous_release_0
0.084524 -0.0250000004 0.00749544526 -0.0341879847 synchronous_release_0
0.084507 -0.0250000004 0.0349465282 -0.00193395041 synchronous_release_0
0.006769 -0.0250000004 -0.0323450665 -0.0133714874 synchronous_release_0
0.012014 -0.0250000004 0.000991354084 -0.00013121387 synchronous_release_1
0.087147 -0.0250000004 0.00097223033 0.000234026035 synchronous_release_0
0.096543 -0.0250000004 -0.0242147306 0.0252714626 asynchronous_release_0
0.009787 -0.0250000004 0.000974822143 0.00022298383 synchronous_release_0
0.002843 -0.0250000004 0.0274736975 -0.021684002 synchronous_release_0
0.086013 -0.0250000004 -0.0274736975 0.021684002 synchronous_release_0
0.016755 -0.0250000004 0.032922213 0.0118797262 asynchronous_release_0
0.039299 -0.0250000004 -0.000644903134 -0.000764264318 asynchronous_release_0
0.086916 -0.0250000004 0.00617296182 0.0344513359 synchronous_release_0
0.006226 -0.0250000004 0.0334789539 -0.0102058634 synchronous_release_0
0.012286 -0.0250000004 -0.00790093992 0.0340965563 synchronous_release_0
0.099453 -0.0250000004 0.0349971136 0.000449488314 synchronous_release_0
0.020056 -0.0250000004 0.0326394554 -0.0126358993 synchronous_release_0
0.083761 -0.0250000004 0.0326394554 -0.0126358993 synchronous_release_0
0.090015 -0.0250000004 0.0329610582 0.0117715184 asynchronous_release_0
0.004022 -0.0250000004 0.0313519584 0.0155581073 synchronous_release_0
0.082557 -0.0250000004 0.026065925 -0.0233573876 synchronous_release_1
0.004263 -0.0250000004 0.0203739718 -0.0284587644 synchronous_release_0
0.083465 -0.0250000004 0.020687718 -0.028231513 asynchronous_release_3
0.021606 -0.0250000004 0.0141053484 0.0320318458 synchronous_release_0
0.002609 -0.0250000004 0.0344861451 -0.00597543267 synchronous_release_0
0.082917 -0.0250000004 0.0233945392 -0.0260325861 synchronous_release_0
0.084536 -0.0250000004 -6.33888073e-05 -0.000997988907 synchronous_release_0
0.045899 -0.0250000004 0.0334371687 -0.0103419412 asynchronous_release_0
0.085712 -0.0250000004 0.00776220054 -0.0341284081 synchronous_release_0
0.094161 -0.0250000004 0.0237981393 -0.0256641494 asynchronous_release_0
0.002766 -0.0250000004 0.0319041987 0.0143917375 synchronous_release_0
0.088351 -0.0250000004 0.0284157096 -0.0204339778 synchronous_release_0
0.083166 -0.0250000004 0.0323605393 -0.0133339978 synchronous_release_0
0.08681 -0.0250000004 0.013937826 0.0321050932 synchronous_release_0
0.005873 -0.0250000004 0.0293610698 -0.0190506583 synchronous_release_0
0.108625 -0.0250000004 0.0271656734 -0.0220686698 asynchronous_release_1
0.093399 -0.0250000004 0.0135574827 0.0322675482 synchronous_release_0
0.029222 -0.0250000004 0.000818823375 0.000574045539 asynchronous_release_0
0.107393 -0.0250000004 0.000397064932 -0.000917790521 asynchronous_release_0
0.082635 -0.0250000004 0.0280967252 -0.0208704104 synchronous_release_0
0.082915 -0.0250000004 0.00583747073 0.0345097658 synchronous_release_1
0.084206 -0.0250000004 0.0174171742 -0.030358558 synchronous_release_1
0.082636 -0.0250000004 0.0314920188 -0.0152726145 synchronous_release_1
0.01007 -0.0250000004 -0.0246046891 0.024891952 synchronous_release_0
0.084994 -0.0250000004 -0.0338594073 -0.00886230987 synchronous_release_0
0.016262 -0.0250000004 -0.0332184534 0.0110242619 asynchronous_release_0
0.006233 -0.0250000004 -0.0261565176 -0.0232558936 asynchronous_release_1
0.088114 -0.0250000004 0.0332184534 -0.0110242619 synchronous_release_1
0.003024 -0.0250000004 0.0296923899 -0.0185300293 synchronous_release_0
0.004244 -0.0250000004 0.0345545488 0.00556625185 synchronous_release_0
0.082603 -0.0250000004 0.023097837 0.026296196 synchronous_release_0
0.005107 -0.0250000004 -0.0316032699 -0.0150410549 synchronous_release_0
0.103914 -0.0250000004 -0.0341805863 0.0075291115 asynchronous_release_0
0.089797 -0.0250000004 -0.0105698913 0.0333658118 synchronous_release_0
0.028536 -0.0250000004 0.0130466822 -0.0324774396 synchronous_release_0
0.082677 -0.0250000004 0.0196881348 -0.0289374731 synchronous_release_0
0.013144 -0.0250000004 0.00409153599 -0.0347600249 synchronous_release_0
0.012945 -0.0250000004 -0.00481391761 -0.034667365 asynchronous_release_0
0.005213 -0.0250000004 0.0324297776 0.0131647076 synchronous_release_0
0.082551 -0.0250000004 0.00481391761 0.034667365 synchronous_release_0
0.039381 -0.0250000004 -0.0113122341 -0.0331214939 asynchronous_release_0
0.002301 -0.0250000004 0.0344139931 0.0063778584 synchronous_release_0
0.007253 -0.0250000004 0.0301876914 -0.0177116709 synchronous_release_0
0.045107 -0.0250000004 -0.0100850115 0.0335155567 asynchronous_release_0
0.089908 -0.0250000004 0.0239828178 0.0254916545 asynchronous_release_2
0.0823 -0.0250000004 0.0329676462 0.0117530552 synchronous_release_0
0.002993 -0.0250000004 -0.0342609932 -0.00715432337 synchronous_release_0
0.082962 -0.0250000004 0.00997485008 0.0335485077 synchronous_release_0
0.082441 -0.0250000004 0.0241186118 0.0253632128 synchronous_release_0
0.086617 -0.0250000004 0.0340244925 -0.0082057241 synchronous_release_0
0.100259 -0.0250000004 0.0155040662 -0.0313787178 asynchronous_release_0
0.105312 -0.0250000004 0.02162347 -0.0275213652 synchronous_release_0
0.085063 -0.0250000004 0.03190421 0.0143917123 synchronous_release_0
0.036915 -0.0250000004 0.0194788904 -0.029078735 asynchronous_release_0
0.08306 -0.0250000004 0.0584771763 -0.0159818601 synchronous_release_1
0.08284 -0.0250000004 0.032543812 -0.012880229 synchronous_release_0
0.08318 -0.0250000004 0.0344717091 0.00605815752 synchronous_release_0
0.09063 -0.0250000004 -0.00422407189 0.0347441681 synchronous_release_0
0.002761 -0.0250000004 0.00422407189 -0.0347441681 synchronous_release_1
0.089448 -0.0250000004 0.0276661869 0.021437866 synchronous_release_0
0.082617 -0.0250000004 0.0305254421 0.0171230075 synchronous_release_1
0.085282 -0.0250000004 -0.000998602211 5.28547529e-05 synchronous_release_1
0.087888 -0.0250000004 0.034861439 -0.00311128174 synchronous_release_0
0.089788 -0.0250000004 0.0314170625 0.0154262174 synchronous_release_0
0.095418 -0.0250000004 -0.00234903511 -0.0349210829 synchronous_release_1
0.082553 -0.0250000004 0.0349547633 0.00177890973 synchronous_release_1
0.002647 -0.0250000004 0.0349335168 -0.0021562478 synchronous_release_0
0.003174 -0.0250000004 0.0002844948 -0.000958677583 synchronous_release_0
0.083181 -0.0250000004 -0.00815356737 -0.0340370289 synchronous_release_1
0.002981 -0.0250000004 0.0289901035 0.0196105558 synchronous_release_0
0.083246 -0.0250000004 0.0281599386 0.0207850393 synchronous_release_0
0.082856 -0.0250000004 0.0349998611 9.85912803e-05 synchronous_release_1
0.082832 -0.0250000004 0.0106296358 -0.0333468266 synchronous_release_0
0.005807 -0.0250000004 0.000861334903 0.0349893999 synchronous_release_0
0.075646 -0.0250000004 0.01778004 0.0301474738 asynchronous_release_0
0.00339 -0.0250000004 0.0131704253 -0.0324274559 synchronous_release_0
0.011866 -0.0250000004 0.0348786677 0.00291179257 synchronous_release_0
0.083049 -0.0250000004 0.0226586239 -0.0266755837 synchronous_release_0
0.002829 -0.0250000004 0.0342884044 -0.00702177481 synchronous_release_0
0.01266 -0.0250000004 0.0232252376 0.0261837419 synchronous_release_0
0.098804 -0.0250000004 -0.0152897306 -0.0314837123 asynchronous_release_0
0.082482 -0.0250000004 0.0349105599 0.00250056099 synchronous_release_0
0.095319 -0.0250000004 0.0343962445 0.00647289446 synchronous_release_0
0.082638 -0.0250000004 0.000758616409 0.000651537523 synchronous_release_1
0.009511 -0.0250000004 0.0336666155 0.00956864688 synchronous_release_0
0.08814 -0.0250000004 0.000990225988 -0.000139472193 synchronous_release_0
0.09142 -0.0250000004 0.00488152675 0.0346579096 synchronous_release_0
0.084782 -0.0250000004 0.027950546 0.0210657774 synchronous_release_0
0.098819 -0.0250000004 -0.0554653794 0.0244661336 asynchronous_release_0
0.086273 -0.0250000004 0.0141255288 0.0320229517 synchronous_release_1
0.083309 -0.0250000004 0.000304140428 0.0349986785 synchronous_release_0
0.004415 -0.0250000004 0.00958106625 0.0336630832 synchronous_release_0
0.004978 -0.0250000004 0.0220702644 0.027164378 synchronous_release_0
0.082713 -0.0250000004 0.0349478851 0.00190927455 synchronous_release_0
0.089392 -0.0250000004 0.00465153831 -0.0346895257 synchronous_release_0
0.097673 -0.0250000004 0.0323677796 -0.0133164125 synchronous_release_0
0.104978 -0.0250000004 0.0348359843 0.00338440498 asynchronous_release_1
0.035691 -0.0250000004 -0.0280035642 -0.0209952469 asynchronous_release_0
0.087607 -0.0250000004 0.0321841993 -0.0137541746 synchronous_release_2
0.008939 -0.0250000004 0.0241778273 0.0253067712 synchronous_release_0
0.007328 -0.0250000004 0.00232334635 -0.0349228015 synchronous_release_0
0.00258 -0.0250000004 0.0349354338 -0.00212496188 synchronous_release_1
0.00409 -0.0250000004 0.0258792422 -0.0235640579 synchronous_release_0
0.028231 -0.0250000004 0.011237323 0.0331469844 asynchronous_release_0
0.055651 -0.0250000004 -0.011237323 -0.0331469844 asynchronous_release_0
0.003288 -0.0250000004 0.034324792 0.00684168499 synchronous_release_0
0.084312 -0.0250000004 -0.034324792 -0.00684168499 synchronous_release_0
0.08535 -0.0250000004 -0.0166744936 -0.0307727357 synchronous_release_0
0.085467 -0.0250000004 0.00903159861 0.0338146451 synchronous_release_0
0.094564 -0.0250000004 -0.0333465707 0.0106304385 synchronous_release_0
0.003425 -0.0250000004 0.00775694658 0.0341296027 synchronous_release_0
0.087355 -0.0250000004 0.0119093582 0.0329115054 synchronous_release_0
0.096464 -0.0250000004 0.000940328725 -0.000340267378 synchronous_release_0
0.084833 -0.0250000004 -0.0105600422 0.0333689303 synchronous_release_0
0.085967 -0.0250000004 0.0337379204 0.00931411456 synchronous_release_1
0.095276 -0.0250000004 0.00044295196 0.0349971969 asynchronous_release_0
0.002755 -0.0250000004 0.0300869856 -0.0178822061 synchronous_release_0
0.084252 -0.0250000004 0.0305299376 0.0171149908 synchronous_release_0
0.083449 -0.0250000004 0.000992147164 0.000125075995 synchronous_release_0
0.084357 -0.0250000004 0.0109930393 -0.0332287991 synchronous_release_0
0.090582 -0.0250000004 0.010804382 -0.0332906192 synchronous_release_0
0.0045 -0.0250000004 0.0346307918 0.00507033158 synchronous_release_0
0.083065 -0.0250000004 0.0129243599 0.0325263112 synchronous_release_1
0.082827 -0.0250000004 -0.00087282357 -0.000488035876 synchronous_release_0
0.087916 -0.0250000004 0.0349966863 -0.000481611128 synchronous_release_0
0.086518 -0.0250000004 0.0345944518 0.00531261735 synchronous_release_0
0.066773 -0.0250000004 -0.0342697711 0.00711215769 asynchronous_release_0
0.087343 -0.0250000004 0.0109755763 -0.0332345712 asynchronous_release_2
0.082714 -0.0250000004 0.0342697711 -0.00711215769 synchronous_release_0
0.088528 -0.0250000004 0.00677976812 -0.0343370754 synchronous_release_0
0.003495 -0.0250000004 0.0128808931 -0.0325435492 synchronous_release_0
0.084847 -0.0250000004 0.0232542935 0.0261579402 asynchronous_release_1
0.082861 -0.0250000004 -0.00839722396 -0.0339777373 synchronous_release_0
0.084761 -0.0250000004 0.0336241956 0.00971665936 synchronous_release_0
0.085689 -0.0250000004 -0.020303876 -0.0285088165 synchronous_release_0
0.076508 -0.0250000004 0.0259943266 0.023437043 asynchronous_release_0
0.097181 -0.0250000004 -0.0207449236 -0.0281895042 synchronous_release_0
0.082644 -0.0250000004 0.0274942665 -0.0216579157 synchronous_release_0
0.084973 -0.0250000004 0.00650119662 -0.0343909064 synchronous_release_0
0.003261 -0.0250000004 0.0344960597 0.00591792726 synchronous_release_0
0.085577 -0.0250000004 -0.0223731052 0.0269155004 synchronous_release_1
0.106499 -0.0250000004 -0.0338668548 0.00883380684 asynchronous_release_0
0.082876 -0.0250000004 0.0338668548 -0.00883380684 synchronous_release_0
0.083906 -0.0250000004 -0.0277666088 0.021307638 synchronous_release_0
0.002808 -0.0250000004 -0.00390802372 -0.034781135 synchronous_release_0
0.012024 -0.0250000004 0.0319051561 -0.0143896147 synchronous_release_0
0.010503 -0.0250000004 0.0330313834 0.0115727142 synchronous_release_0
0.083898 -0.0250000004 0.000651990286 0.000758227319 synchronous_release_0
0.084271 -0.0250000004 0.0347913289 -0.00381620711 synchronous_release_0
0.016429 -0.0250000004 0.034902105 -0.00261592521 asynchronous_release_0
0.083801 -0.0250000004 -0.0197165102 -0.028918147 synchronous_release_0
0.044141 -0.0250000004 0.0025021884 0.0349104433 asynchronous_release_0
0.016723 -0.0250000004 0.000436807513 -0.000899554999 synchronous_release_0
0.087123 -0.0250000004 0.0289822366 -0.0196221804 synchronous_release_0
0.003153 -0.0250000004 0.0253720187 -0.0241093481 synchronous_release_0
0.089846 -0.0250000004 0.00819329854 0.0340274868 synchronous_release_0
0.00471 -0.0250000004 0.00974784061 -0.0336151692 synchronous_release_0
0.103371 -0.0250000004 -7.58418512e-05 0.0349999178 asynchronous_release_0
0.084723 -0.0250000004 0.0303487389 -0.0174342779 synchronous_release_1
0.088489 -0.0250000004 0.000958618822 -0.000284692735 synchronous_release_0
0.094037 -0.0250000004 0.00996424573 0.0335516588 synchronous_release_0
0.002862 -0.0250000004 0.0163477655 -0.0309475454 synchronous_release_0
0.082368 -0.0250000004 0.0349752432 -0.00131619249 synchronous_release_0
0.084353 -0.0250000004 0.050012902 0.0342594459 synchronous_release_0
0.002919 -0.0250000004 0.0151166009 0.0315672042 synchronous_release_1
0.103414 -0.0250000004 0.0123078331 0.032764573 asynchronous_release_0
0.061871 -0.0250000004 0.0346838805 -0.00469344562 asynchronous_release_0
0.012199 -0.0250000004 0.0132772971 -0.0323838444 synchronous_release_0
0.091306 -0.0250000004 0.00927205164 -0.0337495046 asynchronous_release_4
0.082893 -0.0250000004 0.0320504983 0.0140629142 synchronous_release_1
0.002811 -0.0250000004 0.0272212601 -0.0220000681 synchronous_release_0
0.094409 -0.0250000004 0.0316535774 -0.0149348934 synchronous_release_0
0.091061 -0.0250000004 -0.00920219997 -0.0337686173 synchronous_release_0
0.002947 -0.0250000004 0.032714558 -0.0124401645 synchronous_release_0
0.00305 -0.0250000004 -0.000953328609 -0.000301934701 synchronous_release_0
0.014435 -0.0250000004 0.034180095 -0.00753134142 synchronous_release_0
0.083485 -0.0250000004 0.0342100669 0.00739400595 synchronous_release_1
0.083704 -0.0250000004 -0.00539269074 -0.0345820602 synchronous_release_1
0.083738 -0.0250000004 -0.021618418 -0.0275253338 synchronous_release_0
0.005348 -0.0250000004 0.0211246639 -0.027906067 synchronous_release_0
0.015249 -0.0250000004 -0.000921357974 0.000388715171 synchronous_release_0
0.089837 -0.0250000004 -0.0132010612 0.0324149963 asynchronous_release_1
0.050275 -0.0250000004 0.0349776814 -0.00124972215 asynchronous_release_0
0.003265 -0.0250000004 0.0181110236 -0.0299498051 synchronous_release_0
0.083013 -0.0250000004 -0.000977596233 0.000210488969 synchronous_release_0
0.08567 -0.0250000004 0.0259482541 -0.0234880419 synchronous_release_0
0.08445 -0.0250000004 -0.0346547614 -0.00490382652 synchronous_release_0
0.082719 -0.0250000004 -0.017503785 0.0303087035 synchronous_release_0
0.087947 -0.0250000004 -0.000259786123 0.00096566618 asynchronous_release_0
0.003219 -0.0250000004 0.00902480978 0.0338164577 synchronous_release_0
0.003273 -0.0250000004 0.018072036 -0.0299733467 synchronous_release_0
0.010947 -0.0250000004 0.0349936977 0.000664168925 synchronous_release_0
0.083501 -0.0250000004 -0.000999853593 1.71111577e-05 synchronous_release_0
0.082626 -0.0250000004 -0.00324602964 0.0348491505 synchronous_release_0
0.084047 -0.0250000004 -0.000778426796 -0.000627735393 synchronous_release_1
0.00479 -0.0250000004 -0.0297394649 0.0184543823 synchronous_release_0
0.085441 -0.0250000004 0.0331888127 -0.0111131775 synchronous_release_1
0.086032 -0.0250000004 -0.00387261827 0.0347850949 synchronous_release_0
0.082774 -0.0250000004 0.0279438173 0.0210747022 synchronous_release_0
0.005739 -0.0250000004 0.00911191315 -0.0337930916 synchronous_release_0
0.087901 -0.0250000004 -0.00911191315 0.0337930916 synchronous_release_0
0.005275 -0.0250000004 0.0338004762 0.0090844817 synchronous_release_0
0.094663 -0.0250000004 0.0272290158 -0.0219904683 synchronous_release_1
0.08747 -0.0250000004 0.020184736 0.0285932935 synchronous_release_0
0.089472 -0.0250000004 0.0348548865 -0.00318384741 synchronous_release_0
0.086836 -0.0250000004 -0.0247207417 0.0247767013 synchronous_release_1
0.002398 -0.0250000004 0.0326638808 0.0125726248 synchronous_release_0
0.002576 -0.0250000004 0.0101590402 0.0334931919 synchronous_release_0
0.083404 -0.0250000004 0.0210020254 -0.0279984808 synchronous_release_0
0.103565 -0.0250000004 0.0111537833 -0.0331751883 asynchronous_release_0
0.082632 -0.0250000004 0.0343349336 -0.00679060631 synchronous_release_0
0.002853 -0.0250000004 0.0313882483 -0.0154847625 synchronous_release_0
0.082897 -0.0250000004 0.0321605666 0.0138093431 synchronous_release_0
0.033576 -0.0250000004 -0.0346772186 -0.00474241573 asynchronous_release_1
0.00303 -0.0250000004 0.0346772186 0.00474241573 synchronous_release_0
0.004463 -0.0250000004 -0.00322157661 -0.0348514195 synchronous_release_0
0.002665 -0.0250000004 0.0343755109 0.00658211605 synchronous_release_0
0.082876 -0.0250000004 0.0114874757 0.0330611237 synchronous_release_1
0.085108 -0.0250000004 -0.00410816294 0.0347580638 synchronous_release_0
0.083063 -0.0250000004 0.033951716 -0.00850182215 synchronous_release_0
0.009368 -0.0250000004 0.00242467177 0.0349159128 synchronous_release_0
0.089149 -0.0250000004 -0.000558793822 -0.000829306617 synchronous_release_1
0.0875 -0.0250000004 0.0347310965 0.00433023527 synchronous_release_0
0.085893 -0.0250000004 0.0316770657 -0.0148850096 asynchronous_release_3
0.083719 -0.0250000004 -0.000172187477 -0.000985064197 synchronous_release_1
0.02091 -0.0250000004 -0.000584819458 -0.000811163487 asynchronous_release_0
0.082938 -0.0250000004 0.028390722 -0.020468681 synchronous_release_1
0.085048 -0.0250000004 0.0317162249 -0.0148013876 synchronous_release_1
0.003113 -0.0250000004 0.028307048 -0.0205842424 synchronous_release_0
0.082566 -0.0250000004 0.0575029475 0.0191940362 synchronous_release_1
0.012969 -0.0250000004 0.0227623451 0.026587133 synchronous_release_0
0.089648 -0.0250000004 -0.000258134468 -0.000966108998 synchronous_release_0
0.09056 -0.0250000004 0.0148216131 0.0317067782 asynchronous_release_0
0.003029 -0.0250000004 0.0236184231 -0.0258296358 synchronous_release_0
0.019419 -0.0250000004 0.000706505164 0.000707707887 asynchronous_release_0
0.003573 -0.0250000004 0.0144293141 -0.0318872215 synchronous_release_0
0.082965 -0.0250000004 0.0348298009 -0.00344745815 synchronous_release_0
0.088924 -0.0250000004 0.0552302877 0.0249923052 synchronous_release_0
0.004104 -0.0250000004 0.0336665341 -0.009568933 synchronous_release_0
0.092737 -0.0250000004 0.008546328 -0.0339405403 synchronous_release_0
0.097168 -0.0250000004 0.00460871365 0.0346952412 synchronous_release_0
0.00668 -0.0250000004 -0.0231352201 0.0262633127 synchronous_release_1
0.082453 -0.0250000004 0.000609661265 0.00079266206 synchronous_release_1
0.090515 -0.0250000004 -0.00460778897 -0.034695364 synchronous_release_1
0.092324 -0.0250000004 0.0296615522 0.0185793519 synchronous_release_0
0.083207 -0.0250000004 -0.0296615522 -0.0185793519 synchronous_release_1
0.082897 -0.0250000004 0.0247637515 0.024733714 synchronous_release_0
0.016582 -0.0250000004 0.0267219308 -0.0226039469 asynchronous_release_0
0.095636 -0.0250000004 -0.0062146268 -0.0344438444 synchronous_release_0
0.090356 -0.0250000004 -0.0126899216 -0.03261849 synchronous_release_0
0.082733 -0.0250000004 0.0234235467 -0.0260064888 synchronous_release_0
0.004719 -0.0250000004 -0.00762491939 -0.0341593414 synchronous_release_0
0.083217 -0.0250000004 -0.00198370606 -0.0349437392 synchronous_release_0
0.093711 -0.0250000004 -0.000984876718 0.000173256604 synchronous_release_1
0.00241 -0.0250000004 0.0286116827 -0.0201586611 synchronous_release_0
0.084829 -0.0250000004 0.034410835 -0.00639487578 synchronous_release_0
0.083362 -0.0250000004 0.0227435424 0.0266032194 synchronous_release_1
0.084662 -0.0250000004 0.00050428284 0.000863538544 synchronous_release_1
0.008242 -0.0250000004 -0.0141286743 -0.032021564 synchronous_release_0
0.083032 -0.0250000004 0.0206671508 -0.0282465729 synchronous_release_0
0.087574 -0.0250000004 -0.0278203868 -0.0212373745 synchronous_release_1
0.100521 -0.0250000004 0.0251362266 -0.0243550839 synchronous_release_0
0.085978 -0.0250000004 -0.0332115045 -0.0110451786 synchronous_release_0
0.082966 -0.0250000004 0.0565293776 0.021895878 synchronous_release_0
0.009119 -0.0250000004 2.47011047e-05 -0.000999694881 synchronous_release_0
0.087523 -0.0250000004 -0.0182433729 0.0298693714 synchronous_release_0
0.107429 -0.0250000004 0.0169809288 0.0306047065 synchronous_release_0
0.083046 -0.0250000004 0.0267801911 -0.0225348922 synchronous_release_0
0.004121 -0.0250000004 -0.000697235712 -0.000716841937 synchronous_release_0
0.087888 -0.0250000004 0.0256259817 -0.0238392337 synchronous_release_1
0.003801 -0.0250000004 0.0296145929 -0.0186541117 synchronous_release_0
0.005766 -0.0250000004 0.0309622311 0.0163199339 synchronous_release_0
0.083224 -0.0250000004 0.0142077418 -0.0319865608 synchronous_release_0
0.083111 -0.0250000004 0.0553589035 -0.042841473 synchronous_release_0
0.08439 -0.0250000004 -0.00154853532 -0.0349657266 synchronous_release_0
0.089132 -0.0250000004 0.0281634414 0.0207802928 synchronous_release_0
0.082785 -0.0250000004 0.0258191905 0.0236298413 synchronous_release_0
0.090656 -0.0250000004 0.0333736381 -0.0105451542 synchronous_release_1
0.082488 -0.0250000004 0.0250251274 -0.0244692255 synchronous_release_0
0.008257 -0.0250000004 -0.0346673191 0.00481424848 synchronous_release_0
0.08267 -0.0250000004 0.00019058808 -0.000981670099 synchronous_release_0
0.091509 -0.0250000004 0.0193577759 -0.0291595012 synchronous_release_0
0.086455 -0.0250000004 0.0349317568 0.00218457513 synchronous_release_1
0.100124 -0.0250000004 -0.0345976066 -0.0052920331 asynchronous_release_0
0.016699 -0.0250000004 0.0305004512 0.0171674832 synchronous_release_0
0.083835 -0.0250000004 0.0606181533 -0.000662940806 synchronous_release_0
0.009932 -0.0250000004 0.0264339146 -0.0229400994 synchronous_release_0
0.082469 -0.0250000004 -0.0288288949 0.0198467836 synchronous_release_0
0.09468 -0.0250000004 -0.0219442672 0.0272662637 synchronous_release_1
0.09231 -0.0250000004 -0.0176229139 0.0302395917 synchronous_release_0
0.104323 -0.0250000004 -0.000798229367 -0.0349908964 asynchronous_release_1
0.002394 -0.0250000004 0.0307021199 0.0168041613 synchronous_release_0
0.089258 -0.0250000004 0.0338278172 -0.00898213675 synchronous_release_0
0.005235 -0.0250000004 0.0231897958 0.0262151363 synchronous_release_0
0.006798 -0.0250000004 0.0162941198 -0.0309758238 synchronous_release_0
0.090356 -0.0250000004 -0.000528959801 -0.000848646881 synchronous_release_1
0.08402 -0.0250000004 0.0348259935 -0.00348570992 synchronous_release_0
0.088286 -0.0250000004 0.0143942834 -0.0319030501 synchronous_release_1
0.008714 -0.0250000004 0.000401326541 -0.034997699 synchronous_release_0
0.082585 -0.0250000004 0.0272183311 0.0220036918 synchronous_release_0
0.098118 -0.0250000004 0.0326649216 -0.0125699202 synchronous_release_0
0.059954 -0.0250000004 0.0345836016 0.00538279679 asynchronous_release_0
0.002507 -0.0250000004 0.012630162 0.0326416759 synchronous_release_0
0.089433 -0.0250000004 0.0312167633 0.0158276242 synchronous_release_0
0.048089 -0.0250000004 0.0331725793 -0.0111615402 asynchronous_release_0
0.082509 -0.0250000004 0.00692011226 -0.0343090665 synchronous_release_0
0.087884 -0.0250000004 0.0262524671 0.0231475263 synchronous_release_1
0.010978 -0.0250000004 0.0155611207 -0.0313504629 synchronous_release_0
0.082598 -0.0250000004 -0.0349308576 0.00219890563 synchronous_release_0
0.088937 -0.0250000004 -0.000832901636 0.000553421056 synchronous_release_0
0.087865 -0.0250000004 -0.0201872999 -0.0285914834 synchronous_release_0
0.002259 -0.0250000004 0.0239499039 0.0255225802 synchronous_release_0
0.087112 -0.0250000004 -0.0119593541 0.0328933709 synchronous_release_0
0.010024 -0.0250000004 0.00714329603 0.0342632941 synchronous_release_0
0.087404 -0.0250000004 0.0261012351 -0.0233179229 synchronous_release_1
0.082921 -0.0250000004 0.0347983127 0.00375199043 synchronous_release_0
0.020348 -0.0250000004 -0.0132292245 -0.0324035124 synchronous_release_0
0.082613 -0.0250000004 0.0344714156 -0.00605982718 synchronous_release_0
0.095393 -0.0250000004 -0.0248223705 0.0246748845 asynchronous_release_0
0.083009 -0.0250000004 4.12998669e-05 -0.0349999756 synchronous_release_0
0.008725 -0.0250000004 0.030823876 0.0165797668 synchronous_release_0
0.010227 -0.0250000004 0.0248656507 0.0246312691 synchronous_release_0
0.082672 -0.0250000004 0.0337641301 -0.0092186506 synchronous_release_1
0.005678 -0.0250000004 0.0345566699 0.00555306827 synchronous_release_0
0.089185 -0.0250000004 0.0338034122 -0.00907355095 synchronous_release_1
0.083313 -0.0250000004 -0.0233663283 0.0260579105 synchronous_release_0
0.083835 -0.0250000004 -0.0107627104 -0.0333041148 synchronous_release_1
0.083114 -0.0250000004 0.0312414815 0.0157787779 synchronous_release_0
0.00837 -0.0250000004 0.0346449646 0.00497256786 synchronous_release_0
0.083752 -0.0250000004 -0.0130161122 -0.0324897033 synchronous_release_0
0.084585 -0.0250000004 0.0248132153 0.024684091 synchronous_release_1
0.097817 -0.0250000004 -0.00153791198 0.0349661955 synchronous_release_0
0.068212 -0.0250000004 -0.0110135679 -0.0332220006 asynchronous_release_0
0.084093 -0.0250000004 0.0232643125 -0.0261490299 synchronous_release_0
0.085931 -0.0250000004 0.0348259566 0.0034860786 synchronous_release_0
0.003086 -0.0250000004 0.0346764276 0.00474819617 synchronous_release_0
0.082354 -0.0250000004 0.0346773212 0.0047416661 synchronous_release_0
0.008719 -0.0250000004 0.0349964514 0.000498386028 synchronous_release_0
0.056495 -0.0250000004 -0.030074478 0.0179032336 asynchronous_release_0
0.003234 -0.0250000004 0.017343557 0.0304006748 synchronous_release_0
0.083213 -0.0250000004 0.0241416703 -0.0253412659 synchronous_release_0
0.097747 -0.0250000004 0.00987534488 0.0335779327 synchronous_release_0
0.082501 -0.0250000004 0.034524995 0.00574671378 synchronous_release_0
0.028708 -0.0250000004 0.0122856974 0.0327728796 synchronous_release_1
0.019335 -0.0250000004 -0.00605067359 -0.0344730235 asynchronous_release_0
0.083126 -0.0250000004 0.00397144095 -0.0347739508 synchronous_release_1
0.024437 -0.0250000004 0.0251328487 -0.0243585697 asynchronous_release_0
0.109437 -0.0250000004 -0.0221736071 -0.0270800877 asynchronous_release_0
0.084561 -0.0250000004 0.0345388474 -0.00566286318 synchronous_release_0
0.102367 -0.0250000004 -0.0135126527 0.0322863472 asynchronous_release_0
0.091817 -0.0250000004 0.0597376216 0.0103158408 synchronous_release_1
0.092226 -0.0250000004 -0.0139566658 0.0320969076 asynchronous_release_0
0.08251 -0.0250000004 -0.00333165518 0.0348410688 synchronous_release_0
0.087834 -0.0250000004 -0.000995459108 -9.5190148e-05 synchronous_release_0
0.092383 -0.0250000004 0.0340625206 0.00804640835 synchronous_release_0
0.009755 -0.0250000004 0.0277263874 0.0213599495 synchronous_release_0
0.083521 -0.0250000004 0.031077473 -0.0160993997 synchronous_release_0
0.10451 -0.0250000004 -0.0320094068 0.0141561957 asynchronous_release_0
0.084427 -0.0250000004 0.00617657532 -0.0344506882 asynchronous_release_2
0.091485 -0.0250000004 -0.0347174793 -0.00443808873 synchronous_release_0
0.010969 -0.0250000004 -0.00315575058 -0.0348574416 asynchronous_release_4
0.087982 -0.0250000004 0.0286095547 -0.020161681 synchronous_release_1
0.00223 -0.0250000004 0.0335231837 0.0100596301 synchronous_release_0
0.019975 -0.0250000004 0.00804969661 0.0340617437 synchronous_release_0
0.083648 -0.0250000004 0.0330564848 0.0115008178 synchronous_release_0
0.092912 -0.0250000004 -0.0329916925 0.0116853852 asynchronous_release_0
0.105134 -0.0250000004 -0.00637600576 0.0344143364 asynchronous_release_0
0.082405 -0.0250000004 0.0248988434 -0.0245977153 synchronous_release_1
0.086312 -0.0250000004 0.0102804174 0.0334561357 synchronous_release_0
0.002798 -0.0250000004 0.0294847662 0.0188586469 synchronous_release_0
0.018031 -0.0250000004 -0.0183144303 -0.0298258553 asynchronous_release_0
0.084966 -0.0250000004 -0.000879248272 -0.000476363807 synchronous_release_0
0.003171 -0.0250000004 0.0338512201 0.00889353139 synchronous_release_0
0.096575 -0.0250000004 -0.0201685313 -0.0286047259 synchronous_release_1
0.082815 -0.0250000004 0.0246680379 0.0248291745 synchronous_release_0
0.002726 -0.0250000004 0.0330497635 -0.0115201187 synchronous_release_0
0.088817 -0.0250000004 0.0239987445 -0.0254766612 synchronous_release_0
0.010109 -0.0250000004 0.0241292991 -0.0253530456 synchronous_release_0
0.083852 -0.0250000004 0.0340210312 0.00822006321 synchronous_release_0
0.084447 -0.0250000004 0.0338789263 -0.00878739736 synchronous_release_0
0.005539 -0.0250000004 -0.031773651 -0.0146777076 synchronous_release_0
0.097578 -0.0250000004 -1.73179615e-05 0.000999850033 synchronous_release_0
0.085618 -0.0250000004 0.000135637723 0.000990758501 synchronous_release_0
0.08984 -0.0250000004 0.0132269738 -0.0324044312 synchronous_release_0
0.08347 -0.0250000004 0.0187265457 -0.0295688431 synchronous_release_0
0.094488 -0.0250000004 0.0349706422 0.00143324277 synchronous_release_0
0.008935 -0.0250000004 0.0214374318 -0.0276665234 synchronous_release_0
0.061918 -0.0250000004 -0.00567005738 -0.0345376671 asynchronous_release_0
0.084064 -0.0250000004 0.0327455258 0.0123584198 synchronous_release_0
0.013306 -0.0250000004 -0.030257243 -0.0175925906 synchronous_release_0
0.086451 -0.0250000004 0.0304712608 -0.0524070822 synchronous_release_1
0.031848 -0.0250000004 0.0337306431 0.00934043433 synchronous_release_0
0.09539 -0.0250000004 -0.0135611103 0.0322660237 asynchronous_release_0
0.083199 -0.0250000004 0.0347237514 -0.00438874587 synchronous_release_1
0.1009 -0.0250000004 -0.0286183656 -0.0201491724 asynchronous_release_0
0.082634 -0.0250000004 0.0286183656 0.0201491724 synchronous_release_0
0.038134 -0.0250000004 -0.0340445519 -0.00812209877 asynchronous_release_0
0.094607 -0.0250000004 0.0156939444 -0.031284183 synchronous_release_0
0.0933 -0.0250000004 0.030673625 -0.0168561184 asynchronous_release_0
0.066802 -0.0250000004 -2.32813392e-05 -0.000999728953 asynchronous_release_0
0.003174 -0.0250000004 -0.0349905134 0.000814846872 synchronous_release_0
0.002712 -0.0250000004 0.025350515 0.0241319578 synchronous_release_0
0.083322 -0.0250000004 -0.00822363101 0.0340201689 synchronous_release_0
0.085229 -0.0250000004 0.00764682598 -0.0341544441 synchronous_release_1
0.084404 -0.0250000004 0.0333203912 -0.010712214 asynchronous_release_4
0.084186 -0.0250000004 0.0188951402 0.029461393 synchronous_release_0
0.083187 -0.0250000004 -0.0313913224 -0.0154785295 synchronous_release_0
0.085051 -0.0250000004 0.00208766432 -0.0349376825 synchronous_release_0
0.092634 -0.0250000004 0.0161392768 0.0310567826 asynchronous_release_0
0.085438 -0.0250000004 0.0288491303 -0.0198173581 synchronous_release_0
0.08313 -0.0250000004 0.00855647652 -0.0339379833 synchronous_release_0
0.092595 -0.0250000004 0.0336693939 -0.00955886561 synchronous_release_1
0.082984 -0.0250000004 0.0249630725 -0.0245325297 synchronous_release_0
0.086796 -0.0250000004 -0.0336586495 0.0095966304 synchronous_release_0
0.088004 -0.0250000004 0.0342537971 -0.00718869825 synchronous_release_1
0.082491 -0.0250000004 0.031700693 -0.0148346238 synchronous_release_0
0.087426 -0.0250000004 0.00300318538 -0.0348709174 synchronous_release_0
0.089684 -0.0250000004 -0.0286975076 -0.0200362935 synchronous_release_0
0.090813 -0.0250000004 0.0285394482 -0.020260797 synchronous_release_1
0.082847 -0.0250000004 0.0297741621 -0.0183983497 synchronous_release_0
0.082588 -0.0250000004 0.00971773231 -0.0336238855 synchronous_release_0
0.082634 -0.0250000004 0.0345243751 -0.00575043673 synchronous_release_1
0.083311 -0.0250000004 0.00672927703 -0.0343470061 synchronous_release_1
0.092008 -0.0250000004 -0.0264110565 -0.0229664123 synchronous_release_0
0.007557 -0.0250000004 6.42280051e-05 -0.00099793525 synchronous_release_0
0.002365 -0.0250000004 0.0349277338 0.00224798018 synchronous_release_1
0.00307 -0.0250000004 0.0339786704 -0.00839344735 synchronous_release_0
0.09818 -0.0250000004 -0.00883105637 -0.0338675722 asynchronous_release_0
0.082432 -0.0250000004 0.0203392052 -0.0284836222 synchronous_release_0
0.088384 -0.0250000004 -0.00661711075 0.0343687917 synchronous_release_0
0.082292 -0.0250000004 -0.00293864844 -0.0348764153 synchronous_release_0
0.05928 -0.0250000004 0.0344923766 -0.00593935675 asynchronous_release_0
0.017921 -0.0250000004 -0.000777343798 -0.000629076005 synchronous_release_0
0.083982 -0.0250000004 -0.0345708118 -0.00546433658 synchronous_release_0
0.082524 -0.0250000004 0.0345708118 0.00546433658 synchronous_release_1
0.084698 -0.0250000004 0.034045712 -0.00811723436 synchronous_release_0
0.082864 -0.0250000004 0.0242939304 0.0251953358 synchronous_release_0
0.057366 -0.0250000004 -0.0192901229 0.0292043003 asynchronous_release_1
0.082655 -0.0250000004 -0.0156466045 -0.0313078866 synchronous_release_0
0.083552 -0.0250000004 0.0346803799 -0.00471924276 synchronous_release_0
0.014293 -0.0250000004 0.0132532058 -0.0323937114 synchronous_release_1
0.100453 -0.0250000004 -0.00428323868 0.0347369237 synchronous_release_0
0.084371 -0.0250000004 -0.0348929571 -0.00273524146 synchronous_release_1
0.007698 -0.0250000004 -0.014832815 0.0317015394 synchronous_release_0
0.08241 -0.0250000004 0.049703561 -0.0347067144 synchronous_release_0
0.098211 -0.0250000004 0.0549086769 0.0256911892 synchronous_release_0
0.082443 -0.0250000004 0.0304873425 -0.0171907518 synchronous_release_0
0.003199 -0.0250000004 0.0322472917 0.0136055936 synchronous_release_0
0.094927 -0.0250000004 0.00597236447 0.0344866766 synchronous_release_0
0.00287 -0.0250000004 0.0124095639 -0.032726178 synchronous_release_0
0.08277 -0.0250000004 0.000935033656 0.000354558968 synchronous_release_0
0.087216 -0.0250000004 -0.0221369195 -0.0271100866 synchronous_release_0
0.092334 -0.0250000004 0.0346597811 -0.00486822084 asynchronous_release_0
0.08971 -0.0250000004 0.0153437441 0.0314574239 asynchronous_release_0
0.013236 -0.0250000004 0.0284384033 0.0204023826 synchronous_release_0
0.084751 -0.0250000004 -0.0013492991 0.0349739816 synchronous_release_0
0.06998 -0.0250000004 0.0224126214 -0.0268826041 asynchronous_release_0
0.084082 -0.0250000004 0.000768074402 0.000640360611 synchronous_release_0
0.082336 -0.0250000004 0.0601995498 -0.0357213411 synchronous_release_1
0.002832 -0.0250000004 0.0347780872 0.00393505451 synchronous_release_0
0.083087 -0.0250000004 0.0198088538 -0.0288549703 synchronous_release_0
0.083845 -0.0250000004 0.00888695138 0.0338529481 synchronous_release_0
0.090304 -0.0250000004 -0.00888695138 -0.0338529481 synchronous_release_0
0.082251 -0.0250000004 0.0497480747 -0.0492455994 synchronous_release_1
0.093594 -0.0250000004 0.0347261595 -0.00436965041 synchronous_release_0
0.002817 -0.0250000004 0.0324529797 0.0131074067 synchronous_release_0
0.086578 -0.0250000004 -0.00487514263 -0.0346588082 synchronous_release_0
0.034983 -0.0250000004 -0.00401642727 0.0347687836 asynchronous_release_0
0.083093 -0.0250000004 0.0281024362 0.0208627198 synchronous_release_0
0.083036 -0.0250000004 0.0348042111 -0.00369687568 synchronous_release_0
0.084171 -0.0250000004 -0.0102106768 -0.0334774862 synchronous_release_0
0.006356 -0.0250000004 -0.0204121802 -0.0284313717 synchronous_release_0
0.083069 -0.0250000004 0.0204121802 0.0284313717 synchronous_release_0
0.089354 -0.0250000004 0.00306462358 -0.0348655716 synchronous_release_1
0.083041 -0.0250000004 -0.0349873562 0.000940693967 synchronous_release_0
0.003077 -0.0250000004 0.0167233204 -0.0307462283 synchronous_release_0
0.088881 -0.0250000004 0.034988675 -0.000890293882 synchronous_release_0
0.068105 -0.0250000004 -0.012658356 0.0326307527 asynchronous_release_0
0.082995 -0.0250000004 0.012658356 -0.0326307527 synchronous_release_0
0.087252 -0.0250000004 0.0154844685 -0.0313883933 synchronous_release_1
0.096642 -0.0250000004 -0.022922218 -0.0264494219 asynchronous_release_0
0.082853 -0.0250000004 0.0261672815 0.0232437815 synchronous_release_0
0.091913 -0.0250000004 0.0106601865 -0.0333370728 synchronous_release_0
0.037263 -0.0250000004 -0.0227971131 0.0265573274 asynchronous_release_0
0.089055 -0.0250000004 0.0227971131 -0.0265573274 synchronous_release_0
0.013866 -0.0250000004 -0.0322908617 0.013501861 synchronous_release_0
0.082465 -0.0250000004 0.0348108832 0.00363351229 synchronous_release_0
0.08891 -0.0250000004 -0.0142587277 -0.0319638653 synchronous_release_1
0.004784 -0.0250000004 0.0349710792 -0.0014225392 synchronous_release_0
0.085746 -0.0250000004 0.00300967634 -0.0348703577 asynchronous_release_4
0.082973 -0.0250000004 -0.0317034538 0.0148287227 synchronous_release_0
0.097133 -0.0250000004 -0.0276904691 0.0214064925 synchronous_release_0
0.088033 -0.0250000004 -0.0227804134 -0.0265716534 synchronous_release_0
0.082405 -0.0250000004 0.0592804384 0.012681862 synchronous_release_0
0.085478 -0.0250000004 0.014185336 -0.0319965036 synchronous_release_0
0.005385 -0.0250000004 -0.000543772478 -0.00083923268 synchronous_release_0
0.08262 -0.0250000004 0.0017956554 0.0349539071 synchronous_release_0
0.106003 -0.0250000004 0.0174657315 -0.0303306483 asynchronous_release_1
0.083058 -0.0250000004 0.0175342462 0.0302910913 synchronous_release_0
0.007911 -0.0250000004 0.000699379547 -0.000714750481 synchronous_release_0
0.08448 -0.0250000004 0.0250162668 0.0244782841 synchronous_release_0
0.084115 -0.0250000004 0.0113711282 0.0331013209 synchronous_release_1
0.061272 -0.0250000004 0.0327050921 0.0124650292 asynchronous_release_0
0.06187 -0.0250000004 0.0348606449 -0.00312016601 asynchronous_release_0
0.089196 -0.0250000004 0.0201324655 0.0286301211 synchronous_release_0
0.086384 -0.0250000004 0.0246265184 0.0248703557 synchronous_release_0
0.085468 -0.0250000004 0.0219126616 -0.0272916702 synchronous_release_0
0.092702 -0.0250000004 -0.0345916105 -0.00533108648 synchronous_release_0
0.085123 -0.0250000004 0.0311317525 -0.015994186 synchronous_release_1
0.0881 -0.0250000004 0.000483259077 -0.0349966636 synchronous_release_0
0.087357 -0.0250000004 0.0343763322 -0.00657782512 synchronous_release_0
0.091437 -0.0250000004 0.000944562559 0.000328331499 synchronous_release_0
0.086512 -0.0250000004 0.0286071516 -0.0201650906 synchronous_release_0
0.006007 -0.0250000004 0.00315990494 0.0348570653 synchronous_release_1
0.00989 -0.0250000004 0.0348561818 -0.00316963605 synchronous_release_0
0.082915 -0.0250000004 0.0146831055 -0.0317711569 synchronous_release_0
0.09549 -0.0250000004 0.0237157252 0.0257403259 synchronous_release_0
0.005784 -0.0250000004 0.0308320739 -0.0165645168 synchronous_release_0
0.029286 -0.0250000004 0.010308475 -0.0334475013 asynchronous_release_0
0.083999 -0.0250000004 0.0160854038 -0.0310847195 asynchronous_release_0
0.096557 -0.0250000004 0.00446647387 -0.0347138389 asynchronous_release_0
0.002919 -0.0250000004 0.0295738945 -0.0187185674 synchronous_release_0
0.085118 -0.0250000004 -0.0295738945 0.0187185674 synchronous_release_0
0.082627 -0.0250000004 0.0319277498 -0.0143394139 synchronous_release_0
0.083345 -0.0250000004 -0.0337689791 -0.00920087211 synchronous_release_0
0.082015 -0.0250000004 0.0415511442 0.0441418443 synchronous_release_0
0.08799 -0.0250000004 0.0233619278 0.0260618559 asynchronous_release_0
0.004549 -0.0250000004 0.00593449687 0.0344932131 asynchronous_release_0
0.004066 -0.0250000004 0.0113487604 0.0331089963 synchronous_release_0
0.083695 -0.0250000004 0.0189825696 -0.0294051365 synchronous_release_0
0.086074 -0.0250000004 0.0261435232 -0.0232705005 synchronous_release_1
0.071191 -0.0250000004 0.000941765726 0.00033626971 asynchronous_release_0
0.093841 -0.0250000004 -0.000934142818 -0.00035689942 asynchronous_release_0
0.048285 -0.0250000004 0.0348584938 -0.00314410726 asynchronous_release_0
0.0857 -0.0250000004 0.0495648639 -0.0349045021 synchronous_release_0
0.082817 -0.0250000004 -0.00225001398 0.0349276028 synchronous_release_0
0.068881 -0.0250000004 -0.0349745517 0.00133444212 asynchronous_release_0
0.084775 -0.0250000004 0.0349745517 -0.00133444212 synchronous_release_0
0.090296 -0.0250000004 -0.000726086694 -0.0349924677 synchronous_release_0
0.082489 -0.0250000004 -0.00892004784 -0.0338442424 synchronous_release_0
0.082558 -0.0250000004 0.0604855137 0.00406234321 synchronous_release_0
0.011005 -0.0250000004 0.00279348963 0.0348883421 asynchronous_release_0
0.095183 -0.0250000004 -0.0347818481 0.00390167157 synchronous_release_0
0.082737 -0.0250000004 0.0337577821 -0.00924186917 synchronous_release_0
0.089939 -0.0250000004 -0.00347614645 0.0605220324 synchronous_release_0
0.003498 -0.0250000004 0.0338562212 -0.00887447366 synchronous_release_0
0.021114 -0.0250000004 -0.0193178163 0.0291859893 asynchronous_release_0
0.063755 -0.0250000004 -0.0349347163 -0.00213672502 asynchronous_release_0
0.095316 -0.0250000004 0.0146225511 -0.0317990723 synchronous_release_0
0.082527 -0.0250000004 0.0281394638 0.0208127504 synchronous_release_0
0.005929 -0.0250000004 0.00986961741 -0.0335796166 synchronous_release_0
0.086011 -0.0250000004 -0.000999958926 9.06348442e-06 asynchronous_release_0
0.092011 -0.0250000004 0.0183296366 -0.0298165126 synchronous_release_0
0.091469 -0.0250000004 -0.0180050319 0.030013644 synchronous_release_1
0.085837 -0.0250000004 -0.0282707114 -0.0206341193 asynchronous_release_3
0.003035 -0.0250000004 0.033196407 -0.0110904716 synchronous_release_1
0.096546 -0.0250000004 0.0262028336 0.023203696 synchronous_release_1
0.101957 -0.0250000004 0.0155886574 -0.0313367797 asynchronous_release_0
0.098684 -0.0250000004 0.0122661765 0.0327801909 asynchronous_release_0
0.016589 -0.0250000004 0.0280699261 0.0209064403 synchronous_release_0
0.082574 -0.0250000004 0.000461538322 -0.000887120272 synchronous_release_1
0.00431 -0.0250000004 0.0161956429 0.0310274258 synchronous_release_1
0.016005 -0.0250000004 0.0274538619 -0.0217091102 synchronous_release_1
0.082849 -0.0250000004 -0.0293684099 0.0190393408 synchronous_release_0
0.08282 -0.0250000004 0.0344498733 0.00618111885 synchronous_release_0
0.090137 -0.0250000004 -0.020361527 -0.0284676697 synchronous_release_0
0.08866 -0.0250000004 0.0103088652 -0.0334473811 synchronous_release_0
0.082876 -0.0250000004 0.0309615687 0.0163211907 synchronous_release_0
0.084939 -0.0250000004 0.00134621855 0.0349741004 synchronous_release_1
0.091768 -0.0250000004 0.0202247897 0.0285649765 synchronous_release_0
0.083981 -0.0250000004 -0.000908504854 -0.000417874299 synchronous_release_1
0.093695 -0.0250000004 2.90170891e-05 0.000999578916 synchronous_release_1
0.09398 -0.0250000004 0.0007572182 0.000653161999 synchronous_release_0
0.087882 -0.0250000004 -0.02286067 0.026502637 synchronous_release_1
0.090262 -0.0250000004 -0.00255515802 0.0349066064 synchronous_release_0
0.084104 -0.0250000004 0.0317211337 0.0147908647 synchronous_release_0
0.08674 -0.0250000004 0.0226810058 -0.026656556 asynchronous_release_0
0.089584 -0.0250000004 -0.000761615885 -0.000648028736 synchronous_release_0
0.092543 -0.0250000004 -0.0343802698 -0.0065572133 synchronous_release_0
0.086892 -0.0250000004 -0.000835815221 0.000549010853 synchronous_release_0
0.086042 -0.0250000004 0.0078200569 -0.0341151976 synchronous_release_0
0.088962 -0.0250000004 0.0339551602 -0.00848805618 synchronous_release_0
0.084296 -0.0250000004 0.0315894185 -0.0150701241 synchronous_release_0
0.084739 -0.0250000004 -0.00294692292 -0.0348757171 synchronous_release_1
0.082853 -0.0250000004 0.0138452414 -0.0321451286 synchronous_release_0
0.082457 -0.0250000004 0.026302918 0.0230901819 synchronous_release_0
0.002462 -0.0250000004 -0.00616319032 0.0344530853 synchronous_release_0
0.087636 -0.0250000004 0.00616319032 -0.0344530853 synchronous_release_0
0.084226 -0.0250000004 0.0329188422 -0.0118890633 synchronous_release_1
0.078004 -0.0250000004 -0.000984004445 -0.000178143911 asynchronous_release_0
0.002094 -0.0250000004 0.017533448 0.0302915533 synchronous_release_0
0.005715 -0.0250000004 0.0334279505 0.0103716983 asynchronous_release_2
0.092752 -0.0250000004 0.0333102465 -0.0107437182 synchronous_release_1
0.082691 -0.0250000004 0.0313022146 -0.0156579489 synchronous_release_0
0.100241 -0.0250000004 0.0121817521 0.0328116582 synchronous_release_0
0.084695 -0.0250000004 0.0317658423 -0.0146945999 synchronous_release_0
0.082451 -0.0250000004 0.00546113015 0.0345713184 synchronous_release_0
0.013104 -0.0250000004 0.0348417891 0.00332411413 asynchronous_release_0
0.083122 -0.0250000004 0.0236407387 -0.0258092129 synchronous_release_0
0.089349 -0.0250000004 0.0288078926 -0.0198772564 asynchronous_release_0
0.102343 -0.0250000004 0.0316181553 0.0150097387 synchronous_release_0
0.102181 -0.0250000004 0.00625678398 -0.0344362114 synchronous_release_0
0.002669 -0.0250000004 0.00734271019 0.0342211135 synchronous_release_0
0.025009 -0.0250000004 -0.0271102877 -0.0221366732 asynchronous_release_0
0.010699 -0.0250000004 0.0319251749 -0.0143451458 synchronous_release_0
0.082565 -0.0250000004 0.0340834709 0.00795719871 synchronous_release_0
0.011021 -0.0250000004 0.0113660037 -0.0331030808 synchronous_release_0
0.084757 -0.0250000004 0.0343511108 -0.00670829251 synchronous_release_0
0.086362 -0.0250000004 0.0573362179 0.0196864958 synchronous_release_0
0.002593 -0.0250000004 0.0225045391 0.0268057032 synchronous_release_0
0.082627 -0.0250000004 0.0344666894 -0.00608665096 synchronous_release_0
0.090007 -0.0250000004 0.0119621504 -0.0328923541 synchronous_release_0
0.106183 -0.0250000004 -0.0119621504 0.0328923541 synchronous_release_0
0.083491 -0.0250000004 0.00660418258 0.0343712783 synchronous_release_0
0.056727 -0.0250000004 -0.000786781654 0.000617231423 asynchronous_release_0
0.007872 -0.0250000004 0.0343056728 -0.00693691664 synchronous_release_0
0.091395 -0.0250000004 -0.0300099683 0.0180111578 asynchronous_release_0
0.083322 -0.0250000004 0.0306031043 0.016983816 synchronous_release_0
0.082723 -0.0250000004 -0.00808163666 -0.0340541796 synchronous_release_1
0.005687 -0.0250000004 0.0106751006 -0.0333323001 synchronous_release_0
0.028702 -0.0250000004 -0.0141990019 -0.0319904415 asynchronous_release_0
0.01452 -0.0250000004 -0.000914012614 0.000405685768 synchronous_release_0
0.05095 -0.0250000004 -0.0345059063 -0.00586024149 asynchronous_release_0
0.084244 -0.0250000004 0.0215664072 -0.0275661038 synchronous_release_0
0.099447 -0.0250000004 -0.0213395076 0.0277421235 asynchronous_release_0
0.082699 -0.0250000004 0.0133556299 0.0323516174 synchronous_release_0
0.00578 -0.0250000004 0.0322340616 -0.0136369084 synchronous_release_0
0.085222 -0.0250000004 -0.000992399155 -0.000123060621 synchronous_release_0
0.089421 -0.0250000004 0.0312310182 -0.015799478 synchronous_release_0
0.046813 -0.0250000004 0.0333050393 -0.0107598495 asynchronous_release_1
0.08361 -0.0250000004 0.0349957627 0.000544606486 synchronous_release_0
0.007501 -0.0250000004 0.0335822688 -0.00986058919 synchronous_release_0
0.084351 -0.0250000004 0.0253306552 0.0241528033 synchronous_release_0
0.092164 -0.0250000004 0.0159976659 0.0311299644 synchronous_release_0
0.083594 -0.0250000004 0.028448681 -0.0203880492 synchronous_release_0
0.0059 -0.0250000004 0.0291895154 -0.019312488 synchronous_release_0
0.082899 -0.0250000004 0.0313198629 0.0156226179 synchronous_release_1
0.095654 -0.0250000004 0.0021303475 0.0349351058 synchronous_release_1
0.082648 -0.0250000004 0.0341287147 0.00776085258 synchronous_release_0
0.014862 -0.0250000004 0.0247045286 0.0247928672 synchronous_release_0
0.085252 -0.0250000004 0.0338235172 -0.00899831575 synchronous_release_0
0.088862 -0.0250000004 0.0169175437 0.0306397898 synchronous_release_0
0.083269 -0.0250000004 0.0349936081 0.000668872285 synchronous_release_1
0.093968 -0.0250000004 1.91106367e-05 -0.000999817375 synchronous_release_1
0.090901 -0.0250000004 0.0295624574 -0.0187366249 synchronous_release_1
0.003284 -0.0250000004 0.0299881656 -0.0180474354 synchronous_release_0
0.005176 -0.0250000004 0.0306236203 0.0169467956 synchronous_release_0
0.087805 -0.0250000004 0.000484194159 -0.00087496058 synchronous_release_0
0.005867 -0.0250000004 0.00177426267 -0.0349549995 synchronous_release_0
0.08256 -0.0250000004 0.034992846 0.000707622926 synchronous_release_0
0.045666 -0.0250000004 -0.0141894947 0.0319946596 asynchronous_release_0
0.082683 -0.0250000004 0.0246238132 -0.024873034 synchronous_release_0
0.009025 -0.0250000004 0.0344983702 0.00590444334 synchronous_release_0
0.082657 -0.0250000004 0.0121357872 0.0328286867 synchronous_release_0
0.013636 -0.0250000004 0.000888244095 0.000459371774 synchronous_release_0
0.104147 -0.0250000004 0.0115207471 -0.0330495444 synchronous_release_0
0.002974 -0.0250000004 0.0349691047 -0.00147027857 synchronous_release_0
0.094482 -0.0250000004 -0.031406365 0.015447985 synchronous_release_0
0.090474 -0.0250000004 -0.022512667 0.0267988773 synchronous_release_1
0.083064 -0.0250000004 -0.0325471893 -0.0128716925 synchronous_release_0
0.102409 -0.0250000004 0.0310389007 -0.0161736405 asynchronous_release_0
0.004182 -0.0250000004 -0.012947783 -0.0325169943 synchronous_release_0
0.085981 -0.0250000004 -0.0346344346 -0.00504538818 synchronous_release_0
0.091849 -0.0250000004 0.0346803928 -0.0047191477 synchronous_release_0
0.082999 -0.0250000004 0.0180899292 0.029962551 synchronous_release_0
0.092452 -0.0250000004 0.0169033657 -0.0306476138 synchronous_release_0
0.00419 -0.0250000004 0.0342696629 -0.00711267894 asynchronous_release_4
0.084779 -0.0250000004 0.00102428476 -0.0349850088 synchronous_release_0
0.090921 -0.0250000004 0.0308100488 -0.0166054478 synchronous_release_0
0.015899 -0.0250000004 0.0308344335 -0.0165601241 synchronous_release_0
0.084872 -0.0250000004 -0.00107572859 0.0349834648 synchronous_release_0
0.008425 -0.0250000004 -0.000500333118 -0.000865832993 synchronous_release_1
0.003919 -0.0250000004 0.0333577767 -0.0105952223 synchronous_release_0
0.082661 -0.0250000004 0.0341164872 -0.0078144292 synchronous_release_1
0.00248 -0.0250000004 0.00436824992 -0.0347263357 synchronous_release_0
0.082591 -0.0250000004 0.0130847498 0.0324621213 synchronous_release_0
0.027009 -0.0250000004 0.0343508034 0.00670986615 asynchronous_release_0
0.083201 -0.0250000004 0.000916637319 0.0349879947 synchronous_release_0
0.015421 -0.0250000004 0.000999656993 -2.61896377e-05 synchronous_release_1
0.082654 -0.0250000004 0.0349844838 -0.00104206096 synchronous_release_0
0.099011 -0.0250000004 -0.000495337681 0.000868700513 asynchronous_release_0
0.082546 -0.0250000004 0.000215788335 0.0349993348 synchronous_release_0
0.004066 -0.0250000004 0.0267393198 0.0225833739 synchronous_release_0
0.085896 -0.0250000004 0.0349893202 0.000864565145 synchronous_release_1
0.104638 -0.0250000004 -0.00821242694 0.0340228753 asynchronous_release_0
0.082463 -0.0250000004 0.0253584608 0.024123608 synchronous_release_0
0.003916 -0.0250000004 -0.0349408919 0.0020332426 synchronous_release_0
0.013047 -0.0250000004 0.0157096062 -0.0312763213 synchronous_release_0
0.082611 -0.0250000004 0.0343520771 -0.00670334232 synchronous_release_0
0.082853 -0.0250000004 -0.00641986471 -0.0344061817 synchronous_release_0
0.102211 -0.0250000004 0.026586695 -0.0227628568 synchronous_release_1
0.002942 -0.0250000004 0.0277586579 -0.021317995 synchronous_release_1
0.083812 -0.0250000004 0.0155642273 -0.0313489207 synchronous_release_0
0.08256 -0.0250000004 0.0106193166 -0.0333501142 synchronous_release_0
0.088471 -0.0250000004 0.0341917044 -0.00747845915 synchronous_release_1
0.082981 -0.0250000004 0.0339448531 0.0085291823 synchronous_release_0
0.084032 -0.0250000004 0.0583037681 -0.0166033316 synchronous_release_0
0.095325 -0.0250000004 0.0149988936 0.0316233014 synchronous_release_1
0.092447 -0.0250000004 -0.0212629568 -0.0278008393 asynchronous_release_0
0.100755 -0.0250000004 0.0134447547 -0.0323146804 asynchronous_release_0
0.002792 -0.0250000004 0.0347077115 -0.00451384113 synchronous_release_0
0.082725 -0.0250000004 -0.0201668768 0.0286058924 synchronous_release_0
0.101224 -0.0250000004 -0.00556814079 -0.0345542444 asynchronous_release_0
0.002299 -0.0250000004 0.0271407831 -0.0220992736 synchronous_release_0
0.084509 -0.0250000004 -0.000713796214 0.000700353458 synchronous_release_1
0.005 -0.0250000004 0.0222798925 -0.0269927099 synchronous_release_0
0.08456 -0.0250000004 0.0567962113 -0.021194112 synchronous_release_0
0.090905 -0.0250000004 -0.000284564547 0.000958656883 asynchronous_release_4
0.084742 -0.0250000004 0.0335529909 0.00995975913 synchronous_release_0
0.082831 -0.0250000004 0.0288059135 0.0198801245 synchronous_release_0
0.082562 -0.0250000004 0.0215572992 0.0275732271 synchronous_release_0
0.082463 -0.0250000004 0.0180956963 -0.0299590683 synchronous_release_0
0.083642 -0.0250000004 0.00330890984 0.0348432363 synchronous_release_0
0.091116 -0.0250000004 0.0285206729 -0.0202872181 synchronous_release_0
0.002873 -0.0250000004 0.0296564955 0.0185874225 synchronous_release_0
0.084225 -0.0250000004 -0.000886051971 0.00046358592 synchronous_release_0
0.1023 -0.0250000004 0.0349697766 0.00145420807 synchronous_release_0
0.015205 -0.0250000004 0.0168980794 0.0306505287 asynchronous_release_0
0.0061 -0.0250000004 0.0349931762 0.000691098314 synchronous_release_0
0.004321 -0.0250000004 0.0259471405 -0.023489272 synchronous_release_0
0.08294 -0.0250000004 0.0346111653 0.00520261847 synchronous_release_1
0.088555 -0.0250000004 -0.0218111824 0.0273728391 synchronous_release_1
0.003362 -0.0250000004 0.0268097602 0.0224997058 synchronous_release_0
0.082571 -0.0250000004 0.0215882457 0.0275490045 synchronous_release_0
0.003034 -0.0250000004 0.00628531075 0.0344310161 synchronous_release_0
0.093423 -0.0250000004 0.0158071171 -0.0312271525 synchronous_release_0
0.086934 -0.0250000004 -0.0191399488 -0.0293029412 synchronous_release_1
0.089529 -0.0250000004 -0.00073127652 0.000682081118 asynchronous_release_4
0.004408 -0.0250000004 0.0341020611 -0.00787714605 synchronous_release_0
0.101065 -0.0250000004 -0.00318213496 0.0348550429 synchronous_release_1
0.005527 -0.0250000004 -0.000687129912 -0.000726534572 synchronous_release_0
0.027483 -0.0250000004 0.0326389077 -0.0126373139 asynchronous_release_0
0.092288 -0.0250000004 -0.00537521898 0.0345847802 synchronous_release_1
0.089653 -0.0250000004 -0.0131036471 -0.0324544979 synchronous_release_0
0.082696 -0.0250000004 -0.0215545961 0.0275753402 synchronous_release_1
0.002447 -0.0250000004 0.0324750549 -0.013052617 synchronous_release_0
0.082644 -0.0250000004 -0.0275414254 -0.021597914 synchronous_release_0
0.08301 -0.0250000004 0.0049336295 -0.034650531 synchronous_release_0
0.086061 -0.0250000004 0.0233289842 -0.0260913491 synchronous_release_0
0.006427 -0.0250000004 0.017839946 -0.0301120628 synchronous_release_0
0.083047 -0.0250000004 0.0329197229 0.0118866245 synchronous_release_1
0.006273 -0.0250000004 0.0133320098 -0.0323613583 synchronous_release_1
0.085261 -0.0250000004 0.0321455623 0.0138442342 synchronous_release_0
0.087973 -0.0250000004 0.0346558455 -0.004896159 synchronous_release_1
0.088796 -0.0250000004 -0.000183199607 -0.000983075737 synchronous_release_0
0.003652 -0.0250000004 -0.0322830912 0.0135204299 synchronous_release_0
0.084403 -0.0250000004 0.0322830912 -0.0135204299 synchronous_release_0
0.082432 -0.0250000004 0.0349049803 0.00257727566 synchronous_release_0
0.004255 -0.0250000004 -0.00584805693 0.0345079734 asynchronous_release_1
0.103487 -0.0250000004 -0.0217015504 -0.0274598381 synchronous_release_0
0.002543 -0.0250000004 0.0349618455 -0.00163381752 synchronous_release_0
0.082355 -0.0250000004 0.0311970981 0.0158663502 synchronous_release_1
0.082676 -0.0250000004 0.0325202211 -0.0129396761 synchronous_release_0
0.023142 -0.0250000004 0.0340876902 0.00793910431 asynchronous_release_0
0.01884 -0.0250000004 0.0239193111 -0.0255512535 synchronous_release_0
0.091467 -0.0250000004 0.0273453173 0.0218456774 synchronous_release_0
0.055417 -0.0250000004 -0.0349846761 0.00103558456 asynchronous_release_0
0.082356 -0.0250000004 0.0183891806 0.029779826 synchronous_release_0
0.093502 -0.0250000004 -0.0165954955 0.0308154106 synchronous_release_0
0.018935 -0.0250000004 0.0209897679 -0.0280076712 asynchronous_release_0
0.083369 -0.0250000004 0.0338931987 0.00873218644 synchronous_release_0
0.087761 -0.0250000004 -0.0238208839 -0.0256430398 synchronous_release_0
0.087907 -0.0250000004 0.0255200103 0.0239526423 synchronous_release_0
0.082967 -0.0250000004 0.0303601619 0.0174143782 synchronous_release_0
0.085938 -0.0250000004 0.0302613749 -0.0175854824 synchronous_release_0
0.083087 -0.0250000004 0.0212192974 -0.0278341771 synchronous_release_0
0.002464 -0.0250000004 0.000995756403 9.20281844e-05 synchronous_release_0
0.087841 -0.0250000004 -0.00833821247 -0.033992267 synchronous_release_0
0.08259 -0.0250000004 0.0312676926 -0.0157267734 synchronous_release_0
0.088435 -0.0250000004 -0.0312676926 0.0157267734 synchronous_release_1
0.082271 -0.0250000004 0.00762719951 0.0341588324 synchronous_release_0
0.085343 -0.0250000004 0.0333960163 0.0104740676 synchronous_release_0
0.086498 -0.0250000004 -0.00290301038 -0.0348793998 synchronous_release_0
0.088234 -0.0250000004 -0.0341553243 -0.0500840675 synchronous_release_2
0.008809 -0.0250000004 0.0241861266 -0.0252988395 synchronous_release_0
0.043772 -0.0250000004 -0.000688969244 0.000724790577 asynchronous_release_0
0.090018 -0.0250000004 -0.0287460585 -0.0199665751 synchronous_release_1
0.003026 -0.0250000004 -0.000543598472 -0.000839345401 synchronous_release_0
0.004749 -0.0250000004 0.029377089 -0.0190259465 synchronous_release_0
0.090443 -0.0250000004 -0.0017884085 -0.0349542786 synchronous_release_0
0.082613 -0.0250000004 0.0349703176 0.00144114021 synchronous_release_0
0.082296 -0.0250000004 0.0524540421 -0.0463527072 synchronous_release_0
0.008325 -0.0250000004 0.0120121749 -0.0328741183 synchronous_release_0
0.082947 -0.0250000004 0.0329937546 -0.0116795616 synchronous_release_0
0.002649 -0.0250000004 0.0266116744 0.0227336488 synchronous_release_1
0.004781 -0.0250000004 -0.00881461964 -0.0338718538 synchronous_release_0
0.082365 -0.0250000004 0.0249265761 -0.0245696114 synchronous_release_0
0.032061 -0.0250000004 0.00726008907 -0.0342387369 asynchronous_release_0
0.082223 -0.0250000004 -0.0348681704 0.00303491264 synchronous_release_0
0.095137 -0.0250000004 0.0200623966 0.028679265 synchronous_release_1
0.002609 -0.0250000004 0.0280521428 0.0209302958 synchronous_release_1
0.082819 -0.0250000004 0.0349333567 -0.0021588404 synchronous_release_0
0.090563 -0.0250000004 0.00135868607 -0.0349736182 synchronous_release_0
0.085692 -0.0250000004 -0.032125934 -0.0138897215 synchronous_release_0
0.087513 -0.0250000004 0.0280918187 -0.0208770142 synchronous_release_1
0.006588 -0.0250000004 0.00321630148 -0.0348519068 synchronous_release_0
0.090797 -0.0250000004 0.0317907874 -0.0146405546 synchronous_release_1
0.086242 -0.0250000004 0.0351934983 -0.0493600818 synchronous_release_0
0.082642 -0.0250000004 0.00334772089 -0.0348395288 synchronous_release_1
0.004236 -0.0250000004 -0.000802110345 -0.0349908076 synchronous_release_0
0.005673 -0.0250000004 0.0349963525 0.000505284191 synchronous_release_0
0.08262 -0.0250000004 0.0281089924 -0.0208538856 synchronous_release_0
0.083114 -0.0250000004 0.0295302058 -0.0187874145 synchronous_release_0
0.083891 -0.0250000004 0.00458386885 0.0346985323 asynchronous_release_0
0.082421 -0.0250000004 0.032349314 0.0133612081 synchronous_release_1
0.004532 -0.0250000004 -0.000871433616 -0.000490513459 synchronous_release_0
0.082962 -0.0250000004 0.0194669264 -0.0290867457 synchronous_release_0
0.004381 -0.0250000004 -0.0327320395 -0.0123940949 synchronous_release_0
0.054575 -0.0250000004 0.00361259428 -0.0348130602 asynchronous_release_0
0.094781 -0.0250000004 -0.00519397588 0.0346124633 synchronous_release_0
0.082493 -0.0250000004 0.0325722604 -0.0128081166 synchronous_release_2
0.082441 -0.0250000004 0.0135263865 0.0322805958 synchronous_release_0
0.029155 -0.0250000004 -0.034728512 0.00435091411 asynchronous_release_0
0.007676 -0.0250000004 -0.0211322581 -0.0279003166 synchronous_release_0
0.002836 -0.0250000004 0.0348913342 0.0027558655 synchronous_release_0
0.082942 -0.0250000004 0.0115935411 -0.0330240792 synchronous_release_0
0.085642 -0.0250000004 0.000745826195 -0.000666140591 synchronous_release_0
0.08422 -0.0250000004 0.00182445811 0.0349524155 synchronous_release_0
0.085853 -0.0250000004 -0.00734795893 -0.0342199868 synchronous_release_0
0.004979 -0.0250000004 0.0322606028 -0.0135740012 synchronous_release_0
0.007635 -0.0250000004 0.030645736 -0.0169067698 synchronous_release_0
0.041515 -0.0250000004 0.000681175866 -0.0349933708 synchronous_release_0
0.084443 -0.0250000004 0.0299645601 0.018086601 synchronous_release_0
0.106539 -0.0250000004 -0.000681175866 0.0349933708 synchronous_release_1
0.004407 -0.0250000004 0.0222764865 0.0269955209 synchronous_release_0
0.082649 -0.0250000004 -0.0345170501 0.00579424274 synchronous_release_0
0.085152 -0.0250000004 0.0122405637 -0.0327897637 synchronous_release_0
0.094911 -0.0250000004 -0.0210078446 0.0279941148 asynchronous_release_0
0.007593 -0.0250000004 0.0340558246 -0.00807470191 synchronous_release_0
0.011507 -0.0250000004 0.0100350153 -0.0335305602 synchronous_release_0
0.082728 -0.0250000004 0.0681116492 -0.0161494038 synchronous_release_1
0.004884 -0.0250000004 0.0321549703 0.013822369 synchronous_release_0
0.07757 -0.0250000004 -0.000893181223 -0.0004496969 asynchronous_release_0
0.083233 -0.0250000004 0.0157393915 -0.0312613428 synchronous_release_0
0.083631 -0.0250000004 0.0223864075 0.0269044376 synchronous_release_0
0.004609 -0.0250000004 -0.017499121 0.0303113966 synchronous_release_0
0.003503 -0.0250000004 -0.0182324044 0.0298760679 synchronous_release_0
0.09951 -0.0250000004 0.0107291647 -0.033314937 synchronous_release_0
0.086572 -0.0250000004 -0.0138323629 -0.0321506724 synchronous_release_0
0.002893 -0.0250000004 0.0336724353 0.00954814639 synchronous_release_0
0.09427 -0.0250000004 0.0262070829 -0.0231988966 asynchronous_release_0
0.08246 -0.0250000004 0.0340331527 -0.00816973183 synchronous_release_0
0.004956 -0.0250000004 -0.0119092473 -0.0329115455 synchronous_release_0
0.100124 -0.0250000004 0.0119092473 0.0329115455 synchronous_release_0
0.096921 -0.0250000004 0.00729643529 0.0342310098 asynchronous_release_0
0.083068 -0.0250000004 0.0332931417 0.0107966066 synchronous_release_0
0.08284 -0.0250000004 0.0337963886 -0.00909967686 synchronous_release_0
0.096567 -0.0250000004 0.0247787456 0.0247186926 synchronous_release_0
0.083037 -0.0250000004 0.0515892058 0.0318363604 synchronous_release_0
0.0934 -0.0250000004 0.0183807313 -0.0297850419 synchronous_release_0
0.082416 -0.0250000004 -0.000501526384 0.00086514235 synchronous_release_0
0.088693 -0.0250000004 0.0303417018 -0.0174465221 synchronous_release_0
0.006861 -0.0250000004 0.0324325721 0.0131578215 synchronous_release_0
0.014407 -0.0250000004 0.00734408357 -0.0342208188 synchronous_release_0
0.091026 -0.0250000004 0.0319795729 -0.0142234636 synchronous_release_0
0.107904 -0.0250000004 -0.0326623582 -0.0125765797 asynchronous_release_0
0.083054 -0.0250000004 0.0381018997 0.0471513015 synchronous_release_0
0.088389 -0.0250000004 -0.00543954155 -0.0345747218 synchronous_release_1
0.083101 -0.0250000004 0.0340370921 0.00815330361 synchronous_release_0
0.059299 -0.0250000004 0.0293253595 -0.0191055827 asynchronous_release_0
0.003433 -0.0250000004 0.0312085997 0.0158437149 synchronous_release_0
0.097362 -0.0250000004 -0.0265353604 0.0228226784 asynchronous_release_0
0.00606 -0.0250000004 0.0330326995 0.011568957 synchronous_release_0
0.093974 -0.0250000004 -0.00033054163 0.000943791413 synchronous_release_1
0.085586 -0.0250000004 -0.028313344 0.0205755815 synchronous_release_0
0.082431 -0.0250000004 0.0347804371 0.00391423016 synchronous_release_0
0.083475 -0.0250000004 0.0207800413 -0.028163627 synchronous_release_0
0.096713 -0.0250000004 0.0275861422 -0.0215407697 synchronous_release_0
0.085029 -0.0250000004 0.023976968 0.0254971568 synchronous_release_1
0.082736 -0.0250000004 -0.0207577703 -0.0281800456 synchronous_release_0
0.088328 -0.0250000004 0.0207577703 0.0281800456 synchronous_release_0
0.09312 -0.0250000004 -0.0274125474 0.0217612555 asynchronous_release_0
0.082527 -0.0250000004 0.00513952638 0.0346205902 synchronous_release_0
0.095685 -0.0250000004 -0.0349945876 0.0006154977 synchronous_release_0
0.007973 -0.0250000004 0.0277926403 0.0212736726 asynchronous_release_0
0.106142 -0.0250000004 0.000735414061 -0.000677618004 asynchronous_release_0
0.012161 -0.0250000004 -0.010432739 0.0334089503 synchronous_release_0
0.087518 -0.0250000004 -0.0232349527 0.0261751213 asynchronous_release_0
0.082454 -0.0250000004 0.000200985675 -0.000979594181 synchronous_release_0
0.042404 -0.0250000004 -0.00120677833 0.0349791893 asynchronous_release_0
0.094121 -0.0250000004 -0.00099999998 -1.98324799e-07 synchronous_release_1
0.009935 -0.0250000004 0.010229872 -0.0334716256 synchronous_release_0
0.100731 -0.0250000004 0.0238723421 0.0255951418 synchronous_release_0
0.009024 -0.0250000004 0.0133010546 -0.0323740937 synchronous_release_0
0.082576 -0.0250000004 0.0300431785 -0.0179557074 synchronous_release_0
