0.030183 -0.0250000004 0.000477816073 0.000878459902 asynchronous_release_0
0.061738 -0.0250000004 0.00885896101 0.0338602837 asynchronous_release_0
0.050881 -0.0250000004 0.00442286248 -0.0347194223 asynchronous_release_0
0.026753 -0.0250000004 0.0104544998 0.0334021472 asynchronous_release_0
0.036882 -0.0250000004 -0.0288583114 0.019803986 asynchronous_release_0
0.060481 -0.0250000004 -0.00461564045 0.0346943203 asynchronous_release_0
0.036381 -0.0250000004 0.0232267648 0.0261823871 asynchronous_release_0
0.014581 -0.0250000004 -0.0145059666 0.0318524243 asynchronous_release_1
0.066933 -0.0250000004 0.000989292582 0.000145945837 asynchronous_release_0
0.031149 -0.0250000004 0.0117325638 0.0329749442 asynchronous_release_0
0.060472 -0.0250000004 0.0344234213 0.00632677382 asynchronous_release_0
0.050958 -0.0250000004 -0.0211467389 -0.0278893427 asynchronous_release_0
0.032827 -0.0250000004 -0.0318873887 -0.0144289445 asynchronous_release_0
0.05571 -0.0250000004 0.0024118385 -0.0349168016 asynchronous_release_0
0.052378 -0.0250000004 0.0299277502 -0.0181474451 asynchronous_release_0
0.034517 -0.0250000004 0.0129635301 0.0325107196 asynchronous_release_0
0.063118 -0.0250000004 0.0318698273 0.014467692 asynchronous_release_0
0.06069 -0.0250000004 0.0214440974 0.0276613573 asynchronous_release_0
0.052278 -0.0250000004 -0.0214440974 -0.0276613573 asynchronous_release_1
0.047189 -0.0250000004 0.00356247135 0.0348182251 asynchronous_release_0
0.009022 -0.0250000004 -0.010075163 -0.0335185186 asynchronous_release_0
0.048076 -0.0250000004 -0.0325561847 0.0128489235 asynchronous_release_0
0.045029 -0.0250000004 0.0293618694 0.0190494259 asynchronous_release_0
0.05381 -0.0250000004 0.0168528454 -0.0306754234 asynchronous_release_0
0.025827 -0.0250000004 -0.0218776507 0.0273197438 asynchronous_release_0
0.052523 -0.0250000004 0.00517655425 -0.0346150731 asynchronous_release_0
0.049567 -0.0250000004 -0.0208487857 -0.0281127753 asynchronous_release_4
0.046212 -0.0250000004 0.00585846828 -0.0345062074 asynchronous_release_0
0.049834 -0.0250000004 -0.0241448959 0.0253381926 asynchronous_release_1
0.048924 -0.0250000004 -0.0148323997 0.0317017337 asynchronous_release_0
0.056994 -0.0250000004 0.000862905 0.000505366165 asynchronous_release_0
0.049112 -0.0250000004 -0.0248914591 -0.0246051877 asynchronous_release_0
0.062806 -0.0250000004 0.00254089938 -0.0349076472 asynchronous_release_1
0.019322 -0.0250000004 -0.00276481505 0.0348906262 asynchronous_release_1
0.022822 -0.0250000004 -0.000972482627 0.000232975407 asynchronous_release_0
0.066924 -0.0250000004 -0.0141330536 0.0320196314 asynchronous_release_0
0.026072 -0.0250000004 0.0335123728 -0.0100955865 asynchronous_release_0
0.004688 -0.0250000004 0.0247303375 -0.0247671236 asynchronous_release_3
0.066288 -0.0250000004 0.00096967687 -0.000244390604 asynchronous_release_0
0.060198 -0.0250000004 -0.0259513801 -0.0234845879 asynchronous_release_0
0.066887 -0.0250000004 0.00304932943 -0.0348669125 asynchronous_release_0
0.053713 -0.0250000004 0.00309139526 -0.034863208 asynchronous_release_0
0.0333 -0.0250000004 -0.0230055717 -0.0263769534 asynchronous_release_0
0.054939 -0.0250000004 0.00296696601 -0.0348740177 asynchronous_release_0
0.06511 -0.0250000004 -0.000780985306 0.000624549399 asynchronous_release_0
0.060189 -0.0250000004 0.030090767 0.0178758425 asynchronous_release_0
0.044774 -0.0250000004 -0.0256132658 -0.0238528953 asynchronous_release_0
0.064871 -0.0250000004 -0.0315282675 0.0151976428 asynchronous_release_0
0.043912 -0.0250000004 -0.00487576564 0.0346587205 asynchronous_release_1
0.025696 -0.0250000004 0.0124974606 0.0326927129 asynchronous_release_0
0.02075 -0.0250000004 0.015368032 -0.0314455656 asynchronous_release_0
0.045042 -0.0250000004 0.0311958154 -0.0158688722 asynchronous_release_4
0.069128 -0.0250000004 0.00352590452 -0.0348219471 asynchronous_release_0
0.054054 -0.0250000004 -0.0183427156 0.0298084683 asynchronous_release_0
0.067837 -0.0250000004 -0.0347020593 0.00455709092 asynchronous_release_1
0.061005 -0.0250000004 0.034812726 -0.00361581347 asynchronous_release_0
0.027259 -0.0250000004 -0.000986469586 0.000163944368 asynchronous_release_0
0.044771 -0.0250000004 -0.0144229514 -0.0318900999 asynchronous_release_0
0.042948 -0.0250000004 0.0336303423 -0.00969536356 asynchronous_release_4
0.016755 -0.0250000004 0.032922213 0.0118797262 asynchronous_release_0
0.039299 -0.0250000004 -0.000644903134 -0.000764264318 asynchronous_release_0
0.062567 -0.0250000004 0.00776220054 -0.0341284081 asynchronous_release_0
0.054659 -0.0250000004 -0.0136394481 0.0322329871 asynchronous_release_1
0.029222 -0.0250000004 0.000818823375 0.000574045539 asynchronous_release_0
0.06838 -0.0250000004 -0.033401884 -0.0104553405 asynchronous_release_0
0.016262 -0.0250000004 -0.0332184534 0.0110242619 asynchronous_release_0
0.006233 -0.0250000004 -0.0261565176 -0.0232558936 asynchronous_release_1
0.043319 -0.0250000004 0.0345451989 -0.00562398717 asynchronous_release_2
0.058089 -0.0250000004 0.0316032699 0.0150410549 asynchronous_release_0
0.062227 -0.0250000004 0.0349915698 0.000768142162 asynchronous_release_0
0.012945 -0.0250000004 -0.00481391761 -0.034667365 asynchronous_release_0
0.039381 -0.0250000004 -0.0113122341 -0.0331214939 asynchronous_release_0
0.047678 -0.0250000004 -0.0100850115 0.0335155567 asynchronous_release_0
0.049766 -0.0250000004 -0.0241186118 -0.0253632128 asynchronous_release_0
0.049289 -0.0250000004 0.000583828577 0.000811876956 asynchronous_release_0
0.036915 -0.0250000004 0.0194788904 -0.029078735 asynchronous_release_0
0.057611 -0.0250000004 -0.0323988301 0.0132406877 asynchronous_release_0
0.051 -0.0250000004 0.00234903511 0.0349210829 asynchronous_release_0
0.056984 -0.0250000004 0.0193341238 0.0291751891 asynchronous_release_0
0.045163 -0.0250000004 0.01778004 0.0301474738 asynchronous_release_2
0.044236 -0.0250000004 0.0199610202 -0.028749916 asynchronous_release_0
0.060459 -0.0250000004 -0.00488152675 -0.0346579096 asynchronous_release_0
0.035691 -0.0250000004 -0.0280035642 -0.0209952469 asynchronous_release_0
0.054637 -0.0250000004 -0.0176023061 0.030251592 asynchronous_release_1
0.028231 -0.0250000004 0.011237323 0.0331469844 asynchronous_release_0
0.044646 -0.0250000004 0.0323638248 0.0133260213 asynchronous_release_4
0.065221 -0.0250000004 -0.0225475206 0.0267695595 asynchronous_release_0
0.061728 -0.0250000004 -0.0259133144 0.0235265836 asynchronous_release_0
0.016429 -0.0250000004 0.034902105 -0.00261592521 asynchronous_release_0
0.04381 -0.0250000004 0.0025021884 0.0349104433 asynchronous_release_0
0.049603 -0.0250000004 0.0349752432 -0.00131619249 asynchronous_release_0
0.068447 -0.0250000004 0.0332340678 -0.0109771006 asynchronous_release_0
0.051081 -0.0250000004 0.0261234819 0.0232929967 asynchronous_release_4
0.04743 -0.0250000004 -0.000996578537 -8.26511892e-05 asynchronous_release_0
0.057529 -0.0250000004 0.0349999997 4.37074784e-06 asynchronous_release_0
0.055721 -0.0250000004 -0.0452644921 -0.0403252496 asynchronous_release_0
0.06307 -0.0250000004 -0.0319416099 -0.0143085134 asynchronous_release_0
0.045915 -0.0250000004 0.00447998286 -0.0347120981 asynchronous_release_3
0.051686 -0.0250000004 -0.0214456618 0.0276601444 asynchronous_release_0
0.033576 -0.0250000004 -0.0346772186 -0.00474241573 asynchronous_release_1
0.02091 -0.0250000004 -0.000584819458 -0.000811163487 asynchronous_release_0
0.019419 -0.0250000004 0.000706505164 0.000707707887 asynchronous_release_0
0.052802 -0.0250000004 0.0219211029 -0.0272848904 asynchronous_release_3
0.016582 -0.0250000004 0.0267219308 -0.0226039469 asynchronous_release_0
0.059027 -0.0250000004 -0.0316688374 0.0149025078 asynchronous_release_0
0.045383 -0.0250000004 0.0304118027 0.017324037 asynchronous_release_0
0.044152 -0.0250000004 0.0142077418 -0.0319865608 asynchronous_release_4
0.069303 -0.0250000004 0.000199296691 0.000979939197 asynchronous_release_0
0.041138 -0.0250000004 0.0345836016 0.00538279679 asynchronous_release_0
0.057967 -0.0250000004 -0.00190125699 -0.0349483222 asynchronous_release_0
0.044675 -0.0250000004 0.0594250464 0.011985986 asynchronous_release_0
0.05347 -0.0250000004 0.000435553988 0.0349972898 asynchronous_release_0
0.064431 -0.0250000004 0.0320577858 0.0140462938 asynchronous_release_0
0.057043 -0.0250000004 -0.0107627104 -0.0333041148 asynchronous_release_0
0.068751 -0.0250000004 -0.0234608543 0.0259728381 asynchronous_release_0
0.04684 -0.0250000004 -0.0110135679 -0.0332220006 asynchronous_release_0
0.042423 -0.0250000004 -0.030074478 0.0179032336 asynchronous_release_2
0.019335 -0.0250000004 -0.00605067359 -0.0344730235 asynchronous_release_0
0.024437 -0.0250000004 0.0251328487 -0.0243585697 asynchronous_release_0
0.010969 -0.0250000004 -0.00315575058 -0.0348574416 asynchronous_release_4
0.042138 -0.0250000004 0.025473487 -0.0240021136 asynchronous_release_1
0.0499 -0.0250000004 -0.000128715282 -0.00099168159 asynchronous_release_0
0.018031 -0.0250000004 -0.0183144303 -0.0298258553 asynchronous_release_0
0.038134 -0.0250000004 -0.0340445519 -0.00812209877 asynchronous_release_0
0.051821 -0.0250000004 0.0336693939 -0.00955886561 asynchronous_release_0
0.041997 -0.0250000004 -0.00480373599 -0.0346687773 asynchronous_release_1
0.06372 -0.0250000004 -0.0191112896 -0.0293216406 asynchronous_release_0
0.066895 -0.0250000004 -0.000344889113 0.000938643436 asynchronous_release_0
0.065331 -0.0250000004 0.0208182099 -0.0281354249 asynchronous_release_0
0.042428 -0.0250000004 0.0102545818 -0.0334640636 asynchronous_release_1
0.051109 -0.0250000004 -0.0170063936 0.0305905635 asynchronous_release_0
0.034983 -0.0250000004 -0.00401642727 0.0347687836 asynchronous_release_0
0.061577 -0.0250000004 -0.0349989961 -0.000265087425 asynchronous_release_4
0.066669 -0.0250000004 0.00704606449 -0.0342834213 asynchronous_release_0
0.037263 -0.0250000004 -0.0227971131 0.0265573274 asynchronous_release_0
0.048305 -0.0250000004 0.016960632 -0.0306159593 asynchronous_release_0
0.056361 -0.0250000004 -0.0250162668 -0.0244782841 asynchronous_release_0
0.063607 -0.0250000004 0.00081800346 -0.0005752133 asynchronous_release_0
0.029286 -0.0250000004 0.010308475 -0.0334475013 asynchronous_release_0
0.049013 -0.0250000004 0.0349852076 -0.00101747083 asynchronous_release_0
0.059555 -0.0250000004 -0.0319277498 0.0143394139 asynchronous_release_0
0.063622 -0.0250000004 0.0342654703 -0.00713284953 asynchronous_release_0
0.004549 -0.0250000004 0.00593449687 0.0344932131 asynchronous_release_0
0.068019 -0.0250000004 -0.0339743502 -0.00841091707 asynchronous_release_0
0.042941 -0.0250000004 -0.000694451795 0.00071953923 asynchronous_release_1
0.043636 -0.0250000004 -0.0349745517 0.00133444212 asynchronous_release_2
0.011005 -0.0250000004 0.00279348963 0.0348883421 asynchronous_release_0
0.057008 -0.0250000004 -0.0173537998 0.030394829 asynchronous_release_0
0.048567 -0.0250000004 0.0337577821 -0.00924186917 asynchronous_release_0
0.021114 -0.0250000004 -0.0193178163 0.0291859893 asynchronous_release_0
0.04494 -0.0250000004 0.0293684099 -0.0190393408 asynchronous_release_3
0.046481 -0.0250000004 0.00099733161 7.30045149e-05 asynchronous_release_0
0.005715 -0.0250000004 0.0334279505 0.0103716983 asynchronous_release_2
0.067814 -0.0250000004 0.000490290026 -0.000871559344 asynchronous_release_0
0.013104 -0.0250000004 0.0348417891 0.00332411413 asynchronous_release_0
0.063598 -0.0250000004 0.0145421273 0.0318359315 asynchronous_release_0
0.025009 -0.0250000004 -0.0271102877 -0.0221366732 asynchronous_release_0
0.052723 -0.0250000004 0.000939781546 0.000341775725 asynchronous_release_0
0.052001 -0.0250000004 -0.000786781654 0.000617231423 asynchronous_release_0
0.045087 -0.0250000004 0.0216030998 0.0275373579 asynchronous_release_1
0.028702 -0.0250000004 -0.0141990019 -0.0319904415 asynchronous_release_0
0.044074 -0.0250000004 0.0311590489 -0.0159409432 asynchronous_release_0
0.062203 -0.0250000004 -0.0141894947 0.0319946596 asynchronous_release_1
0.045279 -0.0250000004 0.0240285301 -0.0254485705 asynchronous_release_3
0.00419 -0.0250000004 0.0342696629 -0.00711267894 asynchronous_release_4
0.059798 -0.0250000004 0.00750315663 -0.0341862932 asynchronous_release_0
0.027009 -0.0250000004 0.0343508034 0.00670986615 asynchronous_release_0
0.052988 -0.0250000004 0.0113707738 -0.0331014426 asynchronous_release_4
0.060089 -0.0250000004 0.00838925782 0.033979705 asynchronous_release_0
0.015205 -0.0250000004 0.0168980794 0.0306505287 asynchronous_release_0
0.027483 -0.0250000004 0.0326389077 -0.0126373139 asynchronous_release_0
0.004255 -0.0250000004 -0.00584805693 0.0345079734 asynchronous_release_1
0.023142 -0.0250000004 0.0340876902 0.00793910431 asynchronous_release_0
0.042492 -0.0250000004 -0.0349846761 0.00103558456 asynchronous_release_0
0.018935 -0.0250000004 0.0209897679 -0.0280076712 asynchronous_release_0
0.051964 -0.0250000004 -0.000999935098 1.13929508e-05 asynchronous_release_0
0.047839 -0.0250000004 -0.000688969244 0.000724790577 asynchronous_release_0
0.032061 -0.0250000004 0.00726008907 -0.0342387369 asynchronous_release_0
0.050819 -0.0250000004 0.0317907874 -0.0146405546 asynchronous_release_4
0.066388 -0.0250000004 -0.00334772089 0.0348395288 asynchronous_release_0
0.029155 -0.0250000004 -0.034728512 0.00435091411 asynchronous_release_0
0.058254 -0.0250000004 -0.0137396923 -0.0321903845 asynchronous_release_0
0.069634 -0.0250000004 -0.000636331278 -0.000771415909 asynchronous_release_0
0.049215 -0.0250000004 -0.00263585671 0.0349006054 asynchronous_release_0
0.058911 -0.0250000004 0.00543954155 0.0345747218 asynchronous_release_0
0.007973 -0.0250000004 0.0277926403 0.0212736726 asynchronous_release_0
0.045007 -0.0250000004 -0.00120677833 0.0349791893 asynchronous_release_2
