0.000000 0.084199
0.000050 0.089827
0.000100 0.100477
0.000150 0.066573
0.000200 0.102924
0.000250 0.093378
0.000300 0.089829
0.000350 0.103905
0.000400 0.101577
0.000450 0.107321
0.000500 0.097906
0.000550 0.099372
0.000600 0.121892
0.000650 0.131818
0.000700 0.102432
0.000750 0.109274
0.000800 0.109655
0.000850 0.128501
0.000900 0.093625
0.000950 0.092895
0.001000 0.123230
0.001050 0.107206
0.001100 0.134621
0.001150 0.157011
0.001200 0.166327
0.001250 0.169861
0.001300 0.240856
0.001350 0.288444
0.001400 0.359675
0.001450 0.411469
0.001500 0.612627
0.001550 0.854957
0.001600 1.281847
0.001650 1.639425
0.001700 2.190504
0.001750 2.905452
0.001800 3.850495
0.001850 4.948621
0.001900 6.112741
0.001950 7.267411
0.002000 8.856650
0.002050 9.616998
0.002100 10.291819
0.002150 11.061117
0.002200 11.693816
0.002250 11.305236
0.002300 11.117191
0.002350 10.307813
0.002400 9.276203
0.002450 8.264547
0.002500 7.208752
0.002550 6.216770
0.002600 5.364866
0.002650 4.693586
0.002700 4.239291
0.002750 3.711113
0.002800 3.398263
0.002850 2.934223
0.002900 2.789994
0.002950 2.483852
0.003000 2.252775
0.003050 2.137383
0.003100 1.940625
0.003150 1.915789
0.003200 1.760043
0.003250 1.757093
0.003300 1.687604
0.003350 1.555264
0.003400 1.508196
0.003450 1.458908
0.003500 1.337286
0.003550 1.316110
0.003600 1.270409
0.003650 1.351823
0.003700 1.186157
0.003750 1.273879
0.003800 1.153195
0.003850 1.194667
0.003900 1.054672
0.003950 1.093862
0.004000 1.066563
0.004050 1.082749
0.004100 0.977275
0.004150 1.008865
0.004200 0.914373
0.004250 1.007323
0.004300 1.022303
0.004350 0.894621
0.004400 0.923873
0.004450 0.913675
0.004500 0.900213
0.004550 0.960219
0.004600 0.834504
0.004650 0.929864
0.004700 0.969030
0.004750 0.870550
0.004800 0.882445
0.004850 0.884209
0.004900 0.826468
0.004950 0.835978
0.005000 0.782345
0.005050 0.787155
0.005100 0.814206
0.005150 0.808474
0.005200 0.745535
0.005250 0.777839
0.005300 0.801697
0.005350 0.754521
0.005400 0.745352
0.005450 0.725226
0.005500 0.788188
0.005550 0.698554
0.005600 0.751029
0.005650 0.768647
0.005700 0.719867
0.005750 0.654773
0.005800 0.711704
0.005850 0.697572
0.005900 0.701527
0.005950 0.720449
0.006000 0.716215
0.006050 0.696931
0.006100 0.759628
0.006150 0.713530
0.006200 0.705811
0.006250 0.663379
0.006300 0.704883
0.006350 0.642135
0.006400 0.643917
0.006450 0.642451
0.006500 0.604871
0.006550 0.672489
0.006600 0.617750
0.006650 0.694596
0.006700 0.623614
0.006750 0.630880
0.006800 0.654066
0.006850 0.609578
0.006900 0.640822
0.006950 0.618114
0.007000 0.643658
0.007050 0.576968
0.007100 0.571147
0.007150 0.583719
0.007200 0.655063
0.007250 0.549971
0.007300 0.621357
0.007350 0.593465
0.007400 0.664266
0.007450 0.640816
0.007500 0.621725
0.007550 0.639185
0.007600 0.565946
0.007650 0.636010
0.007700 0.573664
0.007750 0.586984
0.007800 0.536948
0.007850 0.548960
0.007900 0.578021
0.007950 0.542627
0.008000 0.587817
0.008050 0.579037
0.008100 0.570347
0.008150 0.548463
0.008200 0.574606
0.008250 0.545696
0.008300 0.538378
0.008350 0.539232
0.008400 0.608614
0.008450 0.587490
0.008500 0.523457
0.008550 0.629655
0.008600 0.560258
0.008650 0.496120
0.008700 0.535210
0.008750 0.507780
0.008800 0.596201
0.008850 0.486435
0.008900 0.477037
0.008950 0.552107
0.009000 0.517679
0.009050 0.522725
0.009100 0.496019
0.009150 0.513221
0.009200 0.574921
0.009250 0.488817
0.009300 0.521733
0.009350 0.514373
0.009400 0.475315
0.009450 0.533087
0.009500 0.503512
0.009550 0.476514
0.009600 0.523949
0.009650 0.497403
0.009700 0.501217
0.009750 0.539547
0.009800 0.532126
0.009850 0.505928
0.009900 0.504751
0.009950 0.460703
0.010000 0.479253
0.010050 0.482675
0.010100 0.473097
0.010150 0.490651
0.010200 0.461249
0.010250 0.490057
0.010300 0.476160
0.010350 0.463026
0.010400 0.493098
0.010450 0.495804
0.010500 0.509647
0.010550 0.503883
0.010600 0.444482
0.010650 0.481306
0.010700 0.478352
0.010750 0.465324
0.010800 0.416862
0.010850 0.427798
0.010900 0.428057
0.010950 0.490259
0.011000 0.493757
0.011050 0.462335
0.011100 0.459139
0.011150 0.456681
0.011200 0.452048
0.011250 0.393672
0.011300 0.437004
0.011350 0.427440
0.011400 0.389688
0.011450 0.453896
0.011500 0.429421
0.011550 0.460871
0.011600 0.458810
0.011650 0.451670
0.011700 0.441243
0.011750 0.448005
0.011800 0.423900
0.011850 0.460034
0.011900 0.430275
0.011950 0.435751
0.012000 0.452472
0.012050 0.427382
0.012100 0.470836
0.012150 0.461966
0.012200 0.437879
0.012250 0.430061
0.012300 0.416797
0.012350 0.412135
0.012400 0.430657
0.012450 0.417985
0.012500 0.401978
0.012550 0.414084
0.012600 0.442860
0.012650 0.425828
0.012700 0.444880
0.012750 0.439656
0.012800 0.413884
0.012850 0.435614
0.012900 0.450678
0.012950 0.400208
0.013000 0.381328
0.013050 0.417062
0.013100 0.426979
0.013150 0.455295
0.013200 0.459621
0.013250 0.420437
0.013300 0.429469
0.013350 0.363093
0.013400 0.386961
0.013450 0.405495
0.013500 0.422405
0.013550 0.351711
0.013600 0.380491
0.013650 0.378967
0.013700 0.382166
0.013750 0.403128
0.013800 0.442386
0.013850 0.383996
0.013900 0.407617
0.013950 0.391513
0.014000 0.371923
0.014050 0.406045
0.014100 0.359369
0.014150 0.393763
0.014200 0.402645
0.014250 0.427407
0.014300 0.414026
0.014350 0.376654
0.014400 0.404260
0.014450 0.348688
0.014500 0.379603
0.014550 0.415273
0.014600 0.388075
0.014650 0.395635
0.014700 0.443149
0.014750 0.447093
0.014800 0.391427
0.014850 0.389183
0.014900 0.425836
0.014950 0.402306
0.015000 0.370761
0.015050 0.396027
0.015100 0.416442
0.015150 0.412786
0.015200 0.379859
0.015250 0.402345
0.015300 0.428782
0.015350 0.377598
0.015400 0.408461
0.015450 0.322489
0.015500 0.373812
0.015550 0.375758
0.015600 0.366186
0.015650 0.377604
0.015700 0.392010
0.015750 0.379736
0.015800 0.350586
0.015850 0.392116
0.015900 0.387188
0.015950 0.368814
0.016000 0.355444
0.016050 0.361310
0.016100 0.334326
0.016150 0.373228
0.016200 0.414482
0.016250 0.371070
0.016300 0.379615
0.016350 0.369253
0.016400 0.321328
0.016450 0.303364
0.016500 0.353463
0.016550 0.390777
0.016600 0.376518
0.016650 0.394230
0.016700 0.347147
0.016750 0.362173
0.016800 0.373326
0.016850 0.359264
0.016900 0.359350
0.016950 0.388712
0.017000 0.329708
0.017050 0.407702
0.017100 0.363279
0.017150 0.380419
0.017200 0.360137
0.017250 0.386421
0.017300 0.344260
0.017350 0.376586
0.017400 0.380257
0.017450 0.390991
0.017500 0.374821
0.017550 0.352911
0.017600 0.351672
0.017650 0.391518
0.017700 0.412563
0.017750 0.379347
0.017800 0.377652
0.017850 0.362368
0.017900 0.380731
0.017950 0.359677
0.018000 0.299849
0.018050 0.351773
0.018100 0.331196
0.018150 0.361802
0.018200 0.331735
0.018250 0.372087
0.018300 0.330224
0.018350 0.346190
0.018400 0.320249
0.018450 0.289315
0.018500 0.322713
0.018550 0.331859
0.018600 0.347821
0.018650 0.392737
0.018700 0.333415
0.018750 0.364259
0.018800 0.344481
0.018850 0.335155
0.018900 0.354964
0.018950 0.344936
0.019000 0.344760
0.019050 0.295330
0.019100 0.330180
0.019150 0.352658
0.019200 0.348387
0.019250 0.344493
0.019300 0.368070
0.019350 0.321238
0.019400 0.349144
0.019450 0.335950
0.019500 0.329325
0.019550 0.296017
0.019600 0.341864
0.019650 0.296678
0.019700 0.338071
0.019750 0.357231
0.019800 0.363855
0.019850 0.343487
0.019900 0.398797
0.019950 0.309345
0.020000 0.296635
0.020050 0.332093
0.020100 0.316658
0.020150 0.328602
0.020200 0.302992
0.020250 0.310506
0.020300 0.340483
0.020350 0.316847
0.020400 0.304919
0.020450 0.379025
0.020500 0.307790
0.020550 0.267778
0.020600 0.277882
0.020650 0.317890
0.020700 0.340780
0.020750 0.356784
0.020800 0.320798
0.020850 0.279974
0.020900 0.308850
0.020950 0.315694
0.021000 0.338184
0.021050 0.320342
0.021100 0.349768
0.021150 0.322606
0.021200 0.313545
0.021250 0.319775
0.021300 0.293616
0.021350 0.298536
0.021400 0.348555
0.021450 0.329283
0.021500 0.339202
0.021550 0.332792
0.021600 0.308602
0.021650 0.324190
0.021700 0.309454
0.021750 0.272834
0.021800 0.263074
0.021850 0.305388
0.021900 0.307184
0.021950 0.328810
0.022000 0.312234
0.022050 0.332248
0.022100 0.311659
0.022150 0.308263
0.022200 0.311091
0.022250 0.343391
0.022300 0.378607
0.022350 0.324923
0.022400 0.330611
0.022450 0.320153
0.022500 0.308288
0.022550 0.324836
0.022600 0.317048
0.022650 0.288794
0.022700 0.311329
0.022750 0.323541
0.022800 0.294719
0.022850 0.324347
0.022900 0.294515
0.022950 0.324763
0.023000 0.326181
0.023050 0.318845
0.023100 0.363332
0.023150 0.286554
0.023200 0.303688
0.023250 0.339588
0.023300 0.345846
0.023350 0.350754
0.023400 0.318656
0.023450 0.297176
0.023500 0.337274
0.023550 0.271914
0.023600 0.300752
0.023650 0.336424
0.023700 0.320561
0.023750 0.325555
0.023800 0.299589
0.023850 0.282555
0.023900 0.315723
0.023950 0.306873
0.024000 0.287880
0.024050 0.296738
0.024100 0.288277
0.024150 0.277357
0.024200 0.292088
0.024250 0.274362
0.024300 0.326181
0.024350 0.274877
0.024400 0.294175
0.024450 0.314585
0.024500 0.280632
0.024550 0.286336
0.024600 0.297511
0.024650 0.301357
0.024700 0.288409
0.024750 0.309123
0.024800 0.309598
0.024850 0.325028
0.024900 0.297649
0.024950 0.275617
0.025000 0.313585
0.025050 0.264445
0.025100 0.280916
0.025150 0.263730
0.025200 0.265139
0.025250 0.278713
0.025300 0.276156
0.025350 0.319316
0.025400 0.319987
0.025450 0.336483
0.025500 0.306075
0.025550 0.326187
0.025600 0.305388
0.025650 0.289618
0.025700 0.285097
0.025750 0.258889
0.025800 0.248567
0.025850 0.283263
0.025900 0.276652
0.025950 0.291854
0.026000 0.259223
0.026050 0.257735
0.026100 0.359804
0.026150 0.260730
0.026200 0.259273
0.026250 0.292535
0.026300 0.276987
0.026350 0.296737
0.026400 0.287515
0.026450 0.290441
0.026500 0.306138
0.026550 0.270330
0.026600 0.306285
0.026650 0.318423
0.026700 0.291049
0.026750 0.305339
0.026800 0.298776
0.026850 0.259368
0.026900 0.314614
0.026950 0.263258
0.027000 0.311711
0.027050 0.272097
0.027100 0.310465
0.027150 0.349055
0.027200 0.340452
0.027250 0.293590
0.027300 0.311572
0.027350 0.318154
0.027400 0.281959
0.027450 0.297275
0.027500 0.283481
0.027550 0.281765
0.027600 0.285026
0.027650 0.302164
0.027700 0.281664
0.027750 0.302206
0.027800 0.243217
0.027850 0.273757
0.027900 0.299999
0.027950 0.297271
0.028000 0.272658
0.028050 0.272650
0.028100 0.288978
0.028150 0.277202
0.028200 0.266502
0.028250 0.256886
0.028300 0.238156
0.028350 0.277272
0.028400 0.273360
0.028450 0.229536
0.028500 0.256294
0.028550 0.282630
0.028600 0.292496
0.028650 0.292664
0.028700 0.231316
0.028750 0.279096
0.028800 0.274050
0.028850 0.270720
0.028900 0.278961
0.028950 0.280873
0.029000 0.282222
0.029050 0.273692
0.029100 0.297774
0.029150 0.274684
0.029200 0.284828
0.029250 0.292102
0.029300 0.295899
0.029350 0.259739
0.029400 0.301739
0.029450 0.310921
0.029500 0.258693
0.029550 0.304479
0.029600 0.275194
0.029650 0.265370
0.029700 0.273354
0.029750 0.259334
0.029800 0.241669
0.029850 0.250235
0.029900 0.275624
0.029950 0.209348
0.030000 0.274968
0.030050 0.259654
0.030100 0.286481
0.030150 0.264525
0.030200 0.243072
0.030250 0.274242
0.030300 0.252158
0.030350 0.284084
0.030400 0.275372
0.030450 0.256864
0.030500 0.268822
0.030550 0.251470
0.030600 0.268981
0.030650 0.247289
0.030700 0.288843
0.030750 0.285639
0.030800 0.268235
0.030850 0.239629
0.030900 0.260411
0.030950 0.241001
0.031000 0.292298
0.031050 0.277918
0.031100 0.249146
0.031150 0.295122
0.031200 0.269451
0.031250 0.299377
0.031300 0.263618
0.031350 0.291122
0.031400 0.304297
0.031450 0.275331
0.031500 0.279045
0.031550 0.276463
0.031600 0.268178
0.031650 0.301704
0.031700 0.240780
0.031750 0.281970
0.031800 0.287052
0.031850 0.225812
0.031900 0.250555
0.031950 0.303581
0.032000 0.311351
0.032050 0.274865
0.032100 0.290297
0.032150 0.238831
0.032200 0.269046
0.032250 0.252250
0.032300 0.279378
0.032350 0.286550
0.032400 0.275589
0.032450 0.300333
0.032500 0.236661
0.032550 0.255505
0.032600 0.277054
0.032650 0.233308
0.032700 0.264037
0.032750 0.242433
0.032800 0.275924
0.032850 0.243116
0.032900 0.237842
0.032950 0.250370
0.033000 0.229911
0.033050 0.278875
0.033100 0.273038
0.033150 0.268508
0.033200 0.291228
0.033250 0.250120
0.033300 0.250853
0.033350 0.282991
0.033400 0.281160
0.033450 0.279326
0.033500 0.295606
0.033550 0.231996
0.033600 0.248194
0.033650 0.305584
0.033700 0.252535
0.033750 0.237787
0.033800 0.230426
0.033850 0.296262
0.033900 0.267335
0.033950 0.296765
0.034000 0.262997
0.034050 0.275461
0.034100 0.292083
0.034150 0.282107
0.034200 0.233047
0.034250 0.255807
0.034300 0.271115
0.034350 0.305759
0.034400 0.267525
0.034450 0.237409
0.034500 0.232734
0.034550 0.268180
0.034600 0.289232
0.034650 0.271516
0.034700 0.278053
0.034750 0.272791
0.034800 0.245904
0.034850 0.262182
0.034900 0.293913
0.034950 0.271185
0.035000 0.195088
0.035050 0.267494
0.035100 0.248122
0.035150 0.261760
0.035200 0.240916
0.035250 0.272232
0.035300 0.279648
0.035350 0.253824
0.035400 0.229313
0.035450 0.288483
0.035500 0.253345
0.035550 0.270751
0.035600 0.260428
0.035650 0.273628
0.035700 0.236123
0.035750 0.213501
0.035800 0.259621
0.035850 0.242755
0.035900 0.252426
0.035950 0.295262
0.036000 0.248156
0.036050 0.241290
0.036100 0.255367
0.036150 0.259371
0.036200 0.254696
0.036250 0.238390
0.036300 0.270730
0.036350 0.234048
0.036400 0.222005
0.036450 0.262477
0.036500 0.250488
0.036550 0.253094
0.036600 0.226395
0.036650 0.248035
0.036700 0.258008
0.036750 0.214298
0.036800 0.269909
0.036850 0.232763
0.036900 0.253112
0.036950 0.260228
0.037000 0.277751
0.037050 0.261217
0.037100 0.247592
0.037150 0.227964
0.037200 0.262646
0.037250 0.266140
0.037300 0.231555
0.037350 0.220023
0.037400 0.238409
0.037450 0.220873
0.037500 0.248331
0.037550 0.238303
0.037600 0.228239
0.037650 0.222663
0.037700 0.279734
0.037750 0.244804
0.037800 0.237748
0.037850 0.243554
0.037900 0.238761
0.037950 0.270433
0.038000 0.236788
0.038050 0.272356
0.038100 0.231005
0.038150 0.233807
0.038200 0.247334
0.038250 0.270876
0.038300 0.296048
0.038350 0.262186
0.038400 0.251265
0.038450 0.281115
0.038500 0.250947
0.038550 0.265441
0.038600 0.269946
0.038650 0.272924
0.038700 0.204617
0.038750 0.216753
0.038800 0.235156
0.038850 0.247410
0.038900 0.226997
0.038950 0.219769
0.039000 0.206269
0.039050 0.239641
0.039100 0.220684
0.039150 0.238506
0.039200 0.244625
0.039250 0.236623
0.039300 0.229381
0.039350 0.289883
0.039400 0.275664
0.039450 0.231374
0.039500 0.222514
0.039550 0.250848
0.039600 0.230127
0.039650 0.285555
0.039700 0.259311
0.039750 0.256851
0.039800 0.241633
0.039850 0.235139
0.039900 0.260584
0.039950 0.243728
0.040000 0.262857
0.040050 0.253991
0.040100 0.254731
0.040150 0.228141
0.040200 0.242510
0.040250 0.236786
0.040300 0.251219
0.040350 0.215613
0.040400 0.213856
0.040450 0.244496
0.040500 0.265521
0.040550 0.234659
0.040600 0.240271
0.040650 0.253233
0.040700 0.295586
0.040750 0.255682
0.040800 0.282628
0.040850 0.226240
0.040900 0.242539
0.040950 0.241681
0.041000 0.250675
0.041050 0.290119
0.041100 0.276215
0.041150 0.348783
0.041200 0.385318
0.041250 0.483112
0.041300 0.513449
0.041350 0.567081
0.041400 0.681425
0.041450 0.895783
0.041500 1.169085
0.041550 1.648875
0.041600 2.257839
0.041650 2.743887
0.041700 3.780264
0.041750 4.844590
0.041800 6.399842
0.041850 7.455318
0.041900 8.914726
0.041950 10.669094
0.042000 11.780405
0.042050 13.072415
0.042100 14.232368
0.042150 14.663752
0.042200 14.778835
0.042250 14.694553
0.042300 14.015260
0.042350 13.024772
0.042400 12.076515
0.042450 10.836655
0.042500 9.448506
0.042550 8.397032
0.042600 7.203598
0.042650 6.489268
0.042700 5.819401
0.042750 5.181377
0.042800 4.727902
0.042850 4.305408
0.042900 4.024858
0.042950 3.686540
0.043000 3.277275
0.043050 3.126023
0.043100 3.013923
0.043150 2.783047
0.043200 2.638717
0.043250 2.449705
0.043300 2.522725
0.043350 2.278297
0.043400 2.230274
0.043450 1.991544
0.043500 1.965375
0.043550 1.836211
0.043600 1.947542
0.043650 1.795300
0.043700 1.758027
0.043750 1.640027
0.043800 1.585637
0.043850 1.577589
0.043900 1.580935
0.043950 1.529727
0.044000 1.493316
0.044050 1.567026
0.044100 1.433477
0.044150 1.392289
0.044200 1.406712
0.044250 1.340554
0.044300 1.350450
0.044350 1.347056
0.044400 1.311643
0.044450 1.302807
0.044500 1.209293
0.044550 1.298321
0.044600 1.153680
0.044650 1.165000
0.044700 1.171881
0.044750 1.160863
0.044800 1.150703
0.044850 1.161161
0.044900 1.125803
0.044950 1.138025
0.045000 1.195336
0.045050 1.188794
0.045100 1.101861
0.045150 1.147525
0.045200 1.077499
0.045250 1.094215
0.045300 1.066542
0.045350 1.071464
0.045400 0.985501
0.045450 1.114923
0.045500 1.055283
0.045550 1.025541
0.045600 0.997526
0.045650 1.079098
0.045700 0.974277
0.045750 0.961627
0.045800 0.962690
0.045850 0.956412
0.045900 0.975845
0.045950 0.930021
0.046000 0.867469
0.046050 0.925495
0.046100 0.913562
0.046150 0.939474
0.046200 0.935870
0.046250 0.930402
0.046300 0.991660
0.046350 0.964956
0.046400 0.941881
0.046450 0.922451
0.046500 0.881545
0.046550 0.848895
0.046600 0.821738
0.046650 0.903772
0.046700 0.860780
0.046750 0.870066
0.046800 0.821288
0.046850 0.849270
0.046900 0.837904
0.046950 0.819922
0.047000 0.832936
0.047050 0.860122
0.047100 0.817613
0.047150 0.849545
0.047200 0.819209
0.047250 0.792561
0.047300 0.766776
0.047350 0.735222
0.047400 0.844021
0.047450 0.841065
0.047500 0.720176
0.047550 0.839762
0.047600 0.827259
0.047650 0.752707
0.047700 0.790611
0.047750 0.781791
0.047800 0.762417
0.047850 0.764059
0.047900 0.760912
0.047950 0.735676
0.048000 0.766100
0.048050 0.790848
0.048100 0.766561
0.048150 0.789435
0.048200 0.884756
0.048250 0.755296
0.048300 0.753078
0.048350 0.759566
0.048400 0.739912
0.048450 0.676548
0.048500 0.708147
0.048550 0.768033
0.048600 0.718156
0.048650 0.687606
0.048700 0.732038
0.048750 0.743424
0.048800 0.694272
0.048850 0.718320
0.048900 0.695451
0.048950 0.692113
0.049000 0.662279
0.049050 0.729573
0.049100 0.706638
0.049150 0.647226
0.049200 0.656584
0.049250 0.678790
0.049300 0.701065
0.049350 0.658201
0.049400 0.738833
0.049450 0.634581
0.049500 0.733169
0.049550 0.685241
0.049600 0.655043
0.049650 0.663521
0.049700 0.731726
0.049750 0.747350
0.049800 0.676283
0.049850 0.635941
0.049900 0.646428
0.049950 0.701948
0.050000 0.631510
0.050050 0.693126
0.050100 0.671679
0.050150 0.648161
0.050200 0.632614
0.050250 0.648208
0.050300 0.692046
0.050350 0.672512
0.050400 0.712452
0.050450 0.672722
0.050500 0.657139
0.050550 0.663775
0.050600 0.637003
0.050650 0.693301
0.050700 0.722362
0.050750 0.672262
0.050800 0.598624
0.050850 0.635732
0.050900 0.704540
0.050950 0.658292
0.051000 0.578216
0.051050 0.601128
0.051100 0.642523
0.051150 0.623625
0.051200 0.665148
0.051250 0.594960
0.051300 0.625214
0.051350 0.625746
0.051400 0.674644
0.051450 0.570216
0.051500 0.655189
0.051550 0.605219
0.051600 0.591260
0.051650 0.573126
0.051700 0.637741
0.051750 0.576153
0.051800 0.553794
0.051850 0.613374
0.051900 0.648192
0.051950 0.604072
0.052000 0.569195
0.052050 0.639461
0.052100 0.627534
0.052150 0.598870
0.052200 0.621330
0.052250 0.614568
0.052300 0.614070
0.052350 0.580036
0.052400 0.616189
0.052450 0.549547
0.052500 0.592020
0.052550 0.588328
0.052600 0.638330
0.052650 0.588346
0.052700 0.586751
0.052750 0.561921
0.052800 0.624753
0.052850 0.614763
0.052900 0.536970
0.052950 0.607358
0.053000 0.570786
0.053050 0.607390
0.053100 0.560122
0.053150 0.621250
0.053200 0.642082
0.053250 0.549978
0.053300 0.536574
0.053350 0.530610
0.053400 0.564184
0.053450 0.544354
0.053500 0.585517
0.053550 0.578557
0.053600 0.568360
0.053650 0.571024
0.053700 0.589822
0.053750 0.583926
0.053800 0.604940
0.053850 0.533306
0.053900 0.590954
0.053950 0.518084
0.054000 0.530412
0.054050 0.548186
0.054100 0.543268
0.054150 0.509070
0.054200 0.550729
0.054250 0.557753
0.054300 0.543058
0.054350 0.600132
0.054400 0.570245
0.054450 0.576247
0.054500 0.494987
0.054550 0.568569
0.054600 0.573496
0.054650 0.551088
0.054700 0.501245
0.054750 0.538947
0.054800 0.570172
0.054850 0.586112
0.054900 0.520771
0.054950 0.535553
0.055000 0.477711
0.055050 0.528811
0.055100 0.563507
0.055150 0.554139
0.055200 0.538117
0.055250 0.556339
0.055300 0.587896
0.055350 0.535332
0.055400 0.508134
0.055450 0.563004
0.055500 0.578028
0.055550 0.509694
0.055600 0.533556
0.055650 0.497328
0.055700 0.464349
0.055750 0.508287
0.055800 0.461868
0.055850 0.557312
0.055900 0.496354
0.055950 0.571874
0.056000 0.488416
0.056050 0.544986
0.056100 0.541067
0.056150 0.505667
0.056200 0.519674
0.056250 0.553988
0.056300 0.521902
0.056350 0.468300
0.056400 0.529715
0.056450 0.512195
0.056500 0.493499
0.056550 0.516639
0.056600 0.537576
0.056650 0.458778
0.056700 0.451278
0.056750 0.515328
0.056800 0.497685
0.056850 0.500481
0.056900 0.516954
0.056950 0.520932
0.057000 0.538614
0.057050 0.494676
0.057100 0.508917
0.057150 0.575821
0.057200 0.473442
0.057250 0.468206
0.057300 0.472134
0.057350 0.552990
0.057400 0.519159
0.057450 0.505941
0.057500 0.482331
0.057550 0.454053
0.057600 0.482200
0.057650 0.541580
0.057700 0.535281
0.057750 0.524343
0.057800 0.477511
0.057850 0.495407
0.057900 0.529577
0.057950 0.504677
0.058000 0.491324
0.058050 0.494206
0.058100 0.537802
0.058150 0.516328
0.058200 0.490140
0.058250 0.456890
0.058300 0.525085
0.058350 0.452129
0.058400 0.487704
0.058450 0.455512
0.058500 0.475934
0.058550 0.468282
0.058600 0.525127
0.058650 0.463545
0.058700 0.514607
0.058750 0.450553
0.058800 0.492267
0.058850 0.506995
0.058900 0.491108
0.058950 0.490522
0.059000 0.493479
0.059050 0.468077
0.059100 0.460357
0.059150 0.423019
0.059200 0.457873
0.059250 0.495189
0.059300 0.499365
0.059350 0.445341
0.059400 0.443498
0.059450 0.477352
0.059500 0.497001
0.059550 0.477365
0.059600 0.498243
0.059650 0.469027
0.059700 0.486344
0.059750 0.428358
0.059800 0.426487
0.059850 0.406643
0.059900 0.445502
0.059950 0.503660
0.060000 0.465885
0.060050 0.473693
0.060100 0.422575
0.060150 0.449591
0.060200 0.491136
0.060250 0.451984
0.060300 0.463430
0.060350 0.435042
0.060400 0.476707
0.060450 0.408367
0.060500 0.425840
0.060550 0.489414
0.060600 0.467024
0.060650 0.443366
0.060700 0.485261
0.060750 0.451869
0.060800 0.480463
0.060850 0.457973
0.060900 0.484189
0.060950 0.503151
0.061000 0.528266
0.061050 0.439798
0.061100 0.483198
0.061150 0.447146
0.061200 0.473482
0.061250 0.443488
0.061300 0.460048
0.061350 0.450862
0.061400 0.393724
0.061450 0.470518
0.061500 0.460100
0.061550 0.421322
0.061600 0.429305
0.061650 0.447181
0.061700 0.428052
0.061750 0.432362
0.061800 0.457713
0.061850 0.473223
0.061900 0.450363
0.061950 0.478289
0.062000 0.472777
0.062050 0.439929
0.062100 0.461695
0.062150 0.447439
0.062200 0.471745
0.062250 0.435057
0.062300 0.420728
0.062350 0.446302
0.062400 0.403244
0.062450 0.416334
0.062500 0.444469
0.062550 0.445129
0.062600 0.450804
0.062650 0.446462
0.062700 0.452151
0.062750 0.440271
0.062800 0.447219
0.062850 0.412671
0.062900 0.456100
0.062950 0.480734
0.063000 0.384372
0.063050 0.426602
0.063100 0.494194
0.063150 0.441868
0.063200 0.421044
0.063250 0.444482
0.063300 0.431234
0.063350 0.439512
0.063400 0.435121
0.063450 0.428181
0.063500 0.483505
0.063550 0.442289
0.063600 0.431529
0.063650 0.418197
0.063700 0.440535
0.063750 0.422095
0.063800 0.392120
0.063850 0.451536
0.063900 0.390867
0.063950 0.424777
0.064000 0.435710
0.064050 0.442824
0.064100 0.451239
0.064150 0.450687
0.064200 0.393595
0.064250 0.467543
0.064300 0.438705
0.064350 0.444577
0.064400 0.440152
0.064450 0.402178
0.064500 0.442868
0.064550 0.446186
0.064600 0.427532
0.064650 0.432128
0.064700 0.462636
0.064750 0.411568
0.064800 0.414857
0.064850 0.467479
0.064900 0.466965
0.064950 0.441751
0.065000 0.454209
0.065050 0.383369
0.065100 0.380123
0.065150 0.414687
0.065200 0.398437
0.065250 0.431779
0.065300 0.401156
0.065350 0.397932
0.065400 0.423500
0.065450 0.424238
0.065500 0.435467
0.065550 0.398179
0.065600 0.442213
0.065650 0.406195
0.065700 0.410861
0.065750 0.406327
0.065800 0.424173
0.065850 0.431517
0.065900 0.430965
0.065950 0.394773
0.066000 0.428513
0.066050 0.422671
0.066100 0.387711
0.066150 0.406957
0.066200 0.451423
0.066250 0.405823
0.066300 0.423817
0.066350 0.443181
0.066400 0.450629
0.066450 0.416865
0.066500 0.422956
0.066550 0.361130
0.066600 0.436465
0.066650 0.430597
0.066700 0.451417
0.066750 0.444229
0.066800 0.411623
0.066850 0.440493
0.066900 0.441310
0.066950 0.460890
0.067000 0.467105
0.067050 0.380737
0.067100 0.406989
0.067150 0.417173
0.067200 0.424691
0.067250 0.436265
0.067300 0.426314
0.067350 0.417690
0.067400 0.417142
0.067450 0.390944
0.067500 0.409272
0.067550 0.420882
0.067600 0.402753
0.067650 0.403541
0.067700 0.432787
0.067750 0.428199
0.067800 0.399176
0.067850 0.360584
0.067900 0.433346
0.067950 0.381150
0.068000 0.420027
0.068050 0.437199
0.068100 0.387623
0.068150 0.393863
0.068200 0.420593
0.068250 0.432357
0.068300 0.425010
0.068350 0.403968
0.068400 0.334966
0.068450 0.390484
0.068500 0.431044
0.068550 0.415442
0.068600 0.417656
0.068650 0.441860
0.068700 0.380868
0.068750 0.403680
0.068800 0.407265
0.068850 0.403969
0.068900 0.395151
0.068950 0.397355
0.069000 0.355373
0.069050 0.374109
0.069100 0.387355
0.069150 0.399247
0.069200 0.413936
0.069250 0.381534
0.069300 0.396221
0.069350 0.395673
0.069400 0.368734
0.069450 0.425138
0.069500 0.352302
0.069550 0.383710
0.069600 0.355288
0.069650 0.382566
0.069700 0.359684
0.069750 0.407950
0.069800 0.410220
0.069850 0.426476
0.069900 0.342040
