0.00000	7.34400
0.00005	51.40800
0.00010	17.13600
0.00015	14.68800
0.00020	7.34400
0.00025	7.34400
0.00030	12.24000
0.00035	17.13600
0.00040	12.24000
0.00045	12.24000
0.00050	17.13600
0.00055	17.13600
0.00060	12.24000
0.00065	66.09600
0.00070	70.99200
0.00075	66.09600
0.00080	19.58400
0.00085	12.24000
0.00090	36.72000
0.00095	22.03200
0.00100	36.72000
0.00105	68.54400
0.00110	2.44800
0.00115	31.82400
0.00120	48.96000
0.00125	41.61600
0.00130	115.05600
0.00135	70.99200
0.00140	151.77600
0.00145	127.29600
0.00150	271.72800
0.00155	310.89600
0.00160	438.19200
0.00165	472.46400
0.00170	484.70400
0.00175	717.26400
0.00180	1064.88000
0.00185	1099.15200
0.00190	1353.74400
0.00195	1635.26400
0.00200	2097.93600
0.00205	2352.52800
0.00210	2244.81600
0.00215	2506.75200
0.00220	2308.46400
0.00225	2423.52000
0.00230	2257.05600
0.00235	2215.44000
0.00240	1938.81600
0.00245	1537.34400
0.00250	1647.50400
0.00255	1390.46400
0.00260	1072.22400
0.00265	1128.52800
0.00270	832.32000
0.00275	851.90400
0.00280	722.16000
0.00285	425.95200
0.00290	516.52800
0.00295	499.39200
0.00300	700.12800
0.00305	391.68000
0.00310	345.16800
0.00315	367.20000
0.00320	345.16800
0.00325	222.76800
0.00330	406.36800
0.00335	418.60800
0.00340	406.36800
0.00345	376.99200
0.00350	217.87200
0.00355	372.09600
0.00360	320.68800
0.00365	239.90400
0.00370	215.42400
0.00375	183.60000
0.00380	198.28800
0.00385	352.51200
0.00390	161.56800
0.00395	205.63200
0.00400	146.88000
0.00405	198.28800
0.00410	176.25600
0.00415	203.18400
0.00420	254.59200
0.00425	306.00000
0.00430	242.35200
0.00435	254.59200
0.00440	252.14400
0.00445	168.91200
0.00450	107.71200
0.00455	261.93600
0.00460	335.37600
0.00465	178.70400
0.00470	200.73600
0.00475	264.38400
0.00480	141.98400
0.00485	190.94400
0.00490	134.64000
0.00495	144.43200
0.00500	220.32000
0.00505	129.74400
0.00510	144.43200
0.00515	151.77600
0.00520	166.46400
0.00525	119.95200
0.00530	178.70400
0.00535	115.05600
0.00540	97.92000
0.00545	183.60000
0.00550	124.84800
0.00555	97.92000
0.00560	156.67200
0.00565	205.63200
0.00570	83.23200
0.00575	88.12800
0.00580	161.56800
0.00585	95.47200
0.00590	100.36800
0.00595	154.22400
0.00600	95.47200
0.00605	178.70400
0.00610	181.15200
0.00615	139.53600
0.00620	134.64000
0.00625	105.26400
0.00630	144.43200
0.00635	139.53600
0.00640	186.04800
0.00645	129.74400
0.00650	164.01600
0.00655	100.36800
0.00660	119.95200
0.00665	151.77600
0.00670	117.50400
0.00675	146.88000
0.00680	151.77600
0.00685	100.36800
0.00690	159.12000
0.00695	51.40800
0.00700	63.64800
0.00705	144.43200
0.00710	75.88800
0.00715	110.16000
0.00720	139.53600
0.00725	132.19200
0.00730	134.64000
0.00735	129.74400
0.00740	119.95200
0.00745	122.40000
0.00750	68.54400
0.00755	100.36800
0.00760	97.92000
0.00765	161.56800
0.00770	119.95200
0.00775	141.98400
0.00780	80.78400
0.00785	97.92000
0.00790	70.99200
0.00795	244.80000
0.00800	164.01600
0.00805	115.05600
0.00810	97.92000
0.00815	97.92000
0.00820	105.26400
0.00825	90.57600
0.00830	44.06400
0.00835	75.88800
0.00840	80.78400
0.00845	88.12800
0.00850	80.78400
0.00855	151.77600
0.00860	68.54400
0.00865	144.43200
0.00870	93.02400
0.00875	107.71200
0.00880	63.64800
0.00885	88.12800
0.00890	85.68000
0.00895	97.92000
0.00900	83.23200
0.00905	93.02400
0.00910	122.40000
0.00915	122.40000
0.00920	85.68000
0.00925	97.92000
0.00930	80.78400
0.00935	127.29600
0.00940	166.46400
0.00945	107.71200
0.00950	222.76800
0.00955	93.02400
0.00960	95.47200
0.00965	208.08000
0.00970	78.33600
0.00975	97.92000
0.00980	90.57600
0.00985	90.57600
0.00990	93.02400
0.00995	66.09600
0.01000	68.54400
0.01005	93.02400
0.01010	70.99200
0.01015	159.12000
0.01020	90.57600
0.01025	53.85600
0.01030	115.05600
0.01035	80.78400
0.01040	73.44000
0.01045	51.40800
0.01050	110.16000
0.01055	63.64800
0.01060	75.88800
0.01065	88.12800
0.01070	41.61600
0.01075	127.29600
0.01080	39.16800
0.01085	68.54400
0.01090	70.99200
0.01095	80.78400
0.01100	105.26400
0.01105	110.16000
0.01110	63.64800
0.01115	168.91200
0.01120	39.16800
0.01125	53.85600
0.01130	134.64000
0.01135	149.32800
0.01140	73.44000
0.01145	151.77600
0.01150	88.12800
0.01155	53.85600
0.01160	107.71200
0.01165	68.54400
0.01170	117.50400
0.01175	78.33600
0.01180	134.64000
0.01185	144.43200
0.01190	134.64000
0.01195	29.37600
0.01200	119.95200
0.01205	97.92000
0.01210	46.51200
0.01215	85.68000
0.01220	44.06400
0.01225	117.50400
0.01230	70.99200
0.01235	97.92000
0.01240	61.20000
0.01245	75.88800
0.01250	73.44000
0.01255	85.68000
0.01260	168.91200
0.01265	80.78400
0.01270	115.05600
0.01275	112.60800
0.01280	90.57600
0.01285	110.16000
0.01290	134.64000
0.01295	61.20000
0.01300	146.88000
0.01305	139.53600
0.01310	80.78400
0.01315	36.72000
0.01320	53.85600
0.01325	102.81600
0.01330	97.92000
0.01335	88.12800
0.01340	34.27200
0.01345	127.29600
0.01350	93.02400
0.01355	80.78400
0.01360	68.54400
0.01365	97.92000
0.01370	78.33600
0.01375	144.43200
0.01380	63.64800
0.01385	141.98400
0.01390	56.30400
0.01395	70.99200
0.01400	161.56800
0.01405	34.27200
0.01410	75.88800
0.01415	70.99200
0.01420	66.09600
0.01425	66.09600
0.01430	75.88800
0.01435	46.51200
0.01440	58.75200
0.01445	83.23200
0.01450	124.84800
0.01455	75.88800
0.01460	93.02400
0.01465	39.16800
0.01470	88.12800
0.01475	85.68000
0.01480	34.27200
0.01485	95.47200
0.01490	68.54400
0.01495	97.92000
0.01500	124.84800
0.01505	161.56800
0.01510	36.72000
0.01515	88.12800
0.01520	78.33600
0.01525	107.71200
0.01530	88.12800
0.01535	141.98400
0.01540	56.30400
0.01545	132.19200
0.01550	56.30400
0.01555	63.64800
0.01560	149.32800
0.01565	61.20000
0.01570	70.99200
0.01575	112.60800
0.01580	73.44000
0.01585	56.30400
0.01590	36.72000
0.01595	78.33600
0.01600	110.16000
0.01605	90.57600
0.01610	124.84800
0.01615	31.82400
0.01620	90.57600
0.01625	127.29600
0.01630	168.91200
0.01635	132.19200
0.01640	68.54400
0.01645	63.64800
0.01650	105.26400
0.01655	198.28800
0.01660	144.43200
0.01665	39.16800
0.01670	154.22400
0.01675	75.88800
0.01680	85.68000
0.01685	75.88800
0.01690	78.33600
0.01695	73.44000
0.01700	83.23200
0.01705	146.88000
0.01710	90.57600
0.01715	102.81600
0.01720	105.26400
0.01725	124.84800
0.01730	66.09600
0.01735	93.02400
0.01740	44.06400
0.01745	107.71200
0.01750	73.44000
0.01755	107.71200
0.01760	85.68000
0.01765	115.05600
0.01770	112.60800
0.01775	124.84800
0.01780	53.85600
0.01785	78.33600
0.01790	90.57600
0.01795	73.44000
0.01800	110.16000
0.01805	166.46400
0.01810	93.02400
0.01815	105.26400
0.01820	36.72000
0.01825	61.20000
0.01830	102.81600
0.01835	137.08800
0.01840	139.53600
0.01845	122.40000
0.01850	107.71200
0.01855	156.67200
0.01860	70.99200
0.01865	78.33600
0.01870	31.82400
0.01875	117.50400
0.01880	110.16000
0.01885	117.50400
0.01890	80.78400
0.01895	154.22400
0.01900	88.12800
0.01905	117.50400
0.01910	110.16000
0.01915	51.40800
0.01920	119.95200
0.01925	149.32800
0.01930	85.68000
0.01935	124.84800
0.01940	90.57600
0.01945	171.36000
0.01950	205.63200
0.01955	102.81600
0.01960	107.71200
0.01965	115.05600
0.01970	48.96000
0.01975	119.95200
0.01980	90.57600
0.01985	124.84800
0.01990	83.23200
0.01995	53.85600
0.02000	46.51200
0.02005	41.61600
0.02010	31.82400
0.02015	115.05600
0.02020	90.57600
0.02025	61.20000
0.02030	105.26400
0.02035	90.57600
0.02040	119.95200
0.02045	63.64800
0.02050	107.71200
0.02055	107.71200
0.02060	39.16800
0.02065	73.44000
0.02070	78.33600
0.02075	110.16000
0.02080	90.57600
0.02085	107.71200
0.02090	61.20000
0.02095	105.26400
0.02100	80.78400
0.02105	29.37600
0.02110	56.30400
0.02115	102.81600
0.02120	102.81600
0.02125	176.25600
0.02130	75.88800
0.02135	85.68000
0.02140	117.50400
0.02145	105.26400
0.02150	105.26400
0.02155	41.61600
0.02160	68.54400
0.02165	93.02400
0.02170	75.88800
0.02175	75.88800
0.02180	129.74400
0.02185	80.78400
0.02190	146.88000
0.02195	63.64800
0.02200	151.77600
0.02205	115.05600
0.02210	95.47200
0.02215	46.51200
0.02220	80.78400
0.02225	134.64000
0.02230	93.02400
0.02235	88.12800
0.02240	51.40800
0.02245	95.47200
0.02250	78.33600
0.02255	68.54400
0.02260	112.60800
0.02265	41.61600
0.02270	48.96000
0.02275	58.75200
0.02280	105.26400
0.02285	66.09600
0.02290	85.68000
0.02295	66.09600
0.02300	58.75200
0.02305	36.72000
0.02310	80.78400
0.02315	154.22400
0.02320	53.85600
0.02325	46.51200
0.02330	31.82400
0.02335	78.33600
0.02340	75.88800
0.02345	122.40000
0.02350	75.88800
0.02355	78.33600
0.02360	78.33600
0.02365	85.68000
0.02370	230.11200
0.02375	85.68000
0.02380	48.96000
0.02385	73.44000
0.02390	51.40800
0.02395	29.37600
0.02400	83.23200
0.02405	48.96000
0.02410	66.09600
0.02415	119.95200
0.02420	44.06400
0.02425	63.64800
0.02430	188.49600
0.02435	93.02400
0.02440	83.23200
0.02445	83.23200
0.02450	58.75200
0.02455	51.40800
0.02460	12.24000
0.02465	78.33600
0.02470	68.54400
0.02475	41.61600
0.02480	100.36800
0.02485	63.64800
0.02490	63.64800
0.02495	132.19200
0.02500	105.26400
0.02505	102.81600
0.02510	17.13600
0.02515	53.85600
0.02520	68.54400
0.02525	112.60800
0.02530	31.82400
0.02535	51.40800
0.02540	78.33600
0.02545	70.99200
0.02550	48.96000
0.02555	75.88800
0.02560	46.51200
0.02565	144.43200
0.02570	93.02400
0.02575	36.72000
0.02580	83.23200
0.02585	44.06400
0.02590	95.47200
0.02595	176.25600
0.02600	56.30400
0.02605	75.88800
0.02610	110.16000
0.02615	95.47200
0.02620	53.85600
0.02625	46.51200
0.02630	132.19200
0.02635	31.82400
0.02640	151.77600
0.02645	39.16800
0.02650	46.51200
0.02655	41.61600
0.02660	119.95200
0.02665	93.02400
0.02670	107.71200
0.02675	78.33600
0.02680	68.54400
0.02685	31.82400
0.02690	88.12800
0.02695	102.81600
0.02700	88.12800
0.02705	14.68800
0.02710	112.60800
0.02715	63.64800
0.02720	48.96000
0.02725	34.27200
0.02730	95.47200
0.02735	53.85600
0.02740	68.54400
0.02745	78.33600
0.02750	78.33600
0.02755	44.06400
0.02760	68.54400
0.02765	127.29600
0.02770	51.40800
0.02775	68.54400
0.02780	75.88800
0.02785	93.02400
0.02790	46.51200
0.02795	22.03200
0.02800	61.20000
0.02805	58.75200
0.02810	115.05600
0.02815	73.44000
0.02820	83.23200
0.02825	19.58400
0.02830	78.33600
0.02835	39.16800
0.02840	39.16800
0.02845	29.37600
0.02850	102.81600
0.02855	73.44000
0.02860	34.27200
0.02865	56.30400
0.02870	22.03200
0.02875	70.99200
0.02880	36.72000
0.02885	90.57600
0.02890	26.92800
0.02895	124.84800
0.02900	154.22400
0.02905	51.40800
0.02910	68.54400
0.02915	48.96000
0.02920	53.85600
0.02925	63.64800
0.02930	41.61600
0.02935	97.92000
0.02940	83.23200
0.02945	61.20000
0.02950	56.30400
0.02955	93.02400
0.02960	127.29600
0.02965	29.37600
0.02970	66.09600
0.02975	68.54400
0.02980	73.44000
0.02985	44.06400
0.02990	53.85600
0.02995	85.68000
0.03000	85.68000
0.03005	31.82400
0.03010	107.71200
0.03015	9.79200
0.03020	29.37600
0.03025	129.74400
0.03030	61.20000
0.03035	48.96000
0.03040	95.47200
0.03045	95.47200
0.03050	124.84800
0.03055	41.61600
0.03060	34.27200
0.03065	51.40800
0.03070	88.12800
0.03075	29.37600
0.03080	31.82400
0.03085	146.88000
0.03090	107.71200
0.03095	53.85600
0.03100	53.85600
0.03105	73.44000
0.03110	48.96000
0.03115	141.98400
0.03120	48.96000
0.03125	149.32800
0.03130	58.75200
0.03135	85.68000
0.03140	73.44000
0.03145	39.16800
0.03150	80.78400
0.03155	93.02400
0.03160	51.40800
0.03165	122.40000
0.03170	132.19200
0.03175	58.75200
0.03180	90.57600
0.03185	53.85600
0.03190	75.88800
0.03195	100.36800
0.03200	48.96000
0.03205	73.44000
0.03210	46.51200
0.03215	56.30400
0.03220	100.36800
0.03225	70.99200
0.03230	34.27200
0.03235	73.44000
0.03240	112.60800
0.03245	44.06400
0.03250	39.16800
0.03255	85.68000
0.03260	75.88800
0.03265	46.51200
0.03270	36.72000
0.03275	29.37600
0.03280	44.06400
0.03285	34.27200
0.03290	73.44000
0.03295	117.50400
0.03300	83.23200
0.03305	58.75200
0.03310	14.68800
0.03315	85.68000
0.03320	61.20000
0.03325	73.44000
0.03330	73.44000
0.03335	12.24000
0.03340	80.78400
0.03345	19.58400
0.03350	9.79200
0.03355	58.75200
0.03360	22.03200
0.03365	141.98400
0.03370	70.99200
0.03375	63.64800
0.03380	22.03200
0.03385	7.34400
0.03390	105.26400
0.03395	73.44000
0.03400	107.71200
0.03405	141.98400
0.03410	75.88800
0.03415	115.05600
0.03420	176.25600
0.03425	85.68000
0.03430	39.16800
0.03435	95.47200
0.03440	44.06400
0.03445	129.74400
0.03450	58.75200
0.03455	53.85600
0.03460	61.20000
0.03465	119.95200
0.03470	34.27200
0.03475	56.30400
0.03480	66.09600
0.03485	85.68000
0.03490	66.09600
0.03495	63.64800
0.03500	48.96000
0.03505	53.85600
0.03510	97.92000
0.03515	48.96000
0.03520	95.47200
0.03525	88.12800
0.03530	63.64800
0.03535	156.67200
0.03540	48.96000
0.03545	73.44000
0.03550	70.99200
0.03555	66.09600
0.03560	46.51200
0.03565	154.22400
0.03570	29.37600
0.03575	80.78400
0.03580	80.78400
0.03585	48.96000
0.03590	17.13600
0.03595	26.92800
0.03600	44.06400
0.03605	115.05600
0.03610	19.58400
0.03615	26.92800
0.03620	41.61600
0.03625	39.16800
0.03630	39.16800
0.03635	80.78400
0.03640	63.64800
0.03645	70.99200
0.03650	85.68000
0.03655	70.99200
0.03660	66.09600
0.03665	85.68000
0.03670	119.95200
0.03675	63.64800
0.03680	85.68000
0.03685	66.09600
0.03690	93.02400
0.03695	90.57600
0.03700	90.57600
0.03705	44.06400
0.03710	48.96000
0.03715	93.02400
0.03720	56.30400
0.03725	19.58400
0.03730	31.82400
0.03735	56.30400
0.03740	102.81600
0.03745	41.61600
0.03750	80.78400
0.03755	61.20000
0.03760	26.92800
0.03765	93.02400
0.03770	63.64800
0.03775	110.16000
0.03780	70.99200
0.03785	102.81600
0.03790	66.09600
0.03795	75.88800
0.03800	48.96000
0.03805	39.16800
0.03810	61.20000
0.03815	34.27200
0.03820	61.20000
0.03825	48.96000
0.03830	80.78400
0.03835	19.58400
0.03840	97.92000
0.03845	115.05600
0.03850	105.26400
0.03855	83.23200
0.03860	56.30400
0.03865	36.72000
0.03870	63.64800
0.03875	14.68800
0.03880	34.27200
0.03885	97.92000
0.03890	61.20000
0.03895	14.68800
0.03900	4.89600
0.03905	75.88800
0.03910	127.29600
0.03915	95.47200
0.03920	124.84800
0.03925	41.61600
0.03930	48.96000
0.03935	34.27200
0.03940	39.16800
0.03945	36.72000
0.03950	100.36800
0.03955	24.48000
0.03960	105.26400
0.03965	88.12800
0.03970	78.33600
0.03975	56.30400
0.03980	34.27200
0.03985	90.57600
0.03990	97.92000
0.03995	58.75200
0.04000	73.44000
0.04005	95.47200
0.04010	53.85600
0.04015	166.46400
0.04020	107.71200
0.04025	31.82400
0.04030	51.40800
0.04035	88.12800
0.04040	90.57600
0.04045	105.26400
0.04050	31.82400
0.04055	193.39200
0.04060	58.75200
0.04065	46.51200
0.04070	48.96000
0.04075	31.82400
0.04080	44.06400
0.04085	46.51200
0.04090	73.44000
0.04095	70.99200
0.04100	95.47200
0.04105	102.81600
0.04110	83.23200
0.04115	53.85600
0.04120	83.23200
0.04125	88.12800
0.04130	100.36800
0.04135	66.09600
0.04140	112.60800
0.04145	93.02400
0.04150	164.01600
0.04155	56.30400
0.04160	100.36800
0.04165	68.54400
0.04170	93.02400
0.04175	90.57600
0.04180	61.20000
0.04185	48.96000
0.04190	95.47200
0.04195	56.30400
0.04200	7.34400
0.04205	41.61600
0.04210	102.81600
0.04215	36.72000
0.04220	66.09600
0.04225	73.44000
0.04230	63.64800
0.04235	119.95200
0.04240	119.95200
0.04245	95.47200
0.04250	17.13600
0.04255	97.92000
0.04260	44.06400
0.04265	95.47200
0.04270	9.79200
0.04275	83.23200
0.04280	53.85600
0.04285	132.19200
0.04290	70.99200
0.04295	75.88800
0.04300	63.64800
0.04305	51.40800
0.04310	117.50400
0.04315	100.36800
0.04320	26.92800
0.04325	95.47200
0.04330	66.09600
0.04335	44.06400
0.04340	36.72000
0.04345	26.92800
0.04350	26.92800
0.04355	46.51200
0.04360	12.24000
0.04365	68.54400
0.04370	12.24000
0.04375	48.96000
0.04380	90.57600
0.04385	61.20000
0.04390	117.50400
0.04395	26.92800
0.04400	34.27200
0.04405	48.96000
0.04410	51.40800
0.04415	31.82400
0.04420	14.68800
0.04425	53.85600
0.04430	34.27200
0.04435	29.37600
0.04440	46.51200
0.04445	19.58400
0.04450	61.20000
0.04455	97.92000
0.04460	53.85600
0.04465	68.54400
0.04470	68.54400
0.04475	51.40800
0.04480	78.33600
0.04485	46.51200
0.04490	14.68800
0.04495	58.75200
0.04500	117.50400
0.04505	110.16000
0.04510	56.30400
0.04515	31.82400
0.04520	17.13600
0.04525	9.79200
0.04530	36.72000
0.04535	39.16800
0.04540	14.68800
0.04545	58.75200
0.04550	68.54400
0.04555	22.03200
0.04560	75.88800
0.04565	70.99200
0.04570	36.72000
0.04575	14.68800
0.04580	51.40800
0.04585	22.03200
0.04590	58.75200
0.04595	26.92800
0.04600	78.33600
0.04605	41.61600
0.04610	14.68800
0.04615	36.72000
0.04620	14.68800
0.04625	73.44000
0.04630	66.09600
0.04635	34.27200
0.04640	73.44000
0.04645	70.99200
0.04650	26.92800
0.04655	31.82400
0.04660	66.09600
0.04665	61.20000
0.04670	31.82400
0.04675	80.78400
0.04680	75.88800
0.04685	66.09600
0.04690	41.61600
0.04695	31.82400
0.04700	58.75200
0.04705	78.33600
0.04710	41.61600
0.04715	17.13600
0.04720	97.92000
0.04725	73.44000
0.04730	68.54400
0.04735	36.72000
0.04740	7.34400
0.04745	97.92000
0.04750	85.68000
0.04755	36.72000
0.04760	100.36800
0.04765	36.72000
0.04770	51.40800
0.04775	88.12800
0.04780	7.34400
0.04785	39.16800
0.04790	7.34400
0.04795	58.75200
0.04800	95.47200
0.04805	58.75200
0.04810	44.06400
0.04815	53.85600
0.04820	63.64800
0.04825	41.61600
0.04830	34.27200
0.04835	51.40800
0.04840	107.71200
0.04845	95.47200
0.04850	48.96000
0.04855	139.53600
0.04860	53.85600
0.04865	39.16800
0.04870	73.44000
0.04875	48.96000
0.04880	26.92800
0.04885	48.96000
0.04890	75.88800
0.04895	112.60800
0.04900	2.44800
0.04905	39.16800
0.04910	44.06400
0.04915	80.78400
0.04920	48.96000
0.04925	80.78400
0.04930	80.78400
0.04935	31.82400
0.04940	58.75200
0.04945	63.64800
0.04950	80.78400
0.04955	48.96000
0.04960	66.09600
0.04965	44.06400
0.04970	48.96000
0.04975	31.82400
0.04980	83.23200
0.04985	41.61600
0.04990	41.61600
0.04995	36.72000
0.05000	41.61600
0.05005	22.03200
0.05010	53.85600
0.05015	61.20000
0.05020	34.27200
0.05025	34.27200
0.05030	41.61600
0.05035	31.82400
0.05040	36.72000
0.05045	61.20000
0.05050	53.85600
0.05055	93.02400
0.05060	110.16000
0.05065	7.34400
0.05070	85.68000
0.05075	17.13600
0.05080	88.12800
0.05085	58.75200
0.05090	107.71200
0.05095	75.88800
0.05100	58.75200
0.05105	41.61600
0.05110	80.78400
0.05115	36.72000
0.05120	73.44000
0.05125	68.54400
0.05130	34.27200
0.05135	12.24000
0.05140	53.85600
0.05145	110.16000
0.05150	41.61600
0.05155	31.82400
0.05160	22.03200
0.05165	75.88800
0.05170	36.72000
0.05175	63.64800
0.05180	51.40800
0.05185	34.27200
0.05190	39.16800
0.05195	46.51200
0.05200	51.40800
0.05205	14.68800
0.05210	68.54400
0.05215	58.75200
0.05220	41.61600
0.05225	63.64800
0.05230	75.88800
0.05235	56.30400
0.05240	112.60800
0.05245	73.44000
0.05250	34.27200
0.05255	26.92800
0.05260	31.82400
0.05265	100.36800
0.05270	46.51200
0.05275	61.20000
0.05280	44.06400
0.05285	39.16800
0.05290	14.68800
0.05295	31.82400
0.05300	46.51200
0.05305	39.16800
0.05310	44.06400
0.05315	48.96000
0.05320	70.99200
0.05325	73.44000
0.05330	56.30400
0.05335	14.68800
0.05340	7.34400
0.05345	34.27200
0.05350	48.96000
0.05355	41.61600
0.05360	14.68800
0.05365	12.24000
0.05370	29.37600
0.05375	51.40800
0.05380	29.37600
0.05385	61.20000
0.05390	73.44000
0.05395	31.82400
0.05400	53.85600
0.05405	70.99200
0.05410	178.70400
0.05415	14.68800
0.05420	44.06400
0.05425	46.51200
0.05430	31.82400
0.05435	48.96000
0.05440	68.54400
0.05445	78.33600
0.05450	63.64800
0.05455	58.75200
0.05460	58.75200
0.05465	100.36800
0.05470	56.30400
0.05475	149.32800
0.05480	36.72000
0.05485	58.75200
0.05490	46.51200
0.05495	56.30400
0.05500	53.85600
0.05505	73.44000
0.05510	100.36800
0.05515	78.33600
0.05520	102.81600
0.05525	117.50400
0.05530	19.58400
0.05535	29.37600
0.05540	105.26400
0.05545	75.88800
0.05550	97.92000
0.05555	78.33600
0.05560	31.82400
0.05565	66.09600
0.05570	139.53600
0.05575	24.48000
0.05580	78.33600
0.05585	75.88800
0.05590	34.27200
0.05595	117.50400
0.05600	80.78400
0.05605	7.34400
0.05610	44.06400
0.05615	53.85600
0.05620	24.48000
0.05625	46.51200
0.05630	4.89600
0.05635	44.06400
0.05640	7.34400
0.05645	24.48000
0.05650	68.54400
0.05655	34.27200
0.05660	68.54400
0.05665	31.82400
0.05670	34.27200
0.05675	73.44000
0.05680	75.88800
0.05685	61.20000
0.05690	44.06400
0.05695	26.92800
0.05700	105.26400
0.05705	44.06400
0.05710	41.61600
0.05715	31.82400
0.05720	68.54400
0.05725	17.13600
0.05730	63.64800
0.05735	12.24000
0.05740	75.88800
0.05745	7.34400
0.05750	51.40800
0.05755	22.03200
0.05760	41.61600
0.05765	44.06400
0.05770	66.09600
0.05775	100.36800
0.05780	44.06400
0.05785	73.44000
0.05790	85.68000
0.05795	39.16800
0.05800	36.72000
0.05805	48.96000
0.05810	46.51200
0.05815	12.24000
0.05820	58.75200
0.05825	46.51200
0.05830	34.27200
0.05835	90.57600
0.05840	31.82400
0.05845	46.51200
0.05850	17.13600
0.05855	70.99200
0.05860	19.58400
0.05865	68.54400
0.05870	41.61600
0.05875	7.34400
0.05880	61.20000
0.05885	26.92800
0.05890	31.82400
0.05895	26.92800
0.05900	31.82400
0.05905	56.30400
0.05910	39.16800
0.05915	70.99200
0.05920	68.54400
0.05925	58.75200
0.05930	12.24000
0.05935	36.72000
0.05940	19.58400
0.05945	36.72000
0.05950	66.09600
0.05955	107.71200
0.05960	31.82400
0.05965	24.48000
0.05970	29.37600
0.05975	75.88800
0.05980	83.23200
0.05985	14.68800
0.05990	36.72000
0.05995	102.81600
0.06000	29.37600
0.06005	53.85600
0.06010	58.75200
0.06015	44.06400
0.06020	46.51200
0.06025	39.16800
0.06030	58.75200
0.06035	53.85600
0.06040	51.40800
0.06045	53.85600
0.06050	29.37600
0.06055	68.54400
0.06060	51.40800
0.06065	2.44800
0.06070	31.82400
0.06075	56.30400
0.06080	66.09600
0.06085	36.72000
0.06090	141.98400
0.06095	83.23200
0.06100	102.81600
0.06105	24.48000
0.06110	115.05600
0.06115	83.23200
0.06120	31.82400
0.06125	58.75200
0.06130	90.57600
0.06135	51.40800
0.06140	117.50400
0.06145	19.58400
0.06150	68.54400
0.06155	44.06400
0.06160	80.78400
0.06165	110.16000
0.06170	17.13600
0.06175	58.75200
0.06180	83.23200
0.06185	36.72000
0.06190	63.64800
0.06195	70.99200
0.06200	44.06400
0.06205	58.75200
0.06210	39.16800
0.06215	58.75200
0.06220	88.12800
0.06225	34.27200
0.06230	73.44000
0.06235	61.20000
0.06240	51.40800
0.06245	70.99200
0.06250	46.51200
0.06255	85.68000
0.06260	46.51200
0.06265	53.85600
0.06270	26.92800
0.06275	88.12800
0.06280	97.92000
0.06285	75.88800
0.06290	93.02400
0.06295	97.92000
0.06300	36.72000
0.06305	31.82400
0.06310	48.96000
0.06315	68.54400
0.06320	58.75200
0.06325	26.92800
0.06330	95.47200
0.06335	56.30400
0.06340	12.24000
0.06345	88.12800
0.06350	36.72000
0.06355	53.85600
0.06360	88.12800
0.06365	66.09600
0.06370	46.51200
0.06375	34.27200
0.06380	39.16800
0.06385	63.64800
0.06390	78.33600
0.06395	88.12800
0.06400	29.37600
0.06405	19.58400
0.06410	56.30400
0.06415	58.75200
0.06420	61.20000
0.06425	29.37600
0.06430	51.40800
0.06435	34.27200
0.06440	66.09600
0.06445	141.98400
0.06450	88.12800
0.06455	78.33600
0.06460	19.58400
0.06465	19.58400
0.06470	105.26400
0.06475	51.40800
0.06480	78.33600
0.06485	36.72000
0.06490	61.20000
0.06495	83.23200
0.06500	41.61600
0.06505	44.06400
0.06510	97.92000
0.06515	48.96000
0.06520	63.64800
0.06525	83.23200
0.06530	22.03200
0.06535	-0.00000
0.06540	19.58400
0.06545	48.96000
0.06550	66.09600
0.06555	93.02400
0.06560	34.27200
0.06565	119.95200
0.06570	26.92800
0.06575	63.64800
0.06580	22.03200
0.06585	146.88000
0.06590	63.64800
0.06595	48.96000
0.06600	39.16800
0.06605	24.48000
0.06610	63.64800
0.06615	149.32800
0.06620	95.47200
0.06625	83.23200
0.06630	134.64000
0.06635	95.47200
0.06640	56.30400
0.06645	48.96000
0.06650	46.51200
0.06655	80.78400
0.06660	68.54400
0.06665	83.23200
0.06670	58.75200
0.06675	80.78400
0.06680	58.75200
0.06685	75.88800
0.06690	78.33600
0.06695	63.64800
0.06700	34.27200
0.06705	90.57600
0.06710	102.81600
0.06715	29.37600
0.06720	56.30400
0.06725	137.08800
0.06730	78.33600
0.06735	34.27200
0.06740	48.96000
0.06745	75.88800
0.06750	2.44800
0.06755	61.20000
0.06760	44.06400
0.06765	80.78400
0.06770	48.96000
0.06775	63.64800
0.06780	70.99200
0.06785	88.12800
0.06790	83.23200
0.06795	19.58400
0.06800	58.75200
0.06805	39.16800
0.06810	70.99200
0.06815	44.06400
0.06820	26.92800
0.06825	83.23200
0.06830	63.64800
0.06835	26.92800
0.06840	51.40800
0.06845	70.99200
0.06850	34.27200
0.06855	58.75200
0.06860	66.09600
0.06865	29.37600
0.06870	36.72000
0.06875	51.40800
0.06880	70.99200
0.06885	97.92000
0.06890	26.92800
0.06895	39.16800
0.06900	80.78400
0.06905	61.20000
0.06910	17.13600
0.06915	70.99200
0.06920	36.72000
0.06925	46.51200
0.06930	63.64800
0.06935	14.68800
0.06940	85.68000
0.06945	24.48000
0.06950	80.78400
0.06955	90.57600
0.06960	51.40800
0.06965	75.88800
0.06970	51.40800
0.06975	46.51200
0.06980	80.78400
0.06985	56.30400
0.06990	73.44000
0.06995	19.58400
0.07000	75.88800
0.07005	93.02400
0.07010	31.82400
0.07015	61.20000
0.07020	63.64800
0.07025	26.92800
0.07030	41.61600
0.07035	29.37600
0.07040	61.20000
0.07045	63.64800
0.07050	39.16800
0.07055	31.82400
0.07060	46.51200
0.07065	83.23200
0.07070	53.85600
0.07075	19.58400
0.07080	63.64800
0.07085	58.75200
0.07090	68.54400
0.07095	93.02400
0.07100	75.88800
0.07105	68.54400
0.07110	41.61600
0.07115	36.72000
0.07120	61.20000
0.07125	14.68800
0.07130	19.58400
0.07135	93.02400
0.07140	46.51200
0.07145	41.61600
0.07150	188.49600
0.07155	41.61600
0.07160	66.09600
0.07165	176.25600
0.07170	75.88800
0.07175	53.85600
0.07180	26.92800
0.07185	51.40800
0.07190	39.16800
0.07195	78.33600
0.07200	14.68800
0.07205	48.96000
0.07210	80.78400
0.07215	68.54400
0.07220	9.79200
0.07225	53.85600
0.07230	73.44000
0.07235	63.64800
0.07240	29.37600
0.07245	36.72000
0.07250	22.03200
0.07255	17.13600
0.07260	7.34400
0.07265	61.20000
0.07270	41.61600
0.07275	78.33600
0.07280	41.61600
0.07285	132.19200
0.07290	122.40000
0.07295	19.58400
0.07300	78.33600
0.07305	63.64800
0.07310	56.30400
0.07315	61.20000
0.07320	41.61600
0.07325	44.06400
0.07330	29.37600
0.07335	46.51200
0.07340	46.51200
0.07345	97.92000
0.07350	41.61600
0.07355	51.40800
0.07360	75.88800
0.07365	102.81600
0.07370	48.96000
0.07375	68.54400
0.07380	34.27200
0.07385	44.06400
0.07390	66.09600
0.07395	63.64800
0.07400	14.68800
0.07405	53.85600
0.07410	24.48000
0.07415	24.48000
0.07420	53.85600
0.07425	26.92800
0.07430	31.82400
0.07435	41.61600
0.07440	46.51200
0.07445	88.12800
0.07450	46.51200
0.07455	48.96000
0.07460	9.79200
0.07465	63.64800
0.07470	17.13600
0.07475	22.03200
0.07480	73.44000
0.07485	36.72000
0.07490	56.30400
0.07495	48.96000
0.07500	63.64800
0.07505	36.72000
0.07510	44.06400
0.07515	34.27200
0.07520	24.48000
0.07525	80.78400
0.07530	51.40800
0.07535	46.51200
0.07540	132.19200
0.07545	93.02400
0.07550	51.40800
0.07555	66.09600
0.07560	90.57600
0.07565	83.23200
0.07570	70.99200
0.07575	66.09600
0.07580	80.78400
0.07585	24.48000
0.07590	68.54400
0.07595	24.48000
0.07600	39.16800
0.07605	26.92800
0.07610	22.03200
0.07615	19.58400
0.07620	17.13600
0.07625	41.61600
0.07630	19.58400
0.07635	80.78400
0.07640	61.20000
0.07645	66.09600
0.07650	73.44000
0.07655	53.85600
0.07660	36.72000
0.07665	22.03200
0.07670	51.40800
0.07675	80.78400
0.07680	68.54400
0.07685	88.12800
0.07690	85.68000
0.07695	48.96000
0.07700	36.72000
0.07705	24.48000
0.07710	26.92800
0.07715	61.20000
0.07720	63.64800
0.07725	31.82400
0.07730	41.61600
0.07735	63.64800
0.07740	31.82400
0.07745	117.50400
0.07750	19.58400
0.07755	46.51200
0.07760	56.30400
0.07765	39.16800
0.07770	36.72000
0.07775	107.71200
0.07780	31.82400
0.07785	83.23200
0.07790	41.61600
0.07795	36.72000
0.07800	102.81600
0.07805	66.09600
0.07810	61.20000
0.07815	24.48000
0.07820	66.09600
0.07825	48.96000
0.07830	105.26400
0.07835	56.30400
0.07840	9.79200
0.07845	51.40800
0.07850	26.92800
0.07855	48.96000
0.07860	73.44000
0.07865	36.72000
0.07870	46.51200
0.07875	4.89600
0.07880	70.99200
0.07885	68.54400
0.07890	44.06400
0.07895	39.16800
0.07900	39.16800
0.07905	61.20000
0.07910	12.24000
0.07915	19.58400
0.07920	53.85600
0.07925	68.54400
0.07930	75.88800
0.07935	78.33600
0.07940	58.75200
0.07945	36.72000
0.07950	112.60800
0.07955	14.68800
0.07960	90.57600
0.07965	78.33600
0.07970	56.30400
0.07975	61.20000
0.07980	73.44000
0.07985	26.92800
0.07990	44.06400
0.07995	14.68800
0.08000	44.06400
0.08005	39.16800
0.08010	83.23200
0.08015	73.44000
0.08020	36.72000
0.08025	63.64800
0.08030	26.92800
0.08035	36.72000
0.08040	66.09600
0.08045	51.40800
0.08050	90.57600
0.08055	19.58400
0.08060	14.68800
0.08065	34.27200
0.08070	78.33600
0.08075	22.03200
0.08080	97.92000
0.08085	88.12800
0.08090	78.33600
0.08095	29.37600
0.08100	34.27200
0.08105	93.02400
0.08110	58.75200
0.08115	51.40800
0.08120	58.75200
0.08125	48.96000
0.08130	88.12800
0.08135	34.27200
0.08140	39.16800
0.08145	51.40800
0.08150	46.51200
0.08155	22.03200
0.08160	58.75200
0.08165	63.64800
0.08170	63.64800
0.08175	19.58400
0.08180	61.20000
0.08185	112.60800
0.08190	44.06400
0.08195	46.51200
0.08200	51.40800
0.08205	63.64800
0.08210	70.99200
0.08215	29.37600
0.08220	34.27200
0.08225	29.37600
0.08230	83.23200
0.08235	22.03200
0.08240	85.68000
0.08245	102.81600
0.08250	85.68000
0.08255	34.27200
0.08260	31.82400
0.08265	61.20000
0.08270	12.24000
0.08275	26.92800
0.08280	70.99200
0.08285	34.27200
0.08290	56.30400
0.08295	61.20000
0.08300	63.64800
0.08305	61.20000
0.08310	51.40800
0.08315	107.71200
0.08320	17.13600
0.08325	41.61600
0.08330	7.34400
0.08335	83.23200
0.08340	46.51200
0.08345	29.37600
0.08350	95.47200
0.08355	22.03200
0.08360	78.33600
0.08365	44.06400
0.08370	53.85600
0.08375	46.51200
0.08380	90.57600
0.08385	58.75200
0.08390	141.98400
0.08395	34.27200
0.08400	12.24000
0.08405	36.72000
0.08410	48.96000
0.08415	90.57600
0.08420	88.12800
0.08425	34.27200
0.08430	115.05600
0.08435	29.37600
0.08440	139.53600
0.08445	141.98400
0.08450	78.33600
0.08455	34.27200
0.08460	61.20000
0.08465	39.16800
0.08470	58.75200
0.08475	36.72000
0.08480	34.27200
0.08485	29.37600
0.08490	63.64800
0.08495	48.96000
0.08500	19.58400
0.08505	66.09600
0.08510	24.48000
0.08515	48.96000
0.08520	115.05600
0.08525	66.09600
0.08530	85.68000
0.08535	44.06400
0.08540	44.06400
0.08545	17.13600
0.08550	48.96000
0.08555	68.54400
0.08560	36.72000
0.08565	22.03200
0.08570	48.96000
0.08575	68.54400
0.08580	56.30400
0.08585	48.96000
0.08590	19.58400
0.08595	17.13600
0.08600	73.44000
0.08605	46.51200
0.08610	29.37600
0.08615	107.71200
0.08620	78.33600
0.08625	17.13600
0.08630	46.51200
0.08635	26.92800
0.08640	19.58400
0.08645	41.61600
0.08650	51.40800
0.08655	107.71200
0.08660	61.20000
0.08665	80.78400
0.08670	46.51200
0.08675	36.72000
0.08680	73.44000
0.08685	39.16800
0.08690	34.27200
0.08695	34.27200
0.08700	22.03200
0.08705	68.54400
0.08710	66.09600
0.08715	115.05600
0.08720	68.54400
0.08725	17.13600
0.08730	73.44000
0.08735	78.33600
0.08740	39.16800
0.08745	46.51200
0.08750	95.47200
0.08755	83.23200
0.08760	119.95200
0.08765	56.30400
0.08770	56.30400
0.08775	119.95200
0.08780	75.88800
0.08785	7.34400
0.08790	63.64800
0.08795	26.92800
0.08800	36.72000
0.08805	41.61600
0.08810	39.16800
0.08815	29.37600
0.08820	112.60800
0.08825	66.09600
0.08830	110.16000
0.08835	110.16000
0.08840	39.16800
0.08845	51.40800
0.08850	124.84800
0.08855	85.68000
0.08860	63.64800
0.08865	124.84800
0.08870	24.48000
0.08875	29.37600
0.08880	56.30400
0.08885	63.64800
0.08890	9.79200
0.08895	14.68800
0.08900	115.05600
0.08905	90.57600
0.08910	73.44000
0.08915	31.82400
0.08920	53.85600
0.08925	149.32800
0.08930	115.05600
0.08935	31.82400
0.08940	154.22400
0.08945	100.36800
0.08950	127.29600
0.08955	51.40800
0.08960	97.92000
0.08965	39.16800
0.08970	110.16000
0.08975	63.64800
0.08980	112.60800
0.08985	141.98400
0.08990	95.47200
0.08995	90.57600
0.09000	36.72000
0.09005	44.06400
0.09010	31.82400
0.09015	36.72000
0.09020	83.23200
0.09025	63.64800
0.09030	88.12800
0.09035	48.96000
0.09040	66.09600
0.09045	31.82400
0.09050	36.72000
0.09055	100.36800
0.09060	39.16800
0.09065	90.57600
0.09070	56.30400
0.09075	58.75200
0.09080	134.64000
0.09085	90.57600
0.09090	61.20000
0.09095	34.27200
0.09100	26.92800
0.09105	68.54400
0.09110	53.85600
0.09115	9.79200
0.09120	44.06400
0.09125	53.85600
0.09130	46.51200
0.09135	80.78400
0.09140	61.20000
0.09145	39.16800
0.09150	26.92800
0.09155	85.68000
0.09160	112.60800
0.09165	22.03200
0.09170	17.13600
0.09175	48.96000
0.09180	31.82400
0.09185	70.99200
0.09190	53.85600
0.09195	80.78400
0.09200	137.08800
0.09205	78.33600
0.09210	29.37600
0.09215	107.71200
0.09220	31.82400
0.09225	19.58400
0.09230	44.06400
0.09235	12.24000
0.09240	12.24000
0.09245	48.96000
0.09250	93.02400
0.09255	36.72000
0.09260	63.64800
0.09265	90.57600
0.09270	24.48000
0.09275	39.16800
0.09280	88.12800
0.09285	83.23200
0.09290	7.34400
0.09295	70.99200
0.09300	88.12800
0.09305	85.68000
0.09310	149.32800
0.09315	85.68000
0.09320	73.44000
0.09325	73.44000
0.09330	66.09600
0.09335	61.20000
0.09340	51.40800
0.09345	61.20000
0.09350	68.54400
0.09355	127.29600
0.09360	73.44000
0.09365	39.16800
0.09370	48.96000
0.09375	154.22400
0.09380	90.57600
0.09385	75.88800
0.09390	41.61600
0.09395	90.57600
0.09400	83.23200
0.09405	51.40800
0.09410	53.85600
0.09415	141.98400
0.09420	66.09600
0.09425	105.26400
0.09430	68.54400
0.09435	36.72000
0.09440	31.82400
0.09445	61.20000
0.09450	46.51200
0.09455	70.99200
0.09460	26.92800
0.09465	53.85600
0.09470	31.82400
0.09475	78.33600
0.09480	44.06400
0.09485	9.79200
0.09490	24.48000
0.09495	85.68000
0.09500	56.30400
0.09505	53.85600
0.09510	63.64800
0.09515	63.64800
0.09520	68.54400
0.09525	29.37600
0.09530	14.68800
0.09535	31.82400
0.09540	14.68800
0.09545	93.02400
0.09550	93.02400
0.09555	115.05600
0.09560	115.05600
0.09565	14.68800
0.09570	61.20000
0.09575	34.27200
0.09580	73.44000
0.09585	39.16800
0.09590	70.99200
0.09595	39.16800
0.09600	95.47200
0.09605	4.89600
0.09610	34.27200
0.09615	56.30400
0.09620	61.20000
0.09625	100.36800
0.09630	26.92800
0.09635	19.58400
0.09640	22.03200
0.09645	34.27200
0.09650	93.02400
0.09655	44.06400
0.09660	66.09600
0.09665	39.16800
0.09670	56.30400
0.09675	53.85600
0.09680	26.92800
0.09685	56.30400
0.09690	112.60800
0.09695	31.82400
0.09700	29.37600
0.09705	34.27200
0.09710	31.82400
0.09715	78.33600
0.09720	58.75200
0.09725	68.54400
0.09730	58.75200
0.09735	70.99200
0.09740	26.92800
0.09745	56.30400
0.09750	24.48000
0.09755	58.75200
0.09760	68.54400
0.09765	53.85600
0.09770	112.60800
0.09775	44.06400
0.09780	90.57600
0.09785	70.99200
0.09790	88.12800
0.09795	19.58400
0.09800	48.96000
0.09805	56.30400
0.09810	29.37600
0.09815	61.20000
0.09820	34.27200
0.09825	51.40800
0.09830	53.85600
0.09835	100.36800
0.09840	19.58400
0.09845	9.79200
0.09850	122.40000
0.09855	58.75200
0.09860	39.16800
0.09865	46.51200
0.09870	39.16800
0.09875	58.75200
0.09880	34.27200
0.09885	105.26400
0.09890	34.27200
0.09895	31.82400
0.09900	68.54400
0.09905	63.64800
0.09910	31.82400
0.09915	9.79200
0.09920	85.68000
0.09925	53.85600
0.09930	68.54400
0.09935	58.75200
0.09940	9.79200
0.09945	95.47200
0.09950	22.03200
0.09955	48.96000
0.09960	63.64800
0.09965	112.60800
0.09970	53.85600
0.09975	56.30400
0.09980	9.79200
0.09985	22.03200
0.09990	41.61600
0.09995	41.61600
0.10000	34.27200
0.10005	22.03200
0.10010	12.24000
0.10015	127.29600
0.10020	161.56800
0.10025	105.26400
0.10030	17.13600
0.10035	22.03200
0.10040	70.99200
0.10045	53.85600
0.10050	41.61600
0.10055	93.02400
0.10060	75.88800
0.10065	22.03200
0.10070	39.16800
0.10075	34.27200
0.10080	4.89600
0.10085	68.54400
0.10090	95.47200
0.10095	73.44000
0.10100	51.40800
0.10105	34.27200
0.10110	9.79200
0.10115	83.23200
0.10120	122.40000
0.10125	146.88000
0.10130	119.95200
0.10135	266.83200
0.10140	237.45600
0.10145	149.32800
0.10150	362.30400
0.10155	518.97600
0.10160	653.61600
0.10165	824.97600
0.10170	915.55200
0.10175	1179.93600
0.10180	1111.39200
0.10185	1566.72000
0.10190	1821.31200
0.10195	1906.99200
0.10200	2526.33600
0.10205	2905.77600
0.10210	2768.68800
0.10215	2687.90400
0.10220	2886.19200
0.10225	2964.52800
0.10230	2545.92000
0.10235	2352.52800
0.10240	2430.86400
0.10245	2181.16800
0.10250	1804.17600
0.10255	1862.92800
0.10260	1569.16800
0.10265	1373.32800
0.10270	1265.61600
0.10275	1317.02400
0.10280	922.89600
0.10285	851.90400
0.10290	1008.57600
0.10295	805.39200
0.10300	937.58400
0.10305	514.08000
0.10310	624.24000
0.10315	697.68000
0.10320	575.28000
0.10325	553.24800
0.10330	634.03200
0.10335	531.21600
0.10340	607.10400
0.10345	308.44800
0.10350	452.88000
0.10355	460.22400
0.10360	274.17600
0.10365	514.08000
0.10370	286.41600
0.10375	296.20800
0.10380	526.32000
0.10385	254.59200
0.10390	391.68000
0.10395	403.92000
0.10400	406.36800
0.10405	376.99200
0.10410	357.40800
0.10415	430.84800
0.10420	381.88800
0.10425	340.27200
0.10430	347.61600
0.10435	399.02400
0.10440	310.89600
0.10445	313.34400
0.10450	306.00000
0.10455	291.31200
0.10460	354.96000
0.10465	257.04000
0.10470	298.65600
0.10475	315.79200
0.10480	298.65600
0.10485	303.55200
0.10490	315.79200
0.10495	210.52800
0.10500	220.32000
0.10505	271.72800
0.10510	203.18400
0.10515	217.87200
0.10520	190.94400
0.10525	195.84000
0.10530	296.20800
0.10535	186.04800
0.10540	359.85600
0.10545	261.93600
0.10550	252.14400
0.10555	313.34400
0.10560	276.62400
0.10565	261.93600
0.10570	159.12000
0.10575	205.63200
0.10580	237.45600
0.10585	215.42400
0.10590	276.62400
0.10595	232.56000
0.10600	235.00800
0.10605	225.21600
0.10610	159.12000
0.10615	203.18400
0.10620	78.33600
0.10625	173.80800
0.10630	239.90400
0.10635	286.41600
0.10640	161.56800
0.10645	259.48800
0.10650	286.41600
0.10655	235.00800
0.10660	222.76800
0.10665	134.64000
0.10670	237.45600
0.10675	161.56800
0.10680	141.98400
0.10685	198.28800
0.10690	232.56000
0.10695	156.67200
0.10700	222.76800
0.10705	137.08800
0.10710	178.70400
0.10715	166.46400
0.10720	200.73600
0.10725	137.08800
0.10730	230.11200
0.10735	208.08000
0.10740	115.05600
0.10745	315.79200
0.10750	230.11200
0.10755	161.56800
0.10760	222.76800
0.10765	195.84000
0.10770	171.36000
0.10775	195.84000
0.10780	222.76800
0.10785	235.00800
0.10790	168.91200
0.10795	254.59200
0.10800	166.46400
0.10805	137.08800
0.10810	200.73600
0.10815	168.91200
0.10820	220.32000
0.10825	149.32800
0.10830	173.80800
0.10835	186.04800
0.10840	239.90400
0.10845	222.76800
0.10850	261.93600
0.10855	171.36000
0.10860	97.92000
0.10865	119.95200
0.10870	235.00800
0.10875	164.01600
0.10880	186.04800
0.10885	254.59200
0.10890	115.05600
0.10895	212.97600
0.10900	215.42400
0.10905	137.08800
0.10910	95.47200
0.10915	100.36800
0.10920	181.15200
0.10925	173.80800
0.10930	298.65600
0.10935	151.77600
0.10940	173.80800
0.10945	171.36000
0.10950	141.98400
0.10955	166.46400
0.10960	146.88000
0.10965	97.92000
0.10970	115.05600
0.10975	146.88000
0.10980	149.32800
0.10985	149.32800
0.10990	166.46400
0.10995	161.56800
0.11000	171.36000
0.11005	186.04800
0.11010	164.01600
0.11015	88.12800
0.11020	139.53600
0.11025	227.66400
0.11030	146.88000
0.11035	176.25600
0.11040	188.49600
0.11045	183.60000
0.11050	239.90400
0.11055	183.60000
0.11060	112.60800
0.11065	168.91200
0.11070	166.46400
0.11075	141.98400
0.11080	73.44000
0.11085	102.81600
0.11090	132.19200
0.11095	134.64000
0.11100	78.33600
0.11105	205.63200
0.11110	144.43200
0.11115	225.21600
0.11120	159.12000
0.11125	97.92000
0.11130	129.74400
0.11135	178.70400
0.11140	225.21600
0.11145	254.59200
0.11150	261.93600
0.11155	137.08800
0.11160	183.60000
0.11165	210.52800
0.11170	88.12800
0.11175	137.08800
0.11180	151.77600
0.11185	222.76800
0.11190	93.02400
0.11195	137.08800
0.11200	208.08000
0.11205	161.56800
0.11210	181.15200
0.11215	102.81600
0.11220	90.57600
0.11225	124.84800
0.11230	237.45600
0.11235	115.05600
0.11240	171.36000
0.11245	212.97600
0.11250	156.67200
0.11255	188.49600
0.11260	139.53600
0.11265	181.15200
0.11270	159.12000
0.11275	242.35200
0.11280	110.16000
0.11285	173.80800
0.11290	173.80800
0.11295	183.60000
0.11300	161.56800
0.11305	200.73600
0.11310	166.46400
0.11315	193.39200
0.11320	220.32000
0.11325	237.45600
0.11330	129.74400
0.11335	134.64000
0.11340	190.94400
0.11345	100.36800
0.11350	220.32000
0.11355	154.22400
0.11360	115.05600
0.11365	105.26400
0.11370	186.04800
0.11375	198.28800
0.11380	156.67200
0.11385	220.32000
0.11390	100.36800
0.11395	296.20800
0.11400	151.77600
0.11405	210.52800
0.11410	279.07200
0.11415	159.12000
0.11420	119.95200
0.11425	374.54400
0.11430	195.84000
0.11435	85.68000
0.11440	112.60800
0.11445	119.95200
0.11450	146.88000
0.11455	203.18400
0.11460	110.16000
0.11465	105.26400
0.11470	210.52800
0.11475	132.19200
0.11480	257.04000
0.11485	156.67200
0.11490	137.08800
0.11495	176.25600
0.11500	110.16000
0.11505	193.39200
0.11510	183.60000
0.11515	110.16000
0.11520	230.11200
0.11525	78.33600
0.11530	146.88000
0.11535	141.98400
0.11540	102.81600
0.11545	117.50400
0.11550	107.71200
0.11555	124.84800
0.11560	146.88000
0.11565	230.11200
0.11570	129.74400
0.11575	173.80800
0.11580	193.39200
0.11585	63.64800
0.11590	200.73600
0.11595	119.95200
0.11600	244.80000
0.11605	193.39200
0.11610	85.68000
0.11615	80.78400
0.11620	168.91200
0.11625	149.32800
0.11630	115.05600
0.11635	124.84800
0.11640	161.56800
0.11645	141.98400
0.11650	122.40000
0.11655	217.87200
0.11660	161.56800
0.11665	144.43200
0.11670	132.19200
0.11675	176.25600
0.11680	137.08800
0.11685	141.98400
0.11690	137.08800
0.11695	159.12000
0.11700	90.57600
0.11705	75.88800
0.11710	95.47200
0.11715	139.53600
0.11720	119.95200
0.11725	161.56800
0.11730	149.32800
0.11735	95.47200
0.11740	132.19200
0.11745	156.67200
0.11750	88.12800
0.11755	171.36000
0.11760	85.68000
0.11765	200.73600
0.11770	115.05600
0.11775	208.08000
0.11780	119.95200
0.11785	141.98400
0.11790	149.32800
0.11795	132.19200
0.11800	88.12800
0.11805	166.46400
0.11810	102.81600
0.11815	168.91200
0.11820	176.25600
0.11825	164.01600
0.11830	171.36000
0.11835	173.80800
0.11840	168.91200
0.11845	115.05600
0.11850	102.81600
0.11855	139.53600
0.11860	164.01600
0.11865	97.92000
0.11870	134.64000
0.11875	137.08800
0.11880	161.56800
0.11885	156.67200
0.11890	215.42400
0.11895	166.46400
0.11900	129.74400
0.11905	97.92000
0.11910	171.36000
0.11915	156.67200
0.11920	161.56800
0.11925	129.74400
0.11930	149.32800
0.11935	208.08000
0.11940	139.53600
0.11945	134.64000
0.11950	141.98400
0.11955	151.77600
0.11960	151.77600
0.11965	110.16000
0.11970	75.88800
0.11975	90.57600
0.11980	105.26400
0.11985	217.87200
0.11990	161.56800
0.11995	173.80800
0.12000	122.40000
0.12005	137.08800
0.12010	146.88000
0.12015	176.25600
0.12020	166.46400
0.12025	119.95200
0.12030	70.99200
0.12035	134.64000
0.12040	124.84800
0.12045	279.07200
0.12050	107.71200
0.12055	90.57600
0.12060	127.29600
0.12065	141.98400
0.12070	90.57600
0.12075	107.71200
0.12080	105.26400
0.12085	154.22400
0.12090	181.15200
0.12095	95.47200
0.12100	141.98400
0.12105	203.18400
0.12110	112.60800
0.12115	176.25600
0.12120	132.19200
0.12125	210.52800
0.12130	146.88000
0.12135	173.80800
0.12140	48.96000
0.12145	93.02400
0.12150	149.32800
0.12155	117.50400
0.12160	95.47200
0.12165	102.81600
0.12170	210.52800
0.12175	232.56000
0.12180	230.11200
0.12185	124.84800
0.12190	178.70400
0.12195	166.46400
0.12200	80.78400
0.12205	137.08800
0.12210	259.48800
0.12215	107.71200
0.12220	188.49600
0.12225	66.09600
0.12230	146.88000
0.12235	193.39200
0.12240	217.87200
0.12245	247.24800
0.12250	168.91200
0.12255	137.08800
0.12260	132.19200
0.12265	173.80800
0.12270	208.08000
0.12275	134.64000
0.12280	193.39200
0.12285	217.87200
0.12290	230.11200
0.12295	173.80800
0.12300	178.70400
0.12305	141.98400
0.12310	90.57600
0.12315	132.19200
0.12320	215.42400
0.12325	225.21600
0.12330	105.26400
0.12335	110.16000
0.12340	137.08800
0.12345	183.60000
0.12350	102.81600
0.12355	107.71200
0.12360	164.01600
0.12365	117.50400
0.12370	183.60000
0.12375	117.50400
0.12380	115.05600
0.12385	56.30400
0.12390	159.12000
0.12395	88.12800
0.12400	93.02400
0.12405	139.53600
0.12410	151.77600
0.12415	183.60000
0.12420	93.02400
0.12425	78.33600
0.12430	205.63200
0.12435	141.98400
0.12440	173.80800
0.12445	105.26400
0.12450	198.28800
0.12455	188.49600
0.12460	168.91200
0.12465	190.94400
0.12470	232.56000
0.12475	161.56800
0.12480	117.50400
0.12485	193.39200
0.12490	129.74400
0.12495	134.64000
0.12500	110.16000
0.12505	78.33600
0.12510	73.44000
0.12515	205.63200
0.12520	183.60000
0.12525	186.04800
0.12530	215.42400
0.12535	181.15200
0.12540	154.22400
0.12545	107.71200
0.12550	146.88000
0.12555	44.06400
0.12560	149.32800
0.12565	117.50400
0.12570	190.94400
0.12575	164.01600
0.12580	129.74400
0.12585	124.84800
0.12590	168.91200
0.12595	139.53600
0.12600	122.40000
0.12605	115.05600
0.12610	139.53600
0.12615	171.36000
0.12620	141.98400
0.12625	161.56800
0.12630	367.20000
0.12635	178.70400
0.12640	171.36000
0.12645	176.25600
0.12650	173.80800
0.12655	186.04800
0.12660	210.52800
0.12665	225.21600
0.12670	200.73600
0.12675	156.67200
0.12680	261.93600
0.12685	205.63200
0.12690	244.80000
0.12695	144.43200
0.12700	137.08800
0.12705	161.56800
0.12710	151.77600
0.12715	161.56800
0.12720	53.85600
0.12725	141.98400
0.12730	195.84000
0.12735	141.98400
0.12740	129.74400
0.12745	80.78400
0.12750	159.12000
0.12755	117.50400
0.12760	239.90400
0.12765	93.02400
0.12770	203.18400
0.12775	141.98400
0.12780	149.32800
0.12785	88.12800
0.12790	137.08800
0.12795	83.23200
0.12800	186.04800
0.12805	107.71200
0.12810	144.43200
0.12815	146.88000
0.12820	200.73600
0.12825	105.26400
0.12830	183.60000
0.12835	195.84000
0.12840	80.78400
0.12845	181.15200
0.12850	161.56800
0.12855	151.77600
0.12860	149.32800
0.12865	110.16000
0.12870	193.39200
0.12875	154.22400
0.12880	75.88800
0.12885	100.36800
0.12890	154.22400
0.12895	181.15200
0.12900	78.33600
0.12905	161.56800
0.12910	97.92000
0.12915	119.95200
0.12920	115.05600
0.12925	117.50400
0.12930	78.33600
0.12935	156.67200
0.12940	75.88800
0.12945	115.05600
0.12950	110.16000
0.12955	161.56800
0.12960	93.02400
0.12965	88.12800
0.12970	127.29600
0.12975	186.04800
0.12980	151.77600
0.12985	217.87200
0.12990	137.08800
