0.00000	0.15288
0.00005	-0.00000
0.00010	0.15288
0.00015	0.15288
0.00020	0.22932
0.00025	0.38220
0.00030	0.15288
0.00035	-0.00000
0.00040	0.45864
0.00045	0.15288
0.00050	0.30576
0.00055	0.68796
0.00060	0.38220
0.00065	1.14660
0.00070	0.45864
0.00075	1.29948
0.00080	1.91100
0.00085	0.84084
0.00090	0.53508
0.00095	2.90472
0.00100	1.14660
0.00105	0.84084
0.00110	0.68796
0.00115	1.22304
0.00120	3.51624
0.00125	5.88588
0.00130	3.36336
0.00135	2.67540
0.00140	2.75184
0.00145	5.96232
0.00150	7.18536
0.00155	11.69532
0.00160	14.21784
0.00165	20.25660
0.00170	14.21784
0.00175	22.85556
0.00180	29.42940
0.00185	46.93416
0.00190	46.47552
0.00195	64.97400
0.00200	58.09440
0.00205	70.63056
0.00210	70.78344
0.00215	87.52380
0.00220	74.07036
0.00225	83.85468
0.00230	71.54784
0.00235	61.53420
0.00240	62.91012
0.00245	55.18968
0.00250	47.54568
0.00255	44.18232
0.00260	33.32784
0.00265	28.66500
0.00270	32.02836
0.00275	20.86812
0.00280	22.24404
0.00285	16.74036
0.00290	17.73408
0.00295	16.96968
0.00300	11.00736
0.00305	15.21156
0.00310	14.37072
0.00315	11.16024
0.00320	12.68904
0.00325	7.18536
0.00330	9.47856
0.00335	10.77804
0.00340	8.56128
0.00345	9.32568
0.00350	10.09008
0.00355	9.32568
0.00360	8.63772
0.00365	8.48484
0.00370	7.64400
0.00375	5.27436
0.00380	5.73300
0.00385	4.20420
0.00390	6.72672
0.00395	5.50368
0.00400	4.50996
0.00405	4.05132
0.00410	6.26808
0.00415	5.19792
0.00420	5.80944
0.00425	3.05760
0.00430	3.82200
0.00435	4.28064
0.00440	6.49740
0.00445	4.96860
0.00450	5.80944
0.00455	4.50996
0.00460	2.98116
0.00465	4.73928
0.00470	3.05760
0.00475	2.82828
0.00480	5.58012
0.00485	2.90472
0.00490	4.89216
0.00495	4.96860
0.00500	1.98744
0.00505	2.67540
0.00510	3.97488
0.00515	6.26808
0.00520	2.44608
0.00525	5.58012
0.00530	3.74556
0.00535	5.58012
0.00540	4.20420
0.00545	5.04504
0.00550	3.74556
0.00555	4.20420
0.00560	2.67540
0.00565	3.43980
0.00570	4.58640
0.00575	2.90472
0.00580	5.65656
0.00585	4.12776
0.00590	4.43352
0.00595	5.19792
0.00600	3.05760
0.00605	2.75184
0.00610	3.66912
0.00615	4.89216
0.00620	3.74556
0.00625	2.52252
0.00630	2.06388
0.00635	3.59268
0.00640	2.98116
0.00645	2.44608
0.00650	4.05132
0.00655	3.74556
0.00660	3.05760
0.00665	4.35708
0.00670	5.96232
0.00675	3.28692
0.00680	2.67540
0.00685	4.43352
0.00690	2.59896
0.00695	1.83456
0.00700	3.51624
0.00705	2.82828
0.00710	4.28064
0.00715	2.21676
0.00720	2.75184
0.00725	4.50996
0.00730	5.42724
0.00735	5.04504
0.00740	5.04504
0.00745	3.66912
0.00750	2.67540
0.00755	3.21048
0.00760	2.44608
0.00765	4.58640
0.00770	2.90472
0.00775	0.99372
0.00780	1.52880
0.00785	2.21676
0.00790	2.06388
0.00795	4.35708
0.00800	6.95604
0.00805	2.06388
0.00810	5.42724
0.00815	3.05760
0.00820	2.14032
0.00825	3.59268
0.00830	4.73928
0.00835	2.59896
0.00840	3.13404
0.00845	3.36336
0.00850	2.75184
0.00855	4.96860
0.00860	3.43980
0.00865	2.29320
0.00870	3.66912
0.00875	2.75184
0.00880	2.90472
0.00885	2.06388
0.00890	4.35708
0.00895	2.44608
0.00900	0.91728
0.00905	2.59896
0.00910	3.28692
0.00915	4.12776
0.00920	3.66912
0.00925	3.36336
0.00930	4.35708
0.00935	3.89844
0.00940	4.28064
0.00945	3.28692
0.00950	4.73928
0.00955	1.60524
0.00960	3.36336
0.00965	3.82200
0.00970	3.59268
0.00975	5.35080
0.00980	4.89216
0.00985	2.36964
0.00990	3.66912
0.00995	2.52252
0.01000	3.28692
0.01005	2.14032
0.01010	2.75184
0.01015	0.84084
0.01020	2.82828
0.01025	3.05760
0.01030	2.36964
0.01035	4.28064
0.01040	2.14032
0.01045	3.74556
0.01050	4.28064
0.01055	2.98116
0.01060	2.06388
0.01065	1.75812
0.01070	2.67540
0.01075	2.67540
0.01080	1.68168
0.01085	1.29948
0.01090	2.52252
0.01095	1.91100
0.01100	6.34452
0.01105	2.06388
0.01110	1.29948
0.01115	2.44608
0.01120	4.20420
0.01125	2.67540
0.01130	1.83456
0.01135	4.43352
0.01140	2.44608
0.01145	0.68796
0.01150	2.29320
0.01155	2.59896
0.01160	2.36964
0.01165	4.05132
0.01170	1.29948
0.01175	0.53508
0.01180	3.59268
0.01185	4.66284
0.01190	3.43980
0.01195	5.19792
0.01200	1.68168
0.01205	2.82828
0.01210	3.97488
0.01215	1.68168
0.01220	4.05132
0.01225	1.98744
0.01230	3.13404
0.01235	1.60524
0.01240	0.84084
0.01245	2.06388
0.01250	2.29320
0.01255	2.14032
0.01260	1.83456
0.01265	1.52880
0.01270	1.14660
0.01275	2.52252
0.01280	4.58640
0.01285	3.66912
0.01290	3.28692
0.01295	2.75184
0.01300	2.52252
0.01305	0.76440
0.01310	3.51624
0.01315	1.91100
0.01320	1.45236
0.01325	5.50368
0.01330	1.29948
0.01335	1.60524
0.01340	1.22304
0.01345	3.59268
0.01350	1.91100
0.01355	0.76440
0.01360	1.45236
0.01365	1.29948
0.01370	1.60524
0.01375	4.73928
0.01380	1.45236
0.01385	2.06388
0.01390	1.75812
0.01395	1.52880
0.01400	2.29320
0.01405	0.45864
0.01410	3.74556
0.01415	1.98744
0.01420	3.05760
0.01425	2.90472
0.01430	1.45236
0.01435	1.60524
0.01440	0.84084
0.01445	1.83456
0.01450	1.14660
0.01455	0.84084
0.01460	1.83456
0.01465	1.22304
0.01470	0.99372
0.01475	2.29320
0.01480	1.98744
0.01485	1.29948
0.01490	2.75184
0.01495	0.76440
0.01500	2.06388
0.01505	2.90472
0.01510	4.89216
0.01515	2.44608
0.01520	2.67540
0.01525	1.83456
0.01530	3.28692
0.01535	2.29320
0.01540	0.91728
0.01545	3.51624
0.01550	2.29320
0.01555	1.07016
0.01560	2.75184
0.01565	1.07016
0.01570	1.45236
0.01575	0.61152
0.01580	1.83456
0.01585	1.91100
0.01590	3.59268
0.01595	2.82828
0.01600	2.52252
0.01605	3.05760
0.01610	2.82828
0.01615	1.60524
0.01620	3.51624
0.01625	0.68796
0.01630	0.91728
0.01635	1.52880
0.01640	0.84084
0.01645	2.52252
0.01650	1.14660
0.01655	3.28692
0.01660	6.03876
0.01665	1.98744
0.01670	2.90472
0.01675	2.52252
0.01680	2.36964
0.01685	4.28064
0.01690	1.91100
0.01695	0.76440
0.01700	1.75812
0.01705	1.52880
0.01710	2.06388
0.01715	1.60524
0.01720	1.52880
0.01725	1.14660
0.01730	5.58012
0.01735	3.51624
0.01740	1.37592
0.01745	4.05132
0.01750	2.14032
0.01755	2.98116
0.01760	1.75812
0.01765	1.60524
0.01770	0.76440
0.01775	1.98744
0.01780	1.29948
0.01785	2.14032
0.01790	1.07016
0.01795	4.12776
0.01800	1.29948
0.01805	2.59896
0.01810	2.36964
0.01815	0.91728
0.01820	0.99372
0.01825	1.98744
0.01830	1.91100
0.01835	4.73928
0.01840	0.84084
0.01845	1.22304
0.01850	3.74556
0.01855	1.98744
0.01860	1.98744
0.01865	0.91728
0.01870	2.14032
0.01875	2.14032
0.01880	2.14032
0.01885	1.60524
0.01890	1.29948
0.01895	0.61152
0.01900	2.67540
0.01905	0.61152
0.01910	1.22304
0.01915	1.45236
0.01920	0.84084
0.01925	2.82828
0.01930	1.37592
0.01935	3.89844
0.01940	2.67540
0.01945	0.84084
0.01950	0.76440
0.01955	3.13404
0.01960	3.51624
0.01965	0.68796
0.01970	1.37592
0.01975	1.83456
0.01980	4.05132
0.01985	5.80944
0.01990	1.45236
0.01995	1.14660
0.02000	4.66284
0.02005	2.36964
0.02010	2.29320
0.02015	1.52880
0.02020	1.91100
0.02025	0.53508
0.02030	1.45236
0.02035	2.14032
0.02040	2.29320
0.02045	2.29320
0.02050	2.06388
0.02055	0.84084
0.02060	3.82200
0.02065	3.43980
0.02070	3.28692
0.02075	4.58640
0.02080	0.76440
0.02085	1.98744
0.02090	1.14660
0.02095	1.98744
0.02100	2.21676
0.02105	1.83456
0.02110	1.52880
0.02115	1.83456
0.02120	0.61152
0.02125	2.90472
0.02130	1.22304
0.02135	3.66912
0.02140	2.36964
0.02145	1.75812
0.02150	1.52880
0.02155	0.76440
0.02160	1.52880
0.02165	2.67540
0.02170	3.59268
0.02175	2.14032
0.02180	1.45236
0.02185	1.22304
0.02190	0.53508
0.02195	1.14660
0.02200	2.82828
0.02205	1.14660
0.02210	1.75812
0.02215	1.52880
0.02220	1.52880
0.02225	2.67540
0.02230	0.84084
0.02235	2.06388
0.02240	1.22304
0.02245	1.14660
0.02250	3.28692
0.02255	0.45864
0.02260	1.83456
0.02265	2.75184
0.02270	1.68168
0.02275	1.37592
0.02280	2.52252
0.02285	1.83456
0.02290	1.14660
0.02295	2.44608
0.02300	0.84084
0.02305	2.59896
0.02310	2.44608
0.02315	2.59896
0.02320	1.83456
0.02325	0.99372
0.02330	-0.00000
0.02335	1.37592
0.02340	2.52252
0.02345	2.06388
0.02350	2.21676
0.02355	2.44608
0.02360	0.91728
0.02365	3.13404
0.02370	2.90472
0.02375	0.91728
0.02380	1.14660
0.02385	0.91728
0.02390	1.68168
0.02395	1.98744
0.02400	1.52880
0.02405	1.29948
0.02410	1.68168
0.02415	2.21676
0.02420	3.89844
0.02425	1.07016
0.02430	2.75184
0.02435	0.99372
0.02440	3.74556
0.02445	3.97488
0.02450	1.75812
0.02455	1.68168
0.02460	1.98744
0.02465	4.05132
0.02470	1.22304
0.02475	2.52252
0.02480	3.05760
0.02485	1.91100
0.02490	1.22304
0.02495	2.52252
0.02500	1.83456
0.02505	0.22932
0.02510	2.36964
0.02515	0.61152
0.02520	0.91728
0.02525	1.98744
0.02530	1.75812
0.02535	2.59896
0.02540	2.67540
0.02545	2.82828
0.02550	1.75812
0.02555	3.43980
0.02560	2.14032
0.02565	2.67540
0.02570	2.82828
0.02575	0.91728
0.02580	0.68796
0.02585	2.06388
0.02590	0.99372
0.02595	1.07016
0.02600	2.14032
0.02605	3.05760
0.02610	0.45864
0.02615	1.75812
0.02620	1.45236
0.02625	1.91100
0.02630	0.99372
0.02635	4.35708
0.02640	2.82828
0.02645	1.60524
0.02650	4.05132
0.02655	1.14660
0.02660	1.60524
0.02665	1.52880
0.02670	2.75184
0.02675	2.14032
0.02680	5.35080
0.02685	2.52252
0.02690	1.60524
0.02695	0.76440
0.02700	2.36964
0.02705	3.74556
0.02710	2.21676
0.02715	1.75812
0.02720	1.22304
0.02725	1.22304
0.02730	1.83456
0.02735	1.45236
0.02740	3.36336
0.02745	1.75812
0.02750	1.98744
0.02755	1.83456
0.02760	2.21676
0.02765	1.68168
0.02770	1.14660
0.02775	1.14660
0.02780	3.66912
0.02785	1.75812
0.02790	2.06388
0.02795	4.73928
0.02800	1.68168
0.02805	2.59896
0.02810	1.14660
0.02815	2.21676
0.02820	2.75184
0.02825	2.14032
0.02830	2.59896
0.02835	2.67540
0.02840	4.20420
0.02845	1.14660
0.02850	2.59896
0.02855	2.29320
0.02860	2.36964
0.02865	0.76440
0.02870	1.37592
0.02875	1.29948
0.02880	1.37592
0.02885	0.99372
0.02890	1.91100
0.02895	0.91728
0.02900	0.76440
0.02905	0.53508
0.02910	1.52880
0.02915	1.83456
0.02920	1.91100
0.02925	1.60524
0.02930	1.22304
0.02935	2.14032
0.02940	2.52252
0.02945	1.07016
0.02950	2.44608
0.02955	2.59896
0.02960	1.83456
0.02965	0.45864
0.02970	1.68168
0.02975	1.75812
0.02980	2.98116
0.02985	1.68168
0.02990	0.99372
0.02995	1.98744
0.03000	2.75184
0.03005	1.45236
0.03010	1.83456
0.03015	0.91728
0.03020	1.68168
0.03025	2.06388
0.03030	2.52252
0.03035	2.29320
0.03040	1.14660
0.03045	1.91100
0.03050	0.99372
0.03055	2.36964
0.03060	1.83456
0.03065	2.90472
0.03070	1.68168
0.03075	1.45236
0.03080	1.29948
0.03085	0.99372
0.03090	1.07016
0.03095	2.98116
0.03100	1.07016
0.03105	0.91728
0.03110	1.45236
0.03115	0.91728
0.03120	1.75812
0.03125	1.60524
0.03130	0.07644
0.03135	2.21676
0.03140	0.99372
0.03145	2.14032
0.03150	1.45236
0.03155	2.21676
0.03160	3.21048
0.03165	1.45236
0.03170	2.82828
0.03175	1.52880
0.03180	1.07016
0.03185	2.67540
0.03190	0.68796
0.03195	1.83456
0.03200	1.45236
0.03205	0.07644
0.03210	1.83456
0.03215	3.21048
0.03220	0.38220
0.03225	0.45864
0.03230	1.52880
0.03235	2.14032
0.03240	0.38220
0.03245	2.06388
0.03250	0.76440
0.03255	1.14660
0.03260	0.45864
0.03265	1.37592
0.03270	2.82828
0.03275	1.98744
0.03280	1.14660
0.03285	2.52252
0.03290	1.22304
0.03295	3.13404
0.03300	0.76440
0.03305	1.37592
0.03310	1.91100
0.03315	1.37592
0.03320	1.75812
0.03325	1.75812
0.03330	0.91728
0.03335	1.98744
0.03340	2.06388
0.03345	2.06388
0.03350	2.29320
0.03355	1.45236
0.03360	2.14032
0.03365	1.29948
0.03370	0.45864
0.03375	2.90472
0.03380	1.14660
0.03385	1.60524
0.03390	0.53508
0.03395	2.98116
0.03400	2.36964
0.03405	0.45864
0.03410	1.98744
0.03415	0.61152
0.03420	2.14032
0.03425	2.21676
0.03430	1.14660
0.03435	1.37592
0.03440	1.14660
0.03445	0.99372
0.03450	2.82828
0.03455	2.14032
0.03460	1.07016
0.03465	0.99372
0.03470	3.66912
0.03475	1.22304
0.03480	1.75812
0.03485	0.91728
0.03490	0.91728
0.03495	1.45236
0.03500	1.83456
0.03505	0.61152
0.03510	0.91728
0.03515	4.12776
0.03520	1.60524
0.03525	1.75812
0.03530	0.99372
0.03535	0.91728
0.03540	1.22304
0.03545	1.29948
0.03550	0.76440
0.03555	2.21676
0.03560	1.91100
0.03565	0.91728
0.03570	1.14660
0.03575	2.44608
0.03580	0.84084
0.03585	0.99372
0.03590	2.52252
0.03595	0.45864
0.03600	2.36964
0.03605	2.90472
0.03610	1.91100
0.03615	2.98116
0.03620	2.29320
0.03625	1.60524
0.03630	0.99372
0.03635	0.53508
0.03640	0.99372
0.03645	0.53508
0.03650	3.28692
0.03655	1.83456
0.03660	2.52252
0.03665	1.29948
0.03670	2.21676
0.03675	3.05760
0.03680	0.91728
0.03685	1.29948
0.03690	1.98744
0.03695	1.07016
0.03700	3.13404
0.03705	1.83456
0.03710	1.52880
0.03715	0.45864
0.03720	0.45864
0.03725	2.90472
0.03730	1.98744
0.03735	2.29320
0.03740	2.29320
0.03745	2.82828
0.03750	1.91100
0.03755	2.59896
0.03760	0.68796
0.03765	1.22304
0.03770	1.07016
0.03775	0.30576
0.03780	1.45236
0.03785	3.05760
0.03790	1.14660
0.03795	0.84084
0.03800	1.22304
0.03805	2.75184
0.03810	2.52252
0.03815	1.45236
0.03820	1.29948
0.03825	1.45236
0.03830	0.68796
0.03835	0.53508
0.03840	1.22304
0.03845	2.06388
0.03850	1.37592
0.03855	2.29320
0.03860	0.84084
0.03865	1.75812
0.03870	2.44608
0.03875	1.07016
0.03880	0.53508
0.03885	3.51624
0.03890	2.52252
0.03895	0.68796
0.03900	2.06388
0.03905	1.14660
0.03910	1.37592
0.03915	1.29948
0.03920	3.43980
0.03925	0.76440
0.03930	1.68168
0.03935	1.14660
0.03940	1.14660
0.03945	0.99372
0.03950	1.98744
0.03955	0.76440
0.03960	1.45236
0.03965	1.52880
0.03970	1.98744
0.03975	2.75184
0.03980	1.14660
0.03985	1.14660
0.03990	0.15288
0.03995	0.30576
0.04000	1.29948
0.04005	1.83456
0.04010	1.75812
0.04015	0.53508
0.04020	1.91100
0.04025	2.52252
0.04030	1.07016
0.04035	2.36964
0.04040	1.98744
0.04045	2.06388
0.04050	1.22304
0.04055	1.83456
0.04060	1.60524
0.04065	1.07016
0.04070	0.22932
0.04075	0.76440
0.04080	0.38220
0.04085	2.29320
0.04090	1.22304
0.04095	0.99372
0.04100	0.84084
0.04105	0.99372
0.04110	1.98744
0.04115	2.98116
0.04120	0.91728
0.04125	1.98744
0.04130	1.91100
0.04135	2.44608
0.04140	1.60524
0.04145	1.37592
0.04150	1.14660
0.04155	1.83456
0.04160	0.68796
0.04165	1.52880
0.04170	2.06388
0.04175	1.91100
0.04180	1.52880
0.04185	0.91728
0.04190	0.22932
0.04195	0.99372
0.04200	0.76440
0.04205	0.68796
0.04210	1.98744
0.04215	0.91728
0.04220	1.45236
0.04225	1.68168
0.04230	1.07016
0.04235	2.67540
0.04240	0.22932
0.04245	1.45236
0.04250	1.60524
0.04255	1.83456
0.04260	1.60524
0.04265	2.82828
0.04270	1.83456
0.04275	1.98744
0.04280	0.53508
0.04285	2.21676
0.04290	1.14660
0.04295	1.22304
0.04300	0.76440
0.04305	0.99372
0.04310	1.14660
0.04315	1.68168
0.04320	0.61152
0.04325	2.29320
0.04330	1.83456
0.04335	2.14032
0.04340	1.29948
0.04345	1.22304
0.04350	1.98744
0.04355	2.06388
0.04360	0.76440
0.04365	1.45236
0.04370	1.45236
0.04375	1.29948
0.04380	1.37592
0.04385	2.14032
0.04390	1.60524
0.04395	3.66912
0.04400	2.06388
0.04405	1.68168
0.04410	1.98744
0.04415	0.61152
0.04420	1.22304
0.04425	1.22304
0.04430	3.05760
0.04435	1.22304
0.04440	1.68168
0.04445	1.75812
0.04450	2.14032
0.04455	3.97488
0.04460	3.82200
0.04465	3.59268
0.04470	1.52880
0.04475	1.91100
0.04480	2.82828
0.04485	2.06388
0.04490	1.37592
0.04495	0.61152
0.04500	0.45864
0.04505	0.76440
0.04510	2.29320
0.04515	1.37592
0.04520	0.84084
0.04525	2.67540
0.04530	1.91100
0.04535	0.91728
0.04540	1.98744
0.04545	0.53508
0.04550	3.13404
0.04555	2.21676
0.04560	3.36336
0.04565	0.68796
0.04570	2.98116
0.04575	0.76440
0.04580	1.91100
0.04585	0.68796
0.04590	1.75812
0.04595	1.75812
0.04600	2.67540
0.04605	0.53508
0.04610	1.91100
0.04615	2.29320
0.04620	2.36964
0.04625	4.73928
0.04630	3.97488
0.04635	2.29320
0.04640	0.53508
0.04645	2.29320
0.04650	1.22304
0.04655	0.99372
0.04660	1.07016
0.04665	1.14660
0.04670	1.22304
0.04675	2.82828
0.04680	3.36336
0.04685	0.76440
0.04690	2.59896
0.04695	0.68796
0.04700	1.98744
0.04705	3.13404
0.04710	1.45236
0.04715	0.53508
0.04720	0.91728
0.04725	0.91728
0.04730	2.29320
0.04735	2.52252
0.04740	1.07016
0.04745	1.60524
0.04750	2.29320
0.04755	1.68168
0.04760	1.83456
0.04765	1.75812
0.04770	3.05760
0.04775	1.60524
0.04780	0.84084
0.04785	2.75184
0.04790	3.59268
0.04795	1.98744
0.04800	1.68168
0.04805	0.61152
0.04810	1.37592
0.04815	1.91100
0.04820	0.45864
0.04825	2.90472
0.04830	0.68796
0.04835	1.52880
0.04840	0.68796
0.04845	1.60524
0.04850	0.99372
0.04855	2.14032
0.04860	1.83456
0.04865	1.29948
0.04870	1.91100
0.04875	0.99372
0.04880	2.36964
0.04885	2.90472
0.04890	2.06388
0.04895	1.83456
0.04900	1.37592
0.04905	1.22304
0.04910	2.21676
0.04915	2.59896
0.04920	0.30576
0.04925	1.60524
0.04930	2.52252
0.04935	0.99372
0.04940	1.98744
0.04945	2.59896
0.04950	0.22932
0.04955	1.45236
0.04960	2.67540
0.04965	0.53508
0.04970	1.45236
0.04975	0.07644
0.04980	1.75812
0.04985	1.60524
0.04990	2.14032
0.04995	1.14660
0.05000	0.68796
0.05005	1.52880
0.05010	1.45236
0.05015	3.21048
0.05020	1.52880
0.05025	2.14032
0.05030	4.35708
0.05035	1.91100
0.05040	0.91728
0.05045	2.21676
0.05050	1.98744
0.05055	0.68796
0.05060	1.14660
0.05065	0.91728
0.05070	2.67540
0.05075	1.45236
0.05080	1.68168
0.05085	0.15288
0.05090	1.37592
0.05095	0.45864
0.05100	1.83456
0.05105	1.07016
0.05110	1.07016
0.05115	0.99372
0.05120	0.45864
0.05125	2.21676
0.05130	0.61152
0.05135	0.53508
0.05140	1.29948
0.05145	0.76440
0.05150	3.13404
0.05155	1.75812
0.05160	2.14032
0.05165	1.52880
0.05170	1.91100
0.05175	1.22304
0.05180	2.06388
0.05185	0.99372
0.05190	1.83456
0.05195	1.83456
0.05200	2.06388
0.05205	0.61152
0.05210	0.84084
0.05215	1.83456
0.05220	3.28692
0.05225	1.60524
0.05230	1.91100
0.05235	1.75812
0.05240	3.89844
0.05245	5.19792
0.05250	1.91100
0.05255	2.44608
0.05260	2.21676
0.05265	2.75184
0.05270	3.13404
0.05275	2.90472
0.05280	2.59896
0.05285	4.20420
0.05290	1.60524
0.05295	1.68168
0.05300	0.00000
0.05305	1.22304
0.05310	1.37592
0.05315	2.44608
0.05320	1.68168
0.05325	1.83456
0.05330	1.98744
0.05335	1.98744
0.05340	2.82828
0.05345	1.75812
0.05350	2.59896
0.05355	0.68796
0.05360	1.37592
0.05365	1.60524
0.05370	0.99372
0.05375	1.75812
0.05380	0.61152
0.05385	0.76440
0.05390	2.44608
0.05395	2.06388
0.05400	2.14032
0.05405	1.14660
0.05410	0.84084
0.05415	2.52252
0.05420	0.99372
0.05425	0.38220
0.05430	1.14660
0.05435	2.90472
0.05440	1.68168
0.05445	0.91728
0.05450	0.91728
0.05455	1.14660
0.05460	2.90472
0.05465	1.45236
0.05470	1.37592
0.05475	1.45236
0.05480	1.75812
0.05485	3.05760
0.05490	2.29320
0.05495	1.37592
0.05500	0.61152
0.05505	0.68796
0.05510	1.07016
0.05515	1.91100
0.05520	0.84084
0.05525	1.83456
0.05530	1.14660
0.05535	1.68168
0.05540	1.52880
0.05545	0.76440
0.05550	0.91728
0.05555	1.07016
0.05560	2.67540
0.05565	0.22932
0.05570	2.36964
0.05575	0.61152
0.05580	0.30576
0.05585	1.91100
0.05590	2.06388
0.05595	2.06388
0.05600	0.45864
0.05605	1.68168
0.05610	0.99372
0.05615	0.45864
0.05620	1.22304
0.05625	2.21676
0.05630	0.76440
0.05635	1.29948
0.05640	1.60524
0.05645	0.07644
0.05650	1.14660
0.05655	1.60524
0.05660	1.83456
0.05665	0.45864
0.05670	0.91728
0.05675	0.38220
0.05680	1.22304
0.05685	1.22304
0.05690	1.83456
0.05695	1.91100
0.05700	0.99372
0.05705	2.98116
0.05710	1.07016
0.05715	1.60524
0.05720	0.91728
0.05725	0.45864
0.05730	1.45236
0.05735	1.07016
0.05740	2.52252
0.05745	1.29948
0.05750	1.37592
0.05755	0.99372
0.05760	0.99372
0.05765	2.67540
0.05770	0.61152
0.05775	0.91728
0.05780	2.59896
0.05785	1.52880
0.05790	1.07016
0.05795	2.14032
0.05800	0.99372
0.05805	0.68796
0.05810	1.14660
0.05815	0.61152
0.05820	0.84084
0.05825	0.30576
0.05830	1.14660
0.05835	2.06388
0.05840	0.15288
0.05845	0.99372
0.05850	0.84084
0.05855	0.38220
0.05860	0.68796
0.05865	0.30576
0.05870	1.22304
0.05875	0.91728
0.05880	1.45236
0.05885	2.98116
0.05890	0.30576
0.05895	0.30576
0.05900	0.45864
0.05905	0.61152
0.05910	0.22932
0.05915	1.37592
0.05920	1.22304
0.05925	2.14032
0.05930	0.53508
0.05935	0.91728
0.05940	2.14032
0.05945	1.14660
0.05950	1.14660
0.05955	1.37592
0.05960	2.67540
0.05965	1.07016
0.05970	1.75812
0.05975	2.14032
0.05980	0.99372
0.05985	1.75812
0.05990	3.05760
0.05995	0.68796
0.06000	0.53508
0.06005	2.29320
0.06010	1.75812
0.06015	1.98744
0.06020	0.38220
0.06025	0.76440
0.06030	0.53508
0.06035	1.45236
0.06040	1.83456
0.06045	3.28692
0.06050	1.45236
0.06055	2.14032
0.06060	1.75812
0.06065	0.76440
0.06070	1.45236
0.06075	1.45236
0.06080	3.21048
0.06085	1.07016
0.06090	2.67540
0.06095	1.75812
0.06100	2.29320
0.06105	2.36964
0.06110	0.99372
0.06115	5.12148
0.06120	5.42724
0.06125	4.12776
0.06130	3.89844
0.06135	4.89216
0.06140	4.20420
0.06145	6.42096
0.06150	8.71416
0.06155	8.63772
0.06160	22.32048
0.06165	24.23148
0.06170	26.75400
0.06175	33.40428
0.06180	38.98440
0.06185	47.69856
0.06190	55.72476
0.06195	65.73840
0.06200	64.97400
0.06205	75.14052
0.06210	84.54264
0.06215	88.36464
0.06220	94.93848
0.06225	93.25680
0.06230	80.41488
0.06235	74.68188
0.06240	71.16564
0.06245	70.24836
0.06250	50.37396
0.06255	66.96144
0.06260	54.96036
0.06265	44.33520
0.06270	41.81268
0.06275	33.17496
0.06280	36.46188
0.06285	25.98960
0.06290	30.11736
0.06295	21.32676
0.06300	23.84928
0.06305	21.47964
0.06310	17.65764
0.06315	14.75292
0.06320	15.74664
0.06325	19.26288
0.06330	12.91836
0.06335	18.26916
0.06340	13.75920
0.06345	11.77176
0.06350	14.06496
0.06355	9.32568
0.06360	11.54244
0.06365	11.23668
0.06370	12.61260
0.06375	7.87332
0.06380	11.16024
0.06385	4.58640
0.06390	8.56128
0.06395	9.63144
0.06400	7.10892
0.06405	6.57384
0.06410	6.65028
0.06415	7.03248
0.06420	6.87960
0.06425	4.58640
0.06430	9.47856
0.06435	4.43352
0.06440	7.72044
0.06445	5.58012
0.06450	8.94348
0.06455	7.10892
0.06460	8.94348
0.06465	7.87332
0.06470	7.72044
0.06475	7.79688
0.06480	7.18536
0.06485	7.41468
0.06490	7.41468
0.06495	9.47856
0.06500	7.18536
0.06505	7.18536
0.06510	7.79688
0.06515	3.82200
0.06520	10.16652
0.06525	6.42096
0.06530	8.71416
0.06535	7.10892
0.06540	6.72672
0.06545	5.58012
0.06550	7.64400
0.06555	7.56756
0.06560	3.97488
0.06565	7.03248
0.06570	5.35080
0.06575	5.35080
0.06580	3.97488
0.06585	6.72672
0.06590	6.34452
0.06595	6.80316
0.06600	6.95604
0.06605	4.20420
0.06610	5.58012
0.06615	7.94976
0.06620	6.42096
0.06625	10.09008
0.06630	7.87332
0.06635	5.73300
0.06640	4.66284
0.06645	4.43352
0.06650	9.55500
0.06655	5.96232
0.06660	4.28064
0.06665	3.36336
0.06670	5.65656
0.06675	6.34452
0.06680	7.03248
0.06685	4.96860
0.06690	5.96232
0.06695	7.64400
0.06700	5.35080
0.06705	3.66912
0.06710	5.19792
0.06715	3.97488
0.06720	6.57384
0.06725	3.66912
0.06730	7.72044
0.06735	7.64400
0.06740	5.50368
0.06745	3.89844
0.06750	2.98116
0.06755	4.66284
0.06760	3.74556
0.06765	4.81572
0.06770	5.73300
0.06775	4.20420
0.06780	5.88588
0.06785	4.96860
0.06790	4.28064
0.06795	4.28064
0.06800	7.64400
0.06805	5.80944
0.06810	4.43352
0.06815	4.28064
0.06820	6.19164
0.06825	5.96232
0.06830	4.12776
0.06835	2.14032
0.06840	4.50996
0.06845	4.50996
0.06850	4.05132
0.06855	4.20420
0.06860	1.83456
0.06865	4.12776
0.06870	6.49740
0.06875	3.36336
0.06880	5.50368
0.06885	4.05132
0.06890	2.44608
0.06895	4.35708
0.06900	1.91100
0.06905	4.96860
0.06910	5.50368
0.06915	3.43980
0.06920	3.74556
0.06925	4.28064
0.06930	7.87332
0.06935	2.59896
0.06940	4.96860
0.06945	5.50368
0.06950	4.81572
0.06955	5.42724
0.06960	5.04504
0.06965	3.82200
0.06970	3.13404
0.06975	3.82200
0.06980	6.65028
0.06985	2.21676
0.06990	6.26808
0.06995	4.89216
0.07000	2.82828
0.07005	3.74556
0.07010	2.44608
0.07015	1.75812
0.07020	2.75184
0.07025	4.12776
0.07030	4.89216
0.07035	3.05760
0.07040	3.28692
0.07045	3.13404
0.07050	3.43980
0.07055	5.12148
0.07060	4.73928
0.07065	4.05132
0.07070	6.42096
0.07075	6.72672
0.07080	4.35708
0.07085	5.58012
0.07090	3.59268
0.07095	2.67540
0.07100	1.91100
0.07105	7.41468
0.07110	2.75184
0.07115	4.66284
0.07120	5.42724
0.07125	4.66284
0.07130	6.11520
0.07135	5.27436
0.07140	4.28064
0.07145	2.36964
0.07150	4.43352
0.07155	4.05132
0.07160	4.66284
0.07165	3.21048
0.07170	3.66912
0.07175	3.13404
0.07180	5.88588
0.07185	2.36964
0.07190	5.19792
0.07195	5.35080
0.07200	3.51624
0.07205	2.52252
0.07210	3.51624
0.07215	6.65028
0.07220	6.87960
0.07225	2.98116
0.07230	4.20420
0.07235	3.21048
0.07240	3.05760
0.07245	4.12776
0.07250	4.81572
0.07255	3.43980
0.07260	3.05760
0.07265	4.28064
0.07270	3.66912
0.07275	2.59896
0.07280	2.06388
0.07285	3.97488
0.07290	4.43352
0.07295	3.89844
0.07300	2.21676
0.07305	2.14032
0.07310	2.98116
0.07315	4.05132
0.07320	2.59896
0.07325	2.59896
0.07330	5.12148
0.07335	5.12148
0.07340	3.51624
0.07345	5.27436
0.07350	3.28692
0.07355	3.43980
0.07360	3.59268
0.07365	2.90472
0.07370	4.58640
0.07375	4.73928
0.07380	3.51624
0.07385	4.20420
0.07390	6.34452
0.07395	7.18536
0.07400	4.35708
0.07405	5.35080
0.07410	2.98116
0.07415	3.13404
0.07420	2.59896
0.07425	5.42724
0.07430	2.36964
0.07435	0.99372
0.07440	3.82200
0.07445	2.90472
0.07450	3.51624
0.07455	4.05132
0.07460	5.80944
0.07465	2.82828
0.07470	6.65028
0.07475	2.21676
0.07480	7.64400
0.07485	2.82828
0.07490	3.36336
0.07495	3.28692
0.07500	4.43352
0.07505	3.05760
0.07510	3.28692
0.07515	1.98744
0.07520	2.90472
0.07525	1.22304
0.07530	1.60524
0.07535	5.50368
0.07540	2.59896
0.07545	4.35708
0.07550	6.11520
0.07555	3.66912
0.07560	1.37592
0.07565	2.21676
0.07570	2.90472
0.07575	3.89844
0.07580	1.37592
0.07585	4.73928
0.07590	1.52880
0.07595	2.29320
0.07600	4.50996
0.07605	4.20420
0.07610	1.91100
0.07615	2.82828
0.07620	3.36336
0.07625	2.98116
0.07630	2.75184
0.07635	2.36964
0.07640	4.20420
0.07645	3.51624
0.07650	3.89844
0.07655	1.45236
0.07660	2.36964
0.07665	5.27436
0.07670	3.97488
0.07675	7.18536
0.07680	3.05760
0.07685	6.26808
0.07690	3.28692
0.07695	6.72672
0.07700	3.43980
0.07705	4.89216
0.07710	4.50996
0.07715	3.28692
0.07720	3.97488
0.07725	6.11520
0.07730	2.36964
0.07735	2.82828
0.07740	3.89844
0.07745	2.59896
0.07750	0.68796
0.07755	4.12776
0.07760	1.83456
0.07765	6.57384
0.07770	2.21676
0.07775	2.67540
0.07780	5.50368
0.07785	4.58640
0.07790	1.37592
0.07795	5.58012
0.07800	3.05760
0.07805	5.19792
0.07810	2.21676
0.07815	3.21048
0.07820	3.13404
0.07825	4.43352
0.07830	4.73928
0.07835	2.90472
0.07840	2.52252
0.07845	2.36964
0.07850	2.75184
0.07855	3.36336
0.07860	2.59896
0.07865	7.03248
0.07870	1.91100
0.07875	2.36964
0.07880	5.19792
0.07885	4.81572
0.07890	3.82200
0.07895	3.51624
0.07900	6.42096
0.07905	2.67540
0.07910	3.97488
0.07915	3.21048
0.07920	4.89216
0.07925	3.43980
0.07930	3.74556
0.07935	4.20420
0.07940	1.22304
0.07945	2.75184
0.07950	1.83456
0.07955	3.74556
0.07960	2.44608
0.07965	1.60524
0.07970	4.28064
0.07975	4.20420
0.07980	3.43980
0.07985	3.13404
0.07990	4.05132
0.07995	3.36336
0.08000	4.81572
0.08005	3.13404
0.08010	2.90472
0.08015	4.28064
0.08020	3.59268
0.08025	2.21676
0.08030	4.89216
0.08035	3.66912
0.08040	5.12148
0.08045	2.29320
0.08050	4.35708
0.08055	2.36964
0.08060	1.83456
0.08065	5.27436
0.08070	7.64400
0.08075	2.29320
0.08080	2.29320
0.08085	1.52880
0.08090	3.59268
0.08095	1.22304
0.08100	2.44608
0.08105	4.58640
0.08110	2.52252
0.08115	2.14032
0.08120	3.28692
0.08125	5.35080
0.08130	2.52252
0.08135	2.59896
0.08140	3.36336
0.08145	4.43352
0.08150	3.74556
0.08155	3.82200
0.08160	1.98744
0.08165	2.44608
0.08170	3.82200
0.08175	5.27436
0.08180	0.91728
0.08185	1.45236
0.08190	2.14032
0.08195	1.83456
0.08200	3.36336
0.08205	2.52252
0.08210	4.20420
0.08215	5.35080
0.08220	2.29320
0.08225	3.36336
0.08230	2.98116
0.08235	3.43980
0.08240	4.58640
0.08245	3.21048
0.08250	1.91100
0.08255	2.82828
0.08260	2.52252
0.08265	3.89844
0.08270	2.75184
0.08275	3.21048
0.08280	2.82828
0.08285	2.29320
0.08290	5.27436
0.08295	2.14032
0.08300	3.05760
0.08305	6.65028
0.08310	2.44608
0.08315	3.36336
0.08320	3.43980
0.08325	3.36336
0.08330	1.98744
0.08335	3.36336
0.08340	4.35708
0.08345	1.75812
0.08350	2.67540
0.08355	5.27436
0.08360	2.52252
0.08365	1.75812
0.08370	2.82828
0.08375	4.43352
0.08380	2.75184
0.08385	3.21048
0.08390	3.51624
0.08395	4.20420
0.08400	4.43352
0.08405	2.59896
0.08410	4.58640
0.08415	1.60524
0.08420	3.89844
0.08425	4.28064
0.08430	4.96860
0.08435	2.90472
0.08440	2.52252
0.08445	1.22304
0.08450	1.60524
0.08455	1.91100
0.08460	4.81572
0.08465	2.98116
0.08470	3.59268
0.08475	2.90472
0.08480	4.43352
0.08485	2.36964
0.08490	2.14032
0.08495	1.98744
0.08500	3.13404
0.08505	2.36964
0.08510	4.50996
0.08515	5.50368
0.08520	2.44608
0.08525	1.52880
0.08530	4.96860
0.08535	2.98116
0.08540	4.35708
0.08545	0.76440
0.08550	1.83456
0.08555	2.36964
0.08560	2.98116
0.08565	0.91728
0.08570	2.67540
0.08575	1.91100
0.08580	4.12776
0.08585	5.12148
0.08590	3.21048
0.08595	5.50368
0.08600	2.29320
0.08605	4.05132
0.08610	3.43980
0.08615	1.68168
0.08620	2.14032
0.08625	1.29948
0.08630	3.13404
0.08635	2.06388
0.08640	4.89216
0.08645	3.36336
0.08650	1.91100
0.08655	1.14660
0.08660	0.76440
0.08665	1.68168
0.08670	2.90472
0.08675	2.75184
0.08680	0.91728
0.08685	5.88588
0.08690	3.51624
0.08695	4.20420
0.08700	2.82828
0.08705	2.59896
0.08710	4.50996
0.08715	2.75184
0.08720	3.66912
0.08725	2.44608
0.08730	2.44608
0.08735	2.82828
0.08740	2.59896
0.08745	2.21676
0.08750	4.43352
0.08755	2.82828
0.08760	2.44608
0.08765	3.66912
0.08770	1.68168
0.08775	4.28064
0.08780	2.14032
0.08785	5.50368
0.08790	4.12776
0.08795	7.26180
0.08800	2.06388
0.08805	3.43980
0.08810	5.19792
0.08815	4.12776
0.08820	2.36964
0.08825	2.90472
0.08830	2.44608
0.08835	3.05760
0.08840	1.83456
0.08845	4.81572
0.08850	2.29320
0.08855	2.59896
0.08860	3.21048
0.08865	3.05760
0.08870	4.05132
0.08875	2.44608
0.08880	2.82828
0.08885	3.05760
0.08890	2.06388
0.08895	2.44608
0.08900	3.59268
0.08905	3.36336
0.08910	3.74556
0.08915	3.21048
0.08920	4.73928
0.08925	0.84084
0.08930	3.97488
0.08935	3.05760
0.08940	3.51624
0.08945	1.60524
0.08950	0.53508
0.08955	2.98116
0.08960	4.20420
0.08965	2.14032
0.08970	2.44608
0.08975	1.98744
0.08980	4.89216
0.08985	2.29320
0.08990	2.98116
