0.040287 -0.0250000004 -0.0241533665 -0.0253301182 asynchronous_release_0
0.031556 -0.0250000004 0.0347443854 -0.00422228443 asynchronous_release_0
0.03973 -0.0250000004 0.0341028734 0.00787362845 asynchronous_release_0
0.037604 -0.0250000004 0.0130474165 0.0324771446 asynchronous_release_0
0.030621 -0.0250000004 -0.000135349548 -0.000990797911 asynchronous_release_0
0.02394 -0.0250000004 0.0303849017 0.0173711759 asynchronous_release_1
0.024549 -0.0250000004 -0.018810845 0.029515286 asynchronous_release_0
0.032708 -0.0250000004 0.000818097335 -0.000575079777 asynchronous_release_0
0.023208 -0.0250000004 0.000737893453 -0.000674917218 asynchronous_release_0
0.045049 -0.0250000004 -0.000912944407 -0.000408083948 asynchronous_release_0
0.046514 -0.0250000004 -0.0324859445 0.0130254907 asynchronous_release_0
0.027333 -0.0250000004 0.0327119997 0.0124468903 asynchronous_release_1
0.023169 -0.0250000004 0.0314859504 0.0152851211 asynchronous_release_0
0.049467 -0.0250000004 0.0299008122 -0.0181917957 asynchronous_release_0
0.048526 -0.0250000004 -0.0297218648 0.018482715 asynchronous_release_0
0.022924 -0.0250000004 0.0343019087 -0.0069555055 asynchronous_release_1
0.036556 -0.0250000004 0.0240694611 0.0254098611 asynchronous_release_3
0.031605 -0.0250000004 -0.0180822149 0.0299672071 asynchronous_release_0
0.026788 -0.0250000004 -0.0233335276 0.026087286 asynchronous_release_0
0.035612 -0.0250000004 0.034637634 -0.00502337675 asynchronous_release_0
0.046522 -0.0250000004 0.0120809291 0.032848914 asynchronous_release_0
0.030384 -0.0250000004 0.000683116489 0.000730309429 asynchronous_release_0
0.049241 -0.0250000004 0.0281143402 0.0208466754 asynchronous_release_0
0.023373 -0.0250000004 0.0229949186 0.0263862411 asynchronous_release_0
0.01004 -0.0250000004 0.0301508757 -0.0177742707 asynchronous_release_0
0.046727 -0.0250000004 0.034964672 0.00157216825 asynchronous_release_0
0.041456 -0.0250000004 0.0282981529 -0.0205964692 asynchronous_release_0
0.047789 -0.0250000004 -0.0339033974 0.00869250522 asynchronous_release_0
0.039712 -0.0250000004 0.034729169 -0.0043456671 asynchronous_release_0
0.045156 -0.0250000004 0.0346404943 0.00500361408 asynchronous_release_0
0.042025 -0.0250000004 -0.0280560672 -0.020925035 asynchronous_release_0
0.044118 -0.0250000004 0.0184352918 -0.0297513027 asynchronous_release_0
0.032678 -0.0250000004 7.31215904e-05 -0.0349999236 asynchronous_release_0
0.047051 -0.0250000004 0.0349993627 0.000211208622 asynchronous_release_0
0.027833 -0.0250000004 -0.000942772314 -0.000333437196 asynchronous_release_0
0.027323 -0.0250000004 0.0340434354 0.00812677715 asynchronous_release_0
0.040393 -0.0250000004 0.000979618672 -0.000200866269 asynchronous_release_0
0.047289 -0.0250000004 0.0339444107 -0.00853094282 asynchronous_release_0
0.025092 -0.0250000004 -0.0340103087 -0.00826431491 asynchronous_release_0
0.045871 -0.0250000004 -0.0113411303 -0.0331116107 asynchronous_release_0
0.039635 -0.0250000004 0.0174585326 0.0303347926 asynchronous_release_0
0.044756 -0.0250000004 0.0187824274 0.0295333781 asynchronous_release_0
0.044826 -0.0250000004 0.0243621776 0.0555111187 asynchronous_release_1
0.032959 -0.0250000004 0.0165794856 -0.0308240273 asynchronous_release_0
0.035487 -0.0250000004 -0.0261499738 -0.0232632515 asynchronous_release_0
0.031962 -0.0250000004 -0.0341616365 -0.00761463002 asynchronous_release_0
0.02581 -0.0250000004 0.0343213176 -0.00685909325 asynchronous_release_0
0.027234 -0.0250000004 0.0338164979 0.00902465884 asynchronous_release_0
0.032596 -0.0250000004 -0.00670808848 -0.0343511506 asynchronous_release_0
0.013549 -0.0250000004 0.00099013921 0.000140086919 asynchronous_release_0
0.027666 -0.0250000004 0.0349998845 -8.99264656e-05 asynchronous_release_0
0.029292 -0.0250000004 -0.000670158799 0.000742217747 asynchronous_release_0
0.046361 -0.0250000004 0.0347683323 -0.00402033217 asynchronous_release_0
0.011862 -0.0250000004 0.00601091878 -0.0344799776 asynchronous_release_0
0.049172 -0.0250000004 -0.0181605868 0.0299197775 asynchronous_release_1
0.048426 -0.0250000004 -0.00298385822 -0.0348725765 asynchronous_release_0
0.024039 -0.0250000004 0.0346742187 0.00476430015 asynchronous_release_0
0.026483 -0.0250000004 0.0288438897 0.019824985 asynchronous_release_0
0.044163 -0.0250000004 0.0339950853 -0.00832671467 asynchronous_release_0
0.025344 -0.0250000004 -0.0312453475 -0.0157711211 asynchronous_release_0
0.045978 -0.0250000004 0.0336181383 -0.00973759623 asynchronous_release_0
0.029218 -0.0250000004 -0.0131826971 0.032422469 asynchronous_release_0
0.016367 -0.0250000004 -0.0287296207 -0.01999022 asynchronous_release_0
0.041787 -0.0250000004 -0.0332006344 -0.0110778099 asynchronous_release_0
0.04386 -0.0250000004 0.0333709816 -0.010553558 asynchronous_release_0
0.038395 -0.0250000004 -0.0065374182 -0.0343840394 asynchronous_release_1
0.031809 -0.0250000004 0.0303445369 0.0174415906 asynchronous_release_0
0.022518 -0.0250000004 0.0339413065 0.00854328475 asynchronous_release_2
0.004549 -0.0250000004 0.0311924806 -0.0158754262 asynchronous_release_0
0.034899 -0.0250000004 -0.0283793168 -0.0204844911 asynchronous_release_0
0.046216 -0.0250000004 -0.000856143561 -0.000516738041 asynchronous_release_0
0.049776 -0.0250000004 0.0328548133 0.0120648765 asynchronous_release_0
0.04117 -0.0250000004 0.0319295534 0.0143353974 asynchronous_release_0
0.012462 -0.0250000004 -0.0313595931 -0.0155427128 asynchronous_release_0
0.045841 -0.0250000004 0.0238691192 0.0255981474 asynchronous_release_0
0.044052 -0.0250000004 -0.0127195867 -0.0326069335 asynchronous_release_0
0.039921 -0.0250000004 -0.0158687277 -0.0311958888 asynchronous_release_0
0.039304 -0.0250000004 0.00744692933 0.0341985854 asynchronous_release_0
0.023058 -0.0250000004 0.00863969364 0.0339168939 asynchronous_release_0
0.039537 -0.0250000004 0.0211330004 0.0278997544 asynchronous_release_0
0.038015 -0.0250000004 -0.00178970517 -0.0349542123 asynchronous_release_0
0.028917 -0.0250000004 -0.0317086341 0.0148176424 asynchronous_release_2
0.033333 -0.0250000004 0.0322629478 0.0135684266 asynchronous_release_0
0.037992 -0.0250000004 -0.0341720263 0.00756786747 asynchronous_release_0
0.048755 -0.0250000004 -0.00095365076 -0.000300915648 asynchronous_release_0
0.037265 -0.0250000004 0.0261415155 0.0232727559 asynchronous_release_0
0.046868 -0.0250000004 0.000289631324 0.0349988016 asynchronous_release_0
0.03034 -0.0250000004 -0.034999911 7.89495796e-05 asynchronous_release_0
0.039807 -0.0250000004 -0.0349999195 -7.5046701e-05 asynchronous_release_0
0.027439 -0.0250000004 0.0265952519 0.0227528586 asynchronous_release_0
0.018338 -0.0250000004 0.0320810693 -0.0139930337 asynchronous_release_0
0.04142 -0.0250000004 0.0275913208 0.0215341361 asynchronous_release_0
0.038936 -0.0250000004 -0.0291426653 -0.0193831127 asynchronous_release_1
0.031654 -0.0250000004 -0.00434464067 0.0347292974 asynchronous_release_0
0.046506 -0.0250000004 -0.0349107886 0.00249736636 asynchronous_release_0
0.019049 -0.0250000004 -0.00367584925 -0.0348064381 asynchronous_release_0
0.044691 -0.0250000004 0.011023941 0.0332185599 asynchronous_release_0
0.013723 -0.0250000004 -0.0348667122 0.00305161985 asynchronous_release_0
0.024899 -0.0250000004 0.000760046728 -0.000649868426 asynchronous_release_0
0.038716 -0.0250000004 0.0222972394 0.0269783824 asynchronous_release_0
0.043385 -0.0250000004 0.00364683499 -0.03480949 asynchronous_release_0
0.034453 -0.0250000004 -0.0349999747 4.20687231e-05 asynchronous_release_0
0.028596 -0.0250000004 0.00111106753 -0.0349823603 asynchronous_release_1
0.025347 -0.0250000004 -0.0310415991 0.0161684608 asynchronous_release_0
0.040455 -0.0250000004 -0.0345158612 -0.00580132108 asynchronous_release_0
0.034192 -0.0250000004 0.0152577691 0.031499214 asynchronous_release_0
0.049959 -0.0250000004 -0.00353936325 -0.0348205817 asynchronous_release_0
0.027461 -0.0250000004 -0.028740125 -0.0199751149 asynchronous_release_0
0.042802 -0.0250000004 0.0157943258 -0.0312336241 asynchronous_release_0
0.027355 -0.0250000004 0.0248136741 0.0246836297 asynchronous_release_0
0.045795 -0.0250000004 0.0335153028 0.0100858555 asynchronous_release_0
0.03159 -0.0250000004 -0.025682609 0.0237782168 asynchronous_release_0
0.040826 -0.0250000004 0.0344712439 0.0060608041 asynchronous_release_0
0.01424 -0.0250000004 0.00188338444 -0.0349492899 asynchronous_release_0
0.049625 -0.0250000004 0.0159390779 0.0311600031 asynchronous_release_1
0.043519 -0.0250000004 0.0282067406 0.0207214812 asynchronous_release_0
0.036244 -0.0250000004 -0.0336867908 -0.0094973748 asynchronous_release_0
0.045871 -0.0250000004 0.00543453906 -0.0345755085 asynchronous_release_0
0.039713 -0.0250000004 0.00059920014 -0.000800599271 asynchronous_release_0
0.007925 -0.0250000004 -0.000907851368 0.0349882238 asynchronous_release_0
0.049998 -0.0250000004 -0.00630849674 -0.0344267755 asynchronous_release_0
0.034396 -0.0250000004 0.0327819174 0.0122615617 asynchronous_release_0
0.025897 -0.0250000004 0.0318754343 -0.0144553343 asynchronous_release_0
0.027886 -0.0250000004 0.0164330733 0.0309023316 asynchronous_release_0
0.04562 -0.0250000004 0.0347426349 0.00423666401 asynchronous_release_0
0.023773 -0.0250000004 0.018581014 0.0296605111 asynchronous_release_0
0.019974 -0.0250000004 0.0329889977 0.0116929906 asynchronous_release_0
0.047605 -0.0250000004 0.0342702399 -0.00710989877 asynchronous_release_0
0.049066 -0.0250000004 -0.0277062982 0.021386001 asynchronous_release_0
0.022273 -0.0250000004 -0.0199089553 -0.0287859948 asynchronous_release_0
0.043601 -0.0250000004 0.0206772647 -0.0282391701 asynchronous_release_0
0.03953 -0.0250000004 0.0345496241 -0.00559673755 asynchronous_release_0
0.028931 -0.0250000004 -0.000737361218 -0.000675498656 asynchronous_release_0
0.009794 -0.0250000004 0.0295410667 0.0187703324 asynchronous_release_0
0.049163 -0.0250000004 -0.0126450407 0.032635915 asynchronous_release_0
0.033635 -0.0250000004 4.45710315e-05 0.000999006218 asynchronous_release_0
0.004224 -0.0250000004 0.0210087795 0.0279934132 asynchronous_release_0
0.01585 -0.0250000004 0.0348775649 0.00292497244 asynchronous_release_0
