0.000000 0.090552
0.000050 0.074422
0.000100 0.095123
0.000150 0.114987
0.000200 0.107516
0.000250 0.088408
0.000300 0.095259
0.000350 0.111733
0.000400 0.107096
0.000450 0.111944
0.000500 0.102322
0.000550 0.105306
0.000600 0.092420
0.000650 0.122666
0.000700 0.105851
0.000750 0.115419
0.000800 0.107086
0.000850 0.116870
0.000900 0.115884
0.000950 0.121356
0.001000 0.121155
0.001050 0.112783
0.001100 0.123715
0.001150 0.142471
0.001200 0.129256
0.001250 0.145092
0.001300 0.150224
0.001350 0.192664
0.001400 0.206190
0.001450 0.226010
0.001500 0.316313
0.001550 0.373859
0.001600 0.476213
0.001650 0.640943
0.001700 0.825072
0.001750 1.085992
0.001800 1.339961
0.001850 1.650149
0.001900 2.072177
0.001950 2.428381
0.002000 2.771087
0.002050 3.137283
0.002100 3.370474
0.002150 3.600336
0.002200 3.673850
0.002250 3.772220
0.002300 3.594597
0.002350 3.297073
0.002400 3.041587
0.002450 2.698853
0.002500 2.391300
0.002550 2.063448
0.002600 1.788377
0.002650 1.533295
0.002700 1.414640
0.002750 1.226036
0.002800 1.084604
0.002850 1.042614
0.002900 0.951230
0.002950 0.905656
0.003000 0.868752
0.003050 0.824858
0.003100 0.803299
0.003150 0.723755
0.003200 0.773031
0.003250 0.722917
0.003300 0.688629
0.003350 0.679387
0.003400 0.645326
0.003450 0.588436
0.003500 0.601477
0.003550 0.603757
0.003600 0.602577
0.003650 0.567673
0.003700 0.577826
0.003750 0.592780
0.003800 0.584407
0.003850 0.582409
0.003900 0.587979
0.003950 0.546525
0.004000 0.541851
0.004050 0.523353
0.004100 0.499975
0.004150 0.461165
0.004200 0.527506
0.004250 0.501808
0.004300 0.459529
0.004350 0.487757
0.004400 0.473425
0.004450 0.478911
0.004500 0.500462
0.004550 0.476570
0.004600 0.456086
0.004650 0.452338
0.004700 0.468049
0.004750 0.442303
0.004800 0.458603
0.004850 0.465393
0.004900 0.440176
0.004950 0.463040
0.005000 0.469269
0.005050 0.446131
0.005100 0.443546
0.005150 0.448706
0.005200 0.430193
0.005250 0.416877
0.005300 0.402653
0.005350 0.436417
0.005400 0.431227
0.005450 0.419271
0.005500 0.433823
0.005550 0.442131
0.005600 0.413667
0.005650 0.408447
0.005700 0.432367
0.005750 0.444099
0.005800 0.413711
0.005850 0.368775
0.005900 0.398188
0.005950 0.416282
0.006000 0.422407
0.006050 0.374179
0.006100 0.380875
0.006150 0.395831
0.006200 0.364928
0.006250 0.426038
0.006300 0.386267
0.006350 0.404179
0.006400 0.391431
0.006450 0.367985
0.006500 0.376223
0.006550 0.371585
0.006600 0.350213
0.006650 0.373779
0.006700 0.365065
0.006750 0.401703
0.006800 0.353783
0.006850 0.349771
0.006900 0.383600
0.006950 0.382998
0.007000 0.362467
0.007050 0.388179
0.007100 0.357342
0.007150 0.360372
0.007200 0.366180
0.007250 0.385496
0.007300 0.352093
0.007350 0.335119
0.007400 0.346954
0.007450 0.389578
0.007500 0.359915
0.007550 0.366833
0.007600 0.337256
0.007650 0.341372
0.007700 0.340854
0.007750 0.341350
0.007800 0.368318
0.007850 0.363338
0.007900 0.336875
0.007950 0.351909
0.008000 0.333657
0.008050 0.351753
0.008100 0.352659
0.008150 0.354147
0.008200 0.309039
0.008250 0.350829
0.008300 0.320808
0.008350 0.336852
0.008400 0.353763
0.008450 0.348943
0.008500 0.335894
0.008550 0.328012
0.008600 0.318328
0.008650 0.343864
0.008700 0.330707
0.008750 0.343081
0.008800 0.339090
0.008850 0.333132
0.008900 0.305115
0.008950 0.329967
0.009000 0.341178
0.009050 0.334250
0.009100 0.322504
0.009150 0.338036
0.009200 0.330197
0.009250 0.359669
0.009300 0.316178
0.009350 0.350432
0.009400 0.348431
0.009450 0.322695
0.009500 0.317418
0.009550 0.328044
0.009600 0.337921
0.009650 0.355371
0.009700 0.321461
0.009750 0.352731
0.009800 0.306908
0.009850 0.326758
0.009900 0.323275
0.009950 0.324783
0.010000 0.301031
0.010050 0.350495
0.010100 0.299645
0.010150 0.320909
0.010200 0.312190
0.010250 0.310594
0.010300 0.307981
0.010350 0.320971
0.010400 0.311199
0.010450 0.313505
0.010500 0.316094
0.010550 0.315154
0.010600 0.317220
0.010650 0.305656
0.010700 0.293321
0.010750 0.326643
0.010800 0.310556
0.010850 0.307796
0.010900 0.320144
0.010950 0.294416
0.011000 0.303509
0.011050 0.326303
0.011100 0.288114
0.011150 0.317538
0.011200 0.319266
0.011250 0.301612
0.011300 0.292153
0.011350 0.299473
0.011400 0.300052
0.011450 0.286180
0.011500 0.275623
0.011550 0.306721
0.011600 0.315653
0.011650 0.316773
0.011700 0.303600
0.011750 0.281318
0.011800 0.311158
0.011850 0.290474
0.011900 0.267883
0.011950 0.308157
0.012000 0.294499
0.012050 0.309737
0.012100 0.300891
0.012150 0.267805
0.012200 0.304653
0.012250 0.285893
0.012300 0.295087
0.012350 0.294995
0.012400 0.288951
0.012450 0.294859
0.012500 0.306385
0.012550 0.293125
0.012600 0.281501
0.012650 0.280939
0.012700 0.293400
0.012750 0.316528
0.012800 0.290349
0.012850 0.284783
0.012900 0.270887
0.012950 0.276093
0.013000 0.281905
0.013050 0.311649
0.013100 0.279951
0.013150 0.271671
0.013200 0.296709
0.013250 0.316999
0.013300 0.273992
0.013350 0.273400
0.013400 0.261256
0.013450 0.284368
0.013500 0.297732
0.013550 0.262848
0.013600 0.267183
0.013650 0.265011
0.013700 0.287586
0.013750 0.311808
0.013800 0.280358
0.013850 0.282222
0.013900 0.276034
0.013950 0.263358
0.014000 0.285971
0.014050 0.276697
0.014100 0.264795
0.014150 0.271813
0.014200 0.284624
0.014250 0.274422
0.014300 0.275036
0.014350 0.278266
0.014400 0.276056
0.014450 0.273550
0.014500 0.287913
0.014550 0.264481
0.014600 0.274519
0.014650 0.271741
0.014700 0.263936
0.014750 0.267316
0.014800 0.263916
0.014850 0.277782
0.014900 0.276854
0.014950 0.291832
0.015000 0.291022
0.015050 0.269078
0.015100 0.272988
0.015150 0.276952
0.015200 0.252300
0.015250 0.283724
0.015300 0.268808
0.015350 0.270084
0.015400 0.252538
0.015450 0.290016
0.015500 0.247945
0.015550 0.278489
0.015600 0.295570
0.015650 0.271694
0.015700 0.262407
0.015750 0.281169
0.015800 0.254792
0.015850 0.264748
0.015900 0.259819
0.015950 0.258377
0.016000 0.231255
0.016050 0.255413
0.016100 0.264630
0.016150 0.270706
0.016200 0.294401
0.016250 0.267471
0.016300 0.257635
0.016350 0.253297
0.016400 0.275252
0.016450 0.297420
0.016500 0.272468
0.016550 0.260912
0.016600 0.258587
0.016650 0.257589
0.016700 0.270329
0.016750 0.251611
0.016800 0.275199
0.016850 0.248647
0.016900 0.275432
0.016950 0.291246
0.017000 0.243443
0.017050 0.255421
0.017100 0.276091
0.017150 0.255673
0.017200 0.253372
0.017250 0.279780
0.017300 0.272075
0.017350 0.266401
0.017400 0.265574
0.017450 0.264050
0.017500 0.260768
0.017550 0.235996
0.017600 0.258325
0.017650 0.252889
0.017700 0.265877
0.017750 0.267949
0.017800 0.263622
0.017850 0.241010
0.017900 0.256990
0.017950 0.264474
0.018000 0.251092
0.018050 0.241952
0.018100 0.248355
0.018150 0.238077
0.018200 0.257289
0.018250 0.282891
0.018300 0.223568
0.018350 0.233320
0.018400 0.264195
0.018450 0.262031
0.018500 0.240195
0.018550 0.244231
0.018600 0.263975
0.018650 0.233023
0.018700 0.252831
0.018750 0.280327
0.018800 0.251124
0.018850 0.247778
0.018900 0.244414
0.018950 0.238752
0.019000 0.282965
0.019050 0.243113
0.019100 0.243170
0.019150 0.256676
0.019200 0.248351
0.019250 0.239583
0.019300 0.259393
0.019350 0.251429
0.019400 0.251191
0.019450 0.254859
0.019500 0.250352
0.019550 0.239154
0.019600 0.251065
0.019650 0.251255
0.019700 0.238814
0.019750 0.257966
0.019800 0.251466
0.019850 0.240148
0.019900 0.240722
0.019950 0.266508
0.020000 0.252395
0.020050 0.242203
0.020100 0.237584
0.020150 0.232534
0.020200 0.242844
0.020250 0.223600
0.020300 0.236781
0.020350 0.246395
0.020400 0.262631
0.020450 0.248243
0.020500 0.232934
0.020550 0.237708
0.020600 0.248719
0.020650 0.257747
0.020700 0.218292
0.020750 0.229310
0.020800 0.234994
0.020850 0.257864
0.020900 0.247804
0.020950 0.256998
0.021000 0.246477
0.021050 0.267115
0.021100 0.247721
0.021150 0.296035
0.021200 0.342997
0.021250 0.348973
0.021300 0.347735
0.021350 0.407267
0.021400 0.416168
0.021450 0.475442
0.021500 0.622623
0.021550 0.777307
0.021600 0.944317
0.021650 1.217935
0.021700 1.527358
0.021750 1.921294
0.021800 2.339319
0.021850 2.857403
0.021900 3.447460
0.021950 3.976794
0.022000 4.527284
0.022050 5.160086
0.022100 5.322162
0.022150 5.551792
0.022200 5.817981
0.022250 5.724997
0.022300 5.359004
0.022350 5.097022
0.022400 4.648153
0.022450 4.232149
0.022500 3.695539
0.022550 3.274579
0.022600 2.877460
0.022650 2.651060
0.022700 2.446757
0.022750 2.179031
0.022800 1.979868
0.022850 1.908050
0.022900 1.756315
0.022950 1.563531
0.023000 1.510062
0.023050 1.400316
0.023100 1.354189
0.023150 1.290573
0.023200 1.337660
0.023250 1.228456
0.023300 1.156823
0.023350 1.118409
0.023400 1.104122
0.023450 1.095370
0.023500 1.095498
0.023550 1.014430
0.023600 1.017501
0.023650 0.985979
0.023700 0.933347
0.023750 0.926545
0.023800 0.934479
0.023850 0.901347
0.023900 0.887159
0.023950 0.898795
0.024000 0.840752
0.024050 0.858978
0.024100 0.800998
0.024150 0.856876
0.024200 0.810276
0.024250 0.804206
0.024300 0.769361
0.024350 0.774801
0.024400 0.760222
0.024450 0.783770
0.024500 0.750012
0.024550 0.755896
0.024600 0.758855
0.024650 0.775167
0.024700 0.766330
0.024750 0.710316
0.024800 0.723540
0.024850 0.669114
0.024900 0.691703
0.024950 0.692427
0.025000 0.689146
0.025050 0.701406
0.025100 0.686576
0.025150 0.689800
0.025200 0.671832
0.025250 0.678550
0.025300 0.667562
0.025350 0.632124
0.025400 0.621926
0.025450 0.634618
0.025500 0.603950
0.025550 0.646830
0.025600 0.626863
0.025650 0.636591
0.025700 0.640196
0.025750 0.671170
0.025800 0.640284
0.025850 0.633046
0.025900 0.619538
0.025950 0.577352
0.026000 0.570872
0.026050 0.626996
0.026100 0.596626
0.026150 0.618482
0.026200 0.592164
0.026250 0.620400
0.026300 0.561316
0.026350 0.580568
0.026400 0.608924
0.026450 0.592922
0.026500 0.586919
0.026550 0.575563
0.026600 0.598789
0.026650 0.589573
0.026700 0.563721
0.026750 0.581141
0.026800 0.553552
0.026850 0.571002
0.026900 0.561601
0.026950 0.558629
0.027000 0.569167
0.027050 0.539657
0.027100 0.547452
0.027150 0.502524
0.027200 0.553815
0.027250 0.545877
0.027300 0.558136
0.027350 0.590192
0.027400 0.545565
0.027450 0.498495
0.027500 0.517841
0.027550 0.524599
0.027600 0.531949
0.027650 0.544881
0.027700 0.525140
0.027750 0.519750
0.027800 0.518789
0.027850 0.513919
0.027900 0.502876
0.027950 0.531536
0.028000 0.491349
0.028050 0.490289
0.028100 0.477966
0.028150 0.496600
0.028200 0.486521
0.028250 0.504691
0.028300 0.430539
0.028350 0.475845
0.028400 0.504893
0.028450 0.486217
0.028500 0.499421
0.028550 0.465793
0.028600 0.483561
0.028650 0.497981
0.028700 0.465329
0.028750 0.479165
0.028800 0.505193
0.028850 0.485697
0.028900 0.470155
0.028950 0.479475
0.029000 0.474321
0.029050 0.499407
0.029100 0.458163
0.029150 0.447661
0.029200 0.453488
0.029250 0.452316
0.029300 0.485187
0.029350 0.492357
0.029400 0.431242
0.029450 0.451238
0.029500 0.456564
0.029550 0.478496
0.029600 0.477415
0.029650 0.477519
0.029700 0.460966
0.029750 0.453868
0.029800 0.446140
0.029850 0.472462
0.029900 0.450400
0.029950 0.469030
0.030000 0.452297
0.030050 0.454145
0.030100 0.444548
0.030150 0.431886
0.030200 0.451229
0.030250 0.419161
0.030300 0.437318
0.030350 0.443408
0.030400 0.462929
0.030450 0.452049
0.030500 0.449061
0.030550 0.417297
0.030600 0.432581
0.030650 0.472503
0.030700 0.454813
0.030750 0.424719
0.030800 0.419161
0.030850 0.434591
0.030900 0.417292
0.030950 0.416032
0.031000 0.437125
0.031050 0.414161
0.031100 0.408533
0.031150 0.469649
0.031200 0.430437
0.031250 0.446127
0.031300 0.394179
0.031350 0.449373
0.031400 0.439418
0.031450 0.406738
0.031500 0.412396
0.031550 0.420612
0.031600 0.383927
0.031650 0.419347
0.031700 0.410488
0.031750 0.428302
0.031800 0.408620
0.031850 0.410540
0.031900 0.414389
0.031950 0.408659
0.032000 0.413161
0.032050 0.376599
0.032100 0.386808
0.032150 0.391272
0.032200 0.446070
0.032250 0.415208
0.032300 0.388734
0.032350 0.364732
0.032400 0.389297
0.032450 0.384079
0.032500 0.402927
0.032550 0.382093
0.032600 0.372267
0.032650 0.398369
0.032700 0.418699
0.032750 0.418133
0.032800 0.407055
0.032850 0.386717
0.032900 0.415055
0.032950 0.419765
0.033000 0.387483
0.033050 0.396763
0.033100 0.404099
0.033150 0.378935
0.033200 0.384915
0.033250 0.416899
0.033300 0.414346
0.033350 0.425812
0.033400 0.391171
0.033450 0.386527
0.033500 0.375826
0.033550 0.398008
0.033600 0.410197
0.033650 0.367175
0.033700 0.371889
0.033750 0.400963
0.033800 0.383456
0.033850 0.383502
0.033900 0.376761
0.033950 0.391073
0.034000 0.370039
0.034050 0.400747
0.034100 0.391979
0.034150 0.397539
0.034200 0.404496
0.034250 0.357978
0.034300 0.353853
0.034350 0.370353
0.034400 0.384861
0.034450 0.380805
0.034500 0.391936
0.034550 0.363674
0.034600 0.363705
0.034650 0.388723
0.034700 0.386747
0.034750 0.382677
0.034800 0.396017
0.034850 0.397551
0.034900 0.341077
0.034950 0.366963
0.035000 0.363521
0.035050 0.363577
0.035100 0.385429
0.035150 0.367953
0.035200 0.375080
0.035250 0.344822
0.035300 0.349788
0.035350 0.359026
0.035400 0.361925
0.035450 0.352059
0.035500 0.374149
0.035550 0.354327
0.035600 0.354388
0.035650 0.363734
0.035700 0.360967
0.035750 0.353895
0.035800 0.366155
0.035850 0.371289
0.035900 0.338340
0.035950 0.377256
0.036000 0.387497
0.036050 0.357351
0.036100 0.367570
0.036150 0.363354
0.036200 0.347523
0.036250 0.337437
0.036300 0.359300
0.036350 0.344128
0.036400 0.380655
0.036450 0.337765
0.036500 0.329789
0.036550 0.359115
0.036600 0.357045
0.036650 0.352033
0.036700 0.362438
0.036750 0.332408
0.036800 0.313313
0.036850 0.365729
0.036900 0.319335
0.036950 0.340095
0.037000 0.358719
0.037050 0.360355
0.037100 0.330794
0.037150 0.331620
0.037200 0.359272
0.037250 0.350484
0.037300 0.350627
0.037350 0.330577
0.037400 0.354640
0.037450 0.342052
0.037500 0.342934
0.037550 0.355854
0.037600 0.337955
0.037650 0.356933
0.037700 0.343524
0.037750 0.354256
0.037800 0.330211
0.037850 0.366713
0.037900 0.351750
0.037950 0.340530
0.038000 0.329268
0.038050 0.359112
0.038100 0.375342
0.038150 0.318294
0.038200 0.320694
0.038250 0.343788
0.038300 0.330926
0.038350 0.358720
0.038400 0.334333
0.038450 0.362213
0.038500 0.326211
0.038550 0.362639
0.038600 0.356696
0.038650 0.351506
0.038700 0.319948
0.038750 0.327846
0.038800 0.338885
0.038850 0.329741
0.038900 0.340818
0.038950 0.338680
0.039000 0.309982
0.039050 0.312456
0.039100 0.337649
0.039150 0.312765
0.039200 0.330963
0.039250 0.326439
0.039300 0.359676
0.039350 0.330790
0.039400 0.315998
0.039450 0.313002
0.039500 0.336100
0.039550 0.337904
0.039600 0.343682
0.039650 0.347102
0.039700 0.295682
0.039750 0.341182
0.039800 0.312735
0.039850 0.344033
0.039900 0.361868
0.039950 0.309372
0.040000 0.349597
0.040050 0.329825
0.040100 0.318814
0.040150 0.323844
0.040200 0.320040
0.040250 0.355718
0.040300 0.328585
0.040350 0.311857
0.040400 0.310440
0.040450 0.325220
0.040500 0.327081
0.040550 0.323267
0.040600 0.312124
0.040650 0.320478
0.040700 0.317455
0.040750 0.303815
0.040800 0.289310
0.040850 0.307474
0.040900 0.310146
0.040950 0.323490
0.041000 0.315539
0.041050 0.319891
0.041100 0.318500
0.041150 0.345122
0.041200 0.335543
0.041250 0.330887
0.041300 0.336140
0.041350 0.310778
0.041400 0.298590
0.041450 0.308770
0.041500 0.307355
0.041550 0.314257
0.041600 0.313689
0.041650 0.323963
0.041700 0.320081
0.041750 0.346283
0.041800 0.315665
0.041850 0.312593
0.041900 0.324614
0.041950 0.318200
0.042000 0.300832
0.042050 0.304454
0.042100 0.308934
0.042150 0.337908
0.042200 0.314597
0.042250 0.319969
0.042300 0.302493
0.042350 0.340077
0.042400 0.302235
0.042450 0.318661
0.042500 0.306213
0.042550 0.311615
0.042600 0.312773
0.042650 0.354929
0.042700 0.303185
0.042750 0.277797
0.042800 0.289173
0.042850 0.325473
0.042900 0.328401
0.042950 0.336501
0.043000 0.299859
0.043050 0.327741
0.043100 0.283230
0.043150 0.304230
0.043200 0.331360
0.043250 0.327410
0.043300 0.291369
0.043350 0.315965
0.043400 0.305019
0.043450 0.284467
0.043500 0.323945
0.043550 0.312113
0.043600 0.295877
0.043650 0.297067
0.043700 0.292138
0.043750 0.304714
0.043800 0.303303
0.043850 0.312425
0.043900 0.298726
0.043950 0.322822
0.044000 0.311762
0.044050 0.320070
0.044100 0.288673
0.044150 0.311095
0.044200 0.309700
0.044250 0.319820
0.044300 0.316671
0.044350 0.293977
0.044400 0.316547
0.044450 0.321395
0.044500 0.288839
0.044550 0.307911
0.044600 0.313654
0.044650 0.314948
0.044700 0.288503
0.044750 0.288851
0.044800 0.303554
0.044850 0.305736
0.044900 0.283654
0.044950 0.317300
0.045000 0.292495
0.045050 0.271217
0.045100 0.291408
0.045150 0.280932
0.045200 0.303908
0.045250 0.295252
0.045300 0.292918
0.045350 0.284222
0.045400 0.281862
0.045450 0.303156
0.045500 0.288993
0.045550 0.297585
0.045600 0.278817
0.045650 0.312087
0.045700 0.316188
0.045750 0.305648
0.045800 0.294158
0.045850 0.287222
0.045900 0.294050
0.045950 0.302742
0.046000 0.288439
0.046050 0.310971
0.046100 0.304042
0.046150 0.288776
0.046200 0.274387
0.046250 0.280325
0.046300 0.286284
0.046350 0.312680
0.046400 0.292713
0.046450 0.299653
0.046500 0.269377
0.046550 0.276285
0.046600 0.283217
0.046650 0.293909
0.046700 0.303702
0.046750 0.298552
0.046800 0.301820
0.046850 0.295720
0.046900 0.288663
0.046950 0.265605
0.047000 0.305522
0.047050 0.279628
0.047100 0.288544
0.047150 0.287106
0.047200 0.313070
0.047250 0.281412
0.047300 0.287535
0.047350 0.297471
0.047400 0.288460
0.047450 0.281322
0.047500 0.296036
0.047550 0.306990
0.047600 0.285578
0.047650 0.268870
0.047700 0.287446
0.047750 0.303214
0.047800 0.290323
0.047850 0.263981
0.047900 0.313319
0.047950 0.292733
0.048000 0.271123
0.048050 0.264839
0.048100 0.271056
0.048150 0.282114
0.048200 0.273908
0.048250 0.291760
0.048300 0.290329
0.048350 0.280183
0.048400 0.274852
0.048450 0.285996
0.048500 0.274843
0.048550 0.269489
0.048600 0.295256
0.048650 0.293832
0.048700 0.271930
0.048750 0.291930
0.048800 0.269005
0.048850 0.273395
0.048900 0.298359
0.048950 0.283221
0.049000 0.270000
0.049050 0.246920
0.049100 0.277836
0.049150 0.287200
0.049200 0.295609
0.049250 0.292213
0.049300 0.281899
0.049350 0.285387
0.049400 0.288887
0.049450 0.274579
0.049500 0.256265
0.049550 0.302377
0.049600 0.246351
0.049650 0.262719
0.049700 0.292073
0.049750 0.294625
0.049800 0.296189
0.049850 0.259835
0.049900 0.290306
