0.02551 -0.0250000004 -0.0292360283 -0.0192420022 asynchronous_release_0
0.02746 -0.0250000004 0.0147457193 -0.0317421449 synchronous_release_0
0.027596 -0.0250000004 0.0340276316 -0.00819269712 synchronous_release_0
0.027524 -0.0250000004 0.0184359363 -0.0297509034 asynchronous_release_1
0.034829 -0.0250000004 0.0349505463 -0.00185992324 asynchronous_release_0
0.023438 -0.0250000004 0.0346961713 0.00460170603 synchronous_release_0
0.013909 -0.0250000004 0.0318486898 -0.0145141641 synchronous_release_0
0.044813 -0.0250000004 0.0349985292 0.000320865956 asynchronous_release_0
0.025023 -0.0250000004 -0.0254894332 0.0239851787 asynchronous_release_0
0.028498 -0.0250000004 -0.0221619554 -0.027089624 synchronous_release_1
0.03496 -0.0250000004 0.0308837609 -0.016467948 asynchronous_release_0
0.00355 -0.0250000004 0.034177258 -0.00754420554 synchronous_release_0
0.04047 -0.0250000004 0.0340559917 -0.00807399704 asynchronous_release_0
0.01161 -0.0250000004 0.0287324798 -0.0199861103 synchronous_release_0
0.024365 -0.0250000004 0.000999980133 -6.30346314e-06 synchronous_release_0
0.005375 -0.0250000004 0.0325544078 -0.0128534248 synchronous_release_0
0.025528 -0.0250000004 0.0343744392 -0.00658771046 synchronous_release_0
0.023865 -0.0250000004 0.0193174368 -0.0291862405 synchronous_release_0
0.024214 -0.0250000004 0.00567864013 -0.034536257 synchronous_release_0
0.045643 -0.0250000004 0.0270699558 0.0221859751 synchronous_release_0
0.025434 -0.0250000004 -0.00780565431 0.0341184959 synchronous_release_0
0.005089 -0.0250000004 0.0291195731 -0.0194177873 synchronous_release_0
0.023497 -0.0250000004 0.0340896165 -0.007930829 synchronous_release_0
0.02378 -0.0250000004 0.0243526821 0.0251385536 asynchronous_release_1
0.028651 -0.0250000004 -0.00579210754 0.0345174085 synchronous_release_0
0.027917 -0.0250000004 0.00635293641 -0.0344186025 synchronous_release_0
0.048406 -0.0250000004 -0.0160539637 0.0311009686 spontaneous_release
0.029566 -0.0250000004 0.0339837014 -0.00837305437 asynchronous_release_0
0.005038 -0.0250000004 0.0340403158 -0.00813983426 synchronous_release_0
0.028347 -0.0250000004 0.0179291913 0.0300590103 synchronous_release_0
0.002515 -0.0250000004 0.0349606722 0.00165873349 synchronous_release_0
0.028474 -0.0250000004 -0.0125523144 0.0326716912 synchronous_release_0
0.014538 -0.0250000004 0.00548222244 0.0345679799 synchronous_release_1
0.024289 -0.0250000004 0.00833927041 -0.0339920074 asynchronous_release_0
0.01496 -0.0250000004 0.0231275342 0.0262700811 asynchronous_release_0
0.002713 -0.0250000004 -0.00456610834 -0.034700874 synchronous_release_0
0.023807 -0.0250000004 0.0348160068 -0.00358408605 synchronous_release_0
0.02592 -0.0250000004 -0.023745629 0.025712742 synchronous_release_0
0.027477 -0.0250000004 0.0349833839 0.00107835705 synchronous_release_0
0.029374 -0.0250000004 0.00452688914 0.0347060121 asynchronous_release_0
0.004974 -0.0250000004 -0.0192098421 -0.0292571695 synchronous_release_0
0.023283 -0.0250000004 0.0238051941 -0.0256576058 asynchronous_release_4
0.043577 -0.0250000004 -0.0204206728 -0.0284252726 asynchronous_release_0
0.005403 -0.0250000004 0.0310373778 0.0161765627 synchronous_release_0
0.02691 -0.0250000004 0.0311059297 0.0160443491 synchronous_release_0
0.028998 -0.0250000004 0.000386691823 -0.000922208997 synchronous_release_1
0.029486 -0.0250000004 0.020320865 -0.0284967094 asynchronous_release_0
0.024255 -0.0250000004 0.000155564568 -0.000987825726 synchronous_release_0
0.023111 -0.0250000004 0.0319204075 0.014355751 synchronous_release_0
0.044829 -0.0250000004 -0.0179639208 0.0300382681 asynchronous_release_0
0.038114 -0.0250000004 -0.032592586 -0.0127563058 asynchronous_release_0
0.025253 -0.0250000004 0.010506974 -0.033385678 synchronous_release_0
0.040608 -0.0250000004 0.0326993911 0.0124799768 asynchronous_release_0
0.022988 -0.0250000004 0.0344013423 -0.00644574635 synchronous_release_1
0.045604 -0.0250000004 0.0334357267 0.0103466023 asynchronous_release_0
0.043253 -0.0250000004 0.0605319551 -0.00329884973 asynchronous_release_0
0.025576 -0.0250000004 0.0315774556 -0.0150951747 synchronous_release_1
0.047855 -0.0250000004 0.00429468453 -0.0347355104 asynchronous_release_0
0.026873 -0.0250000004 0.0144535814 -0.0318762291 synchronous_release_0
0.027053 -0.0250000004 0.0343368189 -0.00678106674 synchronous_release_0
0.04207 -0.0250000004 -0.00236752133 0.0349198345 synchronous_release_0
0.023376 -0.0250000004 0.000620286481 -0.0349945031 synchronous_release_0
0.012566 -0.0250000004 0.030641859 0.0169137954 asynchronous_release_0
0.049434 -0.0250000004 0.0331269791 0.011296161 asynchronous_release_0
0.028188 -0.0250000004 0.0346886597 -0.00465799163 asynchronous_release_0
0.022412 -0.0250000004 -0.0205913699 0.0283018636 synchronous_release_0
0.022926 -0.0250000004 0.0349049018 -0.00257833926 synchronous_release_0
0.024218 -0.0250000004 0.0297577657 -0.0184248576 synchronous_release_1
0.049645 -0.0250000004 0.000831009099 0.000556258823 asynchronous_release_0
0.015523 -0.0250000004 -0.0331700643 -0.0111690121 synchronous_release_0
0.022982 -0.0250000004 0.0329666896 0.0117557382 asynchronous_release_0
0.025297 -0.0250000004 0.0051505685 -0.0346189492 asynchronous_release_0
0.023237 -0.0250000004 -0.0302742622 -0.017563287 asynchronous_release_0
0.025206 -0.0250000004 0.0233725276 -0.0260523502 asynchronous_release_0
0.037179 -0.0250000004 -0.0104258504 -0.0334111006 asynchronous_release_0
0.023033 -0.0250000004 0.0157053735 -0.0312784469 synchronous_release_0
0.022933 -0.0250000004 0.0143981539 0.0319013035 synchronous_release_0
0.026776 -0.0250000004 -0.0230704872 -0.0263201941 synchronous_release_0
0.018529 -0.0250000004 -0.0161700356 -0.0310407788 asynchronous_release_0
0.023574 -0.0250000004 0.0272567811 -0.0219560443 synchronous_release_0
0.014117 -0.0250000004 0.0298215235 -0.018321483 synchronous_release_0
0.026113 -0.0250000004 0.0250387031 -0.0244553338 synchronous_release_0
0.022818 -0.0250000004 0.00034628433 0.000938129609 synchronous_release_0
0.022702 -0.0250000004 0.0281491615 0.0207996324 synchronous_release_0
0.049973 -0.0250000004 -0.00301216121 -0.0348701432 asynchronous_release_0
0.035648 -0.0250000004 0.0234459442 0.0259862984 asynchronous_release_0
0.048204 -0.0250000004 -0.00757891132 0.0341695786 asynchronous_release_0
0.006963 -0.0250000004 0.034715659 -0.00445230472 synchronous_release_0
0.027143 -0.0250000004 -0.0349569723 0.00173495948 synchronous_release_0
0.023045 -0.0250000004 0.00348382693 -0.034826182 synchronous_release_0
0.022455 -0.0250000004 0.00416454066 0.0347513539 synchronous_release_0
0.034913 -0.0250000004 0.0180408217 0.0299921448 synchronous_release_0
0.049241 -0.0250000004 0.0345941469 -0.00531460265 asynchronous_release_0
0.036234 -0.0250000004 0.0249200493 0.0245762313 asynchronous_release_0
0.022487 -0.0250000004 -0.0345975198 0.00529260068 synchronous_release_0
0.02757 -0.0250000004 0.0304816497 0.0172008439 asynchronous_release_0
0.022351 -0.0250000004 0.0348342763 0.00340193992 synchronous_release_0
0.004838 -0.0250000004 0.0319709038 -0.0142429391 synchronous_release_0
0.040184 -0.0250000004 0.0282994193 -0.0205947291 asynchronous_release_0
0.036444 -0.0250000004 -0.0341160393 -0.00781638436 asynchronous_release_0
0.010272 -0.0250000004 0.00541332901 0.0345788356 synchronous_release_0
0.010239 -0.0250000004 0.0339656507 0.00844597968 asynchronous_release_0
0.030968 -0.0250000004 0.0335069407 -0.010113601 asynchronous_release_0
0.022546 -0.0250000004 0.0199632764 -0.0287483494 synchronous_release_0
0.024496 -0.0250000004 0.0151785087 0.0315374836 synchronous_release_0
0.015348 -0.0250000004 0.0349862685 0.000980312812 synchronous_release_0
0.027369 -0.0250000004 0.0103892495 0.0334224998 synchronous_release_0
0.037959 -0.0250000004 -0.0086312925 0.0339190329 asynchronous_release_0
0.023621 -0.0250000004 -0.0216158809 -0.0275273263 synchronous_release_0
0.047798 -0.0250000004 0.0135042151 -0.0322898773 asynchronous_release_1
0.024249 -0.0250000004 0.0292271784 -0.0192554419 synchronous_release_0
0.023264 -0.0250000004 -0.000969626636 0.000244589833 synchronous_release_0
0.02282 -0.0250000004 0.0185530423 0.0296780158 synchronous_release_1
0.026433 -0.0250000004 0.0307987161 -0.0166264574 synchronous_release_0
0.03985 -0.0250000004 0.0251081095 -0.0243840694 asynchronous_release_0
0.022727 -0.0250000004 0.0259043275 0.0235364784 synchronous_release_0
0.0232 -0.0250000004 0.0323756669 0.013297225 synchronous_release_0
0.024868 -0.0250000004 2.19117203e-05 -0.000999759909 synchronous_release_0
0.023141 -0.0250000004 0.0249815298 -0.0245137343 synchronous_release_0
0.031634 -0.0250000004 -0.0255136638 0.0239594023 synchronous_release_0
0.048515 -0.0250000004 0.0255136638 -0.0239594023 synchronous_release_0
0.03427 -0.0250000004 -0.030318264 0.0174872202 asynchronous_release_0
0.02424 -0.0250000004 -0.00227121095 0.0349262308 synchronous_release_0
0.02324 -0.0250000004 -0.000901319527 -0.000433154833 synchronous_release_0
0.030812 -0.0250000004 0.0258543448 -0.0235913724 asynchronous_release_0
0.022508 -0.0250000004 0.0262782013 -0.0231183073 synchronous_release_1
0.009009 -0.0250000004 -0.000382029114 0.000924150289 asynchronous_release_0
0.028766 -0.0250000004 0.026063498 0.0233600957 asynchronous_release_0
0.02842 -0.0250000004 0.0235248968 -0.0259148458 asynchronous_release_0
0.003804 -0.0250000004 0.000108966392 -0.000994045434 asynchronous_release_0
0.027588 -0.0250000004 -0.0113000948 0.0331256375 synchronous_release_0
0.022315 -0.0250000004 0.0344071078 -0.00641489905 synchronous_release_0
0.035066 -0.0250000004 0.0201825806 -0.0285948149 synchronous_release_0
0.042115 -0.0250000004 0.0349877664 0.000925311534 asynchronous_release_0
0.042093 -0.0250000004 -0.0102372884 -0.033469358 asynchronous_release_0
0.007726 -0.0250000004 0.0349659329 -0.00154386958 synchronous_release_0
0.034498 -0.0250000004 -0.00068741154 -0.000726268115 synchronous_release_0
0.039249 -0.0250000004 0.0290820452 -0.0194739478 asynchronous_release_0
0.025377 -0.0250000004 -0.0278800436 0.0211589974 synchronous_release_0
0.047067 -0.0250000004 0.0264697972 -0.0228986863 asynchronous_release_0
0.036442 -0.0250000004 0.0323900681 0.0132621071 asynchronous_release_0
0.047836 -0.0250000004 0.0291817513 0.0193242177 asynchronous_release_0
0.023598 -0.0250000004 0.0129496728 0.0325162417 synchronous_release_0
0.023677 -0.0250000004 0.00158105693 0.0349642712 asynchronous_release_0
0.047721 -0.0250000004 -0.0271445239 -0.0220946785 asynchronous_release_0
0.025991 -0.0250000004 -0.00099990461 1.38120018e-05 synchronous_release_0
0.012036 -0.0250000004 0.0265522938 -0.0228029756 synchronous_release_0
0.031919 -0.0250000004 0.0304588735 0.0172411434 asynchronous_release_0
0.006228 -0.0250000004 -0.000713576997 0.000700576812 synchronous_release_0
0.025292 -0.0250000004 0.0161008868 -0.0310767026 synchronous_release_0
0.039572 -0.0250000004 -0.0337122938 0.00940644708 synchronous_release_0
0.044602 -0.0250000004 0.00184771793 -0.0349511937 asynchronous_release_0
0.027953 -0.0250000004 -0.0197284377 -0.0289100112 synchronous_release_0
0.035187 -0.0250000004 0.0128518665 0.0325550231 asynchronous_release_0
0.045743 -0.0250000004 -0.0282196216 -0.0207039358 synchronous_release_0
0.036954 -0.0250000004 0.000699153746 -0.000714971356 asynchronous_release_0
0.0216 -0.0250000004 -0.0330486231 0.0115233896 asynchronous_release_0
0.004125 -0.0250000004 -0.01867448 -0.0296017533 synchronous_release_0
0.005048 -0.0250000004 -0.00404963705 0.0347649312 synchronous_release_0
0.046082 -0.0250000004 0.0349289495 0.0022290109 synchronous_release_0
0.04011 -0.0250000004 0.0122336944 -0.0327923272 synchronous_release_0
0.027533 -0.0250000004 0.0340228229 0.00821264388 synchronous_release_0
0.023082 -0.0250000004 0.0201735671 -0.0286011746 synchronous_release_0
0.049531 -0.0250000004 -0.0120500329 -0.0328602603 asynchronous_release_0
0.005447 -0.0250000004 0.0335906913 -0.00983185917 asynchronous_release_0
0.042595 -0.0250000004 0.0154899116 -0.0313857076 asynchronous_release_0
0.021014 -0.0250000004 -0.00618481882 -0.0344492092 asynchronous_release_0
0.015914 -0.0250000004 0.00986706419 -0.0335803669 synchronous_release_0
0.038099 -0.0250000004 0.0260826098 0.0233387546 synchronous_release_0
0.025295 -0.0250000004 0.00749227872 0.0341886788 synchronous_release_0
0.027749 -0.0250000004 0.0333544037 0.0106058357 synchronous_release_0
0.024859 -0.0250000004 0.0336845994 -0.00950514415 synchronous_release_0
0.026201 -0.0250000004 0.0272712199 -0.0219381076 asynchronous_release_0
0.014437 -0.0250000004 -0.0160309915 -0.0311128159 synchronous_release_0
0.04705 -0.0250000004 0.0257274269 -0.0237297177 asynchronous_release_0
0.022803 -0.0250000004 0.0299961968 0.0180340837 synchronous_release_1
0.023645 -0.0250000004 -0.000974042722 -0.000226364255 synchronous_release_1
0.026665 -0.0250000004 0.0339396284 -0.0085499487 synchronous_release_0
0.023753 -0.0250000004 0.0334653879 0.010250259 asynchronous_release_0
0.022274 -0.0250000004 0.023527865 -0.0259121509 synchronous_release_0
0.030169 -0.0250000004 0.000687266641 -0.000726405234 synchronous_release_0
0.025751 -0.0250000004 0.0308966536 -0.0164437464 synchronous_release_0
0.045633 -0.0250000004 -0.0206806026 0.0282367257 asynchronous_release_0
0.022502 -0.0250000004 0.0245093191 -0.0249858615 synchronous_release_0
0.037203 -0.0250000004 -0.0338930504 -0.00873276225 synchronous_release_0
0.017213 -0.0250000004 0.00980410237 0.0335988032 asynchronous_release_0
0.029295 -0.0250000004 0.0158586577 -0.0312010092 synchronous_release_0
0.023844 -0.0250000004 0.0225641861 -0.0267555135 synchronous_release_1
0.027589 -0.0250000004 -0.000547156248 -0.000837030489 synchronous_release_0
0.022374 -0.0250000004 0.0349633689 -0.00160088672 synchronous_release_0
0.009135 -0.0250000004 -0.00029082122 -0.0349987917 synchronous_release_1
0.033516 -0.0250000004 0.0344872718 -0.00596892628 asynchronous_release_0
0.032435 -0.0250000004 0.0337271198 -0.00935314881 asynchronous_release_0
0.029577 -0.0250000004 0.0107527189 -0.0333073421 asynchronous_release_0
0.009374 -0.0250000004 0.0341407387 0.00770778581 asynchronous_release_0
0.029117 -0.0250000004 0.0349765418 0.00128122029 synchronous_release_0
0.022933 -0.0250000004 0.0117861768 -0.0329558195 asynchronous_release_0
0.037065 -0.0250000004 0.00708082001 0.0342762598 asynchronous_release_0
0.034209 -0.0250000004 0.0112304946 0.0331492985 synchronous_release_0
0.028099 -0.0250000004 -0.000379707902 -0.000925106431 synchronous_release_0
0.022641 -0.0250000004 0.0258935065 0.0235483826 synchronous_release_0
0.022843 -0.0250000004 0.0349979975 0.000374390071 synchronous_release_0
0.020083 -0.0250000004 -0.000953921901 -0.000300055006 asynchronous_release_0
0.049125 -0.0250000004 0.0174635548 -0.0303319016 asynchronous_release_0
0.004016 -0.0250000004 0.0318284458 0.0145585039 synchronous_release_0
0.041915 -0.0250000004 0.000322473926 0.000946578347 synchronous_release_0
0.037507 -0.0250000004 -0.0266086182 0.0227372258 asynchronous_release_0
0.023728 -0.0250000004 0.0331678176 0.0111756823 synchronous_release_0
0.023307 -0.0250000004 0.028740125 0.0199751149 synchronous_release_0
0.046685 -0.0250000004 0.00688059558 -0.0343170133 asynchronous_release_0
0.0271 -0.0250000004 0.0316739951 0.0148915424 synchronous_release_0
0.026036 -0.0250000004 -0.0349534156 -0.00180519653 asynchronous_release_0
0.02788 -0.0250000004 0.0349328777 -0.00216657644 synchronous_release_0
0.030615 -0.0250000004 -0.0195670107 -0.0290195123 asynchronous_release_0
0.022521 -0.0250000004 0.0218309502 -0.0273570761 synchronous_release_0
0.029797 -0.0250000004 0.0345151735 -0.00580541141 asynchronous_release_0
0.027412 -0.0250000004 0.0163917396 -0.0309242764 asynchronous_release_0
0.034999 -0.0250000004 -0.0140736986 0.0320457643 asynchronous_release_0
0.028579 -0.0250000004 0.025682609 -0.0237782168 synchronous_release_0
0.030106 -0.0250000004 0.0283133457 -0.0205755791 synchronous_release_0
0.02295 -0.0250000004 0.0283444139 -0.0205327592 synchronous_release_1
0.029119 -0.0250000004 0.0341401602 0.00771034752 asynchronous_release_0
0.033944 -0.0250000004 0.0297625488 -0.0184171303 synchronous_release_0
0.022654 -0.0250000004 0.0252883717 -0.0241970713 synchronous_release_1
0.043628 -0.0250000004 0.0319194508 0.014357878 synchronous_release_0
0.022504 -0.0250000004 0.0314515131 0.0153558564 synchronous_release_0
0.042468 -0.0250000004 0.0333010102 0.0107723126 asynchronous_release_0
0.029992 -0.0250000004 -0.0082849161 -0.0340052961 asynchronous_release_0
0.028276 -0.0250000004 -0.000228006932 -0.0349992573 synchronous_release_0
0.047044 -0.0250000004 0.0349957092 0.000548030365 asynchronous_release_0
0.015442 -0.0250000004 -0.0145063991 -0.0318522273 asynchronous_release_0
0.030014 -0.0250000004 0.00905910014 0.0338072877 synchronous_release_0
0.032199 -0.0250000004 0.0243314634 0.0251590916 asynchronous_release_0
0.024012 -0.0250000004 0.0283275873 -0.0205559675 synchronous_release_0
0.02598 -0.0250000004 0.0318118226 -0.0145947917 asynchronous_release_0
0.022835 -0.0250000004 0.0165261635 -0.0308526485 synchronous_release_0
0.034823 -0.0250000004 -0.0112473177 0.0331435943 asynchronous_release_0
0.024362 -0.0250000004 0.0349939739 0.000649454027 synchronous_release_0
0.046616 -0.0250000004 -0.0175781702 -0.030265623 asynchronous_release_0
0.038805 -0.0250000004 0.0341748641 -0.00755504221 asynchronous_release_0
0.039818 -0.0250000004 -0.000846968263 -0.000531643453 asynchronous_release_0
0.026237 -0.0250000004 0.0270097826 -0.0222591924 synchronous_release_0
0.020021 -0.0250000004 0.000954564327 0.000298004944 asynchronous_release_0
0.037191 -0.0250000004 0.026592438 0.0227561474 asynchronous_release_0
0.029659 -0.0250000004 0.0330036207 -0.0116516531 asynchronous_release_1
0.022676 -0.0250000004 0.0198967429 -0.0287944373 synchronous_release_1
0.022616 -0.0250000004 0.0279948073 0.0210069219 synchronous_release_0
0.044201 -0.0250000004 0.0181709127 0.0299135075 asynchronous_release_0
0.034332 -0.0250000004 -0.000906901841 -0.000421341965 synchronous_release_0
0.030836 -0.0250000004 -0.0312207608 0.0158197375 asynchronous_release_0
0.022704 -0.0250000004 0.0329651288 -0.011760114 synchronous_release_0
0.022496 -0.0250000004 -0.0181273179 -0.0299399456 synchronous_release_0
0.025397 -0.0250000004 0.0242423182 0.0252449996 synchronous_release_0
0.037351 -0.0250000004 -0.0348973648 -0.00267841927 asynchronous_release_0
0.037675 -0.0250000004 0.0324897505 -0.0130159945 asynchronous_release_0
0.042806 -0.0250000004 0.000319607104 -0.000947550156 synchronous_release_0
0.04875 -0.0250000004 0.0204929441 0.0283732134 asynchronous_release_0
0.024686 -0.0250000004 0.000741406395 -0.000671056299 asynchronous_release_0
0.046929 -0.0250000004 -0.0141448207 0.032014435 asynchronous_release_0
0.04876 -0.0250000004 0.0303844106 0.0173720347 asynchronous_release_0
0.02665 -0.0250000004 0.0326741145 -0.0125460051 synchronous_release_0
0.022433 -0.0250000004 -0.000731718871 0.000681606554 synchronous_release_0
0.042033 -0.0250000004 -0.0245347211 0.0249609187 asynchronous_release_0
0.034986 -0.0250000004 0.0342871025 -0.00702812932 synchronous_release_0
0.022134 -0.0250000004 -0.000769497359 -0.000638649993 asynchronous_release_0
0.023248 -0.0250000004 0.0349641543 0.00158363893 synchronous_release_0
0.04386 -0.0250000004 0.00100067544 0.0349856921 synchronous_release_0
0.02755 -0.0250000004 0.0145179225 -0.0318469767 synchronous_release_0
0.033576 -0.0250000004 0.0341561165 0.00763935224 synchronous_release_1
0.022986 -0.0250000004 0.0333610968 0.0105847637 synchronous_release_0
0.023384 -0.0250000004 0.0275040396 -0.0216455031 synchronous_release_0
0.022656 -0.0250000004 0.0348690964 -0.00302425416 synchronous_release_0
0.030065 -0.0250000004 -0.0211202799 -0.0279093851 synchronous_release_0
0.037131 -0.0250000004 -0.0062461411 -0.0344381434 asynchronous_release_0
0.008772 -0.0250000004 0.0295684775 -0.0187271231 synchronous_release_0
0.015027 -0.0250000004 0.00632472788 0.0344237973 asynchronous_release_0
0.04284 -0.0250000004 -0.00317138422 -0.0348560228 asynchronous_release_0
