0.00000	9.18000
0.00005	5.50800
0.00010	5.50800
0.00015	5.50800
0.00020	7.34400
0.00025	22.03200
0.00030	22.03200
0.00035	36.72000
0.00040	12.85200
0.00045	31.21200
0.00050	14.68800
0.00055	1.83600
0.00060	29.37600
0.00065	36.72000
0.00070	22.03200
0.00075	-0.00000
0.00080	9.18000
0.00085	3.67200
0.00090	29.37600
0.00095	3.67200
0.00100	33.04800
0.00105	82.62000
0.00110	45.90000
0.00115	69.76800
0.00120	45.90000
0.00125	44.06400
0.00130	66.09600
0.00135	100.98000
0.00140	214.81200
0.00145	268.05600
0.00150	356.18400
0.00155	319.46400
0.00160	655.45200
0.00165	806.00400
0.00170	980.42400
0.00175	1220.94000
0.00180	1507.35600
0.00185	1589.97600
0.00190	2069.17200
0.00195	2451.06000
0.00200	2972.48400
0.00205	3000.02400
0.00210	3280.93200
0.00215	3361.71600
0.00220	3444.33600
0.00225	3565.51200
0.00230	3436.99200
0.00235	3132.21600
0.00240	2899.04400
0.00245	2737.47600
0.00250	2217.88800
0.00255	1981.04400
0.00260	1896.58800
0.00265	1496.34000
0.00270	1323.75600
0.00275	1094.25600
0.00280	1083.24000
0.00285	1125.46800
0.00290	758.26800
0.00295	912.49200
0.00300	756.43200
0.00305	833.54400
0.00310	734.40000
0.00315	521.42400
0.00320	635.25600
0.00325	488.37600
0.00330	547.12800
0.00335	433.29600
0.00340	332.31600
0.00345	503.06400
0.00350	381.88800
0.00355	345.16800
0.00360	284.58000
0.00365	282.74400
0.00370	290.08800
0.00375	205.63200
0.00380	343.33200
0.00385	352.51200
0.00390	293.76000
0.00395	244.18800
0.00400	321.30000
0.00405	227.66400
0.00410	268.05600
0.00415	209.30400
0.00420	302.94000
0.00425	251.53200
0.00430	190.94400
0.00435	176.25600
0.00440	280.90800
0.00445	211.14000
0.00450	306.61200
0.00455	247.86000
0.00460	172.58400
0.00465	247.86000
0.00470	214.81200
0.00475	183.60000
0.00480	181.76400
0.00485	201.96000
0.00490	168.91200
0.00495	157.89600
0.00500	150.55200
0.00505	154.22400
0.00510	282.74400
0.00515	154.22400
0.00520	216.64800
0.00525	137.70000
0.00530	194.61600
0.00535	258.87600
0.00540	179.92800
0.00545	218.48400
0.00550	194.61600
0.00555	146.88000
0.00560	152.38800
0.00565	178.09200
0.00570	152.38800
0.00575	236.84400
0.00580	222.15600
0.00585	159.73200
0.00590	231.33600
0.00595	163.40400
0.00600	174.42000
0.00605	167.07600
0.00610	185.43600
0.00615	196.45200
0.00620	176.25600
0.00625	183.60000
0.00630	190.94400
0.00635	146.88000
0.00640	190.94400
0.00645	137.70000
0.00650	167.07600
0.00655	119.34000
0.00660	181.76400
0.00665	220.32000
0.00670	192.78000
0.00675	146.88000
0.00680	190.94400
0.00685	223.99200
0.00690	111.99600
0.00695	165.24000
0.00700	128.52000
0.00705	152.38800
0.00710	134.02800
0.00715	216.64800
0.00720	126.68400
0.00725	150.55200
0.00730	143.20800
0.00735	95.47200
0.00740	139.53600
0.00745	203.79600
0.00750	223.99200
0.00755	121.17600
0.00760	181.76400
0.00765	141.37200
0.00770	145.04400
0.00775	99.14400
0.00780	119.34000
0.00785	115.66800
0.00790	229.50000
0.00795	130.35600
0.00800	152.38800
0.00805	246.02400
0.00810	88.12800
0.00815	132.19200
0.00820	178.09200
0.00825	141.37200
0.00830	124.84800
0.00835	135.86400
0.00840	99.14400
0.00845	119.34000
0.00850	84.45600
0.00855	178.09200
0.00860	115.66800
0.00865	165.24000
0.00870	89.96400
0.00875	212.97600
0.00880	137.70000
0.00885	201.96000
0.00890	157.89600
0.00895	161.56800
0.00900	146.88000
0.00905	119.34000
0.00910	152.38800
0.00915	135.86400
0.00920	157.89600
0.00925	150.55200
0.00930	73.44000
0.00935	45.90000
0.00940	102.81600
0.00945	150.55200
0.00950	121.17600
0.00955	104.65200
0.00960	130.35600
0.00965	130.35600
0.00970	150.55200
0.00975	152.38800
0.00980	128.52000
0.00985	235.00800
0.00990	139.53600
0.00995	126.68400
0.01000	143.20800
0.01005	124.84800
0.01010	102.81600
0.01015	110.16000
0.01020	134.02800
0.01025	135.86400
0.01030	110.16000
0.01035	111.99600
0.01040	115.66800
0.01045	115.66800
0.01050	82.62000
0.01055	207.46800
0.01060	99.14400
0.01065	66.09600
0.01070	154.22400
0.01075	77.11200
0.01080	99.14400
0.01085	55.08000
0.01090	95.47200
0.01095	99.14400
0.01100	126.68400
0.01105	86.29200
0.01110	139.53600
0.01115	110.16000
0.01120	148.71600
0.01125	93.63600
0.01130	75.27600
0.01135	139.53600
0.01140	150.55200
0.01145	119.34000
0.01150	88.12800
0.01155	152.38800
0.01160	73.44000
0.01165	64.26000
0.01170	179.92800
0.01175	154.22400
0.01180	106.48800
0.01185	128.52000
0.01190	227.66400
0.01195	123.01200
0.01200	141.37200
0.01205	123.01200
0.01210	77.11200
0.01215	111.99600
0.01220	150.55200
0.01225	168.91200
0.01230	110.16000
0.01235	51.40800
0.01240	66.09600
0.01245	150.55200
0.01250	82.62000
0.01255	178.09200
0.01260	80.78400
0.01265	75.27600
0.01270	111.99600
0.01275	44.06400
0.01280	88.12800
0.01285	100.98000
0.01290	132.19200
0.01295	84.45600
0.01300	58.75200
0.01305	73.44000
0.01310	93.63600
0.01315	145.04400
0.01320	78.94800
0.01325	91.80000
0.01330	148.71600
0.01335	86.29200
0.01340	126.68400
0.01345	78.94800
0.01350	113.83200
0.01355	104.65200
0.01360	78.94800
0.01365	168.91200
0.01370	67.93200
0.01375	73.44000
0.01380	156.06000
0.01385	119.34000
0.01390	123.01200
0.01395	88.12800
0.01400	82.62000
0.01405	91.80000
0.01410	42.22800
0.01415	80.78400
0.01420	91.80000
0.01425	66.09600
0.01430	143.20800
0.01435	115.66800
0.01440	174.42000
0.01445	113.83200
0.01450	99.14400
0.01455	82.62000
0.01460	99.14400
0.01465	104.65200
0.01470	23.86800
0.01475	86.29200
0.01480	143.20800
0.01485	62.42400
0.01490	174.42000
0.01495	89.96400
0.01500	172.58400
0.01505	130.35600
0.01510	104.65200
0.01515	102.81600
0.01520	104.65200
0.01525	69.76800
0.01530	172.58400
0.01535	113.83200
0.01540	91.80000
0.01545	97.30800
0.01550	75.27600
0.01555	132.19200
0.01560	78.94800
0.01565	132.19200
0.01570	91.80000
0.01575	73.44000
0.01580	148.71600
0.01585	121.17600
0.01590	69.76800
0.01595	123.01200
0.01600	100.98000
0.01605	88.12800
0.01610	128.52000
0.01615	187.27200
0.01620	178.09200
0.01625	95.47200
0.01630	78.94800
0.01635	75.27600
0.01640	55.08000
0.01645	49.57200
0.01650	56.91600
0.01655	64.26000
0.01660	97.30800
0.01665	135.86400
0.01670	86.29200
0.01675	64.26000
0.01680	51.40800
0.01685	75.27600
0.01690	102.81600
0.01695	108.32400
0.01700	113.83200
0.01705	78.94800
0.01710	78.94800
0.01715	78.94800
0.01720	97.30800
0.01725	53.24400
0.01730	78.94800
0.01735	123.01200
0.01740	95.47200
0.01745	73.44000
0.01750	82.62000
0.01755	113.83200
0.01760	75.27600
0.01765	89.96400
0.01770	128.52000
0.01775	53.24400
0.01780	141.37200
0.01785	93.63600
0.01790	93.63600
0.01795	88.12800
0.01800	123.01200
0.01805	167.07600
0.01810	99.14400
0.01815	121.17600
0.01820	71.60400
0.01825	67.93200
0.01830	126.68400
0.01835	163.40400
0.01840	91.80000
0.01845	104.65200
0.01850	38.55600
0.01855	84.45600
0.01860	49.57200
0.01865	117.50400
0.01870	108.32400
0.01875	62.42400
0.01880	100.98000
0.01885	146.88000
0.01890	97.30800
0.01895	115.66800
0.01900	67.93200
0.01905	73.44000
0.01910	62.42400
0.01915	71.60400
0.01920	66.09600
0.01925	49.57200
0.01930	53.24400
0.01935	75.27600
0.01940	77.11200
0.01945	95.47200
0.01950	55.08000
0.01955	58.75200
0.01960	77.11200
0.01965	80.78400
0.01970	67.93200
0.01975	67.93200
0.01980	75.27600
0.01985	145.04400
0.01990	67.93200
0.01995	157.89600
0.02000	108.32400
0.02005	115.66800
0.02010	108.32400
0.02015	67.93200
0.02020	99.14400
0.02025	97.30800
0.02030	113.83200
0.02035	56.91600
0.02040	88.12800
0.02045	40.39200
0.02050	67.93200
0.02055	60.58800
0.02060	89.96400
0.02065	139.53600
0.02070	89.96400
0.02075	110.16000
0.02080	88.12800
0.02085	150.55200
0.02090	42.22800
0.02095	84.45600
0.02100	99.14400
0.02105	137.70000
0.02110	134.02800
0.02115	181.76400
0.02120	156.06000
0.02125	146.88000
0.02130	262.54800
0.02135	275.40000
0.02140	387.39600
0.02145	519.58800
0.02150	607.71600
0.02155	712.36800
0.02160	993.27600
0.02165	1176.87600
0.02170	1578.96000
0.02175	1861.70400
0.02180	2278.47600
0.02185	2603.44800
0.02190	3145.06800
0.02195	3337.84800
0.02200	3839.07600
0.02205	4266.86400
0.02210	4364.17200
0.02215	4683.63600
0.02220	4395.38400
0.02225	4309.09200
0.02230	4689.14400
0.02235	4784.61600
0.02240	3941.89200
0.02245	3618.75600
0.02250	3247.88400
0.02255	3211.16400
0.02260	2946.78000
0.02265	2550.20400
0.02270	2706.26400
0.02275	2179.33200
0.02280	2063.66400
0.02285	1874.55600
0.02290	1869.04800
0.02295	1672.59600
0.02300	1571.61600
0.02305	1555.09200
0.02310	1263.16800
0.02315	1365.98400
0.02320	1483.48800
0.02325	1312.74000
0.02330	1083.24000
0.02335	1274.18400
0.02340	1017.14400
0.02345	918.00000
0.02350	1072.22400
0.02355	1162.18800
0.02360	761.94000
0.02365	699.51600
0.02370	901.47600
0.02375	750.92400
0.02380	631.58400
0.02385	690.33600
0.02390	651.78000
0.02395	794.98800
0.02400	492.04800
0.02405	637.09200
0.02410	484.70400
0.02415	699.51600
0.02420	572.83200
0.02425	631.58400
0.02430	686.66400
0.02435	679.32000
0.02440	703.18800
0.02445	526.93200
0.02450	490.21200
0.02455	646.27200
0.02460	649.94400
0.02465	591.19200
0.02470	501.22800
0.02475	473.68800
0.02480	493.88400
0.02485	383.72400
0.02490	532.44000
0.02495	435.13200
0.02500	521.42400
0.02505	435.13200
0.02510	381.88800
0.02515	403.92000
0.02520	534.27600
0.02525	574.66800
0.02530	398.41200
0.02535	578.34000
0.02540	532.44000
0.02545	471.85200
0.02550	403.92000
0.02555	385.56000
0.02560	414.93600
0.02565	508.57200
0.02570	475.52400
0.02575	339.66000
0.02580	433.29600
0.02585	462.67200
0.02590	240.51600
0.02595	304.77600
0.02600	257.04000
0.02605	539.78400
0.02610	361.69200
0.02615	326.80800
0.02620	409.42800
0.02625	326.80800
0.02630	347.00400
0.02635	477.36000
0.02640	418.60800
0.02645	523.26000
0.02650	299.26800
0.02655	310.28400
0.02660	481.03200
0.02665	359.85600
0.02670	350.67600
0.02675	350.67600
0.02680	438.80400
0.02685	312.12000
0.02690	409.42800
0.02695	332.31600
0.02700	363.52800
0.02705	369.03600
0.02710	347.00400
0.02715	324.97200
0.02720	247.86000
0.02725	293.76000
0.02730	310.28400
0.02735	508.57200
0.02740	337.82400
0.02745	356.18400
0.02750	295.59600
0.02755	218.48400
0.02760	358.02000
0.02765	376.38000
0.02770	433.29600
0.02775	341.49600
0.02780	341.49600
0.02785	337.82400
0.02790	354.34800
0.02795	257.04000
0.02800	192.78000
0.02805	435.13200
0.02810	319.46400
0.02815	200.12400
0.02820	295.59600
0.02825	337.82400
0.02830	216.64800
0.02835	301.10400
0.02840	240.51600
0.02845	271.72800
0.02850	225.82800
0.02855	235.00800
0.02860	238.68000
0.02865	216.64800
0.02870	290.08800
0.02875	279.07200
0.02880	317.62800
0.02885	315.79200
0.02890	212.97600
0.02895	341.49600
0.02900	284.58000
0.02905	253.36800
0.02910	301.10400
0.02915	291.92400
0.02920	291.92400
0.02925	302.94000
0.02930	279.07200
0.02935	295.59600
0.02940	396.57600
0.02945	466.34400
0.02950	328.64400
0.02955	236.84400
0.02960	363.52800
0.02965	358.02000
0.02970	343.33200
0.02975	223.99200
0.02980	275.40000
0.02985	301.10400
0.02990	381.88800
0.02995	297.43200
0.03000	335.98800
0.03005	212.97600
0.03010	290.08800
0.03015	212.97600
0.03020	321.30000
0.03025	444.31200
0.03030	275.40000
0.03035	420.44400
0.03040	293.76000
0.03045	350.67600
0.03050	242.35200
0.03055	216.64800
0.03060	266.22000
0.03065	268.05600
0.03070	179.92800
0.03075	369.03600
0.03080	299.26800
0.03085	317.62800
0.03090	277.23600
0.03095	220.32000
0.03100	264.38400
0.03105	337.82400
0.03110	280.90800
0.03115	312.12000
0.03120	271.72800
0.03125	389.23200
0.03130	339.66000
0.03135	264.38400
0.03140	413.10000
0.03145	275.40000
0.03150	198.28800
0.03155	251.53200
0.03160	381.88800
0.03165	249.69600
0.03170	257.04000
0.03175	315.79200
0.03180	335.98800
0.03185	223.99200
0.03190	358.02000
0.03195	260.71200
0.03200	317.62800
0.03205	402.08400
0.03210	315.79200
0.03215	258.87600
0.03220	269.89200
0.03225	374.54400
0.03230	317.62800
0.03235	378.21600
0.03240	308.44800
0.03245	273.56400
0.03250	275.40000
0.03255	251.53200
0.03260	209.30400
0.03265	324.97200
0.03270	262.54800
0.03275	312.12000
0.03280	310.28400
0.03285	273.56400
0.03290	275.40000
0.03295	356.18400
0.03300	324.97200
0.03305	236.84400
0.03310	378.21600
0.03315	262.54800
0.03320	310.28400
0.03325	223.99200
0.03330	348.84000
0.03335	231.33600
0.03340	231.33600
0.03345	257.04000
0.03350	477.36000
0.03355	400.24800
0.03360	280.90800
0.03365	235.00800
0.03370	290.08800
0.03375	365.36400
0.03380	244.18800
0.03385	347.00400
0.03390	308.44800
0.03395	337.82400
0.03400	317.62800
0.03405	347.00400
0.03410	216.64800
0.03415	253.36800
0.03420	280.90800
0.03425	249.69600
0.03430	279.07200
0.03435	172.58400
0.03440	262.54800
0.03445	396.57600
0.03450	273.56400
0.03455	264.38400
0.03460	266.22000
0.03465	405.75600
0.03470	269.89200
0.03475	271.72800
0.03480	273.56400
0.03485	361.69200
0.03490	282.74400
0.03495	354.34800
0.03500	317.62800
0.03505	247.86000
0.03510	262.54800
0.03515	207.46800
0.03520	385.56000
0.03525	143.20800
0.03530	218.48400
0.03535	225.82800
0.03540	227.66400
0.03545	306.61200
0.03550	251.53200
0.03555	258.87600
0.03560	339.66000
0.03565	293.76000
0.03570	222.15600
0.03575	253.36800
0.03580	257.04000
0.03585	218.48400
0.03590	255.20400
0.03595	251.53200
0.03600	268.05600
0.03605	251.53200
0.03610	315.79200
0.03615	246.02400
0.03620	293.76000
0.03625	200.12400
0.03630	271.72800
0.03635	235.00800
0.03640	227.66400
0.03645	262.54800
0.03650	216.64800
0.03655	238.68000
0.03660	229.50000
0.03665	238.68000
0.03670	176.25600
0.03675	291.92400
0.03680	255.20400
0.03685	205.63200
0.03690	268.05600
0.03695	227.66400
0.03700	145.04400
0.03705	233.17200
0.03710	185.43600
0.03715	148.71600
0.03720	176.25600
0.03725	240.51600
0.03730	313.95600
0.03735	135.86400
0.03740	223.99200
0.03745	220.32000
0.03750	227.66400
0.03755	291.92400
0.03760	271.72800
0.03765	257.04000
0.03770	212.97600
0.03775	288.25200
0.03780	262.54800
0.03785	225.82800
0.03790	161.56800
0.03795	148.71600
0.03800	209.30400
0.03805	172.58400
0.03810	291.92400
0.03815	159.73200
0.03820	170.74800
0.03825	185.43600
0.03830	308.44800
0.03835	242.35200
0.03840	288.25200
0.03845	139.53600
0.03850	190.94400
0.03855	238.68000
0.03860	194.61600
0.03865	163.40400
0.03870	192.78000
0.03875	190.94400
0.03880	165.24000
0.03885	222.15600
0.03890	266.22000
0.03895	352.51200
0.03900	255.20400
0.03905	198.28800
0.03910	225.82800
0.03915	347.00400
0.03920	367.20000
0.03925	271.72800
0.03930	233.17200
0.03935	337.82400
0.03940	370.87200
0.03945	246.02400
0.03950	286.41600
0.03955	288.25200
0.03960	343.33200
0.03965	271.72800
0.03970	269.89200
0.03975	223.99200
0.03980	282.74400
0.03985	356.18400
0.03990	249.69600
0.03995	290.08800
0.04000	152.38800
0.04005	211.14000
0.04010	222.15600
0.04015	214.81200
0.04020	167.07600
0.04025	152.38800
0.04030	268.05600
0.04035	301.10400
0.04040	319.46400
0.04045	297.43200
0.04050	306.61200
0.04055	306.61200
0.04060	354.34800
0.04065	323.13600
0.04070	185.43600
0.04075	332.31600
0.04080	218.48400
0.04085	176.25600
0.04090	339.66000
0.04095	235.00800
0.04100	381.88800
0.04105	227.66400
0.04110	251.53200
0.04115	326.80800
0.04120	398.41200
0.04125	369.03600
0.04130	288.25200
0.04135	302.94000
0.04140	172.58400
0.04145	231.33600
0.04150	247.86000
0.04155	220.32000
0.04160	203.79600
0.04165	181.76400
0.04170	284.58000
0.04175	137.70000
0.04180	255.20400
0.04185	258.87600
0.04190	323.13600
0.04195	269.89200
0.04200	352.51200
0.04205	247.86000
0.04210	266.22000
0.04215	183.60000
0.04220	181.76400
0.04225	187.27200
0.04230	280.90800
0.04235	345.16800
0.04240	258.87600
0.04245	222.15600
0.04250	246.02400
0.04255	198.28800
0.04260	260.71200
0.04265	200.12400
0.04270	185.43600
0.04275	233.17200
0.04280	189.10800
0.04285	253.36800
0.04290	269.89200
0.04295	223.99200
0.04300	242.35200
0.04305	260.71200
0.04310	264.38400
0.04315	223.99200
0.04320	282.74400
0.04325	244.18800
0.04330	218.48400
0.04335	271.72800
0.04340	350.67600
0.04345	253.36800
0.04350	359.85600
0.04355	235.00800
0.04360	345.16800
0.04365	266.22000
0.04370	159.73200
0.04375	249.69600
0.04380	310.28400
0.04385	176.25600
0.04390	211.14000
0.04395	220.32000
0.04400	238.68000
0.04405	244.18800
0.04410	218.48400
0.04415	170.74800
0.04420	249.69600
0.04425	227.66400
0.04430	255.20400
0.04435	201.96000
0.04440	242.35200
0.04445	233.17200
0.04450	222.15600
0.04455	240.51600
0.04460	203.79600
0.04465	306.61200
0.04470	231.33600
0.04475	299.26800
0.04480	196.45200
0.04485	301.10400
0.04490	291.92400
0.04495	257.04000
0.04500	141.37200
0.04505	253.36800
0.04510	233.17200
0.04515	235.00800
0.04520	216.64800
0.04525	190.94400
0.04530	200.12400
0.04535	159.73200
0.04540	172.58400
0.04545	190.94400
0.04550	203.79600
0.04555	291.92400
0.04560	141.37200
0.04565	299.26800
0.04570	233.17200
0.04575	332.31600
0.04580	247.86000
0.04585	192.78000
0.04590	167.07600
0.04595	222.15600
0.04600	268.05600
0.04605	284.58000
0.04610	240.51600
0.04615	218.48400
0.04620	200.12400
0.04625	198.28800
0.04630	167.07600
0.04635	227.66400
0.04640	247.86000
0.04645	279.07200
0.04650	389.23200
0.04655	198.28800
0.04660	235.00800
0.04665	249.69600
0.04670	218.48400
0.04675	361.69200
0.04680	264.38400
0.04685	220.32000
0.04690	178.09200
0.04695	216.64800
0.04700	189.10800
0.04705	257.04000
0.04710	258.87600
0.04715	330.48000
0.04720	284.58000
0.04725	244.18800
0.04730	192.78000
0.04735	212.97600
0.04740	288.25200
0.04745	247.86000
0.04750	154.22400
0.04755	172.58400
0.04760	304.77600
0.04765	284.58000
0.04770	194.61600
0.04775	187.27200
0.04780	286.41600
0.04785	255.20400
0.04790	190.94400
0.04795	268.05600
0.04800	183.60000
0.04805	284.58000
0.04810	161.56800
0.04815	302.94000
0.04820	262.54800
0.04825	189.10800
0.04830	286.41600
0.04835	291.92400
0.04840	282.74400
0.04845	335.98800
0.04850	249.69600
0.04855	304.77600
0.04860	150.55200
0.04865	247.86000
0.04870	205.63200
0.04875	185.43600
0.04880	361.69200
0.04885	374.54400
0.04890	301.10400
0.04895	238.68000
0.04900	312.12000
0.04905	253.36800
0.04910	179.92800
0.04915	135.86400
0.04920	145.04400
0.04925	231.33600
0.04930	293.76000
0.04935	216.64800
0.04940	302.94000
0.04945	218.48400
0.04950	126.68400
0.04955	220.32000
0.04960	220.32000
0.04965	143.20800
0.04970	205.63200
0.04975	233.17200
0.04980	299.26800
0.04985	179.92800
0.04990	154.22400
