0.040411 -0.0250000004 0.000699114989 0.000715009253 asynchronous_release_4
0.029793 -0.0250000004 -0.0225569148 0.0267616441 asynchronous_release_1
0.019654 -0.0250000004 0.034203934 0.00742232436 asynchronous_release_0
0.042671 -0.0250000004 -0.034203934 -0.00742232436 asynchronous_release_2
0.043725 -0.0250000004 -0.000745318552 -0.000666708524 asynchronous_release_0
0.048318 -0.0250000004 -0.000998804127 4.88908548e-05 asynchronous_release_1
0.007865 -0.0250000004 0.022377553 0.0269118026 asynchronous_release_0
0.00487 -0.0250000004 0.000909313535 0.000416111638 asynchronous_release_4
0.033158 -0.0250000004 -0.00981935842 0.0335943477 asynchronous_release_0
0.031893 -0.0250000004 -0.0340032378 0.00829336003 asynchronous_release_4
0.047573 -0.0250000004 -0.0338107831 0.00904604597 asynchronous_release_1
0.04411 -0.0250000004 0.000910210121 -0.000414146756 asynchronous_release_0
0.046082 -0.0250000004 -0.0341195128 0.00780120809 asynchronous_release_0
0.047794 -0.0250000004 0.000746766083 0.000665086774 asynchronous_release_1
0.036102 -0.0250000004 -0.0345154948 0.00580350028 asynchronous_release_0
0.01104 -0.0250000004 -0.0167660354 -0.0307229565 asynchronous_release_0
0.039153 -0.0250000004 -0.000853751166 -0.000520681233 asynchronous_release_0
0.043752 -0.0250000004 -0.000562267545 0.000826955385 asynchronous_release_0
0.047692 -0.0250000004 -0.0149797216 0.0316323875 asynchronous_release_0
0.045937 -0.0250000004 -0.0187137669 0.0295769324 asynchronous_release_0
0.020426 -0.0250000004 0.0106604582 -0.0333369859 asynchronous_release_0
0.027464 -0.0250000004 -0.0348551925 0.00318049612 asynchronous_release_3
0.019315 -0.0250000004 0.000787736703 0.000616012083 asynchronous_release_0
0.037266 -0.0250000004 -0.0163618676 -0.0309400919 asynchronous_release_3
0.035667 -0.0250000004 0.0284975919 -0.0203196274 asynchronous_release_3
0.0378 -0.0250000004 0.01676718 0.0307223319 asynchronous_release_4
0.01143 -0.0250000004 0.0257058432 0.0237530972 asynchronous_release_0
0.047074 -0.0250000004 -0.0168041113 0.0307021472 asynchronous_release_0
0.01922 -0.0250000004 0.000871005286 -0.000491273642 asynchronous_release_1
0.047243 -0.0250000004 0.0292937464 0.0530742538 asynchronous_release_0
0.048955 -0.0250000004 0.0347941763 0.00379015733 asynchronous_release_2
0.03869 -0.0250000004 -0.0348061345 0.0036787229 asynchronous_release_0
0.038671 -0.0250000004 0.0205889347 0.0283036352 asynchronous_release_4
0.020672 -0.0250000004 0.00107007188 0.0349836383 asynchronous_release_0
0.008002 -0.0250000004 0.0308317554 0.0165651097 asynchronous_release_4
0.031063 -0.0250000004 -0.0160609072 0.0310973835 asynchronous_release_0
0.018224 -0.0250000004 -0.000924756495 -0.000380559358 asynchronous_release_0
0.006078 -0.0250000004 0.0315282675 -0.0151976428 asynchronous_release_4
0.040921 -0.0250000004 -0.029933636 0.0181377352 asynchronous_release_0
0.049362 -0.0250000004 -0.0315296245 0.0151948275 asynchronous_release_4
0.034649 -0.0250000004 -0.0312011993 -0.0158582838 asynchronous_release_0
0.039508 -0.0250000004 0.0293342762 -0.0190918893 asynchronous_release_0
0.017459 -0.0250000004 0.00807689907 -0.0340553036 asynchronous_release_0
0.012701 -0.0250000004 -0.0200518471 0.028686642 asynchronous_release_1
0.015779 -0.0250000004 -0.0208082305 -0.0281428063 asynchronous_release_0
0.040959 -0.0250000004 -0.0341216752 0.00779174433 asynchronous_release_0
0.037524 -0.0250000004 0.000543493982 -0.000839413064 asynchronous_release_0
0.049307 -0.0250000004 0.0118082422 -0.0329479198 asynchronous_release_1
0.0146 -0.0250000004 0.0240350911 0.025442374 asynchronous_release_0
0.02665 -0.0250000004 -0.033788294 0.00912968724 asynchronous_release_2
0.011313 -0.0250000004 0.0325626929 0.012832421 asynchronous_release_1
0.037251 -0.0250000004 -0.0103869317 0.0334232202 asynchronous_release_0
0.004036 -0.0250000004 0.000225538677 -0.000974234215 asynchronous_release_2
0.044947 -0.0250000004 -0.0238300448 -0.0256345268 asynchronous_release_0
0.03037 -0.0250000004 -0.0298068427 -0.0183453572 asynchronous_release_0
0.036983 -0.0250000004 -0.0224687507 0.0268357083 asynchronous_release_0
0.023233 -0.0250000004 0.0346549081 -0.00490278943 asynchronous_release_4
0.036185 -0.0250000004 0.0297581923 0.0184241686 asynchronous_release_0
0.044701 -0.0250000004 -0.0335618433 -0.00992988809 asynchronous_release_0
0.021229 -0.0250000004 -0.0140257034 -0.0320667997 asynchronous_release_0
0.041272 -0.0250000004 -0.0343665224 0.00662888669 asynchronous_release_1
0.040341 -0.0250000004 -0.026249117 -0.0231513251 asynchronous_release_0
0.045965 -0.0250000004 -0.0310623926 -0.0161284769 asynchronous_release_0
0.045382 -0.0250000004 0.00162535005 0.0349622402 asynchronous_release_1
0.047883 -0.0250000004 -0.03496375 -0.00159254046 asynchronous_release_0
0.037126 -0.0250000004 -0.0262518704 0.023148203 asynchronous_release_1
0.043209 -0.0250000004 0.00184099757 -0.0349515483 asynchronous_release_0
0.048821 -0.0250000004 -0.0349924729 -0.000725836927 asynchronous_release_0
0.044658 -0.0250000004 0.0315293494 -0.0151953981 asynchronous_release_0
