0.000000 0.103152
0.000050 0.122190
0.000100 0.089652
0.000150 0.093114
0.000200 0.110077
0.000250 0.101075
0.000300 0.076498
0.000350 0.121154
0.000400 0.108342
0.000450 0.069926
0.000500 0.102455
0.000550 0.101417
0.000600 0.115963
0.000650 0.121147
0.000700 0.135703
0.000750 0.106263
0.000800 0.088614
0.000850 0.126696
0.000900 0.111442
0.000950 0.108000
0.001000 0.145040
0.001050 0.146086
0.001100 0.174110
0.001150 0.197988
0.001200 0.217046
0.001250 0.292132
0.001300 0.402567
0.001350 0.459007
0.001400 0.636230
0.001450 0.965724
0.001500 1.204955
0.001550 1.823515
0.001600 2.905215
0.001650 3.866453
0.001700 5.648102
0.001750 7.657490
0.001800 10.073604
0.001850 12.404194
0.001900 15.251309
0.001950 18.266193
0.002000 21.603462
0.002050 23.484744
0.002100 25.854136
0.002150 27.743742
0.002200 28.198256
0.002250 27.881154
0.002300 27.687014
0.002350 25.542916
0.002400 23.143486
0.002450 20.893800
0.002500 17.988965
0.002550 15.893373
0.002600 13.767390
0.002650 12.081252
0.002700 10.653385
0.002750 9.229333
0.002800 8.191600
0.002850 7.133056
0.002900 6.250379
0.002950 5.684817
0.003000 5.396782
0.003050 4.936730
0.003100 4.599969
0.003150 3.793811
0.003200 3.806913
0.003250 3.510301
0.003300 3.216714
0.003350 2.962008
0.003400 2.670567
0.003450 2.404665
0.003500 2.491934
0.003550 2.264146
0.003600 2.156473
0.003650 2.073763
0.003700 2.068924
0.003750 1.773692
0.003800 1.802391
0.003850 1.888207
0.003900 1.628648
0.003950 1.867502
0.004000 1.749410
0.004050 1.683300
0.004100 1.630718
0.004150 1.459684
0.004200 1.441048
0.004250 1.587074
0.004300 1.456959
0.004350 1.330903
0.004400 1.326436
0.004450 1.349608
0.004500 1.375655
0.004550 1.283817
0.004600 1.184575
0.004650 1.200087
0.004700 1.251261
0.004750 1.196313
0.004800 1.252373
0.004850 1.312939
0.004900 1.207335
0.004950 1.244765
0.005000 1.265539
0.005050 1.149921
0.005100 1.096589
0.005150 1.192451
0.005200 1.137770
0.005250 1.235078
0.005300 1.071717
0.005350 1.025911
0.005400 1.036054
0.005450 1.039160
0.005500 1.133568
0.005550 1.049550
0.005600 1.237094
0.005650 1.005982
0.005700 1.048766
0.005750 1.106006
0.005800 1.019333
0.005850 0.995883
0.005900 1.122548
0.005950 1.014220
0.006000 1.102863
0.006050 1.040131
0.006100 1.007039
0.006150 0.943175
0.006200 1.012902
0.006250 0.987526
0.006300 0.895427
0.006350 1.088017
0.006400 0.881619
0.006450 0.975041
0.006500 0.959860
0.006550 0.903804
0.006600 0.972657
0.006650 1.002813
0.006700 1.056891
0.006750 0.881227
0.006800 0.819032
0.006850 1.006182
0.006900 0.948123
0.006950 0.903091
0.007000 0.869915
0.007050 0.916239
0.007100 0.979945
0.007150 0.882329
0.007200 0.869842
0.007250 0.992022
0.007300 0.832121
0.007350 0.905995
0.007400 0.784948
0.007450 0.850534
0.007500 0.885048
0.007550 0.890346
0.007600 0.830124
0.007650 0.863884
0.007700 0.834273
0.007750 0.847727
0.007800 0.822450
0.007850 0.764698
0.007900 0.817220
0.007950 0.712720
0.008000 0.810285
0.008050 0.797933
0.008100 0.844853
0.008150 0.800297
0.008200 0.756707
0.008250 0.808565
0.008300 0.719031
0.008350 0.746929
0.008400 0.699546
0.008450 0.781284
0.008500 0.814782
0.008550 0.782352
0.008600 0.736583
0.008650 0.824197
0.008700 0.818666
0.008750 0.775014
0.008800 0.814141
0.008850 0.792675
0.008900 0.699920
0.008950 0.761440
0.009000 0.794800
0.009050 0.741468
0.009100 0.801731
0.009150 0.795369
0.009200 0.728302
0.009250 0.768098
0.009300 0.677522
0.009350 0.813030
0.009400 0.723775
0.009450 0.738015
0.009500 0.723486
0.009550 0.681876
0.009600 0.794809
0.009650 0.704653
0.009700 0.822136
0.009750 0.731118
0.009800 0.712752
0.009850 0.742398
0.009900 0.716151
0.009950 0.690671
0.010000 0.666979
0.010050 0.727931
0.010100 0.693924
0.010150 0.681994
0.010200 0.710002
0.010250 0.713422
0.010300 0.747652
0.010350 0.719888
0.010400 0.750560
0.010450 0.651998
0.010500 0.669229
0.010550 0.681509
0.010600 0.674037
0.010650 0.619897
0.010700 0.658393
0.010750 0.632497
0.010800 0.594166
0.010850 0.719098
0.010900 0.645877
0.010950 0.717127
0.011000 0.662553
0.011050 0.678767
0.011100 0.501683
0.011150 0.609873
0.011200 0.594919
0.011250 0.726705
0.011300 0.685033
0.011350 0.666311
0.011400 0.620338
0.011450 0.576538
0.011500 0.562906
0.011550 0.670450
0.011600 0.624920
0.011650 0.634728
0.011700 0.666986
0.011750 0.632390
0.011800 0.681950
0.011850 0.664294
0.011900 0.641135
0.011950 0.592461
0.012000 0.617622
0.012050 0.672596
0.012100 0.611338
0.012150 0.617848
0.012200 0.634201
0.012250 0.617749
0.012300 0.602038
0.012350 0.664208
0.012400 0.533358
0.012450 0.651372
0.012500 0.598817
0.012550 0.642841
0.012600 0.577777
0.012650 0.650809
0.012700 0.603256
0.012750 0.555578
0.012800 0.621373
0.012850 0.526869
0.012900 0.488680
0.012950 0.641590
0.013000 0.605917
0.013050 0.597773
0.013100 0.613900
0.013150 0.605298
0.013200 0.607097
0.013250 0.550825
0.013300 0.595272
0.013350 0.514154
0.013400 0.653135
0.013450 0.619139
0.013500 0.545078
0.013550 0.597372
0.013600 0.609175
0.013650 0.581801
0.013700 0.569949
0.013750 0.557563
0.013800 0.531339
0.013850 0.511927
0.013900 0.609074
0.013950 0.473332
0.014000 0.452045
0.014050 0.560679
0.014100 0.583451
0.014150 0.544121
0.014200 0.587729
0.014250 0.547561
0.014300 0.561345
0.014350 0.568493
0.014400 0.556482
0.014450 0.597254
0.014500 0.552439
0.014550 0.527433
0.014600 0.621253
0.014650 0.621491
0.014700 0.563144
0.014750 0.615024
0.014800 0.657748
0.014850 0.464108
0.014900 0.509922
0.014950 0.568318
0.015000 0.510628
0.015050 0.547908
0.015100 0.597491
0.015150 0.540365
0.015200 0.525788
0.015250 0.598082
0.015300 0.521072
0.015350 0.529346
0.015400 0.535337
0.015450 0.550483
0.015500 0.512389
0.015550 0.504607
0.015600 0.613917
0.015650 0.514627
0.015700 0.551510
0.015750 0.565462
0.015800 0.514026
0.015850 0.469196
0.015900 0.470297
0.015950 0.513749
0.016000 0.548078
0.016050 0.567690
0.016100 0.564968
0.016150 0.505936
0.016200 0.492598
0.016250 0.491618
0.016300 0.552198
0.016350 0.538970
0.016400 0.527354
0.016450 0.520010
0.016500 0.586500
0.016550 0.527520
0.016600 0.545013
0.016650 0.531019
0.016700 0.522343
0.016750 0.579865
0.016800 0.523067
0.016850 0.488827
0.016900 0.528945
0.016950 0.555221
0.017000 0.543276
0.017050 0.515914
0.017100 0.504854
0.017150 0.474168
0.017200 0.504703
0.017250 0.541119
0.017300 0.505058
0.017350 0.524788
0.017400 0.495555
0.017450 0.436745
0.017500 0.547741
0.017550 0.453843
0.017600 0.447466
0.017650 0.504830
0.017700 0.469390
0.017750 0.522010
0.017800 0.497677
0.017850 0.530131
0.017900 0.517693
0.017950 0.547699
0.018000 0.476582
0.018050 0.480598
0.018100 0.480360
0.018150 0.540976
0.018200 0.488279
0.018250 0.470715
0.018300 0.405363
0.018350 0.528695
0.018400 0.576718
0.018450 0.461284
0.018500 0.385042
0.018550 0.510988
0.018600 0.470913
0.018650 0.509491
0.018700 0.428066
0.018750 0.455466
0.018800 0.537813
0.018850 0.503697
0.018900 0.473916
0.018950 0.522618
0.019000 0.430794
0.019050 0.520136
0.019100 0.568110
0.019150 0.505156
0.019200 0.607699
0.019250 0.465987
0.019300 0.393272
0.019350 0.481458
0.019400 0.478581
0.019450 0.476127
0.019500 0.470581
0.019550 0.414871
0.019600 0.462934
0.019650 0.527968
0.019700 0.457276
0.019750 0.509650
0.019800 0.497763
0.019850 0.420565
0.019900 0.484082
0.019950 0.408530
0.020000 0.513714
0.020050 0.460948
0.020100 0.443704
0.020150 0.463550
0.020200 0.473469
0.020250 0.462805
0.020300 0.499730
0.020350 0.449664
0.020400 0.528521
0.020450 0.533385
0.020500 0.417907
0.020550 0.495271
0.020600 0.489821
0.020650 0.478167
0.020700 0.479754
0.020750 0.389878
0.020800 0.467450
0.020850 0.466208
0.020900 0.484695
0.020950 0.503359
0.021000 0.560932
0.021050 0.606298
0.021100 0.676138
0.021150 0.771528
0.021200 0.849779
0.021250 1.265155
0.021300 1.303456
0.021350 1.526938
0.021400 2.123086
0.021450 2.716530
0.021500 3.362374
0.021550 4.769114
0.021600 6.346647
0.021650 8.510063
0.021700 10.844887
0.021750 13.823439
0.021800 16.951551
0.021850 20.508537
0.021900 24.453343
0.021950 27.389645
0.022000 31.016910
0.022050 33.543174
0.022100 35.634718
0.022150 36.361730
0.022200 36.951568
0.022250 36.765630
0.022300 34.908743
0.022350 33.376599
0.022400 30.695457
0.022450 27.904581
0.022500 24.782624
0.022550 22.299526
0.022600 20.224212
0.022650 17.954344
0.022700 16.260924
0.022750 14.295068
0.022800 13.590008
0.022850 12.166886
0.022900 11.551157
0.022950 10.319341
0.023000 9.472020
0.023050 8.715074
0.023100 8.165548
0.023150 7.331582
0.023200 7.166796
0.023250 6.387572
0.023300 6.019782
0.023350 5.553130
0.023400 5.482056
0.023450 5.158540
0.023500 4.872458
0.023550 4.290442
0.023600 4.225452
0.023650 4.102664
0.023700 3.938219
0.023750 3.510909
0.023800 3.422416
0.023850 3.233932
0.023900 3.469609
0.023950 3.223399
0.024000 2.938123
0.024050 2.755659
0.024100 2.803904
0.024150 2.786150
0.024200 2.440919
0.024250 2.513951
0.024300 2.578685
0.024350 2.446193
0.024400 2.429771
0.024450 2.146705
0.024500 2.146212
0.024550 2.207240
0.024600 2.216406
0.024650 2.030026
0.024700 2.184086
0.024750 2.016210
0.024800 1.875670
0.024850 2.005220
0.024900 1.947956
0.024950 1.817374
0.025000 1.882929
0.025050 1.889169
0.025100 1.736024
0.025150 1.665658
0.025200 1.660050
0.025250 1.682778
0.025300 1.623033
0.025350 1.604623
0.025400 1.651799
0.025450 1.759467
0.025500 1.780931
0.025550 1.670967
0.025600 1.607584
0.025650 1.726332
0.025700 1.563586
0.025750 1.578458
0.025800 1.603790
0.025850 1.444894
0.025900 1.403961
0.025950 1.464227
0.026000 1.390980
0.026050 1.463506
0.026100 1.462219
0.026150 1.499211
0.026200 1.562699
0.026250 1.429333
0.026300 1.420664
0.026350 1.644828
0.026400 1.341300
0.026450 1.499300
0.026500 1.579642
0.026550 1.525874
0.026600 1.517138
0.026650 1.413866
0.026700 1.307905
0.026750 1.457055
0.026800 1.473899
0.026850 1.509699
0.026900 1.460568
0.026950 1.238394
0.027000 1.358011
0.027050 1.444181
0.027100 1.416831
0.027150 1.324625
0.027200 1.300612
0.027250 1.374780
0.027300 1.161120
0.027350 1.334304
0.027400 1.356399
0.027450 1.334647
0.027500 1.247790
0.027550 1.342100
0.027600 1.243959
0.027650 1.197947
0.027700 1.302679
0.027750 1.250663
0.027800 1.212323
0.027850 1.259741
0.027900 1.335397
0.027950 1.189731
0.028000 1.286228
0.028050 1.271436
0.028100 1.138929
0.028150 1.160847
0.028200 1.225855
0.028250 1.162193
0.028300 1.091988
0.028350 1.237852
0.028400 1.156920
0.028450 1.238042
0.028500 1.205994
0.028550 1.173808
0.028600 1.250927
0.028650 1.170631
0.028700 1.215295
0.028750 1.095487
0.028800 1.168380
0.028850 1.107588
0.028900 1.158258
0.028950 1.075242
0.029000 1.185300
0.029050 1.083528
0.029100 1.112436
0.029150 1.152620
0.029200 1.134541
0.029250 1.019709
0.029300 1.130314
0.029350 1.179776
0.029400 1.107597
0.029450 1.151309
0.029500 1.087711
0.029550 1.120315
0.029600 1.082547
0.029650 1.033331
0.029700 1.063626
0.029750 1.131056
0.029800 1.020352
0.029850 0.958754
0.029900 1.176011
0.029950 1.070387
0.030000 1.102492
0.030050 1.089636
0.030100 0.962777
0.030150 1.106511
0.030200 1.057994
0.030250 1.033504
0.030300 1.021061
0.030350 1.045673
0.030400 0.994310
0.030450 1.018972
0.030500 1.056615
0.030550 0.957995
0.030600 1.153159
0.030650 1.015291
0.030700 0.944425
0.030750 0.963793
0.030800 1.015985
0.030850 0.967725
0.030900 1.011489
0.030950 1.073473
0.031000 1.079894
0.031050 1.044076
0.031100 1.021817
0.031150 0.974517
0.031200 1.005766
0.031250 0.993998
0.031300 1.004145
0.031350 0.973547
0.031400 0.931507
0.031450 0.917643
0.031500 1.041929
0.031550 0.931729
0.031600 1.007133
0.031650 0.975141
0.031700 0.977948
0.031750 1.024042
0.031800 0.886286
0.031850 1.051594
0.031900 1.038786
0.031950 0.980502
0.032000 1.024529
0.032050 0.914065
0.032100 0.891843
0.032150 0.935875
0.032200 0.930473
0.032250 0.973521
0.032300 0.934625
0.032350 0.906589
0.032400 0.951136
0.032450 0.925714
0.032500 0.811663
0.032550 0.862067
0.032600 0.884650
0.032650 0.897552
0.032700 0.979968
0.032750 0.887634
0.032800 0.944040
0.032850 0.996780
0.032900 0.876467
0.032950 0.950329
0.033000 0.926723
0.033050 0.918921
0.033100 0.950887
0.033150 0.902677
0.033200 0.942717
0.033250 0.990287
0.033300 0.967392
0.033350 0.981824
0.033400 0.837121
0.033450 0.967831
0.033500 0.771702
0.033550 0.959102
0.033600 0.919889
0.033650 0.878501
0.033700 0.771476
0.033750 0.897218
0.033800 0.911160
0.033850 0.887218
0.033900 0.897821
0.033950 0.936373
0.034000 0.977841
0.034050 0.834009
0.034100 0.824116
0.034150 0.886706
0.034200 0.805743
0.034250 0.924759
0.034300 0.796311
0.034350 0.912939
0.034400 0.830288
0.034450 0.806638
0.034500 0.871355
0.034550 0.935683
0.034600 0.798648
0.034650 0.890060
0.034700 0.942274
0.034750 0.861798
0.034800 0.787268
0.034850 0.804574
0.034900 0.799608
0.034950 0.909442
0.035000 0.801056
0.035050 0.790506
0.035100 0.945840
0.035150 0.727330
0.035200 0.846308
0.035250 0.769546
0.035300 0.893973
0.035350 0.836993
0.035400 0.788299
0.035450 0.834559
0.035500 0.792160
0.035550 0.862098
0.035600 0.778343
0.035650 0.776365
0.035700 0.757954
0.035750 0.821826
0.035800 0.889571
0.035850 0.848483
0.035900 0.872671
0.035950 0.756579
0.036000 0.831087
0.036050 0.800513
0.036100 0.801643
0.036150 0.833205
0.036200 0.883767
0.036250 0.810411
0.036300 0.824737
0.036350 0.879181
0.036400 0.787339
0.036450 0.724337
0.036500 0.843845
0.036550 0.892859
0.036600 0.876855
0.036650 0.847591
0.036700 0.860855
0.036750 0.787343
0.036800 0.694387
0.036850 0.765645
0.036900 0.775875
0.036950 0.854985
0.037000 0.819579
0.037050 0.817437
0.037100 0.889604
0.037150 0.824440
0.037200 0.821610
0.037250 0.707632
0.037300 0.877820
0.037350 0.814586
0.037400 0.695689
0.037450 0.832833
0.037500 0.800067
0.037550 0.844643
0.037600 0.779476
0.037650 0.809824
0.037700 0.825965
0.037750 0.717447
0.037800 0.857568
0.037850 0.799666
0.037900 0.831872
0.037950 0.825462
0.038000 0.753597
0.038050 0.850629
0.038100 0.824454
0.038150 0.777564
0.038200 0.794766
0.038250 0.827372
0.038300 0.758878
0.038350 0.805332
0.038400 0.785081
0.038450 0.747057
0.038500 0.766726
0.038550 0.703884
0.038600 0.774543
0.038650 0.771189
0.038700 0.660888
0.038750 0.724000
0.038800 0.657614
0.038850 0.741920
0.038900 0.802419
0.038950 0.785947
0.039000 0.739749
0.039050 0.784883
0.039100 0.805150
0.039150 0.812966
0.039200 0.769802
0.039250 0.788582
0.039300 0.698843
0.039350 0.718309
0.039400 0.722874
0.039450 0.702192
0.039500 0.747891
0.039550 0.673395
0.039600 0.688241
0.039650 0.701571
0.039700 0.707017
0.039750 0.711703
0.039800 0.672587
0.039850 0.674835
0.039900 0.807344
0.039950 0.717966
0.040000 0.661108
0.040050 0.812572
0.040100 0.758247
0.040150 0.664337
0.040200 0.658641
0.040250 0.795601
0.040300 0.700670
0.040350 0.686200
0.040400 0.686253
0.040450 0.588311
0.040500 0.702503
0.040550 0.789525
0.040600 0.740299
0.040650 0.690091
0.040700 0.752997
0.040750 0.744341
0.040800 0.690732
0.040850 0.765366
0.040900 0.710886
0.040950 0.780040
0.041000 0.665557
0.041050 0.720001
0.041100 0.767251
0.041150 0.768543
0.041200 0.742628
0.041250 0.805840
0.041300 0.686528
0.041350 0.742332
0.041400 0.669028
0.041450 0.771432
0.041500 0.791120
0.041550 0.710220
0.041600 0.791476
0.041650 0.642020
0.041700 0.834389
0.041750 0.664639
0.041800 0.725304
0.041850 0.658824
0.041900 0.730554
0.041950 0.684954
0.042000 0.663593
0.042050 0.736473
0.042100 0.650299
0.042150 0.706467
0.042200 0.707923
0.042250 0.641717
0.042300 0.734525
0.042350 0.625851
0.042400 0.707830
0.042450 0.666012
0.042500 0.662354
0.042550 0.692776
0.042600 0.620958
0.042650 0.772648
0.042700 0.828269
0.042750 0.681225
0.042800 0.641659
0.042850 0.719513
0.042900 0.699726
0.042950 0.691062
0.043000 0.599724
0.043050 0.627898
0.043100 0.685525
0.043150 0.678565
0.043200 0.606718
0.043250 0.637688
0.043300 0.679182
0.043350 0.714756
0.043400 0.630543
0.043450 0.727011
0.043500 0.644398
0.043550 0.645224
0.043600 0.612018
0.043650 0.735156
0.043700 0.668854
0.043750 0.590072
0.043800 0.707480
0.043850 0.631264
0.043900 0.633909
0.043950 0.673535
0.044000 0.645471
0.044050 0.736393
0.044100 0.693420
0.044150 0.637936
0.044200 0.647765
0.044250 0.666499
0.044300 0.689743
0.044350 0.650029
0.044400 0.665310
0.044450 0.667304
0.044500 0.676444
0.044550 0.725766
0.044600 0.748475
0.044650 0.705115
0.044700 0.754700
0.044750 0.663790
0.044800 0.679329
0.044850 0.701217
0.044900 0.624299
0.044950 0.609235
0.045000 0.579716
0.045050 0.635800
0.045100 0.710142
0.045150 0.565974
0.045200 0.575188
0.045250 0.606188
0.045300 0.600115
0.045350 0.707533
0.045400 0.656242
0.045450 0.675772
0.045500 0.630696
0.045550 0.694010
0.045600 0.567639
0.045650 0.591673
0.045700 0.622202
0.045750 0.700474
0.045800 0.573605
0.045850 0.567507
0.045900 0.627568
0.045950 0.574676
0.046000 0.736215
0.046050 0.604173
0.046100 0.574164
0.046150 0.707616
0.046200 0.754562
0.046250 0.659992
0.046300 0.541950
0.046350 0.654608
0.046400 0.704469
0.046450 0.678241
0.046500 0.643559
0.046550 0.658171
0.046600 0.538488
0.046650 0.566002
0.046700 0.580525
0.046750 0.542689
0.046800 0.588135
0.046850 0.591527
0.046900 0.701986
0.046950 0.639848
0.047000 0.628335
0.047050 0.559333
0.047100 0.619312
0.047150 0.670052
0.047200 0.690723
0.047250 0.593219
0.047300 0.622313
0.047350 0.720713
0.047400 0.626787
0.047450 0.657973
0.047500 0.652178
0.047550 0.561646
0.047600 0.713853
0.047650 0.637589
0.047700 0.678559
0.047750 0.660395
0.047800 0.608688
0.047850 0.667956
0.047900 0.683305
0.047950 0.562391
0.048000 0.595829
0.048050 0.598597
0.048100 0.579234
0.048150 0.608020
0.048200 0.560670
0.048250 0.593360
0.048300 0.676445
0.048350 0.641701
0.048400 0.612672
0.048450 0.654372
0.048500 0.587458
0.048550 0.629210
0.048600 0.643856
0.048650 0.629336
0.048700 0.683030
0.048750 0.652962
0.048800 0.684361
0.048850 0.635669
0.048900 0.578025
0.048950 0.615273
0.049000 0.607518
0.049050 0.536900
0.049100 0.636134
0.049150 0.608744
0.049200 0.621664
0.049250 0.624772
0.049300 0.615067
0.049350 0.690309
0.049400 0.586779
0.049450 0.635403
0.049500 0.650489
0.049550 0.588253
0.049600 0.602298
0.049650 0.607448
0.049700 0.575807
0.049750 0.601847
0.049800 0.581115
0.049850 0.606237
0.049900 0.546528
