0.048691 -0.0250000004 0.0346192977 0.00514822546 asynchronous_release_0
0.005148 -0.0250000004 -0.032812145 0.0121804408 asynchronous_release_0
0.031524 -0.0250000004 -0.00603035566 -0.0344765835 asynchronous_release_0
0.02218 -0.0250000004 0.0337271429 0.00935306554 asynchronous_release_1
0.027409 -0.0250000004 -0.0198639134 -0.0288170947 asynchronous_release_0
0.04274 -0.0250000004 -0.0298562637 0.0182648164 asynchronous_release_0
0.009459 -0.0250000004 0.0278994591 -0.0211333903 asynchronous_release_0
0.042823 -0.0250000004 -0.0303105343 0.0175006145 asynchronous_release_0
0.023176 -0.0250000004 0.0349979596 -0.000377917854 asynchronous_release_1
0.039835 -0.0250000004 -0.0311508295 -0.0159569992 asynchronous_release_0
0.03766 -0.0250000004 -0.0210159127 -0.0279880584 asynchronous_release_0
0.03771 -0.0250000004 -0.0254976081 0.0239764881 asynchronous_release_0
0.021165 -0.0250000004 -0.0327979897 0.0122185054 asynchronous_release_0
0.047262 -0.0250000004 -0.0139596503 -0.0320956097 asynchronous_release_0
0.046511 -0.0250000004 0.0349920096 0.000747839067 asynchronous_release_0
0.034439 -0.0250000004 -0.000716018076 0.00069808174 asynchronous_release_0
0.009465 -0.0250000004 0.00740730061 0.0342071907 asynchronous_release_0
0.048737 -0.0250000004 0.0341481435 0.0076749132 asynchronous_release_0
0.038249 -0.0250000004 0.0349220891 0.00233402922 asynchronous_release_0
0.044502 -0.0250000004 0.000816766118 -0.000576968898 asynchronous_release_0
0.043671 -0.0250000004 -0.0152761645 0.0314902969 asynchronous_release_0
0.042106 -0.0250000004 0.00091687899 -0.0349879884 asynchronous_release_1
0.048495 -0.0250000004 0.0235689234 -0.0258748111 asynchronous_release_0
0.034602 -0.0250000004 0.000150920138 0.000988545958 asynchronous_release_0
0.032889 -0.0250000004 -0.0186708178 0.0296040633 asynchronous_release_0
0.030085 -0.0250000004 0.0349998435 0.000104675246 asynchronous_release_0
0.008874 -0.0250000004 0.034968066 0.0014947768 asynchronous_release_0
0.042263 -0.0250000004 0.0169067058 -0.0306457713 asynchronous_release_0
0.044507 -0.0250000004 0.000997013045 -7.72333361e-05 asynchronous_release_0
0.03551 -0.0250000004 -0.000919367615 0.000393399529 asynchronous_release_0
0.026474 -0.0250000004 0.0183992051 0.0297736335 asynchronous_release_0
0.0369 -0.0250000004 0.017059903 0.0305607544 asynchronous_release_0
0.036001 -0.0250000004 0.000625567988 0.000780169656 asynchronous_release_0
0.030501 -0.0250000004 0.0334902868 0.0101686131 asynchronous_release_0
0.026811 -0.0250000004 0.0188873321 -0.0294663992 asynchronous_release_0
0.009479 -0.0250000004 0.0182593635 -0.0298595989 asynchronous_release_0
0.03754 -0.0250000004 -0.0174363149 0.0303475687 asynchronous_release_0
0.048718 -0.0250000004 0.0138480874 0.0321439026 asynchronous_release_0
0.026497 -0.0250000004 0.0140993662 -0.0320344794 asynchronous_release_0
0.040205 -0.0250000004 -0.00099908067 4.28697473e-05 asynchronous_release_0
0.024496 -0.0250000004 0.0328771353 0.0120039149 asynchronous_release_1
0.031487 -0.0250000004 0.0341465756 -0.00768188603 asynchronous_release_0
0.028293 -0.0250000004 -0.0141736025 0.0320017029 asynchronous_release_0
0.023798 -0.0250000004 0.0349488858 -0.00189086806 asynchronous_release_0
0.047654 -0.0250000004 0.0166732939 0.0307733857 asynchronous_release_0
0.025462 -0.0250000004 0.0214984363 -0.0276191462 asynchronous_release_0
0.01959 -0.0250000004 0.0334584005 -0.0102730441 asynchronous_release_0
0.041803 -0.0250000004 -0.0231139457 -0.0262820379 asynchronous_release_0
0.004753 -0.0250000004 0.0008816569 0.000471890995 asynchronous_release_1
0.030556 -0.0250000004 -0.0115145609 0.0330517002 asynchronous_release_1
0.025273 -0.0250000004 0.0349988596 0.000282530229 asynchronous_release_0
0.034556 -0.0250000004 0.0325805036 0.0127871336 asynchronous_release_0
0.024831 -0.0250000004 -0.0201976876 0.0285841462 asynchronous_release_0
0.045353 -0.0250000004 0.0346847214 -0.00468722768 asynchronous_release_0
0.012532 -0.0250000004 0.016673799 0.0307731121 asynchronous_release_0
0.035225 -0.0250000004 -0.012291281 0.032770786 asynchronous_release_0
0.029612 -0.0250000004 0.0345619575 0.00552006295 asynchronous_release_0
0.034675 -0.0250000004 -0.0311483836 0.0159617731 asynchronous_release_0
0.048201 -0.0250000004 0.012239037 0.0327903335 asynchronous_release_0
0.033048 -0.0250000004 -0.00956069278 0.0336688751 asynchronous_release_0
0.029099 -0.0250000004 0.0197042443 -0.0289265061 asynchronous_release_0
0.040809 -0.0250000004 -0.0019144479 0.0349476021 asynchronous_release_0
0.038976 -0.0250000004 -0.0294193849 0.0189604797 asynchronous_release_0
0.022057 -0.0250000004 -0.000803470458 0.000595344626 asynchronous_release_0
0.042436 -0.0250000004 0.000125279914 0.000992121436 asynchronous_release_0
0.039534 -0.0250000004 0.0013859267 0.0349725493 asynchronous_release_0
0.04236 -0.0250000004 0.000958965999 -0.0349868602 asynchronous_release_0
0.031113 -0.0250000004 0.0127443897 -0.0325972473 asynchronous_release_0
0.048982 -0.0250000004 0.0347817643 -0.00390241853 asynchronous_release_0
0.048256 -0.0250000004 0.0295769473 0.0187137434 asynchronous_release_0
0.045711 -0.0250000004 -0.0325422749 -0.012884112 asynchronous_release_0
0.037886 -0.0250000004 0.0255131472 0.0239599525 asynchronous_release_0
0.017629 -0.0250000004 0.0284911255 -0.0203286933 asynchronous_release_0
0.020287 -0.0250000004 0.0227898097 0.0265635949 asynchronous_release_0
0.026418 -0.0250000004 0.00549832979 0.0345654216 asynchronous_release_0
0.034506 -0.0250000004 -0.00635698448 0.0344178551 asynchronous_release_0
0.036855 -0.0250000004 -0.0248889734 0.0246077021 asynchronous_release_0
0.045781 -0.0250000004 0.0330698357 0.0114623719 asynchronous_release_0
0.038019 -0.0250000004 0.0344432432 0.00621795754 asynchronous_release_0
0.03984 -0.0250000004 -0.0227664734 0.0265835981 asynchronous_release_0
0.035449 -0.0250000004 0.0334188551 0.0104009675 asynchronous_release_1
0.045316 -0.0250000004 -0.000754332312 0.000656492775 asynchronous_release_0
0.039544 -0.0250000004 0.0217487053 0.0274225057 asynchronous_release_0
0.039604 -0.0250000004 0.0290182888 0.0195688251 asynchronous_release_0
0.030088 -0.0250000004 0.0257663964 0.0236873979 asynchronous_release_0
0.049246 -0.0250000004 0.0201742484 0.028600694 asynchronous_release_1
0.007306 -0.0250000004 -0.0346416901 -0.00499532826 asynchronous_release_0
0.046151 -0.0250000004 0.0125367766 0.0326776565 asynchronous_release_0
0.02732 -0.0250000004 -0.00131576441 0.0349752593 asynchronous_release_0
0.047085 -0.0250000004 -0.0177978321 -0.0301369735 asynchronous_release_0
0.03478 -0.0250000004 0.0133772539 0.032342682 asynchronous_release_0
0.038412 -0.0250000004 0.0203412377 0.0284821707 asynchronous_release_0
0.040483 -0.0250000004 0.0207723054 -0.0281693331 asynchronous_release_0
0.045849 -0.0250000004 -0.0315892798 0.0150704148 asynchronous_release_0
0.046602 -0.0250000004 -0.0206623738 -0.0282500674 asynchronous_release_0
0.047972 -0.0250000004 0.0334172447 -0.0104061405 asynchronous_release_0
0.03001 -0.0250000004 0.0257629141 -0.0236911852 asynchronous_release_0
0.04292 -0.0250000004 0.000222652677 -0.0349992918 asynchronous_release_0
0.02105 -0.0250000004 0.0298044839 0.018349189 asynchronous_release_0
0.029741 -0.0250000004 0.0284597064 -0.0203726559 asynchronous_release_0
0.041048 -0.0250000004 0.0333748415 0.0105413451 asynchronous_release_0
0.049524 -0.0250000004 0.0235977187 -0.0258485526 asynchronous_release_0
0.030965 -0.0250000004 0.0180325499 0.0299971189 asynchronous_release_0
0.049416 -0.0250000004 -0.033172678 -0.0111612471 asynchronous_release_0
0.046529 -0.0250000004 0.0206777339 -0.0282388265 asynchronous_release_0
0.029234 -0.0250000004 -0.00151837097 0.0349670495 asynchronous_release_0
0.025221 -0.0250000004 0.0318400912 0.0145330173 asynchronous_release_0
0.037554 -0.0250000004 -0.00885300803 -0.0338618406 asynchronous_release_0
0.03465 -0.0250000004 0.0312227906 0.0158157311 asynchronous_release_0
0.041933 -0.0250000004 0.0125128405 -0.0326868295 asynchronous_release_0
0.027381 -0.0250000004 -0.000247764909 -0.000968820185 asynchronous_release_0
0.031187 -0.0250000004 -0.000817788991 -0.000575518172 asynchronous_release_0
0.037412 -0.0250000004 -0.0104662582 0.0333984646 asynchronous_release_0
0.04485 -0.0250000004 -0.033724782 -0.00936157444 asynchronous_release_0
0.043591 -0.0250000004 0.0289898574 -0.0196109197 asynchronous_release_0
0.032098 -0.0250000004 0.034371835 -0.00660128451 asynchronous_release_2
0.036688 -0.0250000004 0.0348321619 -0.00342352162 asynchronous_release_0
0.041733 -0.0250000004 0.0315061527 -0.015243436 asynchronous_release_0
0.02873 -0.0250000004 -0.0252009381 -0.0242881189 asynchronous_release_0
0.047123 -0.0250000004 0.0217330529 0.0274349122 asynchronous_release_0
0.010138 -0.0250000004 5.77865158e-05 0.0349999523 asynchronous_release_0
0.043409 -0.0250000004 -0.0101434053 0.0334979302 asynchronous_release_0
0.018422 -0.0250000004 0.0347932036 -0.0037990765 asynchronous_release_0
0.043459 -0.0250000004 0.0324150911 0.0132008284 asynchronous_release_0
0.018236 -0.0250000004 0.0224472267 -0.0268537151 asynchronous_release_0
0.042912 -0.0250000004 0.0217599619 -0.0274135743 asynchronous_release_0
0.029429 -0.0250000004 -0.00865496828 -0.0339129993 asynchronous_release_0
0.025529 -0.0250000004 0.0343493241 0.00671743516 asynchronous_release_0
0.025108 -0.0250000004 -0.0216903002 0.0274687254 asynchronous_release_1
0.036015 -0.0250000004 0.000675739445 -0.000737140558 asynchronous_release_0
0.026237 -0.0250000004 -0.034595366 0.00530666083 asynchronous_release_0
0.048802 -0.0250000004 -0.0153838487 -0.0314378307 asynchronous_release_0
0.028811 -0.0250000004 -0.0164467693 0.0308950446 asynchronous_release_0
0.02234 -0.0250000004 0.0214173134 -0.0276821005 asynchronous_release_0
0.042529 -0.0250000004 0.0220750631 0.0271604784 asynchronous_release_0
0.044823 -0.0250000004 0.027751752 -0.0213269843 asynchronous_release_0
0.048974 -0.0250000004 -0.0299068123 0.0181819299 asynchronous_release_0
0.049544 -0.0250000004 -0.0111778826 0.0331670761 asynchronous_release_0
0.022975 -0.0250000004 0.00741966677 0.0342045106 asynchronous_release_0
0.048878 -0.0250000004 -0.0349913501 -0.000778087575 asynchronous_release_0
0.02626 -0.0250000004 0.0234313001 0.0259995034 asynchronous_release_2
0.022513 -0.0250000004 0.0160301164 -0.0311132668 asynchronous_release_1
0.027211 -0.0250000004 -0.0266689018 -0.0226664879 asynchronous_release_1
0.013622 -0.0250000004 -0.00153835118 0.0349661762 asynchronous_release_0
0.044962 -0.0250000004 0.0263266482 -0.0230631219 asynchronous_release_0
0.046595 -0.0250000004 0.00645657058 -0.0343993124 asynchronous_release_0
0.041027 -0.0250000004 -0.0289483122 0.0196721942 asynchronous_release_0
0.024425 -0.0250000004 0.0346866404 -0.00467300517 asynchronous_release_0
0.04127 -0.0250000004 -0.000359423557 -0.000933174532 asynchronous_release_0
0.027269 -0.0250000004 -0.0342657671 -0.007131424 asynchronous_release_0
0.028738 -0.0250000004 -0.0301288929 0.0178115078 asynchronous_release_1
0.015692 -0.0250000004 0.0348794963 -0.00290185058 asynchronous_release_0
0.04021 -0.0250000004 0.0280937657 -0.0208743941 asynchronous_release_0
0.042005 -0.0250000004 -0.0324946231 0.0130038253 asynchronous_release_0
0.049145 -0.0250000004 0.0340272795 -0.00819415941 asynchronous_release_0
0.029468 -0.0250000004 0.031086968 0.0160810579 asynchronous_release_0
0.032427 -0.0250000004 0.031186735 -0.0158867101 asynchronous_release_0
0.028266 -0.0250000004 -0.0188654112 0.0294804386 asynchronous_release_0
0.032193 -0.0250000004 0.0249516821 -0.0245441146 asynchronous_release_0
0.026439 -0.0250000004 0.0302071679 0.0176784334 asynchronous_release_0
0.045438 -0.0250000004 0.0291995497 0.0192973133 asynchronous_release_0
0.025304 -0.0250000004 0.00814377342 0.0340393736 asynchronous_release_3
0.039156 -0.0250000004 0.000891632252 -0.000452760342 asynchronous_release_0
0.046315 -0.0250000004 0.0338537834 0.00888376887 asynchronous_release_0
0.027474 -0.0250000004 0.0319143432 -0.0143692275 asynchronous_release_0
0.025065 -0.0250000004 0.00523261739 0.0346066426 asynchronous_release_0
0.039073 -0.0250000004 0.0034601947 -0.0348285379 asynchronous_release_0
0.034038 -0.0250000004 0.0221545944 0.0270956444 asynchronous_release_0
0.041905 -0.0250000004 -0.000707424841 -0.000706788578 asynchronous_release_0
0.047988 -0.0250000004 0.0340634126 -0.00804263136 asynchronous_release_0
