0.000000 0.094568
0.000050 0.103152
0.000100 0.095884
0.000150 0.116652
0.000200 0.100934
0.000250 0.108832
0.000300 0.089652
0.000350 0.110278
0.000400 0.092081
0.000450 0.106677
0.000500 0.103851
0.000550 0.098931
0.000600 0.114986
0.000650 0.105088
0.000700 0.112434
0.000750 0.108416
0.000800 0.123638
0.000850 0.106052
0.000900 0.112774
0.000950 0.119560
0.001000 0.107251
0.001050 0.123717
0.001100 0.115183
0.001150 0.138113
0.001200 0.161246
0.001250 0.159990
0.001300 0.182755
0.001350 0.163193
0.001400 0.228501
0.001450 0.250081
0.001500 0.342397
0.001550 0.450333
0.001600 0.567635
0.001650 0.754313
0.001700 1.077757
0.001750 1.286691
0.001800 1.662091
0.001850 2.175583
0.001900 2.657236
0.001950 3.178774
0.002000 3.700499
0.002050 4.151031
0.002100 4.595191
0.002150 4.860519
0.002200 5.055215
0.002250 5.038471
0.002300 4.770529
0.002350 4.529617
0.002400 4.002312
0.002450 3.628736
0.002500 3.015100
0.002550 2.679028
0.002600 2.285907
0.002650 2.069123
0.002700 1.762562
0.002750 1.536392
0.002800 1.456652
0.002850 1.244642
0.002900 1.173751
0.002950 1.095123
0.003000 1.025489
0.003050 0.970451
0.003100 0.913883
0.003150 0.854609
0.003200 0.855318
0.003250 0.853372
0.003300 0.801399
0.003350 0.768255
0.003400 0.739278
0.003450 0.743876
0.003500 0.703487
0.003550 0.695159
0.003600 0.715841
0.003650 0.680377
0.003700 0.659151
0.003750 0.641339
0.003800 0.632985
0.003850 0.606037
0.003900 0.621147
0.003950 0.639987
0.004000 0.631419
0.004050 0.600669
0.004100 0.564822
0.004150 0.573642
0.004200 0.575828
0.004250 0.550560
0.004300 0.567178
0.004350 0.513490
0.004400 0.543604
0.004450 0.577198
0.004500 0.516262
0.004550 0.560536
0.004600 0.532384
0.004650 0.520918
0.004700 0.491720
0.004750 0.516234
0.004800 0.504667
0.004850 0.534471
0.004900 0.442796
0.004950 0.529682
0.005000 0.477250
0.005050 0.495696
0.005100 0.497105
0.005150 0.506365
0.005200 0.456774
0.005250 0.503266
0.005300 0.484729
0.005350 0.491443
0.005400 0.487728
0.005450 0.488474
0.005500 0.488176
0.005550 0.483202
0.005600 0.480382
0.005650 0.427006
0.005700 0.438824
0.005750 0.493204
0.005800 0.444642
0.005850 0.458656
0.005900 0.437680
0.005950 0.434998
0.006000 0.445906
0.006050 0.447668
0.006100 0.447963
0.006150 0.443139
0.006200 0.458524
0.006250 0.430376
0.006300 0.419652
0.006350 0.440740
0.006400 0.428459
0.006450 0.438303
0.006500 0.413054
0.006550 0.406672
0.006600 0.404712
0.006650 0.422046
0.006700 0.390126
0.006750 0.405940
0.006800 0.422821
0.006850 0.424501
0.006900 0.391481
0.006950 0.408717
0.007000 0.422389
0.007050 0.421873
0.007100 0.387881
0.007150 0.425025
0.007200 0.409147
0.007250 0.415701
0.007300 0.420317
0.007350 0.418643
0.007400 0.407821
0.007450 0.387003
0.007500 0.382350
0.007550 0.395818
0.007600 0.376781
0.007650 0.401225
0.007700 0.406736
0.007750 0.376586
0.007800 0.401700
0.007850 0.414926
0.007900 0.369202
0.007950 0.371996
0.008000 0.368512
0.008050 0.392610
0.008100 0.374391
0.008150 0.376271
0.008200 0.384556
0.008250 0.372008
0.008300 0.374859
0.008350 0.377689
0.008400 0.347032
0.008450 0.351792
0.008500 0.369557
0.008550 0.366227
0.008600 0.375383
0.008650 0.362165
0.008700 0.372078
0.008750 0.359718
0.008800 0.356787
0.008850 0.370087
0.008900 0.357738
0.008950 0.357680
0.009000 0.365302
0.009050 0.347284
0.009100 0.336181
0.009150 0.346501
0.009200 0.301197
0.009250 0.360695
0.009300 0.347743
0.009350 0.345745
0.009400 0.364765
0.009450 0.364207
0.009500 0.358358
0.009550 0.341346
0.009600 0.342854
0.009650 0.326216
0.009700 0.321476
0.009750 0.343778
0.009800 0.352107
0.009850 0.362209
0.009900 0.335709
0.009950 0.346667
0.010000 0.324283
0.010050 0.354951
0.010100 0.352640
0.010150 0.334438
0.010200 0.353948
0.010250 0.334866
0.010300 0.349300
0.010350 0.354014
0.010400 0.348607
0.010450 0.332463
0.010500 0.347367
0.010550 0.342819
0.010600 0.338895
0.010650 0.327689
0.010700 0.351850
0.010750 0.321318
0.010800 0.362452
0.010850 0.328122
0.010900 0.331250
0.010950 0.307408
0.011000 0.330581
0.011050 0.337245
0.011100 0.313493
0.011150 0.339865
0.011200 0.316461
0.011250 0.337987
0.011300 0.336235
0.011350 0.312613
0.011400 0.348490
0.011450 0.313120
0.011500 0.307126
0.011550 0.315016
0.011600 0.325147
0.011650 0.325621
0.011700 0.300760
0.011750 0.315976
0.011800 0.299194
0.011850 0.307942
0.011900 0.324727
0.011950 0.320161
0.012000 0.324250
0.012050 0.341736
0.012100 0.331772
0.012150 0.311958
0.012200 0.309084
0.012250 0.297846
0.012300 0.285024
0.012350 0.320194
0.012400 0.306026
0.012450 0.307470
0.012500 0.314989
0.012550 0.306755
0.012600 0.296178
0.012650 0.273316
0.012700 0.286172
0.012750 0.282062
0.012800 0.297469
0.012850 0.307671
0.012900 0.315433
0.012950 0.318115
0.013000 0.286927
0.013050 0.317765
0.013100 0.286919
0.013150 0.297989
0.013200 0.298880
0.013250 0.330134
0.013300 0.283004
0.013350 0.290578
0.013400 0.324090
0.013450 0.281864
0.013500 0.288787
0.013550 0.286023
0.013600 0.296906
0.013650 0.288482
0.013700 0.291817
0.013750 0.315363
0.013800 0.319801
0.013850 0.306519
0.013900 0.274703
0.013950 0.276729
0.014000 0.285828
0.014050 0.281514
0.014100 0.324440
0.014150 0.286622
0.014200 0.281201
0.014250 0.280609
0.014300 0.278600
0.014350 0.286386
0.014400 0.297167
0.014450 0.280243
0.014500 0.293430
0.014550 0.279620
0.014600 0.291474
0.014650 0.296416
0.014700 0.284615
0.014750 0.282483
0.014800 0.267877
0.014850 0.270131
0.014900 0.259573
0.014950 0.311931
0.015000 0.310354
0.015050 0.299418
0.015100 0.297179
0.015150 0.296457
0.015200 0.282327
0.015250 0.306939
0.015300 0.292516
0.015350 0.301070
0.015400 0.289332
0.015450 0.286178
0.015500 0.269017
0.015550 0.281973
0.015600 0.267529
0.015650 0.276201
0.015700 0.295055
0.015750 0.279663
0.015800 0.280943
0.015850 0.281617
0.015900 0.262856
0.015950 0.280736
0.016000 0.285962
0.016050 0.278696
0.016100 0.277193
0.016150 0.286061
0.016200 0.273578
0.016250 0.260344
0.016300 0.276435
0.016350 0.267107
0.016400 0.277450
0.016450 0.266784
0.016500 0.257692
0.016550 0.292026
0.016600 0.271409
0.016650 0.266987
0.016700 0.289676
0.016750 0.287384
0.016800 0.270932
0.016850 0.245222
0.016900 0.269132
0.016950 0.286810
0.017000 0.266126
0.017050 0.291102
0.017100 0.265891
0.017150 0.259737
0.017200 0.274244
0.017250 0.257406
0.017300 0.279994
0.017350 0.273560
0.017400 0.273366
0.017450 0.258834
0.017500 0.254721
0.017550 0.255163
0.017600 0.258094
0.017650 0.276994
0.017700 0.272638
0.017750 0.257578
0.017800 0.234907
0.017850 0.261821
0.017900 0.239792
0.017950 0.258992
0.018000 0.255623
0.018050 0.264185
0.018100 0.288440
0.018150 0.252484
0.018200 0.279023
0.018250 0.265167
0.018300 0.257815
0.018350 0.263295
0.018400 0.260714
0.018450 0.248504
0.018500 0.256241
0.018550 0.258845
0.018600 0.262974
0.018650 0.248074
0.018700 0.272816
0.018750 0.255656
0.018800 0.253827
0.018850 0.262957
0.018900 0.252084
0.018950 0.232396
0.019000 0.262475
0.019050 0.254603
0.019100 0.244765
0.019150 0.244461
0.019200 0.264186
0.019250 0.239300
0.019300 0.250609
0.019350 0.251153
0.019400 0.247044
0.019450 0.243304
0.019500 0.262224
0.019550 0.273460
0.019600 0.258461
0.019650 0.247297
0.019700 0.255413
0.019750 0.259245
0.019800 0.256367
0.019850 0.256661
0.019900 0.247790
0.019950 0.275662
0.020000 0.245207
0.020050 0.245889
0.020100 0.240138
0.020150 0.234354
0.020200 0.233802
0.020250 0.247060
0.020300 0.274264
0.020350 0.255574
0.020400 0.251888
0.020450 0.248594
0.020500 0.274877
0.020550 0.257277
0.020600 0.251534
0.020650 0.253210
0.020700 0.258642
0.020750 0.271194
0.020800 0.270084
0.020850 0.245148
0.020900 0.259427
0.020950 0.269197
0.021000 0.269783
0.021050 0.284307
0.021100 0.292174
0.021150 0.319184
0.021200 0.309417
0.021250 0.340057
0.021300 0.380313
0.021350 0.414865
0.021400 0.475403
0.021450 0.588397
0.021500 0.702611
0.021550 0.887169
0.021600 1.170860
0.021650 1.514226
0.021700 1.891264
0.021750 2.397746
0.021800 3.012549
0.021850 3.668743
0.021900 4.274478
0.021950 5.023294
0.022000 5.833547
0.022050 6.387951
0.022100 6.896782
0.022150 7.198868
0.022200 7.300772
0.022250 7.420110
0.022300 7.100647
0.022350 6.652499
0.022400 5.995514
0.022450 5.293010
0.022500 4.637078
0.022550 4.001506
0.022600 3.566355
0.022650 3.157281
0.022700 2.785460
0.022750 2.552020
0.022800 2.236095
0.022850 2.042161
0.022900 1.823504
0.022950 1.681120
0.023000 1.629515
0.023050 1.500393
0.023100 1.450969
0.023150 1.384499
0.023200 1.265499
0.023250 1.258485
0.023300 1.250944
0.023350 1.165652
0.023400 1.173130
0.023450 1.088054
0.023500 1.106985
0.023550 1.031155
0.023600 1.043757
0.023650 1.035575
0.023700 1.026858
0.023750 0.990946
0.023800 0.940013
0.023850 0.946113
0.023900 0.909615
0.023950 0.873363
0.024000 0.871031
0.024050 0.905795
0.024100 0.896819
0.024150 0.902787
0.024200 0.878718
0.024250 0.871020
0.024300 0.853044
0.024350 0.810554
0.024400 0.783937
0.024450 0.831145
0.024500 0.796153
0.024550 0.804733
0.024600 0.799067
0.024650 0.759773
0.024700 0.821714
0.024750 0.777390
0.024800 0.720371
0.024850 0.787507
0.024900 0.733292
0.024950 0.737750
0.025000 0.719690
0.025050 0.748710
0.025100 0.690382
0.025150 0.679082
0.025200 0.739931
0.025250 0.739917
0.025300 0.681598
0.025350 0.707770
0.025400 0.700504
0.025450 0.657496
0.025500 0.683732
0.025550 0.659436
0.025600 0.652441
0.025650 0.646949
0.025700 0.674902
0.025750 0.647808
0.025800 0.626245
0.025850 0.694691
0.025900 0.632229
0.025950 0.598007
0.026000 0.619337
0.026050 0.632441
0.026100 0.666020
0.026150 0.661542
0.026200 0.607690
0.026250 0.621386
0.026300 0.590368
0.026350 0.608280
0.026400 0.563875
0.026450 0.596601
0.026500 0.611462
0.026550 0.592894
0.026600 0.620595
0.026650 0.586511
0.026700 0.604133
0.026750 0.581121
0.026800 0.579463
0.026850 0.544443
0.026900 0.569060
0.026950 0.569518
0.027000 0.608393
0.027050 0.578111
0.027100 0.536804
0.027150 0.525192
0.027200 0.583825
0.027250 0.530309
0.027300 0.560193
0.027350 0.539281
0.027400 0.511121
0.027450 0.555411
0.027500 0.572397
0.027550 0.550287
0.027600 0.502069
0.027650 0.545003
0.027700 0.519909
0.027750 0.529155
0.027800 0.550152
0.027850 0.537228
0.027900 0.575107
0.027950 0.530873
0.028000 0.525114
0.028050 0.524948
0.028100 0.490442
0.028150 0.557840
0.028200 0.535201
0.028250 0.492069
0.028300 0.459485
0.028350 0.500573
0.028400 0.471327
0.028450 0.518311
0.028500 0.510160
0.028550 0.470510
0.028600 0.474777
0.028650 0.479071
0.028700 0.481092
0.028750 0.471608
0.028800 0.503046
0.028850 0.498238
0.028900 0.473723
0.028950 0.467645
0.029000 0.469674
0.029050 0.475210
0.029100 0.479030
0.029150 0.492802
0.029200 0.482079
0.029250 0.446693
0.029300 0.475113
0.029350 0.477223
0.029400 0.445186
0.029450 0.456650
0.029500 0.465222
0.029550 0.476802
0.029600 0.431517
0.029650 0.465603
0.029700 0.494511
0.029750 0.460989
0.029800 0.450585
0.029850 0.434751
0.029900 0.441005
0.029950 0.464095
0.030000 0.453048
0.030050 0.438338
0.030100 0.442252
0.030150 0.445586
0.030200 0.437446
0.030250 0.434724
0.030300 0.454452
0.030350 0.475498
0.030400 0.466811
0.030450 0.458695
0.030500 0.457264
0.030550 0.446038
0.030600 0.441504
0.030650 0.458442
0.030700 0.416427
0.030750 0.414251
0.030800 0.402814
0.030850 0.440148
0.030900 0.432481
0.030950 0.437181
0.031000 0.436319
0.031050 0.427993
0.031100 0.417762
0.031150 0.453662
0.031200 0.465364
0.031250 0.439566
0.031300 0.411140
0.031350 0.433450
0.031400 0.447065
0.031450 0.448149
0.031500 0.448611
0.031550 0.461087
0.031600 0.442609
0.031650 0.438629
0.031700 0.414949
0.031750 0.436953
0.031800 0.427852
0.031850 0.447422
0.031900 0.432582
0.031950 0.393996
0.032000 0.421256
0.032050 0.433240
0.032100 0.447213
0.032150 0.383331
0.032200 0.411390
0.032250 0.429894
0.032300 0.394140
0.032350 0.426264
0.032400 0.388449
0.032450 0.406363
0.032500 0.398975
0.032550 0.405901
0.032600 0.410904
0.032650 0.390428
0.032700 0.413747
0.032750 0.426025
0.032800 0.420624
0.032850 0.419150
0.032900 0.415037
0.032950 0.390449
0.033000 0.431853
0.033050 0.402615
0.033100 0.403083
0.033150 0.392269
0.033200 0.403355
0.033250 0.380529
0.033300 0.361606
0.033350 0.385354
0.033400 0.397840
0.033450 0.394306
0.033500 0.377340
0.033550 0.405998
0.033600 0.374218
0.033650 0.380044
0.033700 0.381850
0.033750 0.371500
0.033800 0.408498
0.033850 0.386000
0.033900 0.381739
0.033950 0.383583
0.034000 0.409274
0.034050 0.379158
0.034100 0.388527
0.034150 0.368529
0.034200 0.372422
0.034250 0.384568
0.034300 0.352803
0.034350 0.378007
0.034400 0.364741
0.034450 0.357631
0.034500 0.358786
0.034550 0.389706
0.034600 0.352850
0.034650 0.351926
0.034700 0.361427
0.034750 0.365405
0.034800 0.386829
0.034850 0.369261
0.034900 0.371193
0.034950 0.369637
0.035000 0.351254
0.035050 0.328584
0.035100 0.378230
0.035150 0.380924
0.035200 0.390683
0.035250 0.341889
0.035300 0.348037
0.035350 0.367667
0.035400 0.390220
0.035450 0.349682
0.035500 0.367278
0.035550 0.347216
0.035600 0.345611
0.035650 0.378275
0.035700 0.373185
0.035750 0.382397
0.035800 0.350782
0.035850 0.341296
0.035900 0.356939
0.035950 0.325131
0.036000 0.348711
0.036050 0.334849
0.036100 0.320933
0.036150 0.351851
0.036200 0.371301
0.036250 0.398095
0.036300 0.369751
0.036350 0.361677
0.036400 0.386378
0.036450 0.352784
0.036500 0.341716
0.036550 0.336462
0.036600 0.345117
0.036650 0.336929
0.036700 0.355906
0.036750 0.352148
0.036800 0.343219
0.036850 0.357873
0.036900 0.358549
0.036950 0.354791
0.037000 0.345093
0.037050 0.365781
0.037100 0.351635
0.037150 0.346363
0.037200 0.350013
0.037250 0.329809
0.037300 0.356588
0.037350 0.343834
0.037400 0.346012
0.037450 0.339952
0.037500 0.348891
0.037550 0.347341
0.037600 0.354071
0.037650 0.375157
0.037700 0.348765
0.037750 0.355535
0.037800 0.331298
0.037850 0.336530
0.037900 0.342545
0.037950 0.363787
0.038000 0.364569
0.038050 0.318875
0.038100 0.353119
0.038150 0.344717
0.038200 0.345465
0.038250 0.334729
0.038300 0.362304
0.038350 0.336998
0.038400 0.332359
0.038450 0.334635
0.038500 0.341549
0.038550 0.318385
0.038600 0.358520
0.038650 0.339990
0.038700 0.343091
0.038750 0.329135
0.038800 0.329891
0.038850 0.342323
0.038900 0.313519
0.038950 0.356367
0.039000 0.329874
0.039050 0.315012
0.039100 0.336897
0.039150 0.336917
0.039200 0.329875
0.039250 0.333027
0.039300 0.329898
0.039350 0.348036
0.039400 0.329952
0.039450 0.337872
0.039500 0.324468
0.039550 0.308640
0.039600 0.355402
0.039650 0.330090
0.039700 0.317405
0.039750 0.330147
0.039800 0.340549
0.039850 0.324659
0.039900 0.319898
0.039950 0.330322
0.040000 0.339186
0.040050 0.349690
0.040100 0.328116
0.040150 0.312092
0.040200 0.330626
0.040250 0.321828
0.040300 0.321070
0.040350 0.321120
0.040400 0.349488
0.040450 0.333414
0.040500 0.324582
0.040550 0.316532
0.040600 0.329593
0.040650 0.324797
0.040700 0.312651
0.040750 0.335551
0.040800 0.311969
0.040850 0.314479
0.040900 0.289974
0.040950 0.320322
0.041000 0.318765
0.041050 0.307341
0.041100 0.316453
0.041150 0.322305
0.041200 0.316631
0.041250 0.322503
0.041300 0.324264
0.041350 0.333486
0.041400 0.321190
0.041450 0.333752
0.041500 0.293178
0.041550 0.314028
0.041600 0.328292
0.041650 0.305914
0.041700 0.295983
0.041750 0.309427
0.041800 0.286931
0.041850 0.304581
0.041900 0.285381
0.041950 0.307275
0.042000 0.293087
0.042050 0.342843
0.042100 0.293305
0.042150 0.299297
0.042200 0.305313
0.042250 0.324043
0.042300 0.318279
0.042350 0.309105
0.042400 0.333012
0.042450 0.306006
0.042500 0.326563
0.042550 0.302891
0.042600 0.316670
0.042650 0.322814
0.042700 0.326417
0.042750 0.314627
0.042800 0.298513
0.042850 0.344979
0.042900 0.314300
0.042950 0.301576
0.043000 0.310335
0.043050 0.293267
0.043100 0.294265
0.043150 0.309957
0.043200 0.298026
0.043250 0.273932
0.043300 0.293107
0.043350 0.333183
0.043400 0.341247
0.043450 0.343251
0.043500 0.300843
0.043550 0.320203
0.043600 0.304712
0.043650 0.321508
0.043700 0.305114
0.043750 0.321954
0.043800 0.287988
0.043850 0.283760
0.043900 0.313801
0.043950 0.291147
0.044000 0.285157
0.044050 0.285323
0.044100 0.309333
0.044150 0.296299
0.044200 0.284108
0.044250 0.279852
0.044300 0.307516
0.044350 0.316628
0.044400 0.289324
0.044450 0.282400
0.044500 0.309313
0.044550 0.289935
0.044600 0.292819
0.044650 0.282305
0.044700 0.310243
0.044750 0.295269
0.044800 0.303569
0.044850 0.294837
0.044900 0.311250
0.044950 0.321420
0.045000 0.319913
0.045050 0.284127
0.045100 0.300598
0.045150 0.290910
0.045200 0.312867
0.045250 0.303189
0.045300 0.292574
0.045350 0.282834
0.045400 0.271246
0.045450 0.289652
0.045500 0.296278
0.045550 0.294720
0.045600 0.300463
0.045650 0.309883
0.045700 0.295546
0.045750 0.300400
0.045800 0.285098
0.045850 0.300960
0.045900 0.285630
0.045950 0.260132
0.046000 0.287971
0.046050 0.321435
0.046100 0.288554
0.046150 0.313780
0.046200 0.282665
0.046250 0.293121
0.046300 0.282292
0.046350 0.302054
0.046400 0.294012
0.046450 0.293386
0.046500 0.295553
0.046550 0.292137
0.046600 0.287779
0.046650 0.277805
0.046700 0.286501
0.046750 0.269955
0.046800 0.296460
0.046850 0.286470
0.046900 0.296169
0.046950 0.290861
0.047000 0.301535
0.047050 0.283985
0.047100 0.299386
0.047150 0.295014
0.047200 0.294410
0.047250 0.312726
0.047300 0.279964
0.047350 0.288812
0.047400 0.290098
0.047450 0.281890
0.047500 0.278413
0.047550 0.291111
0.047600 0.279073
0.047650 0.283217
0.047700 0.292151
0.047750 0.276259
0.047800 0.288072
0.047850 0.275974
0.047900 0.292610
0.047950 0.281460
0.048000 0.274121
0.048050 0.281191
0.048100 0.299841
0.048150 0.277099
0.048200 0.255253
0.048250 0.269083
0.048300 0.272321
0.048350 0.270731
0.048400 0.310805
0.048450 0.281165
0.048500 0.298043
0.048550 0.286787
0.048600 0.259930
0.048650 0.246628
0.048700 0.279112
0.048750 0.284370
0.048800 0.305278
0.048850 0.259748
0.048900 0.263030
0.048950 0.260444
0.049000 0.249023
0.049050 0.260155
0.049100 0.282136
0.049150 0.284506
0.049200 0.279990
0.049250 0.278420
0.049300 0.286717
0.049350 0.274293
0.049400 0.276668
0.049450 0.283012
0.049500 0.282440
0.049550 0.259052
0.049600 0.253469
0.049650 0.297571
0.049700 0.275143
0.049750 0.279541
0.049800 0.276975
0.049850 0.276399
0.049900 0.282816
