0.000000 7.000000
0.000010 7.000400
0.000020 7.000600
0.000030 7.000600
0.000040 7.000800
0.000050 7.001200
0.000060 7.001200
0.000070 7.001400
0.000080 7.001400
0.000090 7.001400
0.000100 7.001400
0.000110 7.001400
0.000120 7.001400
0.000130 7.001400
0.000140 7.001400
0.000150 7.001400
0.000160 7.001400
0.000170 7.001400
0.000180 7.001400
0.000190 7.001400
0.000200 7.001400
0.000210 7.001400
0.000220 7.001400
0.000230 7.001400
0.000240 7.001400
0.000250 7.001400
0.000260 7.001400
0.000270 7.001400
0.000280 7.001400
0.000290 7.001400
0.000300 7.001400
0.000310 7.001600
0.000320 7.001600
0.000330 7.002000
0.000340 7.002000
0.000350 7.002000
0.000360 7.002000
0.000370 7.002000
0.000380 7.002000
0.000390 7.002000
0.000400 7.002000
0.000410 7.002000
0.000420 7.002000
0.000430 7.002000
0.000440 7.002000
0.000450 7.002000
0.000460 7.002000
0.000470 7.002000
0.000480 7.002000
0.000490 7.002000
0.000500 7.002000
0.000510 7.002000
0.000520 7.002000
0.000530 7.002000
0.000540 7.002000
0.000550 7.002000
0.000560 7.002000
0.000570 7.002000
0.000580 7.002000
0.000590 7.002000
0.000600 7.002000
0.000610 7.002000
0.000620 7.002200
0.000630 7.002400
0.000640 7.002400
0.000650 7.002400
0.000660 7.002600
0.000670 7.002600
0.000680 7.002600
0.000690 7.002600
0.000700 7.002600
0.000710 7.002600
0.000720 7.002800
0.000730 7.003200
0.000740 7.003200
0.000750 7.003400
0.000760 7.003400
0.000770 7.003400
0.000780 7.003400
0.000790 7.003400
0.000800 7.003400
0.000810 7.003400
0.000820 7.003600
0.000830 7.003600
0.000840 7.003600
0.000850 7.003600
0.000860 7.003600
0.000870 7.003600
0.000880 7.003600
0.000890 7.003600
0.000900 7.003600
0.000910 7.003600
0.000920 7.003600
0.000930 7.003600
0.000940 7.003600
0.000950 7.003600
0.000960 7.003600
0.000970 7.003600
0.000980 7.003600
0.000990 7.003600
0.001000 7.003600
0.001010 7.003600
0.001020 7.003600
0.001030 7.003800
0.001040 7.003800
0.001050 7.003800
0.001060 7.003800
0.001070 7.003800
0.001080 7.004000
0.001090 7.004000
0.001100 7.004000
0.001110 7.004000
0.001120 7.004000
0.001130 7.004000
0.001140 7.004000
0.001150 7.004000
0.001160 7.004000
0.001170 7.004000
0.001180 7.004000
0.001190 7.004000
0.001200 7.004000
0.001210 7.004000
0.001220 7.004000
0.001230 7.004000
0.001240 7.004000
0.001250 7.004000
0.001260 7.004000
0.001270 7.004400
0.001280 7.004600
0.001290 7.004600
0.001300 7.004600
0.001310 7.004600
0.001320 7.004600
0.001330 7.004600
0.001340 7.004600
0.001350 7.004600
0.001360 7.004600
0.001370 7.004600
0.001380 7.004600
0.001390 7.004600
0.001400 7.004600
0.001410 7.004600
0.001420 7.004600
0.001430 7.004800
0.001440 7.004800
0.001450 7.004800
0.001460 7.004800
0.001470 7.004800
0.001480 7.004800
0.001490 7.004800
0.001500 7.005000
0.001510 7.005000
0.001520 7.005000
0.001530 7.005000
0.001540 7.005000
0.001550 7.005200
0.001560 7.005200
0.001570 7.005200
0.001580 7.005200
0.001590 7.005200
0.001600 7.005200
0.001610 7.005200
0.001620 7.005400
0.001630 7.005400
0.001640 7.005600
0.001650 7.005600
0.001660 7.005600
0.001670 7.005600
0.001680 7.005800
0.001690 7.005800
0.001700 7.005800
0.001710 7.006000
0.001720 7.006000
0.001730 7.006000
0.001740 7.006000
0.001750 7.006000
0.001760 7.006000
0.001770 7.006000
0.001780 7.006000
0.001790 7.006000
0.001800 7.006000
0.001810 7.006000
0.001820 7.006000
0.001830 7.006000
0.001840 7.006000
0.001850 7.006000
0.001860 7.006000
0.001870 7.006000
0.001880 7.006000
0.001890 7.006000
0.001900 7.006200
0.001910 7.006200
0.001920 7.006200
0.001930 7.006200
0.001940 7.006200
0.001950 7.006200
0.001960 7.006200
0.001970 7.006200
0.001980 7.006200
0.001990 7.006200
0.002000 7.006200
0.002010 7.006200
0.002020 7.006200
0.002030 7.006200
0.002040 7.006200
0.002050 7.006200
0.002060 7.006200
0.002070 7.006200
0.002080 7.006200
0.002090 7.006200
0.002100 7.006200
0.002110 7.006200
0.002120 7.006200
0.002130 7.006200
0.002140 7.006200
0.002150 7.006200
0.002160 7.006200
0.002170 7.006400
0.002180 7.006400
0.002190 7.006400
0.002200 7.006600
0.002210 7.006600
0.002220 7.006600
0.002230 7.006600
0.002240 7.006600
0.002250 7.006600
0.002260 7.006600
0.002270 7.006600
0.002280 7.006600
0.002290 7.006600
0.002300 7.006600
0.002310 7.006600
0.002320 7.006600
0.002330 7.006600
0.002340 7.006600
0.002350 7.006600
0.002360 7.006400
0.002370 7.006400
0.002380 7.006400
0.002390 7.006600
0.002400 7.006600
0.002410 7.006600
0.002420 7.006600
0.002430 7.006800
0.002440 7.006800
0.002450 7.006800
0.002460 7.006800
0.002470 7.006800
0.002480 7.006800
0.002490 7.007000
0.002500 7.007200
0.002510 7.007200
0.002520 7.007000
0.002530 7.007000
0.002540 7.007000
0.002550 7.007000
0.002560 7.007000
0.002570 7.007000
0.002580 7.006800
0.002590 7.006800
0.002600 7.006600
0.002610 7.006800
0.002620 7.007000
0.002630 7.007000
0.002640 7.007000
0.002650 7.006800
0.002660 7.006800
0.002670 7.006800
0.002680 7.006800
0.002690 7.006800
0.002700 7.006800
0.002710 7.006800
0.002720 7.006600
0.002730 7.006600
0.002740 7.006800
0.002750 7.006600
0.002760 7.006600
0.002770 7.006800
0.002780 7.006800
0.002790 7.006800
0.002800 7.006800
0.002810 7.006600
0.002820 7.006600
0.002830 7.006600
0.002840 7.006600
0.002850 7.006800
0.002860 7.006800
0.002870 7.006800
0.002880 7.007000
0.002890 7.007000
0.002900 7.007000
0.002910 7.006600
0.002920 7.006600
0.002930 7.006600
0.002940 7.006400
0.002950 7.006400
0.002960 7.006400
0.002970 7.006400
0.002980 7.006600
0.002990 7.006600
0.003000 7.006600
0.003010 7.006600
0.003020 7.006600
0.003030 7.006400
0.003040 7.006600
0.003050 7.006600
0.003060 7.006400
0.003070 7.006400
0.003080 7.006400
0.003090 7.006400
0.003100 7.006400
0.003110 7.006400
0.003120 7.006400
0.003130 7.006400
0.003140 7.006000
0.003150 7.006200
0.003160 7.006200
0.003170 7.006200
0.003180 7.006400
0.003190 7.006400
0.003200 7.006400
0.003210 7.006200
0.003220 7.006200
0.003230 7.006200
0.003240 7.006400
0.003250 7.006400
0.003260 7.006400
0.003270 7.006400
0.003280 7.006400
0.003290 7.006400
0.003300 7.006400
0.003310 7.006400
0.003320 7.006400
0.003330 7.006400
0.003340 7.006400
0.003350 7.006600
0.003360 7.006600
0.003370 7.006600
0.003380 7.006600
0.003390 7.006600
0.003400 7.006600
0.003410 7.006600
0.003420 7.006600
0.003430 7.006600
0.003440 7.006600
0.003450 7.006600
0.003460 7.006600
0.003470 7.006800
0.003480 7.006600
0.003490 7.006600
0.003500 7.006600
0.003510 7.006800
0.003520 7.006800
0.003530 7.006800
0.003540 7.006800
0.003550 7.006800
0.003560 7.007000
0.003570 7.007000
0.003580 7.007000
0.003590 7.007000
0.003600 7.007000
0.003610 7.007000
0.003620 7.007000
0.003630 7.007200
0.003640 7.007200
0.003650 7.007200
0.003660 7.007200
0.003670 7.007200
0.003680 7.007400
0.003690 7.007400
0.003700 7.007400
0.003710 7.007400
0.003720 7.007400
0.003730 7.007400
0.003740 7.007400
0.003750 7.007400
0.003760 7.007600
0.003770 7.007600
0.003780 7.007600
0.003790 7.007600
0.003800 7.007600
0.003810 7.007600
0.003820 7.007600
0.003830 7.007600
0.003840 7.007800
0.003850 7.008000
0.003860 7.008000
0.003870 7.008200
0.003880 7.008400
0.003890 7.008400
0.003900 7.008400
0.003910 7.008400
0.003920 7.008400
0.003930 7.008200
0.003940 7.008200
0.003950 7.008400
0.003960 7.008400
0.003970 7.008400
0.003980 7.008400
0.003990 7.008400
0.004000 7.008400
0.004010 7.008400
0.004020 7.008400
0.004030 7.008400
0.004040 7.008400
0.004050 7.008400
0.004060 7.008400
0.004070 7.008400
0.004080 7.008400
0.004090 7.008400
0.004100 7.008400
0.004110 7.008400
0.004120 7.008400
0.004130 7.008400
0.004140 7.008400
0.004150 7.008400
0.004160 7.008400
0.004170 7.008400
0.004180 7.008400
0.004190 7.008400
0.004200 7.008400
0.004210 7.008400
0.004220 7.008400
0.004230 7.008400
0.004240 7.008600
0.004250 7.008600
0.004260 7.008600
0.004270 7.008600
0.004280 7.008600
0.004290 7.008600
0.004300 7.008400
0.004310 7.008400
0.004320 7.008400
0.004330 7.008400
0.004340 7.008400
0.004350 7.008400
0.004360 7.008400
0.004370 7.008400
0.004380 7.008400
0.004390 7.008200
0.004400 7.008200
0.004410 7.008200
0.004420 7.008200
0.004430 7.008200
0.004440 7.008200
0.004450 7.008200
0.004460 7.008200
0.004470 7.008200
0.004480 7.008200
0.004490 7.008200
0.004500 7.008200
0.004510 7.008000
0.004520 7.008000
0.004530 7.007800
0.004540 7.007800
0.004550 7.008000
0.004560 7.008000
0.004570 7.008000
0.004580 7.008000
0.004590 7.008000
0.004600 7.008000
0.004610 7.008200
0.004620 7.008200
0.004630 7.008200
0.004640 7.008200
0.004650 7.008200
0.004660 7.008200
0.004670 7.008200
0.004680 7.008400
0.004690 7.008400
0.004700 7.008400
0.004710 7.008600
0.004720 7.008600
0.004730 7.008600
0.004740 7.008600
0.004750 7.008600
0.004760 7.008600
0.004770 7.008600
0.004780 7.008600
0.004790 7.008600
0.004800 7.008600
0.004810 7.008600
0.004820 7.008600
0.004830 7.008600
0.004840 7.008600
0.004850 7.008600
0.004860 7.008600
0.004870 7.008600
0.004880 7.008600
0.004890 7.008800
0.004900 7.008800
0.004910 7.008800
0.004920 7.008800
0.004930 7.008800
0.004940 7.008800
0.004950 7.008800
0.004960 7.009000
0.004970 7.009200
0.004980 7.009200
0.004990 7.009200
0.005000 7.009200
0.005010 7.009400
0.005020 7.009600
0.005030 7.009600
0.005040 7.009600
0.005050 7.009600
0.005060 7.009600
0.005070 7.009600
0.005080 7.009800
0.005090 7.010000
0.005100 7.010000
0.005110 7.010200
0.005120 7.010200
0.005130 7.010200
0.005140 7.010200
0.005150 7.010200
0.005160 7.010200
0.005170 7.010200
0.005180 7.010200
0.005190 7.010000
0.005200 7.010000
0.005210 7.010000
0.005220 7.010000
0.005230 7.010000
0.005240 7.010000
0.005250 7.010000
0.005260 7.010000
0.005270 7.010000
0.005280 7.010000
0.005290 7.010200
0.005300 7.010200
0.005310 7.010200
0.005320 7.010200
0.005330 7.010400
0.005340 7.010400
0.005350 7.010200
0.005360 7.010200
0.005370 7.010200
0.005380 7.010200
0.005390 7.010400
0.005400 7.010400
0.005410 7.010400
0.005420 7.010400
0.005430 7.010400
0.005440 7.010400
0.005450 7.010400
0.005460 7.010400
0.005470 7.010400
0.005480 7.010400
0.005490 7.010400
0.005500 7.010400
0.005510 7.010400
0.005520 7.010400
0.005530 7.010200
0.005540 7.010200
0.005550 7.010200
0.005560 7.010200
0.005570 7.010200
0.005580 7.010000
0.005590 7.010000
0.005600 7.010000
0.005610 7.010000
0.005620 7.010000
0.005630 7.010000
0.005640 7.010000
0.005650 7.010000
0.005660 7.010000
0.005670 7.010000
0.005680 7.010000
0.005690 7.010000
0.005700 7.010000
0.005710 7.010200
0.005720 7.010200
0.005730 7.010200
0.005740 7.010200
0.005750 7.010200
0.005760 7.010200
0.005770 7.010200
0.005780 7.010200
0.005790 7.010200
0.005800 7.010200
0.005810 7.010200
0.005820 7.010200
0.005830 7.010200
0.005840 7.010200
0.005850 7.010200
0.005860 7.010200
0.005870 7.010400
0.005880 7.010400
0.005890 7.010400
0.005900 7.010400
0.005910 7.010400
0.005920 7.010400
0.005930 7.010400
0.005940 7.010400
0.005950 7.010400
0.005960 7.010400
0.005970 7.010400
0.005980 7.010400
0.005990 7.010400
0.006000 7.010400
0.006010 7.010400
0.006020 7.010400
0.006030 7.010400
0.006040 7.010400
0.006050 7.010400
0.006060 7.010600
0.006070 7.010600
0.006080 7.010600
0.006090 7.010600
0.006100 7.010600
0.006110 7.010600
0.006120 7.010800
0.006130 7.010800
0.006140 7.011000
0.006150 7.011000
0.006160 7.011000
0.006170 7.011000
0.006180 7.011000
0.006190 7.010800
0.006200 7.010800
0.006210 7.010800
0.006220 7.010800
0.006230 7.010800
0.006240 7.010800
0.006250 7.010800
0.006260 7.010800
0.006270 7.010800
0.006280 7.010800
0.006290 7.010800
0.006300 7.010800
0.006310 7.010800
0.006320 7.010800
0.006330 7.010800
0.006340 7.011000
0.006350 7.011000
0.006360 7.011000
0.006370 7.011000
0.006380 7.011000
0.006390 7.011000
0.006400 7.011000
0.006410 7.011000
0.006420 7.011000
0.006430 7.011000
0.006440 7.011000
0.006450 7.011200
0.006460 7.011200
0.006470 7.011200
0.006480 7.011200
0.006490 7.011400
0.006500 7.011400
0.006510 7.011400
0.006520 7.011200
0.006530 7.011200
0.006540 7.011200
0.006550 7.011000
0.006560 7.011000
0.006570 7.011000
0.006580 7.011000
0.006590 7.011000
0.006600 7.011000
0.006610 7.011000
0.006620 7.011000
0.006630 7.011000
0.006640 7.011000
0.006650 7.011000
0.006660 7.011000
0.006670 7.011000
0.006680 7.011000
0.006690 7.011000
0.006700 7.011000
0.006710 7.011000
0.006720 7.011200
0.006730 7.011200
0.006740 7.011400
0.006750 7.011400
0.006760 7.011600
0.006770 7.011400
0.006780 7.011400
0.006790 7.011600
0.006800 7.011600
0.006810 7.011600
0.006820 7.011600
0.006830 7.011600
0.006840 7.011600
0.006850 7.011400
0.006860 7.011400
0.006870 7.011400
0.006880 7.011400
0.006890 7.011400
0.006900 7.011400
0.006910 7.011400
0.006920 7.011400
0.006930 7.011400
0.006940 7.011200
0.006950 7.011200
0.006960 7.011600
0.006970 7.011600
0.006980 7.011800
0.006990 7.012000
0.007000 7.012000
0.007010 7.012000
0.007020 7.012000
0.007030 7.012000
0.007040 7.012000
0.007050 7.012000
0.007060 7.012000
0.007070 7.012000
0.007080 7.012000
0.007090 7.012000
0.007100 7.012000
0.007110 7.011800
0.007120 7.012000
0.007130 7.012000
0.007140 7.012000
0.007150 7.012000
0.007160 7.012000
0.007170 7.012200
0.007180 7.012200
0.007190 7.012400
0.007200 7.012400
0.007210 7.012400
0.007220 7.012600
0.007230 7.012600
0.007240 7.012800
0.007250 7.012800
0.007260 7.012800
0.007270 7.012800
0.007280 7.012800
0.007290 7.012800
0.007300 7.012800
0.007310 7.012800
0.007320 7.012600
0.007330 7.012600
0.007340 7.012800
0.007350 7.012800
0.007360 7.012800
0.007370 7.012800
0.007380 7.012800
0.007390 7.012800
0.007400 7.012800
0.007410 7.012800
0.007420 7.012800
0.007430 7.012800
0.007440 7.012800
0.007450 7.012800
0.007460 7.012800
0.007470 7.012800
0.007480 7.012800
0.007490 7.012800
0.007500 7.012800
0.007510 7.012800
0.007520 7.013000
0.007530 7.013000
0.007540 7.013000
0.007550 7.013000
0.007560 7.013000
0.007570 7.013000
0.007580 7.013000
0.007590 7.013200
0.007600 7.013200
0.007610 7.013200
0.007620 7.013200
0.007630 7.013200
0.007640 7.013200
0.007650 7.013200
0.007660 7.013200
0.007670 7.013200
0.007680 7.013200
0.007690 7.013200
0.007700 7.013200
0.007710 7.013200
0.007720 7.013400
0.007730 7.013600
0.007740 7.013600
0.007750 7.013600
0.007760 7.013400
0.007770 7.013400
0.007780 7.013400
0.007790 7.013800
0.007800 7.013800
0.007810 7.013800
0.007820 7.014000
0.007830 7.014200
0.007840 7.014400
0.007850 7.014400
0.007860 7.014400
0.007870 7.014400
0.007880 7.014400
0.007890 7.014400
0.007900 7.014400
0.007910 7.014400
0.007920 7.014400
0.007930 7.014400
0.007940 7.014600
0.007950 7.014400
0.007960 7.014400
0.007970 7.014400
0.007980 7.014400
0.007990 7.014400
0.008000 7.014400
0.008010 7.014400
0.008020 7.014400
0.008030 7.014600
0.008040 7.014600
0.008050 7.014800
0.008060 7.014800
0.008070 7.014800
0.008080 7.014800
0.008090 7.015000
0.008100 7.015000
0.008110 7.015000
0.008120 7.015200
0.008130 7.015400
0.008140 7.015400
0.008150 7.015400
0.008160 7.015400
0.008170 7.015400
0.008180 7.015400
0.008190 7.015400
0.008200 7.015400
0.008210 7.015400
0.008220 7.015400
0.008230 7.015400
0.008240 7.015400
0.008250 7.015400
0.008260 7.015400
0.008270 7.015400
0.008280 7.015400
0.008290 7.015400
0.008300 7.015400
0.008310 7.015400
0.008320 7.015400
0.008330 7.015400
0.008340 7.015400
0.008350 7.015600
0.008360 7.015600
0.008370 7.015600
0.008380 7.015600
0.008390 7.015600
0.008400 7.015600
0.008410 7.015600
0.008420 7.015600
0.008430 7.015400
0.008440 7.015400
0.008450 7.015800
0.008460 7.016200
0.008470 7.016200
0.008480 7.016200
0.008490 7.016200
0.008500 7.016200
0.008510 7.016200
0.008520 7.016200
0.008530 7.016200
0.008540 7.016600
0.008550 7.016800
0.008560 7.017000
0.008570 7.017000
0.008580 7.017000
0.008590 7.017000
0.008600 7.017000
0.008610 7.017200
0.008620 7.017200
0.008630 7.017200
0.008640 7.017200
0.008650 7.017200
0.008660 7.017200
0.008670 7.017200
0.008680 7.017200
0.008690 7.017200
0.008700 7.017200
0.008710 7.017200
0.008720 7.017200
0.008730 7.017200
0.008740 7.017200
0.008750 7.017200
0.008760 7.017200
0.008770 7.017200
0.008780 7.017200
0.008790 7.017200
0.008800 7.017200
0.008810 7.017200
0.008820 7.017200
0.008830 7.017200
0.008840 7.017200
0.008850 7.017200
0.008860 7.017200
0.008870 7.017200
0.008880 7.017200
0.008890 7.017200
0.008900 7.017200
0.008910 7.017400
0.008920 7.017600
0.008930 7.017600
0.008940 7.017600
0.008950 7.017600
0.008960 7.018200
0.008970 7.018400
0.008980 7.018600
0.008990 7.018600
0.009000 7.018600
0.009010 7.018600
0.009020 7.018600
0.009030 7.018600
0.009040 7.018600
0.009050 7.018600
0.009060 7.018600
0.009070 7.018600
0.009080 7.018600
0.009090 7.018600
0.009100 7.018600
0.009110 7.018800
0.009120 7.018800
0.009130 7.019000
0.009140 7.018600
0.009150 7.018600
0.009160 7.018400
0.009170 7.018400
0.009180 7.018600
0.009190 7.018600
0.009200 7.018600
0.009210 7.018600
0.009220 7.018600
0.009230 7.018600
0.009240 7.018800
0.009250 7.018800
0.009260 7.018800
0.009270 7.018800
0.009280 7.018800
0.009290 7.018800
0.009300 7.018800
0.009310 7.018800
0.009320 7.018800
0.009330 7.018800
0.009340 7.018800
0.009350 7.018800
0.009360 7.018800
0.009370 7.018800
0.009380 7.018800
0.009390 7.018800
0.009400 7.018800
0.009410 7.018800
0.009420 7.018800
0.009430 7.018800
0.009440 7.018800
0.009450 7.018800
0.009460 7.018800
0.009470 7.018800
0.009480 7.019000
0.009490 7.019200
0.009500 7.019200
0.009510 7.019200
0.009520 7.019200
0.009530 7.019400
0.009540 7.019600
0.009550 7.019600
0.009560 7.019800
0.009570 7.020000
0.009580 7.020400
0.009590 7.020600
0.009600 7.020600
0.009610 7.020600
0.009620 7.020600
0.009630 7.020600
0.009640 7.020600
0.009650 7.020600
0.009660 7.020600
0.009670 7.020600
0.009680 7.020600
0.009690 7.020600
0.009700 7.020600
0.009710 7.020600
0.009720 7.020600
0.009730 7.020600
0.009740 7.020600
0.009750 7.020800
0.009760 7.020800
0.009770 7.020800
0.009780 7.020800
0.009790 7.020800
0.009800 7.020800
0.009810 7.020800
0.009820 7.021000
0.009830 7.021000
0.009840 7.021000
0.009850 7.021000
0.009860 7.021200
0.009870 7.021200
0.009880 7.021200
0.009890 7.021200
0.009900 7.021200
0.009910 7.021200
0.009920 7.021200
0.009930 7.021200
0.009940 7.021200
0.009950 7.021200
0.009960 7.021200
0.009970 7.021400
0.009980 7.021400
0.009990 7.021200
0.010000 7.021200
0.010010 7.021200
0.010020 7.021200
0.010030 7.021200
0.010040 7.021200
0.010050 7.021200
0.010060 7.021200
0.010070 7.021200
0.010080 7.021400
0.010090 7.021400
0.010100 7.021400
0.010110 7.021400
0.010120 7.021400
0.010130 7.021400
0.010140 7.021400
0.010150 7.021400
0.010160 7.021400
0.010170 7.021400
0.010180 7.021200
0.010190 7.021200
0.010200 7.021200
0.010210 7.021200
0.010220 7.021200
0.010230 7.021200
0.010240 7.021200
0.010250 7.021200
0.010260 7.021200
0.010270 7.021200
0.010280 7.021200
0.010290 7.021200
0.010300 7.021200
0.010310 7.021600
0.010320 7.021600
0.010330 7.021600
0.010340 7.021600
0.010350 7.021600
0.010360 7.021800
0.010370 7.021800
0.010380 7.021800
0.010390 7.021800
0.010400 7.021800
0.010410 7.021800
0.010420 7.021800
0.010430 7.021600
0.010440 7.021600
0.010450 7.021600
0.010460 7.021600
0.010470 7.021600
0.010480 7.021600
0.010490 7.021600
0.010500 7.021600
0.010510 7.021600
0.010520 7.021600
0.010530 7.021600
0.010540 7.021600
0.010550 7.021800
0.010560 7.022000
0.010570 7.022000
0.010580 7.022000
0.010590 7.022000
0.010600 7.022000
0.010610 7.022000
0.010620 7.022000
0.010630 7.022000
0.010640 7.022000
0.010650 7.022200
0.010660 7.022200
0.010670 7.022000
0.010680 7.022000
0.010690 7.022000
0.010700 7.022000
0.010710 7.022000
0.010720 7.022200
0.010730 7.022200
0.010740 7.022200
0.010750 7.022200
0.010760 7.022200
0.010770 7.022200
0.010780 7.022200
0.010790 7.022000
0.010800 7.022000
0.010810 7.022200
0.010820 7.022200
0.010830 7.022200
0.010840 7.022400
0.010850 7.022400
0.010860 7.022400
0.010870 7.022400
0.010880 7.022400
0.010890 7.022400
0.010900 7.022400
0.010910 7.022400
0.010920 7.022400
0.010930 7.022600
0.010940 7.022600
0.010950 7.022600
0.010960 7.022600
0.010970 7.022600
0.010980 7.022600
0.010990 7.022600
0.011000 7.022600
0.011010 7.022600
0.011020 7.022600
0.011030 7.022600
0.011040 7.022600
0.011050 7.022600
0.011060 7.022600
0.011070 7.022600
0.011080 7.022600
0.011090 7.022800
0.011100 7.022800
0.011110 7.022800
0.011120 7.023000
0.011130 7.023200
0.011140 7.023400
0.011150 7.023400
0.011160 7.023400
0.011170 7.023400
0.011180 7.023600
0.011190 7.023600
0.011200 7.023600
0.011210 7.023600
0.011220 7.023600
0.011230 7.023600
0.011240 7.023600
0.011250 7.023600
0.011260 7.023600
0.011270 7.023600
0.011280 7.023800
0.011290 7.023800
0.011300 7.023800
0.011310 7.024000
0.011320 7.024200
0.011330 7.024200
0.011340 7.024200
0.011350 7.024200
0.011360 7.024200
0.011370 7.024200
0.011380 7.024200
0.011390 7.024200
0.011400 7.024400
0.011410 7.024400
0.011420 7.024400
0.011430 7.024400
0.011440 7.025000
0.011450 7.025000
0.011460 7.025000
0.011470 7.025000
0.011480 7.025000
0.011490 7.025000
0.011500 7.025000
0.011510 7.025000
0.011520 7.025200
0.011530 7.025200
0.011540 7.025200
0.011550 7.025200
0.011560 7.025400
0.011570 7.025400
0.011580 7.025400
0.011590 7.025400
0.011600 7.025400
0.011610 7.025400
0.011620 7.025400
0.011630 7.025400
0.011640 7.025400
0.011650 7.025400
0.011660 7.025400
0.011670 7.025400
0.011680 7.025400
0.011690 7.025400
0.011700 7.025600
0.011710 7.025800
0.011720 7.025800
0.011730 7.025800
0.011740 7.026200
0.011750 7.026200
0.011760 7.026200
0.011770 7.026200
0.011780 7.026200
0.011790 7.026200
0.011800 7.026200
0.011810 7.026200
0.011820 7.026200
0.011830 7.026200
0.011840 7.026400
0.011850 7.026400
0.011860 7.026400
0.011870 7.026400
0.011880 7.026400
0.011890 7.026400
0.011900 7.026400
0.011910 7.026400
0.011920 7.026400
0.011930 7.026400
0.011940 7.026400
0.011950 7.026800
0.011960 7.026800
0.011970 7.026800
0.011980 7.027200
0.011990 7.027400
0.012000 7.027400
0.012010 7.027400
0.012020 7.027400
0.012030 7.027600
0.012040 7.027600
0.012050 7.027600
0.012060 7.027600
0.012070 7.027600
0.012080 7.027600
0.012090 7.027600
0.012100 7.027600
0.012110 7.027600
0.012120 7.027600
0.012130 7.027600
0.012140 7.027600
0.012150 7.027600
0.012160 7.027600
0.012170 7.027600
0.012180 7.027600
0.012190 7.027600
0.012200 7.027600
0.012210 7.027600
0.012220 7.027800
0.012230 7.027800
0.012240 7.027800
0.012250 7.028000
0.012260 7.028000
0.012270 7.028200
0.012280 7.028200
0.012290 7.028200
0.012300 7.028200
0.012310 7.028200
0.012320 7.028200
0.012330 7.028200
0.012340 7.028200
0.012350 7.028200
0.012360 7.028200
0.012370 7.028200
0.012380 7.028200
0.012390 7.028200
0.012400 7.028200
0.012410 7.028200
0.012420 7.028200
0.012430 7.028200
0.012440 7.028200
0.012450 7.028200
0.012460 7.028200
0.012470 7.028200
0.012480 7.028200
0.012490 7.028200
0.012500 7.028200
0.012510 7.028200
0.012520 7.028200
0.012530 7.028200
0.012540 7.028200
0.012550 7.028200
0.012560 7.028200
0.012570 7.028200
0.012580 7.028200
0.012590 7.028200
0.012600 7.028200
0.012610 7.028000
0.012620 7.028000
0.012630 7.028000
0.012640 7.028000
0.012650 7.028000
0.012660 7.028000
0.012670 7.028000
0.012680 7.028000
0.012690 7.028400
0.012700 7.028400
0.012710 7.028400
0.012720 7.028400
0.012730 7.028400
0.012740 7.028400
0.012750 7.028400
0.012760 7.028400
0.012770 7.028400
0.012780 7.028600
0.012790 7.028800
0.012800 7.028800
0.012810 7.028800
0.012820 7.028800
0.012830 7.029000
0.012840 7.029000
0.012850 7.029000
0.012860 7.029000
0.012870 7.029000
0.012880 7.029000
0.012890 7.029000
0.012900 7.029000
0.012910 7.029000
0.012920 7.029000
0.012930 7.029000
0.012940 7.029000
0.012950 7.029400
0.012960 7.029400
0.012970 7.029400
0.012980 7.029400
0.012990 7.029400
0.013000 7.029600
0.013010 7.029600
0.013020 7.029600
0.013030 7.029600
0.013040 7.029600
0.013050 7.029600
0.013060 7.029600
0.013070 7.029600
0.013080 7.029600
0.013090 7.029600
0.013100 7.029600
0.013110 7.029600
0.013120 7.029600
0.013130 7.029800
0.013140 7.029800
0.013150 7.030000
0.013160 7.030000
0.013170 7.030000
0.013180 7.030000
0.013190 7.030000
0.013200 7.030000
0.013210 7.030000
0.013220 7.030000
0.013230 7.030000
0.013240 7.030200
0.013250 7.030200
0.013260 7.030400
0.013270 7.030400
0.013280 7.030600
0.013290 7.030600
0.013300 7.030600
0.013310 7.030600
0.013320 7.030600
0.013330 7.030800
0.013340 7.030800
0.013350 7.030800
0.013360 7.030800
0.013370 7.030800
0.013380 7.030800
0.013390 7.030800
0.013400 7.030800
0.013410 7.030800
0.013420 7.030800
0.013430 7.030800
0.013440 7.030800
0.013450 7.031000
0.013460 7.031000
0.013470 7.031000
0.013480 7.031200
0.013490 7.031200
0.013500 7.031000
0.013510 7.031000
0.013520 7.031000
0.013530 7.031000
0.013540 7.031000
0.013550 7.031000
0.013560 7.031000
0.013570 7.031000
0.013580 7.031000
0.013590 7.031000
0.013600 7.031000
0.013610 7.031000
0.013620 7.031200
0.013630 7.031200
0.013640 7.031200
0.013650 7.031200
0.013660 7.031200
0.013670 7.031200
0.013680 7.031400
0.013690 7.031400
0.013700 7.031400
0.013710 7.031400
0.013720 7.031400
0.013730 7.031600
0.013740 7.031600
0.013750 7.031600
0.013760 7.031400
0.013770 7.031400
0.013780 7.031400
0.013790 7.031400
0.013800 7.031400
0.013810 7.031400
0.013820 7.031400
0.013830 7.031400
0.013840 7.031400
0.013850 7.031400
0.013860 7.031400
0.013870 7.031400
0.013880 7.031400
0.013890 7.031600
0.013900 7.031600
0.013910 7.031600
0.013920 7.031600
0.013930 7.031600
0.013940 7.031600
0.013950 7.031600
0.013960 7.031600
0.013970 7.031600
0.013980 7.031600
0.013990 7.031600
0.014000 7.031600
0.014010 7.031600
0.014020 7.031600
0.014030 7.031600
0.014040 7.031600
0.014050 7.031600
0.014060 7.031600
0.014070 7.031600
0.014080 7.031600
0.014090 7.031400
0.014100 7.031400
0.014110 7.031400
0.014120 7.031600
0.014130 7.031600
0.014140 7.031600
0.014150 7.031600
0.014160 7.031800
0.014170 7.032000
0.014180 7.032000
0.014190 7.032000
0.014200 7.032000
0.014210 7.032000
0.014220 7.032000
0.014230 7.032200
0.014240 7.032200
0.014250 7.032200
0.014260 7.032200
0.014270 7.032400
0.014280 7.032400
0.014290 7.032400
0.014300 7.032400
0.014310 7.032400
0.014320 7.032400
0.014330 7.032400
0.014340 7.032600
0.014350 7.032800
0.014360 7.032800
0.014370 7.032800
0.014380 7.032800
0.014390 7.032800
0.014400 7.032800
0.014410 7.032800
0.014420 7.032800
0.014430 7.033000
0.014440 7.033000
0.014450 7.033000
0.014460 7.033000
0.014470 7.033000
0.014480 7.033000
0.014490 7.033000
0.014500 7.033000
0.014510 7.033000
0.014520 7.033000
0.014530 7.033200
0.014540 7.033200
0.014550 7.033200
0.014560 7.033200
0.014570 7.033200
0.014580 7.033200
0.014590 7.033400
0.014600 7.033400
0.014610 7.033400
0.014620 7.033600
0.014630 7.033600
0.014640 7.033600
0.014650 7.033400
0.014660 7.033400
0.014670 7.033400
0.014680 7.033400
0.014690 7.033400
0.014700 7.033400
0.014710 7.033600
0.014720 7.033600
0.014730 7.033600
0.014740 7.033600
0.014750 7.033800
0.014760 7.033800
0.014770 7.033800
0.014780 7.033800
0.014790 7.033800
0.014800 7.034000
0.014810 7.034000
0.014820 7.034000
0.014830 7.034000
0.014840 7.034000
0.014850 7.034200
0.014860 7.034200
0.014870 7.034200
0.014880 7.034200
0.014890 7.034200
0.014900 7.034200
0.014910 7.034200
0.014920 7.034200
0.014930 7.034200
0.014940 7.034200
0.014950 7.034600
0.014960 7.034600
0.014970 7.034600
0.014980 7.034600
0.014990 7.034600
0.015000 7.034600
0.015010 7.034600
0.015020 7.034600
0.015030 7.034600
0.015040 7.034600
0.015050 7.034600
0.015060 7.034600
0.015070 7.034800
0.015080 7.034800
0.015090 7.034800
0.015100 7.034800
0.015110 7.035000
0.015120 7.035200
0.015130 7.035200
0.015140 7.035200
0.015150 7.035200
0.015160 7.035200
0.015170 7.035200
0.015180 7.035200
0.015190 7.035200
0.015200 7.035200
0.015210 7.035200
0.015220 7.035200
0.015230 7.035400
0.015240 7.035400
0.015250 7.035600
0.015260 7.035600
0.015270 7.035600
0.015280 7.035800
0.015290 7.035800
0.015300 7.035800
0.015310 7.035800
0.015320 7.035800
0.015330 7.035800
0.015340 7.035800
0.015350 7.035800
0.015360 7.035800
0.015370 7.035600
0.015380 7.035600
0.015390 7.035600
0.015400 7.035600
0.015410 7.035600
0.015420 7.035600
0.015430 7.035600
0.015440 7.035600
0.015450 7.035800
0.015460 7.035800
0.015470 7.035800
0.015480 7.035800
0.015490 7.036000
0.015500 7.036000
0.015510 7.036000
0.015520 7.036000
0.015530 7.036000
0.015540 7.036000
0.015550 7.036000
0.015560 7.036000
0.015570 7.036000
0.015580 7.036200
0.015590 7.036400
0.015600 7.036400
0.015610 7.036400
0.015620 7.036600
0.015630 7.036600
0.015640 7.036800
0.015650 7.036800
0.015660 7.036800
0.015670 7.036800
0.015680 7.037000
0.015690 7.037000
0.015700 7.037000
0.015710 7.037000
0.015720 7.037000
0.015730 7.037000
0.015740 7.037000
0.015750 7.037000
0.015760 7.037000
0.015770 7.037200
0.015780 7.037200
0.015790 7.037200
0.015800 7.037200
0.015810 7.037400
0.015820 7.037400
0.015830 7.037200
0.015840 7.037400
0.015850 7.037400
0.015860 7.037400
0.015870 7.037800
0.015880 7.037800
0.015890 7.037800
0.015900 7.037800
0.015910 7.037800
0.015920 7.037800
0.015930 7.037800
0.015940 7.037800
0.015950 7.037800
0.015960 7.038000
0.015970 7.038000
0.015980 7.038000
0.015990 7.038000
0.016000 7.038000
0.016010 7.038000
0.016020 7.038000
0.016030 7.038000
0.016040 7.038400
0.016050 7.038400
0.016060 7.038200
0.016070 7.038200
0.016080 7.038400
0.016090 7.038400
0.016100 7.038400
0.016110 7.038400
0.016120 7.038400
0.016130 7.038400
0.016140 7.038400
0.016150 7.038600
0.016160 7.038600
0.016170 7.038800
0.016180 7.039000
0.016190 7.039000
0.016200 7.039000
0.016210 7.039000
0.016220 7.039200
0.016230 7.039200
0.016240 7.039200
0.016250 7.039200
0.016260 7.039200
0.016270 7.039200
0.016280 7.039200
0.016290 7.039200
0.016300 7.039400
0.016310 7.039400
0.016320 7.039400
0.016330 7.039400
0.016340 7.039400
0.016350 7.039400
0.016360 7.039400
0.016370 7.039400
0.016380 7.039200
0.016390 7.039200
0.016400 7.039200
0.016410 7.039200
0.016420 7.039200
0.016430 7.039200
0.016440 7.039200
0.016450 7.039200
0.016460 7.039200
0.016470 7.039000
0.016480 7.039000
0.016490 7.039000
0.016500 7.039000
0.016510 7.039000
0.016520 7.039000
0.016530 7.039000
0.016540 7.039000
0.016550 7.039200
0.016560 7.039200
0.016570 7.039200
0.016580 7.039200
0.016590 7.039200
0.016600 7.039200
0.016610 7.039400
0.016620 7.039400
0.016630 7.039400
0.016640 7.039400
0.016650 7.039400
0.016660 7.039400
0.016670 7.039400
0.016680 7.039400
0.016690 7.039400
0.016700 7.039400
0.016710 7.039400
0.016720 7.039400
0.016730 7.039400
0.016740 7.039400
0.016750 7.039400
0.016760 7.039400
0.016770 7.039400
0.016780 7.039400
0.016790 7.039400
0.016800 7.039600
0.016810 7.039400
0.016820 7.039400
0.016830 7.039400
0.016840 7.039400
0.016850 7.039400
0.016860 7.039400
0.016870 7.039600
0.016880 7.039600
0.016890 7.039600
0.016900 7.039800
0.016910 7.039800
0.016920 7.039800
0.016930 7.039800
0.016940 7.039800
0.016950 7.039800
0.016960 7.039800
0.016970 7.039800
0.016980 7.039800
0.016990 7.039800
0.017000 7.039600
0.017010 7.039600
0.017020 7.039600
0.017030 7.039600
0.017040 7.039600
0.017050 7.039600
0.017060 7.039600
0.017070 7.039800
0.017080 7.039800
0.017090 7.039800
0.017100 7.039600
0.017110 7.039600
0.017120 7.039800
0.017130 7.039800
0.017140 7.039800
0.017150 7.039800
0.017160 7.039800
0.017170 7.039800
0.017180 7.039800
0.017190 7.039800
0.017200 7.039800
0.017210 7.040000
0.017220 7.040000
0.017230 7.040000
0.017240 7.040200
0.017250 7.040200
0.017260 7.040200
0.017270 7.040200
0.017280 7.040200
0.017290 7.040200
0.017300 7.040200
0.017310 7.040200
0.017320 7.040200
0.017330 7.040200
0.017340 7.040200
0.017350 7.040200
0.017360 7.040200
0.017370 7.040200
0.017380 7.040200
0.017390 7.040200
0.017400 7.040200
0.017410 7.040200
0.017420 7.040200
0.017430 7.040200
0.017440 7.040200
0.017450 7.040200
0.017460 7.040200
0.017470 7.040200
0.017480 7.040200
0.017490 7.040200
0.017500 7.040200
0.017510 7.040200
0.017520 7.040200
0.017530 7.040200
0.017540 7.040200
0.017550 7.040200
0.017560 7.040200
0.017570 7.040400
0.017580 7.040400
0.017590 7.040400
0.017600 7.040400
0.017610 7.040400
0.017620 7.040400
0.017630 7.040400
0.017640 7.040600
0.017650 7.040800
0.017660 7.040800
0.017670 7.040800
0.017680 7.040800
0.017690 7.040800
0.017700 7.040800
0.017710 7.040800
0.017720 7.040800
0.017730 7.040800
0.017740 7.040800
0.017750 7.040800
0.017760 7.040800
0.017770 7.040800
0.017780 7.040800
0.017790 7.040800
0.017800 7.040800
0.017810 7.040800
0.017820 7.041000
0.017830 7.040800
0.017840 7.040800
0.017850 7.041000
0.017860 7.041000
0.017870 7.041000
0.017880 7.041000
0.017890 7.041200
0.017900 7.041200
0.017910 7.041200
0.017920 7.041200
0.017930 7.041200
0.017940 7.041400
0.017950 7.041600
0.017960 7.041600
0.017970 7.041600
0.017980 7.041600
0.017990 7.041600
0.018000 7.041600
0.018010 7.041600
0.018020 7.041600
0.018030 7.041800
0.018040 7.041800
0.018050 7.041800
0.018060 7.041800
0.018070 7.041800
0.018080 7.041800
0.018090 7.042000
0.018100 7.042000
0.018110 7.042000
0.018120 7.042000
0.018130 7.042000
0.018140 7.042000
0.018150 7.042000
0.018160 7.042000
0.018170 7.042200
0.018180 7.042200
0.018190 7.042200
0.018200 7.042200
0.018210 7.042400
0.018220 7.042400
0.018230 7.042400
0.018240 7.042400
0.018250 7.042400
0.018260 7.042400
0.018270 7.042400
0.018280 7.042400
0.018290 7.042400
0.018300 7.042400
0.018310 7.042400
0.018320 7.042400
0.018330 7.042400
0.018340 7.042400
0.018350 7.042400
0.018360 7.042200
0.018370 7.042400
0.018380 7.042400
0.018390 7.042400
0.018400 7.042400
0.018410 7.042400
0.018420 7.042400
0.018430 7.042400
0.018440 7.042400
0.018450 7.042800
0.018460 7.042800
0.018470 7.042800
0.018480 7.042800
0.018490 7.042800
0.018500 7.042800
0.018510 7.042800
0.018520 7.042800
0.018530 7.042800
0.018540 7.042800
0.018550 7.042800
0.018560 7.042800
0.018570 7.042800
0.018580 7.042800
0.018590 7.042800
0.018600 7.042800
0.018610 7.042800
0.018620 7.042800
0.018630 7.042800
0.018640 7.042800
0.018650 7.042800
0.018660 7.042800
0.018670 7.042800
0.018680 7.042800
0.018690 7.042800
0.018700 7.042800
0.018710 7.042800
0.018720 7.042800
0.018730 7.042800
0.018740 7.042800
0.018750 7.042800
0.018760 7.042800
0.018770 7.042800
0.018780 7.042800
0.018790 7.043000
0.018800 7.043200
0.018810 7.043400
0.018820 7.043600
0.018830 7.043600
0.018840 7.043600
0.018850 7.043600
0.018860 7.043600
0.018870 7.043800
0.018880 7.043800
0.018890 7.043800
0.018900 7.044000
0.018910 7.044000
0.018920 7.044000
0.018930 7.044000
0.018940 7.044000
0.018950 7.044000
0.018960 7.044000
0.018970 7.044000
0.018980 7.044200
0.018990 7.044200
0.019000 7.044200
0.019010 7.044200
0.019020 7.044200
0.019030 7.044400
0.019040 7.044400
0.019050 7.044400
0.019060 7.044400
0.019070 7.044400
0.019080 7.044400
0.019090 7.044600
0.019100 7.044600
0.019110 7.044600
0.019120 7.044600
0.019130 7.044600
0.019140 7.044600
0.019150 7.044600
0.019160 7.044600
0.019170 7.044600
0.019180 7.044600
0.019190 7.044600
0.019200 7.044600
0.019210 7.044600
0.019220 7.044600
0.019230 7.044600
0.019240 7.044600
0.019250 7.044800
0.019260 7.044800
0.019270 7.045000
0.019280 7.045000
0.019290 7.045000
0.019300 7.045000
0.019310 7.045000
0.019320 7.045000
0.019330 7.045000
0.019340 7.045000
0.019350 7.045000
0.019360 7.045000
0.019370 7.045000
0.019380 7.045000
0.019390 7.045000
0.019400 7.044800
0.019410 7.044800
0.019420 7.044800
0.019430 7.044800
0.019440 7.045000
0.019450 7.045000
0.019460 7.045000
0.019470 7.045000
0.019480 7.045200
0.019490 7.045200
0.019500 7.045400
0.019510 7.045400
0.019520 7.045400
0.019530 7.045400
0.019540 7.045400
0.019550 7.045400
0.019560 7.045400
0.019570 7.045400
0.019580 7.045400
0.019590 7.045400
0.019600 7.045400
0.019610 7.045600
0.019620 7.045600
0.019630 7.045600
0.019640 7.045800
0.019650 7.045800
0.019660 7.045800
0.019670 7.045800
0.019680 7.045800
0.019690 7.045800
0.019700 7.045800
0.019710 7.045800
0.019720 7.045800
0.019730 7.045800
0.019740 7.045800
0.019750 7.045800
0.019760 7.045800
0.019770 7.045800
0.019780 7.045800
0.019790 7.045800
0.019800 7.045800
0.019810 7.046000
0.019820 7.046000
0.019830 7.046000
0.019840 7.046000
0.019850 7.046000
0.019860 7.045800
0.019870 7.045800
0.019880 7.045800
0.019890 7.046000
0.019900 7.046000
0.019910 7.046000
0.019920 7.046000
0.019930 7.046000
0.019940 7.046000
0.019950 7.046000
0.019960 7.046000
0.019970 7.046000
0.019980 7.046000
0.019990 7.046000
0.020000 7.046000
0.020010 7.046000
0.020020 7.046200
0.020030 7.046200
0.020040 7.046200
0.020050 7.046200
0.020060 7.046200
0.020070 7.046200
0.020080 7.046000
0.020090 7.046000
0.020100 7.046200
0.020110 7.046200
0.020120 7.046200
0.020130 7.046200
0.020140 7.046200
0.020150 7.046200
0.020160 7.046600
0.020170 7.046600
0.020180 7.046600
0.020190 7.046600
0.020200 7.046800
0.020210 7.046800
0.020220 7.046800
0.020230 7.046800
0.020240 7.046800
0.020250 7.046800
0.020260 7.046800
0.020270 7.047000
0.020280 7.047000
0.020290 7.047200
0.020300 7.047400
0.020310 7.047400
0.020320 7.047400
0.020330 7.047400
0.020340 7.047400
0.020350 7.047600
0.020360 7.047600
0.020370 7.047600
0.020380 7.047600
0.020390 7.047600
0.020400 7.047600
0.020410 7.047600
0.020420 7.047800
0.020430 7.047800
0.020440 7.047800
0.020450 7.047800
0.020460 7.047800
0.020470 7.047800
0.020480 7.047800
0.020490 7.047800
0.020500 7.047800
0.020510 7.047800
0.020520 7.047800
0.020530 7.048000
0.020540 7.048000
0.020550 7.048000
0.020560 7.048000
0.020570 7.048000
0.020580 7.048000
0.020590 7.048000
0.020600 7.048000
0.020610 7.048000
0.020620 7.048200
0.020630 7.048200
0.020640 7.048200
0.020650 7.048200
0.020660 7.048200
0.020670 7.048200
0.020680 7.048200
0.020690 7.048200
0.020700 7.048200
0.020710 7.048200
0.020720 7.048200
0.020730 7.048200
0.020740 7.048200
0.020750 7.048200
0.020760 7.048400
0.020770 7.048400
0.020780 7.048400
0.020790 7.048400
0.020800 7.048400
0.020810 7.048400
0.020820 7.048400
0.020830 7.048400
0.020840 7.048600
0.020850 7.048600
0.020860 7.048600
0.020870 7.048600
0.020880 7.048600
0.020890 7.048600
0.020900 7.048600
0.020910 7.048600
0.020920 7.048600
0.020930 7.048600
0.020940 7.048600
0.020950 7.048600
0.020960 7.048600
0.020970 7.048600
0.020980 7.048800
0.020990 7.049000
0.021000 7.049000
0.021010 7.049000
0.021020 7.049200
0.021030 7.049200
0.021040 7.049200
0.021050 7.049200
0.021060 7.049200
0.021070 7.049200
0.021080 7.049200
0.021090 7.049200
0.021100 7.049200
0.021110 7.049200
0.021120 7.049200
0.021130 7.049200
0.021140 7.049200
0.021150 7.049200
0.021160 7.049400
0.021170 7.049400
0.021180 7.049400
0.021190 7.049400
0.021200 7.049400
0.021210 7.049400
0.021220 7.049400
0.021230 7.049400
0.021240 7.049400
0.021250 7.049400
0.021260 7.049400
0.021270 7.049400
0.021280 7.049400
0.021290 7.049400
0.021300 7.049400
0.021310 7.049400
0.021320 7.049400
0.021330 7.049400
0.021340 7.049400
0.021350 7.049400
0.021360 7.049400
0.021370 7.049400
0.021380 7.049600
0.021390 7.049600
0.021400 7.049800
0.021410 7.049800
0.021420 7.049800
0.021430 7.050000
0.021440 7.050000
0.021450 7.050000
0.021460 7.049800
0.021470 7.049800
0.021480 7.049600
0.021490 7.049600
0.021500 7.049600
0.021510 7.049600
0.021520 7.049600
0.021530 7.049600
0.021540 7.049600
0.021550 7.049800
0.021560 7.049800
0.021570 7.050000
0.021580 7.050000
0.021590 7.050000
0.021600 7.050000
0.021610 7.050000
0.021620 7.050000
0.021630 7.050000
0.021640 7.050000
0.021650 7.050000
0.021660 7.050000
0.021670 7.050000
0.021680 7.050000
0.021690 7.050000
0.021700 7.049800
0.021710 7.049800
0.021720 7.050000
0.021730 7.050000
0.021740 7.050000
0.021750 7.050000
0.021760 7.050000
0.021770 7.050000
0.021780 7.050000
0.021790 7.050000
0.021800 7.050000
0.021810 7.050000
0.021820 7.050200
0.021830 7.050200
0.021840 7.050200
0.021850 7.050200
0.021860 7.050400
0.021870 7.050400
0.021880 7.050400
0.021890 7.050400
0.021900 7.050400
0.021910 7.050400
0.021920 7.050400
0.021930 7.050400
0.021940 7.050600
0.021950 7.050600
0.021960 7.050600
0.021970 7.050600
0.021980 7.050600
0.021990 7.050600
0.022000 7.050600
0.022010 7.050600
0.022020 7.050600
0.022030 7.050400
0.022040 7.050600
0.022050 7.050800
0.022060 7.050800
0.022070 7.051000
0.022080 7.051200
0.022090 7.051200
0.022100 7.051200
0.022110 7.051200
0.022120 7.051200
0.022130 7.051200
0.022140 7.051200
0.022150 7.051200
0.022160 7.051200
0.022170 7.051200
0.022180 7.051200
0.022190 7.051200
0.022200 7.051000
0.022210 7.051000
0.022220 7.051000
0.022230 7.051000
0.022240 7.051000
0.022250 7.051000
0.022260 7.051000
0.022270 7.050800
0.022280 7.050800
0.022290 7.050600
0.022300 7.050600
0.022310 7.050600
0.022320 7.050600
0.022330 7.050600
0.022340 7.050600
0.022350 7.050400
0.022360 7.050200
0.022370 7.050200
0.022380 7.049800
0.022390 7.049800
0.022400 7.049600
0.022410 7.049400
0.022420 7.049400
0.022430 7.048800
0.022440 7.048800
0.022450 7.048200
0.022460 7.048200
0.022470 7.047800
0.022480 7.047800
0.022490 7.047800
0.022500 7.047800
0.022510 7.047600
0.022520 7.047200
0.022530 7.047200
0.022540 7.047200
0.022550 7.047200
0.022560 7.047200
0.022570 7.046800
0.022580 7.046600
0.022590 7.046600
0.022600 7.046400
0.022610 7.046200
0.022620 7.045800
0.022630 7.045800
0.022640 7.045800
0.022650 7.045600
0.022660 7.045800
0.022670 7.045600
0.022680 7.045400
0.022690 7.045400
0.022700 7.045200
0.022710 7.045000
0.022720 7.045000
0.022730 7.045000
0.022740 7.044800
0.022750 7.044800
0.022760 7.044400
0.022770 7.044200
0.022780 7.044200
0.022790 7.044200
0.022800 7.044000
0.022810 7.043600
0.022820 7.043400
0.022830 7.043000
0.022840 7.042800
0.022850 7.042600
0.022860 7.042400
0.022870 7.042200
0.022880 7.042200
0.022890 7.042200
0.022900 7.042000
0.022910 7.041600
0.022920 7.041400
0.022930 7.041400
0.022940 7.041200
0.022950 7.040800
0.022960 7.040400
0.022970 7.040200
0.022980 7.040200
0.022990 7.040000
0.023000 7.039800
0.023010 7.040000
0.023020 7.040000
0.023030 7.040000
0.023040 7.040000
0.023050 7.039600
0.023060 7.039800
0.023070 7.039800
0.023080 7.039800
0.023090 7.039600
0.023100 7.039200
0.023110 7.039000
0.023120 7.039000
0.023130 7.038800
0.023140 7.038800
0.023150 7.038600
0.023160 7.038200
0.023170 7.038000
0.023180 7.038000
0.023190 7.038000
0.023200 7.038000
0.023210 7.038200
0.023220 7.038000
0.023230 7.037800
0.023240 7.037400
0.023250 7.037400
0.023260 7.037400
0.023270 7.037400
0.023280 7.037200
0.023290 7.037200
0.023300 7.037000
0.023310 7.037000
0.023320 7.037000
0.023330 7.036800
0.023340 7.036800
0.023350 7.037000
0.023360 7.037000
0.023370 7.037000
0.023380 7.037400
0.023390 7.037000
0.023400 7.037000
0.023410 7.036800
0.023420 7.036800
0.023430 7.036200
0.023440 7.036000
0.023450 7.035800
0.023460 7.035800
0.023470 7.035800
0.023480 7.035800
0.023490 7.035400
0.023500 7.035200
0.023510 7.035000
0.023520 7.034800
0.023530 7.034800
0.023540 7.034400
0.023550 7.033800
0.023560 7.033800
0.023570 7.033800
0.023580 7.033200
0.023590 7.033000
0.023600 7.033000
0.023610 7.032800
0.023620 7.032800
0.023630 7.032600
0.023640 7.032800
0.023650 7.032600
0.023660 7.032600
0.023670 7.032400
0.023680 7.032400
0.023690 7.031800
0.023700 7.031800
0.023710 7.031800
0.023720 7.031800
0.023730 7.031800
0.023740 7.032200
0.023750 7.032200
0.023760 7.032000
0.023770 7.031600
0.023780 7.031600
0.023790 7.031600
0.023800 7.031600
0.023810 7.031600
0.023820 7.031400
0.023830 7.031400
0.023840 7.031400
0.023850 7.031600
0.023860 7.031800
0.023870 7.031600
0.023880 7.031600
0.023890 7.031600
0.023900 7.031400
0.023910 7.031400
0.023920 7.031400
0.023930 7.031400
0.023940 7.031400
0.023950 7.031400
0.023960 7.031200
0.023970 7.031200
0.023980 7.031200
0.023990 7.031000
0.024000 7.031200
0.024010 7.031400
0.024020 7.031600
0.024030 7.031400
0.024040 7.031200
0.024050 7.031400
0.024060 7.031200
0.024070 7.031200
0.024080 7.031000
0.024090 7.030800
0.024100 7.030800
0.024110 7.031000
0.024120 7.031000
0.024130 7.031200
0.024140 7.031200
0.024150 7.030800
0.024160 7.030600
0.024170 7.030600
0.024180 7.030600
0.024190 7.030400
0.024200 7.030200
0.024210 7.030000
0.024220 7.029800
0.024230 7.029800
0.024240 7.030000
0.024250 7.030000
0.024260 7.030000
0.024270 7.030000
0.024280 7.030200
0.024290 7.030200
0.024300 7.030000
0.024310 7.029800
0.024320 7.029800
0.024330 7.029800
0.024340 7.029800
0.024350 7.029600
0.024360 7.029800
0.024370 7.029800
0.024380 7.029800
0.024390 7.029800
0.024400 7.029800
0.024410 7.029800
0.024420 7.029600
0.024430 7.029800
0.024440 7.029800
0.024450 7.029800
0.024460 7.029800
0.024470 7.029800
0.024480 7.029800
0.024490 7.029800
0.024500 7.029800
0.024510 7.029600
0.024520 7.029600
0.024530 7.029400
0.024540 7.029000
0.024550 7.029000
0.024560 7.028800
0.024570 7.028800
0.024580 7.028800
0.024590 7.028800
0.024600 7.029000
0.024610 7.029200
0.024620 7.029200
0.024630 7.029200
0.024640 7.029000
0.024650 7.029000
0.024660 7.028600
0.024670 7.028600
0.024680 7.028600
0.024690 7.028600
0.024700 7.028600
0.024710 7.028400
0.024720 7.028400
0.024730 7.028400
0.024740 7.028400
0.024750 7.028400
0.024760 7.028400
0.024770 7.028600
0.024780 7.028400
0.024790 7.028200
0.024800 7.027800
0.024810 7.027800
0.024820 7.027600
0.024830 7.027800
0.024840 7.027600
0.024850 7.027600
0.024860 7.027600
0.024870 7.027600
0.024880 7.027600
0.024890 7.027600
0.024900 7.027600
0.024910 7.027800
0.024920 7.027800
0.024930 7.027600
0.024940 7.027600
0.024950 7.027600
0.024960 7.027400
0.024970 7.027400
0.024980 7.027400
0.024990 7.027400
0.025000 7.027200
0.025010 7.027200
0.025020 7.027200
0.025030 7.027000
0.025040 7.026600
0.025050 7.026200
0.025060 7.026200
0.025070 7.026200
0.025080 7.026000
0.025090 7.026000
0.025100 7.026000
0.025110 7.025800
0.025120 7.025800
0.025130 7.025400
0.025140 7.025400
0.025150 7.025400
0.025160 7.025400
0.025170 7.025400
0.025180 7.025400
0.025190 7.025200
0.025200 7.025200
0.025210 7.025200
0.025220 7.025200
0.025230 7.025200
0.025240 7.025400
0.025250 7.025400
0.025260 7.025200
0.025270 7.025200
0.025280 7.025400
0.025290 7.025400
0.025300 7.025400
0.025310 7.025400
0.025320 7.025000
0.025330 7.025000
0.025340 7.025000
0.025350 7.024800
0.025360 7.024800
0.025370 7.024800
0.025380 7.024800
0.025390 7.024800
0.025400 7.024800
0.025410 7.024800
0.025420 7.024800
0.025430 7.024800
0.025440 7.024800
0.025450 7.024800
0.025460 7.024600
0.025470 7.024800
0.025480 7.024800
0.025490 7.024800
0.025500 7.024800
0.025510 7.024800
0.025520 7.024800
0.025530 7.024800
0.025540 7.024800
0.025550 7.024600
0.025560 7.024600
0.025570 7.024600
0.025580 7.024400
0.025590 7.024000
0.025600 7.024000
0.025610 7.024000
0.025620 7.024000
0.025630 7.024000
0.025640 7.024000
0.025650 7.024000
0.025660 7.023800
0.025670 7.023600
0.025680 7.023600
0.025690 7.023600
0.025700 7.023600
0.025710 7.023400
0.025720 7.023400
0.025730 7.023400
0.025740 7.023200
0.025750 7.023000
0.025760 7.022800
0.025770 7.022800
0.025780 7.022800
0.025790 7.022800
0.025800 7.022800
0.025810 7.022800
0.025820 7.022800
0.025830 7.022600
0.025840 7.022400
0.025850 7.022400
0.025860 7.022400
0.025870 7.022400
0.025880 7.022400
0.025890 7.022400
0.025900 7.022200
0.025910 7.022200
0.025920 7.022200
0.025930 7.022000
0.025940 7.022000
0.025950 7.022000
0.025960 7.022000
0.025970 7.021800
0.025980 7.021800
0.025990 7.021400
0.026000 7.021400
0.026010 7.021400
0.026020 7.021400
0.026030 7.021400
0.026040 7.021200
0.026050 7.020800
0.026060 7.020600
0.026070 7.020400
0.026080 7.020400
0.026090 7.020400
0.026100 7.020000
0.026110 7.019800
0.026120 7.019600
0.026130 7.019800
0.026140 7.019800
0.026150 7.019800
0.026160 7.019800
0.026170 7.019800
0.026180 7.019800
0.026190 7.019800
0.026200 7.020000
0.026210 7.020000
0.026220 7.019800
0.026230 7.019800
0.026240 7.019800
0.026250 7.019400
0.026260 7.019400
0.026270 7.019400
0.026280 7.019200
0.026290 7.019200
0.026300 7.019200
0.026310 7.019200
0.026320 7.019200
0.026330 7.019200
0.026340 7.019200
0.026350 7.019200
0.026360 7.019200
0.026370 7.019000
0.026380 7.019000
0.026390 7.019200
0.026400 7.019200
0.026410 7.019000
0.026420 7.018800
0.026430 7.018800
0.026440 7.018800
0.026450 7.018800
0.026460 7.018800
0.026470 7.018800
0.026480 7.018800
0.026490 7.018600
0.026500 7.018800
0.026510 7.018600
0.026520 7.018600
0.026530 7.018600
0.026540 7.018600
0.026550 7.018200
0.026560 7.018200
0.026570 7.018200
0.026580 7.018200
0.026590 7.018200
0.026600 7.018200
0.026610 7.018000
0.026620 7.017800
0.026630 7.017800
0.026640 7.017800
0.026650 7.017800
0.026660 7.017600
0.026670 7.017400
0.026680 7.017400
0.026690 7.017400
0.026700 7.017400
0.026710 7.017400
0.026720 7.017400
0.026730 7.017400
0.026740 7.017000
0.026750 7.017000
0.026760 7.017000
0.026770 7.017200
0.026780 7.017200
0.026790 7.017200
0.026800 7.017000
0.026810 7.017000
0.026820 7.017000
0.026830 7.017000
0.026840 7.017000
0.026850 7.017000
0.026860 7.017000
0.026870 7.017000
0.026880 7.017000
0.026890 7.017000
0.026900 7.017000
0.026910 7.016800
0.026920 7.016800
0.026930 7.016600
0.026940 7.016400
0.026950 7.016600
0.026960 7.016600
0.026970 7.016600
0.026980 7.016600
0.026990 7.016600
0.027000 7.016000
0.027010 7.016000
0.027020 7.015800
0.027030 7.015800
0.027040 7.015800
0.027050 7.015800
0.027060 7.015600
0.027070 7.015600
0.027080 7.015400
0.027090 7.015200
0.027100 7.015400
0.027110 7.015200
0.027120 7.015200
0.027130 7.015200
0.027140 7.015200
0.027150 7.015200
0.027160 7.015200
0.027170 7.015200
0.027180 7.015200
0.027190 7.015200
0.027200 7.015000
0.027210 7.014600
0.027220 7.014400
0.027230 7.014000
0.027240 7.014000
0.027250 7.014000
0.027260 7.014000
0.027270 7.014000
0.027280 7.014000
0.027290 7.014000
0.027300 7.013800
0.027310 7.013600
0.027320 7.013600
0.027330 7.013600
0.027340 7.013600
0.027350 7.013600
0.027360 7.013400
0.027370 7.013200
0.027380 7.013200
0.027390 7.013200
0.027400 7.013200
0.027410 7.013200
0.027420 7.013200
0.027430 7.013200
0.027440 7.013200
0.027450 7.013200
0.027460 7.013200
0.027470 7.013200
0.027480 7.013400
0.027490 7.013200
0.027500 7.012800
0.027510 7.013000
0.027520 7.013000
0.027530 7.013000
0.027540 7.013000
0.027550 7.013000
0.027560 7.012800
0.027570 7.012800
0.027580 7.012800
0.027590 7.012600
0.027600 7.012600
0.027610 7.012400
0.027620 7.012200
0.027630 7.012000
0.027640 7.011800
0.027650 7.011800
0.027660 7.011600
0.027670 7.011800
0.027680 7.012000
0.027690 7.012000
0.027700 7.012000
0.027710 7.012000
0.027720 7.012000
0.027730 7.012000
0.027740 7.012000
0.027750 7.012000
0.027760 7.012000
0.027770 7.012000
0.027780 7.012000
0.027790 7.012000
0.027800 7.012000
0.027810 7.012000
0.027820 7.012000
0.027830 7.012200
0.027840 7.012200
0.027850 7.012200
0.027860 7.012400
0.027870 7.012400
0.027880 7.012200
0.027890 7.012200
0.027900 7.012000
0.027910 7.012200
0.027920 7.012200
0.027930 7.012000
0.027940 7.012000
0.027950 7.012200
0.027960 7.012200
0.027970 7.012400
0.027980 7.012400
0.027990 7.012600
0.028000 7.012600
0.028010 7.012600
0.028020 7.012600
0.028030 7.012600
0.028040 7.012600
0.028050 7.012200
0.028060 7.012200
0.028070 7.012200
0.028080 7.012400
0.028090 7.012400
0.028100 7.013000
0.028110 7.013000
0.028120 7.013000
0.028130 7.013000
0.028140 7.012800
0.028150 7.012800
0.028160 7.012800
0.028170 7.012600
0.028180 7.012600
0.028190 7.012400
0.028200 7.012400
0.028210 7.012400
0.028220 7.012400
0.028230 7.012400
0.028240 7.012400
0.028250 7.012400
0.028260 7.012400
0.028270 7.012400
0.028280 7.012400
0.028290 7.012400
0.028300 7.012400
0.028310 7.012200
0.028320 7.012200
0.028330 7.012200
0.028340 7.012200
0.028350 7.012200
0.028360 7.012200
0.028370 7.012400
0.028380 7.012400
0.028390 7.012400
0.028400 7.012400
0.028410 7.012400
0.028420 7.012400
0.028430 7.012400
0.028440 7.012400
0.028450 7.012400
0.028460 7.012200
0.028470 7.012000
0.028480 7.012000
0.028490 7.012200
0.028500 7.012400
0.028510 7.012600
0.028520 7.012600
0.028530 7.012600
0.028540 7.012600
0.028550 7.012600
0.028560 7.012400
0.028570 7.012400
0.028580 7.012200
0.028590 7.012200
0.028600 7.012000
0.028610 7.012000
0.028620 7.012000
0.028630 7.012000
0.028640 7.012000
0.028650 7.012000
0.028660 7.012000
0.028670 7.012000
0.028680 7.012000
0.028690 7.012000
0.028700 7.012200
0.028710 7.012200
0.028720 7.012200
0.028730 7.012200
0.028740 7.011800
0.028750 7.011600
0.028760 7.011600
0.028770 7.011600
0.028780 7.011600
0.028790 7.011400
0.028800 7.011200
0.028810 7.011200
0.028820 7.011400
0.028830 7.011400
0.028840 7.011400
0.028850 7.011200
0.028860 7.011200
0.028870 7.011200
0.028880 7.011200
0.028890 7.010800
0.028900 7.010800
0.028910 7.011000
0.028920 7.011000
0.028930 7.011000
0.028940 7.011200
0.028950 7.011000
0.028960 7.011000
0.028970 7.010600
0.028980 7.010600
0.028990 7.010400
0.029000 7.010400
0.029010 7.010400
0.029020 7.010400
0.029030 7.010400
0.029040 7.010400
0.029050 7.010400
0.029060 7.010200
0.029070 7.010200
0.029080 7.010200
0.029090 7.010200
0.029100 7.010200
0.029110 7.010200
0.029120 7.010200
0.029130 7.010600
0.029140 7.010600
0.029150 7.010400
0.029160 7.010600
0.029170 7.010800
0.029180 7.010800
0.029190 7.010800
0.029200 7.011000
0.029210 7.011200
0.029220 7.011000
0.029230 7.011000
0.029240 7.010800
0.029250 7.010800
0.029260 7.010800
0.029270 7.010800
0.029280 7.010800
0.029290 7.010800
0.029300 7.010600
0.029310 7.010600
0.029320 7.010800
0.029330 7.011000
0.029340 7.010800
0.029350 7.010600
0.029360 7.010400
0.029370 7.010400
0.029380 7.010400
0.029390 7.010400
0.029400 7.010400
0.029410 7.010600
0.029420 7.010400
0.029430 7.010600
0.029440 7.010600
0.029450 7.010600
0.029460 7.010400
0.029470 7.010400
0.029480 7.010400
0.029490 7.010400
0.029500 7.010600
0.029510 7.010600
0.029520 7.010800
0.029530 7.010800
0.029540 7.010600
0.029550 7.010600
0.029560 7.010600
0.029570 7.010600
0.029580 7.010600
0.029590 7.010600
0.029600 7.010800
0.029610 7.010800
0.029620 7.010800
0.029630 7.010600
0.029640 7.010600
0.029650 7.010600
0.029660 7.010600
0.029670 7.010600
0.029680 7.010600
0.029690 7.010600
0.029700 7.010800
0.029710 7.011000
0.029720 7.011200
0.029730 7.011200
0.029740 7.011200
0.029750 7.011400
0.029760 7.011400
0.029770 7.011200
0.029780 7.011200
0.029790 7.011000
0.029800 7.011000
0.029810 7.011000
0.029820 7.011400
0.029830 7.011200
0.029840 7.011200
0.029850 7.011200
0.029860 7.011000
0.029870 7.011000
0.029880 7.011200
0.029890 7.011200
0.029900 7.011200
0.029910 7.011200
0.029920 7.011000
0.029930 7.011000
0.029940 7.011000
0.029950 7.011000
0.029960 7.011200
0.029970 7.011200
0.029980 7.011000
0.029990 7.011000
0.030000 7.011000
0.030010 7.011000
0.030020 7.011000
0.030030 7.011000
0.030040 7.011000
0.030050 7.011000
0.030060 7.011000
0.030070 7.011000
0.030080 7.010800
0.030090 7.011000
0.030100 7.011000
0.030110 7.011000
0.030120 7.011000
0.030130 7.010800
0.030140 7.010800
0.030150 7.010800
0.030160 7.010800
0.030170 7.010600
0.030180 7.010600
0.030190 7.010400
0.030200 7.010400
0.030210 7.010200
0.030220 7.010400
0.030230 7.010600
0.030240 7.010400
0.030250 7.010400
0.030260 7.010400
0.030270 7.010400
0.030280 7.010400
0.030290 7.010200
0.030300 7.010200
0.030310 7.010200
0.030320 7.010200
0.030330 7.010200
0.030340 7.010200
0.030350 7.010200
0.030360 7.010200
0.030370 7.010200
0.030380 7.010200
0.030390 7.010200
0.030400 7.010200
0.030410 7.010200
0.030420 7.010200
0.030430 7.010200
0.030440 7.010200
0.030450 7.010200
0.030460 7.010200
0.030470 7.010200
0.030480 7.010200
0.030490 7.010400
0.030500 7.010400
0.030510 7.010400
0.030520 7.010400
0.030530 7.010400
0.030540 7.010400
0.030550 7.010200
0.030560 7.010200
0.030570 7.010200
0.030580 7.010200
0.030590 7.010000
0.030600 7.010200
0.030610 7.010200
0.030620 7.010200
0.030630 7.010200
0.030640 7.010200
0.030650 7.010400
0.030660 7.010400
0.030670 7.010400
0.030680 7.010400
0.030690 7.010600
0.030700 7.010600
0.030710 7.010600
0.030720 7.010600
0.030730 7.010800
0.030740 7.010800
0.030750 7.011000
0.030760 7.011000
0.030770 7.010800
0.030780 7.010800
0.030790 7.010800
0.030800 7.010800
0.030810 7.010800
0.030820 7.010800
0.030830 7.010600
0.030840 7.010600
0.030850 7.010600
0.030860 7.010400
0.030870 7.010400
0.030880 7.010400
0.030890 7.010400
0.030900 7.010400
0.030910 7.010600
0.030920 7.010600
0.030930 7.010600
0.030940 7.010600
0.030950 7.010600
0.030960 7.010600
0.030970 7.010600
0.030980 7.010400
0.030990 7.010400
0.031000 7.010400
0.031010 7.010600
0.031020 7.010600
0.031030 7.010400
0.031040 7.010400
0.031050 7.010400
0.031060 7.010800
0.031070 7.010800
0.031080 7.011000
0.031090 7.011000
0.031100 7.011000
0.031110 7.011000
0.031120 7.010800
0.031130 7.011000
0.031140 7.011000
0.031150 7.010800
0.031160 7.010600
0.031170 7.010600
0.031180 7.010400
0.031190 7.010400
0.031200 7.010600
0.031210 7.010400
0.031220 7.010400
0.031230 7.010400
0.031240 7.010400
0.031250 7.010400
0.031260 7.010400
0.031270 7.010400
0.031280 7.010600
0.031290 7.010600
0.031300 7.010600
0.031310 7.010600
0.031320 7.010600
0.031330 7.010600
0.031340 7.010600
0.031350 7.010600
0.031360 7.010600
0.031370 7.010400
0.031380 7.010400
0.031390 7.010600
0.031400 7.010400
0.031410 7.010400
0.031420 7.010400
0.031430 7.010400
0.031440 7.010400
0.031450 7.010200
0.031460 7.010400
0.031470 7.010400
0.031480 7.010400
0.031490 7.010800
0.031500 7.010400
0.031510 7.010200
0.031520 7.010200
0.031530 7.010400
0.031540 7.010400
0.031550 7.010400
0.031560 7.010400
0.031570 7.010400
0.031580 7.010400
0.031590 7.010400
0.031600 7.010400
0.031610 7.010400
0.031620 7.010400
0.031630 7.010400
0.031640 7.010400
0.031650 7.010400
0.031660 7.010400
0.031670 7.010400
0.031680 7.010400
0.031690 7.010400
0.031700 7.010400
0.031710 7.010400
0.031720 7.010400
0.031730 7.010400
0.031740 7.010400
0.031750 7.010200
0.031760 7.010400
0.031770 7.010400
0.031780 7.010400
0.031790 7.010400
0.031800 7.010200
0.031810 7.010200
0.031820 7.010200
0.031830 7.010000
0.031840 7.010000
0.031850 7.010200
0.031860 7.010200
0.031870 7.010200
0.031880 7.010200
0.031890 7.010200
0.031900 7.010200
0.031910 7.010200
0.031920 7.010200
0.031930 7.010000
0.031940 7.010000
0.031950 7.010000
0.031960 7.010000
0.031970 7.010000
0.031980 7.009800
0.031990 7.009600
0.032000 7.009600
0.032010 7.009600
0.032020 7.009600
0.032030 7.009600
0.032040 7.009600
0.032050 7.009600
0.032060 7.009400
0.032070 7.009400
0.032080 7.009400
0.032090 7.009400
0.032100 7.009400
0.032110 7.009400
0.032120 7.009400
0.032130 7.009400
0.032140 7.009400
0.032150 7.009200
0.032160 7.009200
0.032170 7.009200
0.032180 7.009000
0.032190 7.009200
0.032200 7.009200
0.032210 7.009200
0.032220 7.009200
0.032230 7.009000
0.032240 7.009000
0.032250 7.009000
0.032260 7.009000
0.032270 7.009000
0.032280 7.009000
0.032290 7.009000
0.032300 7.009000
0.032310 7.009000
0.032320 7.009000
0.032330 7.008800
0.032340 7.008800
0.032350 7.008800
0.032360 7.009000
0.032370 7.009000
0.032380 7.009000
0.032390 7.009000
0.032400 7.009000
0.032410 7.009000
0.032420 7.009000
0.032430 7.009000
0.032440 7.009000
0.032450 7.009000
0.032460 7.009000
0.032470 7.009000
0.032480 7.009200
0.032490 7.009200
0.032500 7.009000
0.032510 7.009000
0.032520 7.009000
0.032530 7.009000
0.032540 7.009200
0.032550 7.009200
0.032560 7.009200
0.032570 7.009200
0.032580 7.009200
0.032590 7.009200
0.032600 7.009000
0.032610 7.009000
0.032620 7.009000
0.032630 7.009000
0.032640 7.009000
0.032650 7.008800
0.032660 7.009000
0.032670 7.009000
0.032680 7.009000
0.032690 7.009000
0.032700 7.009200
0.032710 7.009200
0.032720 7.009400
0.032730 7.009400
0.032740 7.009400
0.032750 7.009400
0.032760 7.009400
0.032770 7.009400
0.032780 7.009400
0.032790 7.009400
0.032800 7.009600
0.032810 7.009600
0.032820 7.009600
0.032830 7.009600
0.032840 7.009800
0.032850 7.009800
0.032860 7.009800
0.032870 7.009600
0.032880 7.009600
0.032890 7.009600
0.032900 7.009600
0.032910 7.009800
0.032920 7.009800
0.032930 7.009800
0.032940 7.009800
0.032950 7.009600
0.032960 7.009600
0.032970 7.009400
0.032980 7.009400
0.032990 7.009400
0.033000 7.009400
0.033010 7.009400
0.033020 7.009400
0.033030 7.009400
0.033040 7.009400
0.033050 7.009600
0.033060 7.009600
0.033070 7.009600
0.033080 7.009600
0.033090 7.009600
0.033100 7.009600
0.033110 7.009600
0.033120 7.009600
0.033130 7.009600
0.033140 7.009600
0.033150 7.009800
0.033160 7.009800
0.033170 7.009800
0.033180 7.009800
0.033190 7.009800
0.033200 7.009800
0.033210 7.009800
0.033220 7.009800
0.033230 7.009800
0.033240 7.009800
0.033250 7.009800
0.033260 7.009800
0.033270 7.009800
0.033280 7.009800
0.033290 7.009800
0.033300 7.009800
0.033310 7.009800
0.033320 7.009800
0.033330 7.009800
0.033340 7.009800
0.033350 7.009800
0.033360 7.009800
0.033370 7.009800
0.033380 7.009800
0.033390 7.009600
0.033400 7.009600
0.033410 7.009600
0.033420 7.009800
0.033430 7.009800
0.033440 7.009800
0.033450 7.009800
0.033460 7.009800
0.033470 7.009800
0.033480 7.009800
0.033490 7.009800
0.033500 7.009800
0.033510 7.009800
0.033520 7.009800
0.033530 7.009800
0.033540 7.009800
0.033550 7.009600
0.033560 7.009400
0.033570 7.009400
0.033580 7.009400
0.033590 7.009400
0.033600 7.009400
0.033610 7.009400
0.033620 7.009400
0.033630 7.009400
0.033640 7.009400
0.033650 7.009400
0.033660 7.009400
0.033670 7.009400
0.033680 7.009400
0.033690 7.009400
0.033700 7.009400
0.033710 7.009200
0.033720 7.009200
0.033730 7.009000
0.033740 7.009000
0.033750 7.009200
0.033760 7.009200
0.033770 7.009200
0.033780 7.009200
0.033790 7.009200
0.033800 7.009200
0.033810 7.009000
0.033820 7.009000
0.033830 7.009000
0.033840 7.009000
0.033850 7.009000
0.033860 7.009000
0.033870 7.008800
0.033880 7.008800
0.033890 7.009000
0.033900 7.009000
0.033910 7.009000
0.033920 7.009000
0.033930 7.009000
0.033940 7.009000
0.033950 7.008800
0.033960 7.008600
0.033970 7.008600
0.033980 7.008400
0.033990 7.008400
0.034000 7.008400
0.034010 7.008400
0.034020 7.008400
0.034030 7.008400
0.034040 7.008400
0.034050 7.008400
0.034060 7.008400
0.034070 7.008000
0.034080 7.008000
0.034090 7.008000
0.034100 7.007800
0.034110 7.007800
0.034120 7.007600
0.034130 7.007600
0.034140 7.007600
0.034150 7.007600
0.034160 7.007600
0.034170 7.007600
0.034180 7.007600
0.034190 7.007600
0.034200 7.007600
0.034210 7.007600
0.034220 7.007600
0.034230 7.007600
0.034240 7.007800
0.034250 7.008000
0.034260 7.008000
0.034270 7.008000
0.034280 7.008000
0.034290 7.008000
0.034300 7.008000
0.034310 7.008000
0.034320 7.008000
0.034330 7.008000
0.034340 7.008400
0.034350 7.008600
0.034360 7.008600
0.034370 7.008600
0.034380 7.008600
0.034390 7.008600
0.034400 7.008600
0.034410 7.008600
0.034420 7.008600
0.034430 7.008600
0.034440 7.008600
0.034450 7.008600
0.034460 7.008600
0.034470 7.008600
0.034480 7.008600
0.034490 7.008600
0.034500 7.008400
0.034510 7.008600
0.034520 7.008600
0.034530 7.008600
0.034540 7.008400
0.034550 7.008400
0.034560 7.008200
0.034570 7.008200
0.034580 7.008200
0.034590 7.008000
0.034600 7.008000
0.034610 7.008200
0.034620 7.008000
0.034630 7.008000
0.034640 7.008000
0.034650 7.008000
0.034660 7.008000
0.034670 7.008000
0.034680 7.008000
0.034690 7.008000
0.034700 7.008000
0.034710 7.008000
0.034720 7.008000
0.034730 7.008000
0.034740 7.008000
0.034750 7.007800
0.034760 7.007800
0.034770 7.007800
0.034780 7.007800
0.034790 7.007600
0.034800 7.007600
0.034810 7.007600
0.034820 7.007600
0.034830 7.007600
0.034840 7.007600
0.034850 7.007600
0.034860 7.007600
0.034870 7.007600
0.034880 7.007600
0.034890 7.007400
0.034900 7.007400
0.034910 7.007400
0.034920 7.006800
0.034930 7.006800
0.034940 7.006800
0.034950 7.006800
0.034960 7.006800
0.034970 7.006600
0.034980 7.006600
0.034990 7.006600
0.035000 7.006600
0.035010 7.006400
0.035020 7.006400
0.035030 7.006400
0.035040 7.006400
0.035050 7.006200
0.035060 7.006200
0.035070 7.006400
0.035080 7.006400
0.035090 7.006400
0.035100 7.006400
0.035110 7.006200
0.035120 7.006200
0.035130 7.006200
0.035140 7.006200
0.035150 7.006200
0.035160 7.006200
0.035170 7.006200
0.035180 7.006200
0.035190 7.006200
0.035200 7.006200
0.035210 7.005800
0.035220 7.005800
0.035230 7.005800
0.035240 7.005800
0.035250 7.005800
0.035260 7.005800
0.035270 7.005800
0.035280 7.005800
0.035290 7.005800
0.035300 7.005800
0.035310 7.005600
0.035320 7.005600
0.035330 7.005600
0.035340 7.005600
0.035350 7.005600
0.035360 7.005600
0.035370 7.005600
0.035380 7.005600
0.035390 7.005600
0.035400 7.005600
0.035410 7.005600
0.035420 7.005600
0.035430 7.005600
0.035440 7.005600
0.035450 7.005600
0.035460 7.005600
0.035470 7.005600
0.035480 7.005600
0.035490 7.005600
0.035500 7.005600
0.035510 7.005600
0.035520 7.005600
0.035530 7.005600
0.035540 7.005600
0.035550 7.005600
0.035560 7.005600
0.035570 7.005400
0.035580 7.005400
0.035590 7.005400
0.035600 7.005400
0.035610 7.005400
0.035620 7.005400
0.035630 7.005400
0.035640 7.005200
0.035650 7.005200
0.035660 7.005200
0.035670 7.005200
0.035680 7.005200
0.035690 7.005200
0.035700 7.005000
0.035710 7.005000
0.035720 7.005000
0.035730 7.004800
0.035740 7.004800
0.035750 7.005000
0.035760 7.005000
0.035770 7.005000
0.035780 7.005000
0.035790 7.005000
0.035800 7.005000
0.035810 7.005000
0.035820 7.005000
0.035830 7.005000
0.035840 7.005000
0.035850 7.005200
0.035860 7.005200
0.035870 7.005200
0.035880 7.005200
0.035890 7.005200
0.035900 7.005000
0.035910 7.005000
0.035920 7.005000
0.035930 7.005000
0.035940 7.005200
0.035950 7.005400
0.035960 7.005400
0.035970 7.005400
0.035980 7.005400
0.035990 7.005400
0.036000 7.005400
0.036010 7.005400
0.036020 7.005400
0.036030 7.005400
0.036040 7.005400
0.036050 7.005400
0.036060 7.005400
0.036070 7.005800
0.036080 7.005600
0.036090 7.005400
0.036100 7.005400
0.036110 7.005400
0.036120 7.005400
0.036130 7.005400
0.036140 7.005400
0.036150 7.005400
0.036160 7.005200
0.036170 7.005200
0.036180 7.005200
0.036190 7.005200
0.036200 7.005200
0.036210 7.005200
0.036220 7.005200
0.036230 7.005200
0.036240 7.005200
0.036250 7.005200
0.036260 7.005200
0.036270 7.005200
0.036280 7.005200
0.036290 7.005000
0.036300 7.005000
0.036310 7.005000
0.036320 7.005000
0.036330 7.004800
0.036340 7.004800
0.036350 7.004800
0.036360 7.005000
0.036370 7.004800
0.036380 7.004800
0.036390 7.004800
0.036400 7.004800
0.036410 7.004600
0.036420 7.004600
0.036430 7.004600
0.036440 7.004600
0.036450 7.004600
0.036460 7.004800
0.036470 7.004800
0.036480 7.004600
0.036490 7.004600
0.036500 7.004600
0.036510 7.004600
0.036520 7.004600
0.036530 7.004800
0.036540 7.004800
0.036550 7.004800
0.036560 7.005000
0.036570 7.005000
0.036580 7.005000
0.036590 7.004800
0.036600 7.004800
0.036610 7.004800
0.036620 7.004600
0.036630 7.004600
0.036640 7.004600
0.036650 7.004600
0.036660 7.004600
0.036670 7.004600
0.036680 7.004600
0.036690 7.004600
0.036700 7.004600
0.036710 7.004600
0.036720 7.004600
0.036730 7.004800
0.036740 7.004800
0.036750 7.004800
0.036760 7.004800
0.036770 7.004800
0.036780 7.004800
0.036790 7.004800
0.036800 7.004800
0.036810 7.004800
0.036820 7.004800
0.036830 7.004800
0.036840 7.004600
0.036850 7.004600
0.036860 7.004600
0.036870 7.004600
0.036880 7.004800
0.036890 7.005000
0.036900 7.005000
0.036910 7.005000
0.036920 7.005000
0.036930 7.005000
0.036940 7.005000
0.036950 7.005200
0.036960 7.005200
0.036970 7.005200
0.036980 7.005200
0.036990 7.005200
0.037000 7.005200
0.037010 7.005000
0.037020 7.005000
0.037030 7.005000
0.037040 7.004800
0.037050 7.004800
0.037060 7.004800
0.037070 7.005000
0.037080 7.004800
0.037090 7.004800
0.037100 7.004800
0.037110 7.005000
0.037120 7.005000
0.037130 7.005000
0.037140 7.005000
0.037150 7.005000
0.037160 7.005000
0.037170 7.005200
0.037180 7.005200
0.037190 7.005200
0.037200 7.005200
0.037210 7.005200
0.037220 7.005200
0.037230 7.005200
0.037240 7.005000
0.037250 7.005000
0.037260 7.005000
0.037270 7.005000
0.037280 7.005000
0.037290 7.005000
0.037300 7.005200
0.037310 7.005200
0.037320 7.005200
0.037330 7.005200
0.037340 7.005200
0.037350 7.005200
0.037360 7.005400
0.037370 7.005400
0.037380 7.005400
0.037390 7.005400
0.037400 7.005400
0.037410 7.005400
0.037420 7.005600
0.037430 7.005600
0.037440 7.005600
0.037450 7.005600
0.037460 7.005600
0.037470 7.005600
0.037480 7.005600
0.037490 7.005600
0.037500 7.005600
0.037510 7.005600
0.037520 7.005600
0.037530 7.005600
0.037540 7.005600
0.037550 7.005600
0.037560 7.005600
0.037570 7.005600
0.037580 7.005600
0.037590 7.005600
0.037600 7.005400
0.037610 7.005400
0.037620 7.005400
0.037630 7.005400
0.037640 7.005400
0.037650 7.005400
0.037660 7.005600
0.037670 7.005600
0.037680 7.005600
0.037690 7.005800
0.037700 7.005800
0.037710 7.005800
0.037720 7.005800
0.037730 7.005800
0.037740 7.005600
0.037750 7.005600
0.037760 7.005600
0.037770 7.005600
0.037780 7.005600
0.037790 7.005600
0.037800 7.005600
0.037810 7.005600
0.037820 7.005600
0.037830 7.005600
0.037840 7.005600
0.037850 7.005600
0.037860 7.005800
0.037870 7.005800
0.037880 7.005800
0.037890 7.005600
0.037900 7.005600
0.037910 7.005600
0.037920 7.005600
0.037930 7.005600
0.037940 7.005600
0.037950 7.005600
0.037960 7.005600
0.037970 7.005600
0.037980 7.005400
0.037990 7.005600
0.038000 7.005800
0.038010 7.005800
0.038020 7.005800
0.038030 7.005800
0.038040 7.005800
0.038050 7.005800
0.038060 7.005800
0.038070 7.005800
0.038080 7.005600
0.038090 7.005600
0.038100 7.005600
0.038110 7.005600
0.038120 7.005600
0.038130 7.005600
0.038140 7.005600
0.038150 7.005600
0.038160 7.005600
0.038170 7.005600
0.038180 7.005800
0.038190 7.005800
0.038200 7.005800
0.038210 7.005600
0.038220 7.005600
0.038230 7.005600
0.038240 7.005600
0.038250 7.005800
0.038260 7.005800
0.038270 7.005800
0.038280 7.005800
0.038290 7.005800
0.038300 7.005800
0.038310 7.005800
0.038320 7.005800
0.038330 7.006200
0.038340 7.006200
0.038350 7.005800
0.038360 7.005800
0.038370 7.005800
0.038380 7.005800
0.038390 7.005800
0.038400 7.006000
0.038410 7.006000
0.038420 7.006000
0.038430 7.006000
0.038440 7.006000
0.038450 7.006000
0.038460 7.006000
0.038470 7.006000
0.038480 7.006000
0.038490 7.006000
0.038500 7.005800
0.038510 7.005800
0.038520 7.006000
0.038530 7.006000
0.038540 7.005800
0.038550 7.005800
0.038560 7.005800
0.038570 7.005800
0.038580 7.005800
0.038590 7.005800
0.038600 7.005800
0.038610 7.006200
0.038620 7.006200
0.038630 7.006200
0.038640 7.006200
0.038650 7.006200
0.038660 7.006200
0.038670 7.006200
0.038680 7.006200
0.038690 7.006400
0.038700 7.006400
0.038710 7.006400
0.038720 7.006600
0.038730 7.006600
0.038740 7.006600
0.038750 7.006600
0.038760 7.006600
0.038770 7.006600
0.038780 7.006400
0.038790 7.006400
0.038800 7.006400
0.038810 7.006400
0.038820 7.006400
0.038830 7.006600
0.038840 7.006600
0.038850 7.006600
0.038860 7.006600
0.038870 7.006600
0.038880 7.006800
0.038890 7.006800
0.038900 7.006800
0.038910 7.007000
0.038920 7.007000
0.038930 7.007200
0.038940 7.007200
0.038950 7.007200
0.038960 7.007200
0.038970 7.007200
0.038980 7.007200
0.038990 7.007200
0.039000 7.007200
0.039010 7.007200
0.039020 7.007200
0.039030 7.007000
0.039040 7.006800
0.039050 7.006800
0.039060 7.007000
0.039070 7.007000
0.039080 7.007000
0.039090 7.007000
0.039100 7.007000
0.039110 7.007000
0.039120 7.007000
0.039130 7.007000
0.039140 7.007000
0.039150 7.007400
0.039160 7.007400
0.039170 7.007400
0.039180 7.007400
0.039190 7.007400
0.039200 7.007400
0.039210 7.007400
0.039220 7.007400
0.039230 7.007600
0.039240 7.007600
0.039250 7.007600
0.039260 7.007400
0.039270 7.007400
0.039280 7.007400
0.039290 7.007400
0.039300 7.007400
0.039310 7.007400
0.039320 7.007400
0.039330 7.007200
0.039340 7.007200
0.039350 7.007200
0.039360 7.007400
0.039370 7.007400
0.039380 7.007400
0.039390 7.007600
0.039400 7.007600
0.039410 7.007600
0.039420 7.007400
0.039430 7.007400
0.039440 7.007400
0.039450 7.007400
0.039460 7.007200
0.039470 7.007200
0.039480 7.007200
0.039490 7.007200
0.039500 7.007200
0.039510 7.007200
0.039520 7.007200
0.039530 7.007200
0.039540 7.007200
0.039550 7.007200
0.039560 7.007200
0.039570 7.007200
0.039580 7.007200
0.039590 7.007200
0.039600 7.007000
0.039610 7.007000
0.039620 7.007000
0.039630 7.006800
0.039640 7.007000
0.039650 7.007000
0.039660 7.007000
0.039670 7.007200
0.039680 7.007200
0.039690 7.007200
0.039700 7.007400
0.039710 7.007400
0.039720 7.007400
0.039730 7.007400
0.039740 7.007400
0.039750 7.007400
0.039760 7.007400
0.039770 7.007400
0.039780 7.007400
0.039790 7.007400
0.039800 7.007400
0.039810 7.007400
0.039820 7.007400
0.039830 7.007400
0.039840 7.007400
0.039850 7.007400
0.039860 7.007400
0.039870 7.007200
0.039880 7.007200
0.039890 7.007200
0.039900 7.007200
0.039910 7.007200
0.039920 7.007200
0.039930 7.007200
0.039940 7.007200
0.039950 7.007200
0.039960 7.007400
0.039970 7.007400
0.039980 7.007200
0.039990 7.007200
0.040000 7.007400
0.040010 7.007400
0.040020 7.007200
0.040030 7.007200
0.040040 7.007200
0.040050 7.007200
0.040060 7.007200
0.040070 7.007200
0.040080 7.007000
0.040090 7.007000
0.040100 7.007200
0.040110 7.007200
0.040120 7.007200
0.040130 7.007200
0.040140 7.007200
0.040150 7.007200
0.040160 7.007200
0.040170 7.007200
0.040180 7.007200
0.040190 7.007200
0.040200 7.007200
0.040210 7.007200
0.040220 7.007200
0.040230 7.007200
0.040240 7.007200
0.040250 7.007200
0.040260 7.007200
0.040270 7.007400
0.040280 7.007200
0.040290 7.007000
0.040300 7.007000
0.040310 7.007000
0.040320 7.007000
0.040330 7.007000
0.040340 7.007200
0.040350 7.007200
0.040360 7.007200
0.040370 7.007200
0.040380 7.007200
0.040390 7.007200
0.040400 7.007200
0.040410 7.007200
0.040420 7.007200
0.040430 7.007200
0.040440 7.007400
0.040450 7.007400
0.040460 7.007400
0.040470 7.007400
0.040480 7.007400
0.040490 7.007400
0.040500 7.007400
0.040510 7.007400
0.040520 7.007600
0.040530 7.007600
0.040540 7.008000
0.040550 7.008000
0.040560 7.007800
0.040570 7.007800
0.040580 7.007800
0.040590 7.008000
0.040600 7.008000
0.040610 7.008000
0.040620 7.008000
0.040630 7.008000
0.040640 7.008000
0.040650 7.007800
0.040660 7.007800
0.040670 7.007600
0.040680 7.007600
0.040690 7.007800
0.040700 7.008200
0.040710 7.008200
0.040720 7.008400
0.040730 7.008400
0.040740 7.008400
0.040750 7.008400
0.040760 7.008400
0.040770 7.008400
0.040780 7.008600
0.040790 7.008600
0.040800 7.008400
0.040810 7.008400
0.040820 7.008400
0.040830 7.008400
0.040840 7.008200
0.040850 7.008200
0.040860 7.008200
0.040870 7.008200
0.040880 7.008200
0.040890 7.008200
0.040900 7.008200
0.040910 7.008200
0.040920 7.008200
0.040930 7.008200
0.040940 7.008200
0.040950 7.008200
0.040960 7.008200
0.040970 7.008200
0.040980 7.008200
0.040990 7.008000
0.041000 7.008000
0.041010 7.008000
0.041020 7.008000
0.041030 7.008200
0.041040 7.008200
0.041050 7.008200
0.041060 7.008200
0.041070 7.008200
0.041080 7.008200
0.041090 7.008200
0.041100 7.008000
0.041110 7.008000
0.041120 7.008200
0.041130 7.008200
0.041140 7.008200
0.041150 7.008200
0.041160 7.008200
0.041170 7.008200
0.041180 7.008200
0.041190 7.008200
0.041200 7.008200
0.041210 7.008200
0.041220 7.008200
0.041230 7.008400
0.041240 7.008400
0.041250 7.008400
0.041260 7.008400
0.041270 7.008400
0.041280 7.008400
0.041290 7.008400
0.041300 7.008400
0.041310 7.008400
0.041320 7.008400
0.041330 7.008600
0.041340 7.008600
0.041350 7.008600
0.041360 7.008600
0.041370 7.008600
0.041380 7.008600
0.041390 7.008600
0.041400 7.008400
0.041410 7.008400
0.041420 7.008400
0.041430 7.008400
0.041440 7.008600
0.041450 7.008600
0.041460 7.008600
0.041470 7.008600
0.041480 7.008600
0.041490 7.008600
0.041500 7.008400
0.041510 7.008400
0.041520 7.008000
0.041530 7.008000
0.041540 7.008000
0.041550 7.007800
0.041560 7.007600
0.041570 7.007400
0.041580 7.007400
0.041590 7.007200
0.041600 7.007200
0.041610 7.007400
0.041620 7.007400
0.041630 7.007400
0.041640 7.007600
0.041650 7.007800
0.041660 7.007800
0.041670 7.007800
0.041680 7.007800
0.041690 7.007800
0.041700 7.007800
0.041710 7.007800
0.041720 7.007800
0.041730 7.007800
0.041740 7.008000
0.041750 7.008200
0.041760 7.008400
0.041770 7.008200
0.041780 7.008200
0.041790 7.008000
0.041800 7.008000
0.041810 7.008000
0.041820 7.008000
0.041830 7.008000
0.041840 7.008000
0.041850 7.008000
0.041860 7.008000
0.041870 7.007800
0.041880 7.007800
0.041890 7.007800
0.041900 7.007800
0.041910 7.007800
0.041920 7.007800
0.041930 7.007800
0.041940 7.007800
0.041950 7.008000
0.041960 7.008000
0.041970 7.008200
0.041980 7.008200
0.041990 7.008200
0.042000 7.008200
0.042010 7.008600
0.042020 7.008600
0.042030 7.008600
0.042040 7.008600
0.042050 7.008400
0.042060 7.008400
0.042070 7.008400
0.042080 7.008400
0.042090 7.008400
0.042100 7.008400
0.042110 7.008600
0.042120 7.008600
0.042130 7.008600
0.042140 7.008600
0.042150 7.008800
0.042160 7.008800
0.042170 7.008600
0.042180 7.008600
0.042190 7.008600
0.042200 7.008800
0.042210 7.008800
0.042220 7.008800
0.042230 7.008800
0.042240 7.008800
0.042250 7.008600
0.042260 7.008600
0.042270 7.008600
0.042280 7.008600
0.042290 7.008600
0.042300 7.008600
0.042310 7.008600
0.042320 7.008600
0.042330 7.008600
0.042340 7.008600
0.042350 7.008800
0.042360 7.008800
0.042370 7.008800
0.042380 7.008800
0.042390 7.008800
0.042400 7.008600
0.042410 7.008600
0.042420 7.008600
0.042430 7.008800
0.042440 7.008800
0.042450 7.008800
0.042460 7.009000
0.042470 7.009000
0.042480 7.009000
0.042490 7.009000
0.042500 7.009000
0.042510 7.008800
0.042520 7.008600
0.042530 7.008600
0.042540 7.008600
0.042550 7.008600
0.042560 7.008600
0.042570 7.008600
0.042580 7.008600
0.042590 7.008600
0.042600 7.008600
0.042610 7.008600
0.042620 7.008600
0.042630 7.008600
0.042640 7.008600
0.042650 7.008600
0.042660 7.008600
0.042670 7.008800
0.042680 7.008800
0.042690 7.008800
0.042700 7.008800
0.042710 7.008800
0.042720 7.008800
0.042730 7.008800
0.042740 7.008800
0.042750 7.008800
0.042760 7.008800
0.042770 7.008800
0.042780 7.008800
0.042790 7.008800
0.042800 7.008800
0.042810 7.008800
0.042820 7.009000
0.042830 7.009000
0.042840 7.009000
0.042850 7.009000
0.042860 7.009000
0.042870 7.009000
0.042880 7.008800
0.042890 7.008800
0.042900 7.009000
0.042910 7.009000
0.042920 7.009000
0.042930 7.008800
0.042940 7.008800
0.042950 7.008600
0.042960 7.008600
0.042970 7.008600
0.042980 7.008600
0.042990 7.008600
0.043000 7.008800
0.043010 7.008800
0.043020 7.008800
0.043030 7.008600
0.043040 7.008800
0.043050 7.009000
0.043060 7.009000
0.043070 7.009000
0.043080 7.009000
0.043090 7.009000
0.043100 7.009000
0.043110 7.009200
0.043120 7.009200
0.043130 7.009200
0.043140 7.009200
0.043150 7.009200
0.043160 7.009000
0.043170 7.009000
0.043180 7.009000
0.043190 7.009000
0.043200 7.009000
0.043210 7.009000
0.043220 7.009000
0.043230 7.009000
0.043240 7.009000
0.043250 7.009000
0.043260 7.009000
0.043270 7.009000
0.043280 7.009000
0.043290 7.009000
0.043300 7.009000
0.043310 7.009200
0.043320 7.009000
0.043330 7.009200
0.043340 7.009200
0.043350 7.009400
0.043360 7.009400
0.043370 7.009400
0.043380 7.009200
0.043390 7.009400
0.043400 7.009400
0.043410 7.009600
0.043420 7.009600
0.043430 7.009600
0.043440 7.009600
0.043450 7.009600
0.043460 7.009600
0.043470 7.009800
0.043480 7.009800
0.043490 7.009800
0.043500 7.010000
0.043510 7.010000
0.043520 7.010000
0.043530 7.010000
0.043540 7.010000
0.043550 7.010000
0.043560 7.010000
0.043570 7.010000
0.043580 7.010000
0.043590 7.010000
0.043600 7.010000
0.043610 7.009800
0.043620 7.009800
0.043630 7.009800
0.043640 7.009800
0.043650 7.009800
0.043660 7.009800
0.043670 7.009800
0.043680 7.009800
0.043690 7.009600
0.043700 7.009600
0.043710 7.009600
0.043720 7.009600
0.043730 7.009600
0.043740 7.009600
0.043750 7.009600
0.043760 7.009600
0.043770 7.009600
0.043780 7.009600
0.043790 7.009600
0.043800 7.009600
0.043810 7.009600
0.043820 7.009600
0.043830 7.009600
0.043840 7.009600
0.043850 7.009600
0.043860 7.009600
0.043870 7.009600
0.043880 7.009800
0.043890 7.009800
0.043900 7.009800
0.043910 7.009800
0.043920 7.009800
0.043930 7.009800
0.043940 7.009800
0.043950 7.009800
0.043960 7.009800
0.043970 7.009800
0.043980 7.009800
0.043990 7.009800
0.044000 7.009800
0.044010 7.009800
0.044020 7.009800
0.044030 7.009800
0.044040 7.009800
0.044050 7.009800
0.044060 7.009800
0.044070 7.009800
0.044080 7.009600
0.044090 7.009600
0.044100 7.009600
0.044110 7.009600
0.044120 7.009600
0.044130 7.009600
0.044140 7.009600
0.044150 7.009600
0.044160 7.009400
0.044170 7.009400
0.044180 7.009400
0.044190 7.009400
0.044200 7.009400
0.044210 7.009400
0.044220 7.009400
0.044230 7.009600
0.044240 7.009800
0.044250 7.009800
0.044260 7.009800
0.044270 7.009800
0.044280 7.009600
0.044290 7.009600
0.044300 7.009400
0.044310 7.009400
0.044320 7.009600
0.044330 7.009600
0.044340 7.009600
0.044350 7.009600
0.044360 7.009600
0.044370 7.009600
0.044380 7.009600
0.044390 7.009600
0.044400 7.009800
0.044410 7.009800
0.044420 7.009800
0.044430 7.009800
0.044440 7.009800
0.044450 7.009800
0.044460 7.009800
0.044470 7.009800
0.044480 7.009800
0.044490 7.009800
0.044500 7.009800
0.044510 7.009800
0.044520 7.009800
0.044530 7.009800
0.044540 7.009800
0.044550 7.009800
0.044560 7.009800
0.044570 7.009800
0.044580 7.009800
0.044590 7.009800
0.044600 7.010000
0.044610 7.010000
0.044620 7.010000
0.044630 7.010000
0.044640 7.010000
0.044650 7.010000
0.044660 7.010000
0.044670 7.010000
0.044680 7.010000
0.044690 7.010000
0.044700 7.010000
0.044710 7.010000
0.044720 7.010000
0.044730 7.010000
0.044740 7.010000
0.044750 7.009600
0.044760 7.009800
0.044770 7.009800
0.044780 7.009800
0.044790 7.010000
0.044800 7.010000
0.044810 7.010000
0.044820 7.010000
0.044830 7.010000
0.044840 7.010000
0.044850 7.010000
0.044860 7.010000
0.044870 7.010200
0.044880 7.010200
0.044890 7.010200
0.044900 7.010200
0.044910 7.010000
0.044920 7.010000
0.044930 7.010000
0.044940 7.010000
0.044950 7.010000
0.044960 7.010000
0.044970 7.010000
0.044980 7.010000
0.044990 7.010000
0.045000 7.010000
0.045010 7.010000
0.045020 7.010000
0.045030 7.010000
0.045040 7.010000
0.045050 7.009800
0.045060 7.009800
0.045070 7.009800
0.045080 7.009800
0.045090 7.009800
0.045100 7.010000
0.045110 7.010000
0.045120 7.010000
0.045130 7.010000
0.045140 7.010000
0.045150 7.010200
0.045160 7.010200
0.045170 7.010200
0.045180 7.010200
0.045190 7.010400
0.045200 7.010400
0.045210 7.010400
0.045220 7.010600
0.045230 7.010800
0.045240 7.010800
0.045250 7.010800
0.045260 7.010800
0.045270 7.010800
0.045280 7.010800
0.045290 7.010800
0.045300 7.010800
0.045310 7.010800
0.045320 7.010800
0.045330 7.010800
0.045340 7.010800
0.045350 7.010800
0.045360 7.010800
0.045370 7.011000
0.045380 7.011000
0.045390 7.011000
0.045400 7.011000
0.045410 7.011000
0.045420 7.011000
0.045430 7.011000
0.045440 7.011000
0.045450 7.011000
0.045460 7.011000
0.045470 7.011400
0.045480 7.011400
0.045490 7.011400
0.045500 7.011400
0.045510 7.011400
0.045520 7.011400
0.045530 7.011600
0.045540 7.011600
0.045550 7.011600
0.045560 7.011600
0.045570 7.011600
0.045580 7.011600
0.045590 7.011600
0.045600 7.011600
0.045610 7.011600
0.045620 7.011600
0.045630 7.011600
0.045640 7.011600
0.045650 7.011600
0.045660 7.011800
0.045670 7.011800
0.045680 7.011600
0.045690 7.011400
0.045700 7.011400
0.045710 7.011400
0.045720 7.011400
0.045730 7.011400
0.045740 7.011600
0.045750 7.011600
0.045760 7.011600
0.045770 7.011600
0.045780 7.011600
0.045790 7.011600
0.045800 7.011600
0.045810 7.011600
0.045820 7.011600
0.045830 7.011600
0.045840 7.011600
0.045850 7.011600
0.045860 7.011600
0.045870 7.011600
0.045880 7.011600
0.045890 7.011800
0.045900 7.011600
0.045910 7.011600
0.045920 7.011600
0.045930 7.011600
0.045940 7.011600
0.045950 7.011600
0.045960 7.011600
0.045970 7.011600
0.045980 7.011600
0.045990 7.011600
0.046000 7.011800
0.046010 7.011800
0.046020 7.012000
0.046030 7.012000
0.046040 7.012200
0.046050 7.012200
0.046060 7.012200
0.046070 7.012200
0.046080 7.012000
0.046090 7.012000
0.046100 7.012000
0.046110 7.012000
0.046120 7.012000
0.046130 7.012000
0.046140 7.012000
0.046150 7.012000
0.046160 7.012400
0.046170 7.012400
0.046180 7.012400
0.046190 7.012400
0.046200 7.012400
0.046210 7.012400
0.046220 7.012400
0.046230 7.012400
0.046240 7.012600
0.046250 7.012600
0.046260 7.012600
0.046270 7.012600
0.046280 7.012800
0.046290 7.012800
0.046300 7.012800
0.046310 7.012800
0.046320 7.012800
0.046330 7.012800
0.046340 7.012800
0.046350 7.012800
0.046360 7.012400
0.046370 7.012400
0.046380 7.012400
0.046390 7.012400
0.046400 7.012600
0.046410 7.012600
0.046420 7.012600
0.046430 7.012800
0.046440 7.012800
0.046450 7.012800
0.046460 7.013000
0.046470 7.013000
0.046480 7.013000
0.046490 7.013000
0.046500 7.013200
0.046510 7.013200
0.046520 7.013000
0.046530 7.013000
0.046540 7.013000
0.046550 7.013200
0.046560 7.013200
0.046570 7.013400
0.046580 7.013400
0.046590 7.013400
0.046600 7.013400
0.046610 7.013400
0.046620 7.013600
0.046630 7.013600
0.046640 7.013600
0.046650 7.013600
0.046660 7.013600
0.046670 7.013800
0.046680 7.013800
0.046690 7.013800
0.046700 7.013800
0.046710 7.013800
0.046720 7.013800
0.046730 7.013800
0.046740 7.013800
0.046750 7.013800
0.046760 7.013800
0.046770 7.014200
0.046780 7.014200
0.046790 7.014400
0.046800 7.014400
0.046810 7.014600
0.046820 7.014600
0.046830 7.014800
0.046840 7.014800
0.046850 7.014800
0.046860 7.014800
0.046870 7.015000
0.046880 7.015000
0.046890 7.015200
0.046900 7.015200
0.046910 7.015400
0.046920 7.015600
0.046930 7.015600
0.046940 7.015600
0.046950 7.015600
0.046960 7.015600
0.046970 7.016200
0.046980 7.016200
0.046990 7.016200
0.047000 7.016000
0.047010 7.016200
0.047020 7.016400
0.047030 7.016400
0.047040 7.016600
0.047050 7.016600
0.047060 7.016600
0.047070 7.016600
0.047080 7.016800
0.047090 7.016800
0.047100 7.016800
0.047110 7.016800
0.047120 7.016800
0.047130 7.016800
0.047140 7.016800
0.047150 7.016800
0.047160 7.016800
0.047170 7.016800
0.047180 7.016800
0.047190 7.016800
0.047200 7.016800
0.047210 7.016800
0.047220 7.016800
0.047230 7.016800
0.047240 7.016800
0.047250 7.016800
0.047260 7.016800
0.047270 7.016800
0.047280 7.016800
0.047290 7.016800
0.047300 7.016800
0.047310 7.016800
0.047320 7.017000
0.047330 7.017000
0.047340 7.017000
0.047350 7.017000
0.047360 7.017000
0.047370 7.017000
0.047380 7.017000
0.047390 7.017000
0.047400 7.017200
0.047410 7.017200
0.047420 7.017200
0.047430 7.017200
0.047440 7.017200
0.047450 7.017200
0.047460 7.017200
0.047470 7.017200
0.047480 7.017200
0.047490 7.017200
0.047500 7.017200
0.047510 7.017200
0.047520 7.017400
0.047530 7.017400
0.047540 7.017400
0.047550 7.017400
0.047560 7.017400
0.047570 7.017400
0.047580 7.017400
0.047590 7.017400
0.047600 7.017400
0.047610 7.017400
0.047620 7.017600
0.047630 7.017800
0.047640 7.017800
0.047650 7.017800
0.047660 7.017600
0.047670 7.017600
0.047680 7.017600
0.047690 7.017600
0.047700 7.017600
0.047710 7.017800
0.047720 7.017800
0.047730 7.017800
0.047740 7.017800
0.047750 7.017800
0.047760 7.017800
0.047770 7.017800
0.047780 7.017800
0.047790 7.017800
0.047800 7.017800
0.047810 7.017800
0.047820 7.017800
0.047830 7.017800
0.047840 7.017800
0.047850 7.017800
0.047860 7.017800
0.047870 7.017800
0.047880 7.017800
0.047890 7.017800
0.047900 7.017800
0.047910 7.017800
0.047920 7.017800
0.047930 7.017800
0.047940 7.017800
0.047950 7.017800
0.047960 7.017800
0.047970 7.017800
0.047980 7.017800
0.047990 7.017800
0.048000 7.018000
0.048010 7.018200
0.048020 7.018200
0.048030 7.018200
0.048040 7.018400
0.048050 7.018400
0.048060 7.018400
0.048070 7.018400
0.048080 7.018400
0.048090 7.018600
0.048100 7.018600
0.048110 7.018600
0.048120 7.018800
0.048130 7.018800
0.048140 7.018800
0.048150 7.018800
0.048160 7.018800
0.048170 7.018800
0.048180 7.019000
0.048190 7.019000
0.048200 7.019000
0.048210 7.019000
0.048220 7.019000
0.048230 7.019000
0.048240 7.019000
0.048250 7.019000
0.048260 7.019200
0.048270 7.019200
0.048280 7.019200
0.048290 7.019200
0.048300 7.019200
0.048310 7.019200
0.048320 7.019200
0.048330 7.019200
0.048340 7.019200
0.048350 7.019200
0.048360 7.019400
0.048370 7.019400
0.048380 7.019400
0.048390 7.019400
0.048400 7.019600
0.048410 7.019600
0.048420 7.019600
0.048430 7.019600
0.048440 7.019600
0.048450 7.019600
0.048460 7.019400
0.048470 7.019400
0.048480 7.019200
0.048490 7.019200
0.048500 7.019400
0.048510 7.019400
0.048520 7.019400
0.048530 7.019400
0.048540 7.019400
0.048550 7.019400
0.048560 7.019400
0.048570 7.019400
0.048580 7.019400
0.048590 7.019400
0.048600 7.019400
0.048610 7.019600
0.048620 7.019600
0.048630 7.019400
0.048640 7.019600
0.048650 7.019600
0.048660 7.019600
0.048670 7.019600
0.048680 7.019600
0.048690 7.019600
0.048700 7.019600
0.048710 7.019600
0.048720 7.019600
0.048730 7.019600
0.048740 7.019800
0.048750 7.019800
0.048760 7.019800
0.048770 7.019600
0.048780 7.019400
0.048790 7.019400
0.048800 7.019600
0.048810 7.019600
0.048820 7.019600
0.048830 7.019600
0.048840 7.019600
0.048850 7.019600
0.048860 7.019600
0.048870 7.019600
0.048880 7.019400
0.048890 7.019400
0.048900 7.019400
0.048910 7.019400
0.048920 7.019400
0.048930 7.019200
0.048940 7.019200
0.048950 7.019400
0.048960 7.019200
0.048970 7.019200
0.048980 7.019200
0.048990 7.019400
0.049000 7.019400
0.049010 7.019400
0.049020 7.019400
0.049030 7.019400
0.049040 7.019400
0.049050 7.019600
0.049060 7.019600
0.049070 7.019800
0.049080 7.019800
0.049090 7.019800
0.049100 7.019800
0.049110 7.019800
0.049120 7.019800
0.049130 7.019800
0.049140 7.019800
0.049150 7.019800
0.049160 7.019800
0.049170 7.020000
0.049180 7.020000
0.049190 7.020000
0.049200 7.020200
0.049210 7.020200
0.049220 7.020200
0.049230 7.020200
0.049240 7.020400
0.049250 7.020400
0.049260 7.020400
0.049270 7.020400
0.049280 7.020400
0.049290 7.020200
0.049300 7.020200
0.049310 7.020400
0.049320 7.020400
0.049330 7.020400
0.049340 7.020400
0.049350 7.020400
0.049360 7.020400
0.049370 7.020400
0.049380 7.020400
0.049390 7.020400
0.049400 7.020600
0.049410 7.020600
0.049420 7.020600
0.049430 7.020600
0.049440 7.020600
0.049450 7.020600
0.049460 7.020600
0.049470 7.020600
0.049480 7.020600
0.049490 7.020600
0.049500 7.020800
0.049510 7.020800
0.049520 7.020800
0.049530 7.020800
0.049540 7.020800
0.049550 7.020800
0.049560 7.020600
0.049570 7.020400
0.049580 7.020400
0.049590 7.020400
0.049600 7.020400
0.049610 7.020400
0.049620 7.020800
0.049630 7.020800
0.049640 7.020800
0.049650 7.021000
0.049660 7.021000
0.049670 7.021000
0.049680 7.021000
0.049690 7.021000
0.049700 7.021000
0.049710 7.021000
0.049720 7.021000
0.049730 7.021000
0.049740 7.021000
0.049750 7.021000
0.049760 7.021000
0.049770 7.021000
0.049780 7.021400
0.049790 7.021400
0.049800 7.021600
0.049810 7.021600
0.049820 7.021600
0.049830 7.021800
0.049840 7.021800
0.049850 7.021800
0.049860 7.021800
0.049870 7.021800
0.049880 7.021800
0.049890 7.021800
0.049900 7.021800
0.049910 7.022000
0.049920 7.022000
0.049930 7.022000
0.049940 7.022000
0.049950 7.022000
0.049960 7.022000
0.049970 7.022000
0.049980 7.022000
0.049990 7.022000
0.050000 7.022000
