0.024819 -0.0250000004 0.0331145204 0.0113326317 synchronous_release_1
0.025319 -0.0250000004 -0.0234040308 0.0260240531 synchronous_release_0
0.02256 -0.0250000004 0.034999832 -0.00010845646 synchronous_release_0
0.006932 -0.0250000004 0.0288922924 -0.0197543778 synchronous_release_0
0.022371 -0.0250000004 0.0324821483 0.0130349546 synchronous_release_0
0.002934 -0.0250000004 0.0348223542 -0.00352188166 synchronous_release_0
0.02354 -0.0250000004 0.00819728687 -0.0340265262 synchronous_release_0
0.025837 -0.0250000004 0.0314543678 0.015350008 synchronous_release_0
0.003135 -0.0250000004 0.00540979876 -0.034579388 synchronous_release_0
0.027488 -0.0250000004 0.000824185099 0.000566320512 synchronous_release_0
0.024652 -0.0250000004 0.0341535512 0.00765081288 synchronous_release_0
0.008427 -0.0250000004 0.0240624174 -0.0254165314 synchronous_release_0
0.037889 -0.0250000004 0.0330543168 0.0115070474 synchronous_release_0
0.022708 -0.0250000004 -0.000825081603 0.000565013582 synchronous_release_0
0.024158 -0.0250000004 0.034742977 -0.00423385789 synchronous_release_0
0.022422 -0.0250000004 0.026724121 -0.0226013574 synchronous_release_0
0.031149 -0.0250000004 0.0349890714 0.000874573795 synchronous_release_0
0.039624 -0.0250000004 0.0349818094 -0.0011282774 synchronous_release_0
0.029239 -0.0250000004 0.0236706483 -0.0257817844 synchronous_release_0
0.045047 -0.0250000004 0.000952204586 -0.000305461005 synchronous_release_0
0.025753 -0.0250000004 0.0250126235 -0.0244820069 synchronous_release_0
0.024076 -0.0250000004 0.0333728452 0.0105476634 synchronous_release_0
0.029806 -0.0250000004 0.0339990924 -0.00831033801 synchronous_release_0
0.030308 -0.0250000004 0.0348600308 -0.00312701922 synchronous_release_0
0.022625 -0.0250000004 0.0343023515 0.00695332177 synchronous_release_0
0.023236 -0.0250000004 0.0264599625 0.0229100499 synchronous_release_0
0.022806 -0.0250000004 0.0307784646 -0.0166639166 synchronous_release_0
0.0028 -0.0250000004 0.0338631545 -0.00884798104 synchronous_release_0
0.025038 -0.0250000004 0.0343884555 -0.00651414825 synchronous_release_0
0.029341 -0.0250000004 0.0191773094 -0.0292785041 synchronous_release_0
0.023516 -0.0250000004 0.00271937522 0.0348941972 synchronous_release_0
0.034781 -0.0250000004 -0.0230492264 -0.0263388147 synchronous_release_0
0.026486 -0.0250000004 -0.0262742216 -0.0231228303 synchronous_release_0
0.030286 -0.0250000004 0.0048839931 0.0346575621 synchronous_release_0
0.031824 -0.0250000004 -0.0324563258 -0.013099119 synchronous_release_0
0.023428 -0.0250000004 0.0317021384 0.0148315348 synchronous_release_0
0.030803 -0.0250000004 0.0337881787 -0.00913011384 synchronous_release_0
0.04129 -0.0250000004 -0.0108384272 -0.0332795507 synchronous_release_0
0.028451 -0.0250000004 -0.016274382 -0.0309861984 synchronous_release_0
0.002573 -0.0250000004 0.0265454238 -0.0228109727 synchronous_release_0
0.042045 -0.0250000004 0.0238583799 -0.025608157 synchronous_release_0
0.023817 -0.0250000004 0.0170676731 0.0305564156 synchronous_release_0
0.022283 -0.0250000004 0.0347031844 -0.00454851544 synchronous_release_0
0.029822 -0.0250000004 -0.00968503557 0.0336333181 synchronous_release_0
0.027089 -0.0250000004 0.0344334424 0.00627200474 synchronous_release_0
0.023686 -0.0250000004 -0.00389008049 0.0347831464 synchronous_release_0
0.025587 -0.0250000004 0.0233867212 0.0260396097 synchronous_release_0
0.026546 -0.0250000004 0.0176993866 -0.0301948955 synchronous_release_0
0.022791 -0.0250000004 0.0282523493 -0.0206592536 synchronous_release_0
0.031509 -0.0250000004 0.0124256511 -0.0327200733 synchronous_release_0
0.025024 -0.0250000004 0.0246632408 0.0248339395 synchronous_release_0
0.023038 -0.0250000004 0.0347592447 -0.00409815943 synchronous_release_0
0.024374 -0.0250000004 0.0206719595 0.0282430538 synchronous_release_0
0.022468 -0.0250000004 0.0345657397 -0.00549632981 synchronous_release_0
0.026549 -0.0250000004 0.031299911 -0.0156625532 synchronous_release_0
0.022756 -0.0250000004 0.0240641939 -0.0254148494 synchronous_release_0
0.025256 -0.0250000004 0.000368186227 0.000929752065 synchronous_release_0
0.025122 -0.0250000004 -0.0283540706 -0.020519422 synchronous_release_0
0.036329 -0.0250000004 0.0341319116 -0.00774678058 synchronous_release_0
0.023688 -0.0250000004 0.0166354728 0.0307938475 synchronous_release_0
0.029352 -0.0250000004 -0.0146016159 -0.0318086908 synchronous_release_1
0.027882 -0.0250000004 0.0241048043 -0.0253763356 synchronous_release_0
0.031029 -0.0250000004 0.0174684064 -0.0303291077 synchronous_release_0
0.026502 -0.0250000004 0.0201885162 -0.0285906246 synchronous_release_0
0.002714 -0.0250000004 0.0254419113 -0.0240355809 synchronous_release_0
0.022869 -0.0250000004 0.0227234703 -0.0266203662 synchronous_release_0
0.025047 -0.0250000004 0.00935013596 -0.0337279551 synchronous_release_0
0.027607 -0.0250000004 0.000663460313 -0.0349937112 synchronous_release_0
0.034533 -0.0250000004 0.0137546489 0.0321839965 synchronous_release_0
0.026219 -0.0250000004 0.0322588454 0.0135781771 synchronous_release_0
0.02348 -0.0250000004 0.000478860415 0.000877891054 synchronous_release_0
0.025183 -0.0250000004 0.0115865114 -0.0330265462 synchronous_release_1
0.0352 -0.0250000004 -0.0347660892 0.00403968365 synchronous_release_0
0.02403 -0.0250000004 0.0273679823 0.0218172763 synchronous_release_0
0.027194 -0.0250000004 0.0123714966 0.0327405875 synchronous_release_0
0.023044 -0.0250000004 0.0108568128 0.0332735573 synchronous_release_0
0.026654 -0.0250000004 0.0260253167 -0.0234026257 synchronous_release_0
0.035041 -0.0250000004 0.0203563176 0.028471395 synchronous_release_0
0.023624 -0.0250000004 0.0215292832 -0.0275951076 synchronous_release_0
0.005525 -0.0250000004 0.0261878797 0.0232205718 synchronous_release_0
0.033701 -0.0250000004 -0.0322949564 -0.013492064 synchronous_release_0
0.005573 -0.0250000004 0.0238634748 -0.0256034093 synchronous_release_0
0.026368 -0.0250000004 0.0131924498 -0.032418502 synchronous_release_0
0.033864 -0.0250000004 -0.00697550605 -0.0342978471 synchronous_release_0
0.034112 -0.0250000004 0.0285765026 0.0202085007 synchronous_release_0
0.029207 -0.0250000004 0.0271086239 -0.0221387107 synchronous_release_0
0.019397 -0.0250000004 0.0124893866 0.0326957982 synchronous_release_0
0.028738 -0.0250000004 -0.0220706986 0.0271640252 synchronous_release_0
0.033542 -0.0250000004 0.0220706986 -0.0271640252 synchronous_release_0
0.025079 -0.0250000004 0.0294924422 -0.0188466404 synchronous_release_0
0.027552 -0.0250000004 0.0199184428 -0.0287794308 synchronous_release_0
0.006762 -0.0250000004 0.0262797451 0.0231165525 synchronous_release_0
0.028734 -0.0250000004 -0.000747978434 0.000663723031 synchronous_release_0
0.022561 -0.0250000004 0.0341530009 0.00765326927 synchronous_release_0
0.023279 -0.0250000004 0.0114453684 -0.0330757244 synchronous_release_0
0.023428 -0.0250000004 0.0330765875 0.0114428738 synchronous_release_1
0.024083 -0.0250000004 -0.00141305735 0.0349714636 synchronous_release_0
0.034301 -0.0250000004 0.00084533479 -0.000534236926 synchronous_release_0
0.022934 -0.0250000004 0.0233093047 0.0261089317 synchronous_release_1
0.027053 -0.0250000004 0.0249444186 0.0245514965 synchronous_release_0
0.022357 -0.0250000004 0.0283482708 0.0205274339 synchronous_release_0
0.022597 -0.0250000004 -0.00947499402 0.0336930926 synchronous_release_0
0.024024 -0.0250000004 0.0311368924 0.0159841775 synchronous_release_0
0.025925 -0.0250000004 -0.0345062694 0.00585810328 synchronous_release_0
0.026611 -0.0250000004 0.000234085798 0.000972215943 synchronous_release_0
0.022759 -0.0250000004 0.025581218 -0.023887262 synchronous_release_0
0.022445 -0.0250000004 0.0280473811 0.0209366763 synchronous_release_1
0.024553 -0.0250000004 0.0162912358 -0.0309773407 synchronous_release_0
0.027207 -0.0250000004 -0.0162912358 0.0309773407 synchronous_release_0
0.033484 -0.0250000004 9.78425098e-05 0.000995201911 synchronous_release_0
0.029211 -0.0250000004 0.0299364274 -0.0181331275 synchronous_release_0
0.0257 -0.0250000004 -0.0172015589 -0.0304812462 synchronous_release_0
0.012606 -0.0250000004 0.0338098374 -0.00904957985 synchronous_release_0
0.02289 -0.0250000004 0.0148002674 -0.0317167477 synchronous_release_0
0.022699 -0.0250000004 0.0349812083 0.00114676284 synchronous_release_0
0.015367 -0.0250000004 0.0235058284 -0.0259321428 synchronous_release_0
0.034659 -0.0250000004 -0.00883216255 -0.0338672837 synchronous_release_0
0.02624 -0.0250000004 0.0305944347 0.0169994285 synchronous_release_0
0.028127 -0.0250000004 -0.0218769036 -0.027320342 synchronous_release_0
0.025452 -0.0250000004 0.0305507069 0.0170778895 synchronous_release_0
0.019853 -0.0250000004 0.0202470235 0.0285492213 synchronous_release_0
0.009409 -0.0250000004 0.0335746278 0.00988657523 synchronous_release_0
0.027106 -0.0250000004 0.0348406868 0.00333564766 synchronous_release_0
0.028942 -0.0250000004 0.0219942773 -0.0272259392 synchronous_release_0
0.027356 -0.0250000004 0.000826115823 -0.000563500353 synchronous_release_0
0.020074 -0.0250000004 0.0157250867 -0.0312685409 synchronous_release_0
0.026105 -0.0250000004 0.000944470265 0.000328596893 synchronous_release_0
0.02495 -0.0250000004 -0.0218083242 0.0273751163 synchronous_release_0
0.006186 -0.0250000004 0.0349812654 -0.00114501914 synchronous_release_0
0.032148 -0.0250000004 0.0348943701 -0.0027171558 synchronous_release_0
0.022267 -0.0250000004 0.0230846947 -0.026307734 synchronous_release_0
0.031927 -0.0250000004 0.0343255133 0.00683806504 synchronous_release_0
0.030238 -0.0250000004 0.0303506774 0.017430903 synchronous_release_0
0.036401 -0.0250000004 0.0320166148 0.0141398859 synchronous_release_0
0.027498 -0.0250000004 0.000670212331 -0.000742169408 synchronous_release_0
0.022614 -0.0250000004 -0.0236022695 0.0258443973 synchronous_release_0
0.022949 -0.0250000004 -0.000994809169 -0.000101758129 synchronous_release_0
0.016807 -0.0250000004 0.0326606172 -0.0125811004 synchronous_release_0
0.026925 -0.0250000004 0.0349250145 -0.00228983925 synchronous_release_1
0.037678 -0.0250000004 0.0281606161 -0.0207841214 synchronous_release_0
0.022429 -0.0250000004 0.0134505529 -0.0323122674 synchronous_release_1
0.028592 -0.0250000004 0.0346016083 -0.00526580531 synchronous_release_0
0.031492 -0.0250000004 0.0184335287 -0.0297523952 synchronous_release_0
0.039593 -0.0250000004 0.0349098525 0.00251041828 synchronous_release_0
0.024141 -0.0250000004 0.0189001496 0.0294581796 synchronous_release_0
0.023767 -0.0250000004 0.0296761788 0.0185559804 synchronous_release_0
0.026117 -0.0250000004 0.0309080399 -0.0164223345 synchronous_release_0
0.005182 -0.0250000004 0.0323106659 -0.0134543995 synchronous_release_0
0.00775 -0.0250000004 0.034993715 -0.000663255086 synchronous_release_0
0.039027 -0.0250000004 0.0260675773 -0.0233555435 synchronous_release_0
0.041098 -0.0250000004 0.0325608513 -0.0128370932 synchronous_release_0
0.023295 -0.0250000004 0.0304719154 -0.0172180827 synchronous_release_0
0.023605 -0.0250000004 0.0340268962 0.008195751 synchronous_release_0
0.022809 -0.0250000004 0.0295531137 -0.0187513591 synchronous_release_0
0.023154 -0.0250000004 0.00723621251 0.0342437911 synchronous_release_0
0.039329 -0.0250000004 0.0325445966 -0.0128782464 synchronous_release_0
0.022997 -0.0250000004 0.0304026352 -0.0173401203 synchronous_release_0
0.028984 -0.0250000004 0.0348368572 0.00337540812 synchronous_release_1
0.026157 -0.0250000004 -0.00434317107 -0.0347294812 synchronous_release_0
0.026248 -0.0250000004 0.0349025664 -0.00260976271 synchronous_release_0
0.003204 -0.0250000004 0.000866617995 0.000498972194 synchronous_release_0
0.022029 -0.0250000004 -0.0116606399 0.0330004466 synchronous_release_0
0.034587 -0.0250000004 0.0227489052 0.0265986337 synchronous_release_0
0.01206 -0.0250000004 0.0286011437 0.020173611 synchronous_release_0
0.006542 -0.0250000004 0.0178800657 -0.0300882577 synchronous_release_0
0.025986 -0.0250000004 0.02394379 0.025528316 synchronous_release_0
0.032055 -0.0250000004 0.0219846013 0.0272337531 synchronous_release_0
0.022394 -0.0250000004 0.0345592156 0.00553720305 synchronous_release_0
0.022845 -0.0250000004 0.0311754587 0.0159088269 synchronous_release_0
0.023244 -0.0250000004 0.0228105675 -0.026545772 synchronous_release_0
0.022743 -0.0250000004 0.0338610447 -0.0088560518 synchronous_release_0
0.048877 -0.0250000004 0.0246000882 0.024896499 synchronous_release_0
0.025822 -0.0250000004 0.000801244085 0.000598337628 synchronous_release_0
0.027616 -0.0250000004 0.0115389857 -0.033043181 synchronous_release_0
0.022515 -0.0250000004 0.0264053603 0.0229729612 synchronous_release_0
0.033556 -0.0250000004 0.0235537279 0.0258886443 synchronous_release_0
0.025042 -0.0250000004 0.0106433597 -0.0333424488 synchronous_release_1
0.033805 -0.0250000004 0.00233563057 -0.034921982 synchronous_release_0
0.002909 -0.0250000004 -0.031100119 0.0160556095 synchronous_release_0
0.030165 -0.0250000004 0.000477698605 -0.000878523786 synchronous_release_0
0.024637 -0.0250000004 -0.0343268907 -0.00683114764 synchronous_release_0
0.028162 -0.0250000004 0.0242118312 0.0252742404 synchronous_release_0
0.022448 -0.0250000004 0.0274643913 -0.0216957879 synchronous_release_0
0.02349 -0.0250000004 0.0291002653 0.0194467108 synchronous_release_0
0.029143 -0.0250000004 -0.0163941525 0.0309229973 synchronous_release_0
0.042166 -0.0250000004 0.0221903698 0.0270663534 synchronous_release_0
0.028574 -0.0250000004 0.0144749632 -0.0318665254 synchronous_release_0
0.02896 -0.0250000004 -0.0343340685 -0.00679497885 synchronous_release_1
0.022641 -0.0250000004 0.0328092962 0.0121881125 synchronous_release_0
0.036154 -0.0250000004 0.0118823573 0.0329212634 synchronous_release_0
0.026996 -0.0250000004 -0.000904829545 -0.000425773994 synchronous_release_1
0.034069 -0.0250000004 0.00214102272 -0.0349344532 synchronous_release_0
0.025732 -0.0250000004 5.89023576e-05 0.000998263749 synchronous_release_0
0.023169 -0.0250000004 0.00269454256 -0.0348961236 synchronous_release_0
0.006847 -0.0250000004 0.032092715 0.0139663039 synchronous_release_0
0.029455 -0.0250000004 0.0337122224 -0.0094067028 synchronous_release_0
0.022198 -0.0250000004 0.0279903058 0.0210129193 synchronous_release_0
0.026472 -0.0250000004 0.0339252651 -0.00860676417 synchronous_release_0
0.026736 -0.0250000004 -0.0314769556 0.0153036357 synchronous_release_0
0.023571 -0.0250000004 0.0329777811 0.0117245877 synchronous_release_1
0.022375 -0.0250000004 0.0275852922 -0.0215418582 synchronous_release_0
0.021691 -0.0250000004 0.0244135133 0.0250794811 synchronous_release_0
0.028791 -0.0250000004 -0.000208082521 -0.0349993814 synchronous_release_0
0.028552 -0.0250000004 -0.0179812373 -0.0300279054 synchronous_release_0
0.003132 -0.0250000004 0.0468480458 0.0384741551 synchronous_release_0
0.023228 -0.0250000004 -0.00645749145 -0.0343991396 synchronous_release_0
0.022839 -0.0250000004 -0.00873330999 -0.0338929092 synchronous_release_0
0.023321 -0.0250000004 0.0328767424 0.012004991 synchronous_release_0
0.026041 -0.0250000004 0.0151320399 -0.0315598062 synchronous_release_0
0.030128 -0.0250000004 0.0275118581 -0.0216355648 synchronous_release_0
0.025317 -0.0250000004 0.0303201782 -0.017483901 synchronous_release_0
0.031446 -0.0250000004 0.018552846 0.0296781385 synchronous_release_0
0.022723 -0.0250000004 0.0342992842 -0.00696843633 synchronous_release_0
0.031152 -0.0250000004 0.0232512061 -0.0261606845 synchronous_release_1
0.040282 -0.0250000004 0.0173437596 -0.0304005592 synchronous_release_0
0.022421 -0.0250000004 0.0316617216 -0.01491762 synchronous_release_0
0.026738 -0.0250000004 0.0104745645 -0.0333958605 synchronous_release_0
0.007103 -0.0250000004 0.0339461952 -0.00852383884 synchronous_release_1
0.023577 -0.0250000004 -0.000305515495 -0.000952187105 synchronous_release_0
0.022449 -0.0250000004 0.00993852704 0.0335592861 synchronous_release_0
0.027226 -0.0250000004 0.0340324578 0.00817262613 synchronous_release_0
0.024344 -0.0250000004 0.0347290169 -0.00434688219 synchronous_release_1
0.024834 -0.0250000004 0.015378963 0.031440221 synchronous_release_1
0.010787 -0.0250000004 -0.0307487996 0.0167185921 synchronous_release_0
0.023238 -0.0250000004 -0.0347914523 0.00381508151 synchronous_release_0
0.024205 -0.0250000004 0.0191700187 0.0292832782 synchronous_release_0
0.039411 -0.0250000004 0.0191578604 -0.0292912339 synchronous_release_0
0.02637 -0.0250000004 0.0308791306 0.0164766288 synchronous_release_0
0.034918 -0.0250000004 0.0297087444 -0.0185037971 synchronous_release_0
0.023122 -0.0250000004 -0.0197424455 -0.0289004472 synchronous_release_0
0.016057 -0.0250000004 0.0264303586 0.0229441964 synchronous_release_0
0.023896 -0.0250000004 -0.0104117888 0.0334154853 synchronous_release_0
0.024196 -0.0250000004 0.0237175636 -0.025738632 synchronous_release_0
0.025543 -0.0250000004 0.0289013474 0.0197411275 synchronous_release_0
0.034965 -0.0250000004 -0.017983242 0.0300267049 synchronous_release_0
0.024782 -0.0250000004 -4.12047182e-06 0.0349999998 synchronous_release_0
0.026936 -0.0250000004 -0.00022254261 0.000974922965 synchronous_release_0
0.026277 -0.0250000004 0.0344142064 -0.00637670733 synchronous_release_2
0.030559 -0.0250000004 0.024105949 0.0253752483 synchronous_release_0
0.029414 -0.0250000004 0.0349573682 0.00172696438 synchronous_release_0
0.00676 -0.0250000004 0.0344381342 0.00624619159 synchronous_release_0
0.022577 -0.0250000004 0.034390952 0.00650095511 synchronous_release_0
0.028048 -0.0250000004 -0.000758156178 0.000652073009 synchronous_release_0
0.027898 -0.0250000004 0.0236863791 -0.0257673329 synchronous_release_0
0.02481 -0.0250000004 0.0530472266 -0.0293426608 synchronous_release_0
0.030822 -0.0250000004 -0.0348784809 -0.00291402988 synchronous_release_0
0.027493 -0.0250000004 -0.0177367254 -0.0301729775 synchronous_release_0
0.031203 -0.0250000004 0.0296326678 0.0186253859 synchronous_release_0
0.023505 -0.0250000004 0.0348582841 -0.00314643099 synchronous_release_0
0.004504 -0.0250000004 0.0271255547 -0.0221179629 synchronous_release_1
0.026408 -0.0250000004 -0.017407316 -0.0303642117 synchronous_release_0
0.023196 -0.0250000004 0.0222489629 0.0270182096 synchronous_release_0
0.022957 -0.0250000004 0.034893287 -0.00273102983 synchronous_release_0
0.023106 -0.0250000004 0.0273353526 -0.0218581449 synchronous_release_0
0.023763 -0.0250000004 0.0182116794 0.0298887058 synchronous_release_0
0.034066 -0.0250000004 0.0349927404 -0.000712823673 synchronous_release_0
0.023861 -0.0250000004 0.030042046 0.017957602 synchronous_release_0
0.002518 -0.0250000004 0.030988571 -0.0162698638 synchronous_release_0
0.028469 -0.0250000004 -0.0246622088 0.0248349644 synchronous_release_0
0.022951 -0.0250000004 0.0347505264 -0.00417144026 synchronous_release_0
0.029538 -0.0250000004 0.0284416718 -0.020397826 synchronous_release_0
0.041518 -0.0250000004 0.0349999558 -5.56337079e-05 synchronous_release_0
0.023986 -0.0250000004 0.0150403576 -0.0316036017 synchronous_release_0
0.033387 -0.0250000004 0.0348897008 -0.00277646907 synchronous_release_0
0.022462 -0.0250000004 0.0349838402 0.00106344825 synchronous_release_0
0.023406 -0.0250000004 0.0258898123 0.023552444 synchronous_release_0
0.026994 -0.0250000004 -0.0175219431 0.0302982097 synchronous_release_0
0.023429 -0.0250000004 -0.000939649597 -0.000342138327 synchronous_release_0
0.027629 -0.0250000004 0.0344690355 -0.00607335106 synchronous_release_0
0.022349 -0.0250000004 0.00192882805 0.0349468113 synchronous_release_0
0.043687 -0.0250000004 0.0208390457 0.028119996 synchronous_release_1
0.028063 -0.0250000004 0.0213255545 -0.0277528507 synchronous_release_0
0.002596 -0.0250000004 0.000579311183 -0.000815106467 synchronous_release_0
0.003053 -0.0250000004 0.0300586125 -0.0179298581 synchronous_release_0
0.037593 -0.0250000004 0.0293974964 0.0189943994 synchronous_release_0
0.023438 -0.0250000004 0.0344180865 -0.00635573114 synchronous_release_0
0.023444 -0.0250000004 0.020998828 0.028000879 synchronous_release_0
0.027633 -0.0250000004 0.0318128269 -0.0145926023 synchronous_release_0
0.016372 -0.0250000004 0.0346082666 0.00522186553 synchronous_release_0
0.028042 -0.0250000004 -0.000823315048 -0.000567584647 synchronous_release_1
0.025121 -0.0250000004 0.031871241 -0.0144645774 synchronous_release_0
0.040799 -0.0250000004 0.0124299775 -0.03271843 synchronous_release_0
0.006518 -0.0250000004 0.0336615565 0.00958642849 synchronous_release_0
0.043603 -0.0250000004 0.0333844332 -0.0105109285 synchronous_release_0
0.023095 -0.0250000004 0.033402836 0.0104522986 synchronous_release_0
0.027926 -0.0250000004 0.0257533741 -0.0237015552 synchronous_release_0
0.026493 -0.0250000004 -0.0197220511 0.0289143684 synchronous_release_0
0.022604 -0.0250000004 0.0306211307 -0.0169512936 synchronous_release_0
0.032171 -0.0250000004 0.0256429119 -0.0238210215 synchronous_release_0
0.016995 -0.0250000004 0.0238358096 -0.0256291666 synchronous_release_0
0.027203 -0.0250000004 -0.0190156239 -0.0293837719 synchronous_release_0
0.022575 -0.0250000004 0.000201729537 -0.000979441266 synchronous_release_0
0.041567 -0.0250000004 -0.000987928095 -0.000154913135 synchronous_release_0
0.022687 -0.0250000004 0.0281620118 -0.0207822302 synchronous_release_0
0.003477 -0.0250000004 0.0275211981 0.0216236827 synchronous_release_0
0.023044 -0.0250000004 0.000826013211 0.000563650757 synchronous_release_0
0.01835 -0.0250000004 0.0346812897 -0.004712552 synchronous_release_0
0.022763 -0.0250000004 0.0191095447 0.0293227778 synchronous_release_0
0.025654 -0.0250000004 0.0237653794 -0.0256944885 synchronous_release_0
0.022519 -0.0250000004 0.034515674 -0.00580243484 synchronous_release_0
0.029626 -0.0250000004 0.022282893 0.0269902331 synchronous_release_0
0.029856 -0.0250000004 0.012232781 -0.0327926679 synchronous_release_0
0.027297 -0.0250000004 0.0274861537 0.0216682108 synchronous_release_0
0.023751 -0.0250000004 0.0346930976 -0.00462482213 synchronous_release_0
0.02266 -0.0250000004 0.0279483295 0.021068718 synchronous_release_0
0.022825 -0.0250000004 0.0129105152 -0.032531809 synchronous_release_0
0.023266 -0.0250000004 -0.00159393386 0.0349636865 synchronous_release_0
0.036833 -0.0250000004 0.0349534152 0.00180520442 synchronous_release_0
0.022825 -0.0250000004 0.033689057 -0.00948933285 synchronous_release_0
0.025666 -0.0250000004 0.0248346458 0.0246625296 synchronous_release_0
0.027873 -0.0250000004 0.0349686573 0.00148088123 synchronous_release_0
0.009131 -0.0250000004 8.47533637e-05 0.000996401961 synchronous_release_0
0.007316 -0.0250000004 0.0236889392 -0.0257649793 synchronous_release_0
0.026056 -0.0250000004 0.0322174855 0.0136760239 synchronous_release_0
0.038492 -0.0250000004 -0.000708857413 0.034992821 synchronous_release_0
0.024212 -0.0250000004 0.0323170977 0.0134389432 synchronous_release_0
0.033948 -0.0250000004 0.00935434583 0.0337267878 synchronous_release_0
0.031112 -0.0250000004 0.000199949715 -0.00097980616 synchronous_release_0
0.004522 -0.0250000004 0.0301496016 -0.0177764316 synchronous_release_0
0.037971 -0.0250000004 0.00322422451 -0.0348511747 synchronous_release_0
0.024795 -0.0250000004 -0.0175145988 0.0303024558 synchronous_release_0
0.002903 -0.0250000004 0.0294707205 0.0188805888 synchronous_release_0
0.028966 -0.0250000004 -0.0349642064 0.00158248871 synchronous_release_0
0.023096 -0.0250000004 0.0135414188 0.0322742928 synchronous_release_0
0.022672 -0.0250000004 0.00566941137 -0.0345377732 synchronous_release_1
0.002649 -0.0250000004 -0.00237778916 0.0349191369 synchronous_release_0
0.042248 -0.0250000004 0.0322750626 0.0135395839 synchronous_release_0
0.027211 -0.0250000004 0.0334934168 -0.0101582985 synchronous_release_1
0.009132 -0.0250000004 0.0332381516 -0.0109647288 synchronous_release_0
0.023488 -0.0250000004 -0.00952818298 -0.0336780897 synchronous_release_0
0.023214 -0.0250000004 0.0347962617 0.00377096394 synchronous_release_0
0.02368 -0.0250000004 0.0241820958 -0.0253026924 synchronous_release_0
0.022503 -0.0250000004 0.00339287883 -0.03483516 synchronous_release_0
0.026602 -0.0250000004 0.0349405925 0.00203838152 synchronous_release_0
0.00392 -0.0250000004 -0.000566284376 -0.000824209928 synchronous_release_0
0.024184 -0.0250000004 0.0347485696 -0.00418770951 synchronous_release_0
0.02614 -0.0250000004 0.0210009476 0.0279992893 synchronous_release_1
0.026093 -0.0250000004 0.0204156098 -0.0284289092 synchronous_release_0
0.024504 -0.0250000004 -0.0248849353 -0.0246117857 synchronous_release_0
0.024294 -0.0250000004 0.0297279204 0.0184729734 synchronous_release_1
0.027633 -0.0250000004 0.00586476792 -0.0345051373 synchronous_release_0
0.028306 -0.0250000004 0.0316854131 0.0148672324 synchronous_release_0
0.043377 -0.0250000004 -0.0175333931 -0.0302915851 synchronous_release_0
0.002749 -0.0250000004 0.0252328354 0.0242549792 synchronous_release_0
0.002358 -0.0250000004 0.0348076953 -0.00366392565 synchronous_release_0
0.023546 -0.0250000004 0.0146380058 0.031791961 synchronous_release_0
0.023386 -0.0250000004 0.0220118671 -0.02721172 synchronous_release_0
0.03097 -0.0250000004 0.0338167542 0.00902369859 synchronous_release_0
0.02261 -0.0250000004 0.0514132583 0.0321197272 synchronous_release_0
0.034558 -0.0250000004 0.0185742023 0.0296647772 synchronous_release_0
0.023381 -0.0250000004 0.0344899692 0.00595332049 synchronous_release_0
0.010662 -0.0250000004 0.0302472619 -0.0176097458 synchronous_release_0
0.026035 -0.0250000004 0.013987754 -0.0320833717 synchronous_release_0
0.025457 -0.0250000004 0.00527285893 -0.0346005341 synchronous_release_0
0.022816 -0.0250000004 -0.000999744341 2.26108922e-05 synchronous_release_0
0.014081 -0.0250000004 0.0293475788 -0.0190714346 synchronous_release_0
0.024414 -0.0250000004 -0.020257996 0.0285414365 synchronous_release_0
0.021475 -0.0250000004 0.0208321852 0.0281250788 synchronous_release_0
0.024699 -0.0250000004 0.0339907524 -0.00834438436 synchronous_release_0
0.022404 -0.0250000004 0.00976892737 -0.0336090473 synchronous_release_1
0.022586 -0.0250000004 0.0238723594 -0.0255951257 synchronous_release_0
0.025981 -0.0250000004 0.0132814244 0.032382152 synchronous_release_0
0.025962 -0.0250000004 0.0330879081 -0.0114100981 synchronous_release_0
0.043022 -0.0250000004 0.0347066052 0.00452233951 synchronous_release_0
0.023143 -0.0250000004 0.0345290816 0.0057221086 synchronous_release_0
0.02315 -0.0250000004 0.0349900517 0.000834435664 synchronous_release_0
0.027012 -0.0250000004 0.0335397676 -0.0100041987 synchronous_release_0
0.023661 -0.0250000004 -0.000795412721 0.00060606815 synchronous_release_0
0.005347 -0.0250000004 0.0348078214 0.00366272684 synchronous_release_0
0.023839 -0.0250000004 0.00249508794 -0.0349109515 synchronous_release_0
0.007942 -0.0250000004 0.0345060592 0.00585934142 synchronous_release_0
0.010171 -0.0250000004 0.0314687312 -0.0153205404 synchronous_release_0
0.022914 -0.0250000004 0.0162580819 -0.0309947539 synchronous_release_0
0.030208 -0.0250000004 0.0292516166 -0.0192182967 synchronous_release_0
0.022929 -0.0250000004 0.0137053265 -0.0322050311 synchronous_release_0
0.004296 -0.0250000004 0.0281998618 0.0207308416 synchronous_release_0
0.022573 -0.0250000004 0.0320533664 -0.0140563759 synchronous_release_0
0.039976 -0.0250000004 0.015944528 0.0311572147 synchronous_release_1
0.022953 -0.0250000004 0.0333261252 0.0106943621 synchronous_release_0
0.023538 -0.0250000004 0.00019037849 -0.000981710767 synchronous_release_0
0.025749 -0.0250000004 0.0347713272 -0.00399434634 synchronous_release_0
0.024635 -0.0250000004 0.033770159 0.00919654058 synchronous_release_0
0.03069 -0.0250000004 -0.0211957705 -0.0278520971 synchronous_release_1
0.033724 -0.0250000004 -0.000142444387 -0.0349997101 synchronous_release_0
0.036089 -0.0250000004 0.0241800209 -0.0253046753 synchronous_release_0
0.009156 -0.0250000004 0.0264295988 -0.0229450716 synchronous_release_0
0.03222 -0.0250000004 -0.00335937649 -0.0348384068 synchronous_release_0
0.01349 -0.0250000004 -0.0311654814 -0.0159283637 synchronous_release_0
0.025895 -0.0250000004 0.0301716389 0.0177390024 synchronous_release_1
0.023538 -0.0250000004 0.0343214087 -0.00685863725 synchronous_release_0
0.025574 -0.0250000004 0.0266386869 0.0227019902 synchronous_release_0
0.024534 -0.0250000004 -0.013695014 0.0322094178 synchronous_release_0
0.024776 -0.0250000004 0.0338908177 0.00874142285 synchronous_release_0
0.023544 -0.0250000004 0.0346026476 -0.0052589714 synchronous_release_0
0.013757 -0.0250000004 0.0268469073 0.0224553683 synchronous_release_0
0.026064 -0.0250000004 0.0248979905 0.0245985786 synchronous_release_0
0.024528 -0.0250000004 0.0344062612 0.00641943826 synchronous_release_0
0.023586 -0.0250000004 0.0330001923 0.0116613597 synchronous_release_0
0.022967 -0.0250000004 0.0205072606 -0.0283628676 synchronous_release_0
0.024993 -0.0250000004 0.000181087775 -0.000983466938 synchronous_release_0
0.023959 -0.0250000004 0.0326240968 0.0126755003 synchronous_release_1
0.023184 -0.0250000004 0.0219338137 -0.0272746735 synchronous_release_1
0.022945 -0.0250000004 0.0348791143 0.00290643839 synchronous_release_0
0.035002 -0.0250000004 -0.0156207426 0.0313207982 synchronous_release_0
0.022454 -0.0250000004 -0.0321636288 0.0138022093 synchronous_release_0
0.022737 -0.0250000004 0.012764196 0.0325894968 synchronous_release_0
0.032596 -0.0250000004 0.0330020188 -0.0116561894 synchronous_release_0
0.003023 -0.0250000004 0.0323796626 -0.0132874923 synchronous_release_0
0.032327 -0.0250000004 -0.000933635126 0.000358225421 synchronous_release_0
0.024701 -0.0250000004 0.0342726803 0.00709812533 synchronous_release_0
0.004388 -0.0250000004 -0.0175980326 -0.0302540782 synchronous_release_0
0.015824 -0.0250000004 0.0315782266 -0.0150935617 synchronous_release_0
0.025102 -0.0250000004 0.00717373181 0.0342569347 synchronous_release_0
0.022907 -0.0250000004 0.00523777578 -0.0346058623 synchronous_release_0
