0.023766 -0.0250000004 0.0243230636 -0.0251672124 synchronous_release_0
0.030562 -0.0250000004 -0.00492563648 0.0346516681 synchronous_release_0
0.022938 -0.0250000004 0.0289186999 0.0197156993 synchronous_release_0
0.048691 -0.0250000004 0.0346192977 0.00514822546 asynchronous_release_0
0.005148 -0.0250000004 -0.032812145 0.0121804408 asynchronous_release_0
0.022528 -0.0250000004 0.023272518 -0.0261417273 synchronous_release_0
0.030088 -0.0250000004 0.0228539036 -0.026508472 synchronous_release_0
0.031524 -0.0250000004 -0.00603035566 -0.0344765835 asynchronous_release_0
0.02218 -0.0250000004 0.0337271429 0.00935306554 asynchronous_release_1
0.024307 -0.0250000004 0.0220947898 0.0271444334 synchronous_release_0
0.023123 -0.0250000004 0.0245102788 0.0249849201 synchronous_release_0
0.02568 -0.0250000004 0.0341104538 0.00784072319 synchronous_release_0
0.025949 -0.0250000004 0.0258344846 -0.0236131193 synchronous_release_0
0.029311 -0.0250000004 0.0166356401 -0.0307937571 synchronous_release_1
0.023366 -0.0250000004 0.0347836868 -0.00388524537 synchronous_release_1
0.004525 -0.0250000004 0.0189027653 0.0294565012 synchronous_release_0
0.027409 -0.0250000004 -0.0198639134 -0.0288170947 asynchronous_release_0
0.03007 -0.0250000004 0.0198639134 0.0288170947 synchronous_release_0
0.019922 -0.0250000004 0.0297206823 0.0184846165 synchronous_release_0
0.04274 -0.0250000004 -0.0298562637 0.0182648164 asynchronous_release_0
0.022443 -0.0250000004 -0.00314134859 -0.0348587425 synchronous_release_0
0.024614 -0.0250000004 0.034964014 -0.00158673355 synchronous_release_0
0.009459 -0.0250000004 0.0278994591 -0.0211333903 asynchronous_release_0
0.042823 -0.0250000004 -0.0303105343 0.0175006145 asynchronous_release_0
0.002806 -0.0250000004 0.0335275676 0.0100450094 synchronous_release_0
0.023176 -0.0250000004 0.0349979596 -0.000377917854 asynchronous_release_1
0.022587 -0.0250000004 0.0273186534 0.0218790123 synchronous_release_0
0.039835 -0.0250000004 -0.0311508295 -0.0159569992 asynchronous_release_0
0.035589 -0.0250000004 0.034342204 -0.00675374151 synchronous_release_0
0.03766 -0.0250000004 -0.0210159127 -0.0279880584 asynchronous_release_0
0.03771 -0.0250000004 -0.0254976081 0.0239764881 asynchronous_release_0
0.022921 -0.0250000004 0.0340453982 0.00811855041 synchronous_release_0
0.021165 -0.0250000004 -0.0327979897 0.0122185054 asynchronous_release_0
0.022207 -0.0250000004 0.00350448458 0.0348241093 synchronous_release_0
0.047262 -0.0250000004 -0.0139596503 -0.0320956097 asynchronous_release_0
0.004698 -0.0250000004 0.0348706719 -0.00300603406 synchronous_release_0
0.046511 -0.0250000004 0.0349920096 0.000747839067 asynchronous_release_0
0.023639 -0.0250000004 0.0147009062 0.0317629243 synchronous_release_0
0.022706 -0.0250000004 0.0335191186 -0.0100731667 synchronous_release_0
0.029339 -0.0250000004 -0.00151485567 -0.034967202 synchronous_release_0
0.031247 -0.0250000004 0.0157933624 0.0312341112 synchronous_release_0
0.034439 -0.0250000004 -0.000716018076 0.00069808174 asynchronous_release_0
0.023202 -0.0250000004 0.0335411579 -0.00999953617 synchronous_release_0
0.009465 -0.0250000004 0.00740730061 0.0342071907 asynchronous_release_0
0.029058 -0.0250000004 0.0163855365 0.0309275637 synchronous_release_0
0.003368 -0.0250000004 0.027486768 -0.0216674315 synchronous_release_1
0.048737 -0.0250000004 0.0341481435 0.0076749132 asynchronous_release_0
0.023401 -0.0250000004 0.0276969795 -0.0213980683 synchronous_release_1
0.038249 -0.0250000004 0.0349220891 0.00233402922 asynchronous_release_0
0.044502 -0.0250000004 0.000816766118 -0.000576968898 asynchronous_release_0
0.043671 -0.0250000004 -0.0152761645 0.0314902969 asynchronous_release_0
0.042106 -0.0250000004 0.00091687899 -0.0349879884 asynchronous_release_1
0.048495 -0.0250000004 0.0235689234 -0.0258748111 asynchronous_release_0
0.027588 -0.0250000004 0.010623782 0.033348692 synchronous_release_0
0.022655 -0.0250000004 9.14014546e-05 -0.000995814126 synchronous_release_0
0.034602 -0.0250000004 0.000150920138 0.000988545958 asynchronous_release_0
0.047581 -0.0250000004 0.00370648001 -0.0348031896 synchronous_release_0
0.029238 -0.0250000004 0.0349820643 -0.00112034612 synchronous_release_0
0.032889 -0.0250000004 -0.0186708178 0.0296040633 asynchronous_release_0
0.023279 -0.0250000004 -0.0142996907 0.0319455606 synchronous_release_0
0.024721 -0.0250000004 -0.000888348364 -0.000459170104 synchronous_release_0
0.027417 -0.0250000004 0.0310951579 -0.0160652157 synchronous_release_0
0.022345 -0.0250000004 0.0343740085 -0.00658995768 synchronous_release_0
0.043204 -0.0250000004 0.0114799335 -0.0330637434 synchronous_release_0
0.030085 -0.0250000004 0.0349998435 0.000104675246 asynchronous_release_0
0.0226 -0.0250000004 0.0699882315 0.00128353081 synchronous_release_0
0.02931 -0.0250000004 0.0342355609 -0.00727505122 synchronous_release_0
0.008874 -0.0250000004 0.034968066 0.0014947768 asynchronous_release_0
0.022167 -0.0250000004 0.0339532754 0.0084955923 synchronous_release_0
0.022272 -0.0250000004 0.033955094 0.00848832099 synchronous_release_0
0.028462 -0.0250000004 -0.000718908956 -0.000695104246 synchronous_release_0
0.023664 -0.0250000004 0.00848022316 0.0339571173 synchronous_release_0
0.02079 -0.0250000004 0.000588710673 -0.0349950485 synchronous_release_0
0.025786 -0.0250000004 0.0349651257 0.00156204463 synchronous_release_0
0.021883 -0.0250000004 0.0347787043 0.0039295967 synchronous_release_0
0.042263 -0.0250000004 0.0169067058 -0.0306457713 asynchronous_release_0
0.028235 -0.0250000004 0.0125460195 -0.0326741089 synchronous_release_0
0.013335 -0.0250000004 0.0173241586 0.0304117334 synchronous_release_0
0.004838 -0.0250000004 -0.0176752544 0.0302090282 synchronous_release_1
0.029005 -0.0250000004 -0.000993408457 -0.000114628261 synchronous_release_0
0.044507 -0.0250000004 0.000997013045 -7.72333361e-05 asynchronous_release_0
0.03551 -0.0250000004 -0.000919367615 0.000393399529 asynchronous_release_0
0.027151 -0.0250000004 0.033069404 -0.0114636171 synchronous_release_0
0.004568 -0.0250000004 -0.0120022424 0.0328777459 synchronous_release_0
0.029575 -0.0250000004 0.00152678821 -0.034966683 synchronous_release_0
0.028271 -0.0250000004 -0.000985411714 -0.000170187408 synchronous_release_1
0.025085 -0.0250000004 -0.000995764788 9.19374093e-05 synchronous_release_0
0.022372 -0.0250000004 0.0345366957 -0.00567597126 synchronous_release_0
0.02431 -0.0250000004 -0.0264396692 0.0229334666 synchronous_release_0
0.026474 -0.0250000004 0.0183992051 0.0297736335 asynchronous_release_0
0.04074 -0.0250000004 0.0263744801 -0.0230084072 synchronous_release_0
0.004755 -0.0250000004 0.0349185572 0.00238628715 synchronous_release_0
0.0369 -0.0250000004 0.017059903 0.0305607544 asynchronous_release_0
0.036001 -0.0250000004 0.000625567988 0.000780169656 asynchronous_release_0
0.030501 -0.0250000004 0.0334902868 0.0101686131 asynchronous_release_0
0.026348 -0.0250000004 0.0251974483 -0.0242917393 synchronous_release_0
0.026811 -0.0250000004 0.0188873321 -0.0294663992 asynchronous_release_0
0.036041 -0.0250000004 -0.000999988091 4.88043195e-06 synchronous_release_0
0.007545 -0.0250000004 0.0331507002 -0.0112263564 synchronous_release_0
0.031783 -0.0250000004 -0.0262976599 -0.0230961703 synchronous_release_0
0.049838 -0.0250000004 0.0131152917 -0.0324497939 synchronous_release_0
0.024059 -0.0250000004 0.0105842891 -0.0333612474 synchronous_release_0
0.027486 -0.0250000004 -0.000505829569 0.000862633438 synchronous_release_0
0.009479 -0.0250000004 0.0182593635 -0.0298595989 asynchronous_release_0
0.026629 -0.0250000004 0.0330194148 0.011606819 synchronous_release_0
0.03754 -0.0250000004 -0.0174363149 0.0303475687 asynchronous_release_0
0.022835 -0.0250000004 0.0332584254 0.0109030793 synchronous_release_0
0.048718 -0.0250000004 0.0138480874 0.0321439026 asynchronous_release_0
0.026497 -0.0250000004 0.0140993662 -0.0320344794 asynchronous_release_0
0.040205 -0.0250000004 -0.00099908067 4.28697473e-05 asynchronous_release_0
0.024496 -0.0250000004 0.0328771353 0.0120039149 asynchronous_release_1
0.025483 -0.0250000004 0.0342192631 -0.00735132852 synchronous_release_0
0.004999 -0.0250000004 0.0211174915 -0.027911495 synchronous_release_0
0.006585 -0.0250000004 -0.0231556314 0.0262453183 synchronous_release_0
0.024893 -0.0250000004 0.02843351 0.0204092016 synchronous_release_0
0.004334 -0.0250000004 0.0347096828 0.00449865795 synchronous_release_0
0.022589 -0.0250000004 0.0343366499 0.0067819225 synchronous_release_0
0.012793 -0.0250000004 0.0344388862 -0.00624204449 synchronous_release_0
0.024437 -0.0250000004 0.0349988951 0.000278102803 synchronous_release_0
0.031487 -0.0250000004 0.0341465756 -0.00768188603 asynchronous_release_0
0.028293 -0.0250000004 -0.0141736025 0.0320017029 asynchronous_release_0
0.027186 -0.0250000004 0.0269792291 0.0222962149 synchronous_release_0
0.0337 -0.0250000004 0.0348448541 0.00329182942 synchronous_release_0
0.023798 -0.0250000004 0.0349488858 -0.00189086806 asynchronous_release_0
0.047654 -0.0250000004 0.0166732939 0.0307733857 asynchronous_release_0
0.025462 -0.0250000004 0.0214984363 -0.0276191462 asynchronous_release_0
0.01959 -0.0250000004 0.0334584005 -0.0102730441 asynchronous_release_0
0.032286 -0.0250000004 0.0412908836 -0.044385391 synchronous_release_0
0.041803 -0.0250000004 -0.0231139457 -0.0262820379 asynchronous_release_0
0.025893 -0.0250000004 0.022681103 -0.0266564733 synchronous_release_0
0.004753 -0.0250000004 0.0008816569 0.000471890995 asynchronous_release_1
0.025195 -0.0250000004 0.0339328363 -0.00857686532 synchronous_release_0
0.030556 -0.0250000004 -0.0115145609 0.0330517002 asynchronous_release_1
0.022396 -0.0250000004 0.0347435533 -0.00422912555 synchronous_release_0
0.030952 -0.0250000004 0.0177646023 -0.0301565732 synchronous_release_0
0.022675 -0.0250000004 0.0280418569 -0.0209440746 synchronous_release_0
0.023418 -0.0250000004 0.0321590291 0.0138129231 synchronous_release_0
0.002777 -0.0250000004 0.0349408005 -0.00203481173 synchronous_release_0
0.031386 -0.0250000004 0.0191235155 -0.0293136684 synchronous_release_0
0.025273 -0.0250000004 0.0349988596 0.000282530229 asynchronous_release_0
0.022553 -0.0250000004 0.000655633325 -0.000755079428 synchronous_release_0
0.034556 -0.0250000004 0.0325805036 0.0127871336 asynchronous_release_0
0.027991 -0.0250000004 -0.000763767281 -0.000645491705 synchronous_release_0
0.023263 -0.0250000004 0.0340828411 -0.00795989577 synchronous_release_0
0.022442 -0.0250000004 0.0270194255 0.0222474862 synchronous_release_0
0.024831 -0.0250000004 -0.0201976876 0.0285841462 asynchronous_release_0
0.023337 -0.0250000004 0.000994533131 -0.000104421507 synchronous_release_0
0.045353 -0.0250000004 0.0346847214 -0.00468722768 asynchronous_release_0
0.023098 -0.0250000004 -0.018105215 0.0299533168 synchronous_release_0
0.012532 -0.0250000004 0.016673799 0.0307731121 asynchronous_release_0
0.035225 -0.0250000004 -0.012291281 0.032770786 asynchronous_release_0
0.024517 -0.0250000004 0.0323129137 -0.0134490003 synchronous_release_0
0.02309 -0.0250000004 0.000969903556 -0.000243489408 synchronous_release_0
0.042214 -0.0250000004 0.0348718775 -0.00299201641 synchronous_release_0
0.029612 -0.0250000004 0.0345619575 0.00552006295 asynchronous_release_0
0.028347 -0.0250000004 -0.0166455495 0.0582917291 synchronous_release_0
0.026061 -0.0250000004 0.0029815968 -0.0348727699 synchronous_release_0
0.034675 -0.0250000004 -0.0311483836 0.0159617731 asynchronous_release_0
0.038617 -0.0250000004 0.00373506585 -0.0348001334 synchronous_release_0
0.048201 -0.0250000004 0.012239037 0.0327903335 asynchronous_release_0
0.003333 -0.0250000004 0.0321037941 -0.013940818 synchronous_release_0
0.005562 -0.0250000004 0.033193154 -0.0111002039 synchronous_release_0
0.033048 -0.0250000004 -0.00956069278 0.0336688751 asynchronous_release_0
0.025517 -0.0250000004 0.0282620125 -0.0206460323 synchronous_release_0
0.029167 -0.0250000004 0.00734333334 0.0342209798 synchronous_release_0
0.029099 -0.0250000004 0.0197042443 -0.0289265061 asynchronous_release_0
0.040809 -0.0250000004 -0.0019144479 0.0349476021 asynchronous_release_0
0.031517 -0.0250000004 0.0147270667 0.0317508032 synchronous_release_1
0.037826 -0.0250000004 0.0151335797 -0.0315590679 synchronous_release_0
0.023857 -0.0250000004 0.011932672 -0.0329030597 synchronous_release_0
0.025601 -0.0250000004 0.031972784 0.0142387177 synchronous_release_0
0.038976 -0.0250000004 -0.0294193849 0.0189604797 asynchronous_release_0
0.023292 -0.0250000004 0.0214468511 -0.0276592223 synchronous_release_1
0.034942 -0.0250000004 0.0170604333 -0.0305604583 synchronous_release_0
0.024587 -0.0250000004 0.0295822548 0.0187053522 synchronous_release_0
0.029476 -0.0250000004 -0.0162955321 -0.0309750808 synchronous_release_0
0.025517 -0.0250000004 0.0316152219 0.0150159164 synchronous_release_0
0.022654 -0.0250000004 0.0228946078 -0.0264733249 synchronous_release_0
0.024797 -0.0250000004 0.0346172681 0.00516185495 synchronous_release_0
0.03909 -0.0250000004 0.0278988476 -0.0211341974 synchronous_release_0
0.022057 -0.0250000004 -0.000803470458 0.000595344626 asynchronous_release_0
0.042436 -0.0250000004 0.000125279914 0.000992121436 asynchronous_release_0
0.034945 -0.0250000004 -0.0184833163 -0.0297214909 synchronous_release_0
0.024998 -0.0250000004 0.0349152937 -0.00243357104 synchronous_release_0
0.027676 -0.0250000004 0.0291594058 -0.0531481802 synchronous_release_0
0.031145 -0.0250000004 0.0311373036 -0.0159833765 synchronous_release_0
0.006095 -0.0250000004 0.0269348696 0.0223497829 synchronous_release_0
0.022481 -0.0250000004 0.0193345657 -0.0291748962 synchronous_release_0
0.039534 -0.0250000004 0.0013859267 0.0349725493 asynchronous_release_0
0.032878 -0.0250000004 0.0320558587 0.0140506912 synchronous_release_0
0.030451 -0.0250000004 -0.0110318619 -0.0332159302 synchronous_release_0
0.04236 -0.0250000004 0.000958965999 -0.0349868602 asynchronous_release_0
0.031887 -0.0250000004 0.0108385313 -0.0332795168 synchronous_release_0
0.028119 -0.0250000004 0.00102373155 0.034985025 synchronous_release_0
0.031113 -0.0250000004 0.0127443897 -0.0325972473 asynchronous_release_0
0.040368 -0.0250000004 0.0137808054 0.0321728053 synchronous_release_0
0.03809 -0.0250000004 -0.00380451206 0.0347926097 synchronous_release_0
0.025801 -0.0250000004 -0.0131232168 0.0324465897 synchronous_release_1
0.02223 -0.0250000004 0.0252478736 0.0242393251 synchronous_release_0
0.025304 -0.0250000004 0.033198419 -0.0110844474 synchronous_release_0
0.030066 -0.0250000004 -0.0349155622 0.00242971547 synchronous_release_0
0.048982 -0.0250000004 0.0347817643 -0.00390241853 asynchronous_release_0
0.048256 -0.0250000004 0.0295769473 0.0187137434 asynchronous_release_0
0.031459 -0.0250000004 -0.0331062199 -0.0113568573 synchronous_release_0
0.035029 -0.0250000004 0.034637019 -0.00502761511 synchronous_release_0
0.045711 -0.0250000004 -0.0325422749 -0.012884112 asynchronous_release_0
0.037886 -0.0250000004 0.0255131472 0.0239599525 asynchronous_release_0
0.017629 -0.0250000004 0.0284911255 -0.0203286933 asynchronous_release_0
0.026951 -0.0250000004 0.000920822337 -0.000389982337 synchronous_release_0
0.020287 -0.0250000004 0.0227898097 0.0265635949 asynchronous_release_0
0.026418 -0.0250000004 0.00549832979 0.0345654216 asynchronous_release_0
0.034506 -0.0250000004 -0.00635698448 0.0344178551 asynchronous_release_0
0.036855 -0.0250000004 -0.0248889734 0.0246077021 asynchronous_release_0
0.024016 -0.0250000004 -0.0046531205 -0.0346893135 synchronous_release_0
0.026231 -0.0250000004 0.0272802497 0.0219268779 synchronous_release_0
0.045781 -0.0250000004 0.0330698357 0.0114623719 asynchronous_release_0
0.038019 -0.0250000004 0.0344432432 0.00621795754 asynchronous_release_0
0.025622 -0.0250000004 0.0215547107 -0.0275752506 synchronous_release_0
0.03984 -0.0250000004 -0.0227664734 0.0265835981 asynchronous_release_0
0.003943 -0.0250000004 0.0267672429 -0.0225502707 synchronous_release_1
0.04658 -0.0250000004 0.0322253098 0.013657577 synchronous_release_0
0.027642 -0.0250000004 0.030350731 0.0174308097 synchronous_release_0
0.005802 -0.0250000004 0.0146749968 0.0317749031 synchronous_release_0
0.031554 -0.0250000004 0.0342836339 -0.00704502993 synchronous_release_0
0.035449 -0.0250000004 0.0334188551 0.0104009675 asynchronous_release_1
0.031795 -0.0250000004 0.034873737 -0.00297026378 synchronous_release_0
0.022504 -0.0250000004 -0.00731359543 0.0342273476 synchronous_release_0
0.045316 -0.0250000004 -0.000754332312 0.000656492775 asynchronous_release_0
0.039544 -0.0250000004 0.0217487053 0.0274225057 asynchronous_release_0
0.022875 -0.0250000004 0.0293311414 0.019096705 synchronous_release_1
0.039604 -0.0250000004 0.0290182888 0.0195688251 asynchronous_release_0
0.005924 -0.0250000004 0.0160623557 0.0310966353 synchronous_release_0
0.030088 -0.0250000004 0.0257663964 0.0236873979 asynchronous_release_0
0.036007 -0.0250000004 -0.0245270469 -0.0249684595 synchronous_release_0
0.022632 -0.0250000004 0.0107286261 0.0333151104 synchronous_release_0
0.049246 -0.0250000004 0.0201742484 0.028600694 asynchronous_release_1
0.024327 -0.0250000004 0.0348560518 -0.00317106464 synchronous_release_0
0.027428 -0.0250000004 -0.00019688065 -0.000980427463 synchronous_release_0
0.007306 -0.0250000004 -0.0346416901 -0.00499532826 asynchronous_release_0
0.002373 -0.0250000004 0.0313916447 -0.0154778759 synchronous_release_0
0.0248 -0.0250000004 0.0336412259 -0.00965753189 synchronous_release_1
0.046151 -0.0250000004 0.0125367766 0.0326776565 asynchronous_release_0
0.00598 -0.0250000004 0.0343790866 -0.0065634143 synchronous_release_0
0.02732 -0.0250000004 -0.00131576441 0.0349752593 asynchronous_release_0
0.047085 -0.0250000004 -0.0177978321 -0.0301369735 asynchronous_release_0
0.03478 -0.0250000004 0.0133772539 0.032342682 asynchronous_release_0
0.038412 -0.0250000004 0.0203412377 0.0284821707 asynchronous_release_0
0.029994 -0.0250000004 0.016082986 0.0310859705 synchronous_release_0
0.026362 -0.0250000004 0.0195597589 0.0290244006 synchronous_release_0
0.022244 -0.0250000004 -0.00846065478 -0.0339619982 synchronous_release_0
0.028785 -0.0250000004 -0.0319240452 0.0143476598 synchronous_release_0
0.029021 -0.0250000004 0.0267349402 0.0225885584 synchronous_release_0
0.029271 -0.0250000004 0.0345450701 -0.00562477807 synchronous_release_0
0.022597 -0.0250000004 0.0320438009 0.0140781682 synchronous_release_0
0.02553 -0.0250000004 0.0344284179 0.00629952726 synchronous_release_0
0.040483 -0.0250000004 0.0207723054 -0.0281693331 asynchronous_release_0
0.014976 -0.0250000004 0.0347815108 0.00390467765 synchronous_release_0
0.01254 -0.0250000004 0.0202458071 0.028550084 synchronous_release_0
0.045849 -0.0250000004 -0.0315892798 0.0150704148 asynchronous_release_0
0.031219 -0.0250000004 0.000819059927 -0.000573707971 synchronous_release_1
0.025293 -0.0250000004 0.0323352252 -0.0133952683 synchronous_release_0
0.046602 -0.0250000004 -0.0206623738 -0.0282500674 asynchronous_release_0
0.047972 -0.0250000004 0.0334172447 -0.0104061405 asynchronous_release_0
0.017619 -0.0250000004 0.0327038495 -0.0124682888 synchronous_release_0
0.003432 -0.0250000004 0.0311757524 -0.0159082514 synchronous_release_0
0.023132 -0.0250000004 0.0331774348 -0.0111470991 synchronous_release_0
0.035048 -0.0250000004 -0.000108149664 -0.000994134624 synchronous_release_0
0.022237 -0.0250000004 0.0333378303 0.0106578173 synchronous_release_0
0.03001 -0.0250000004 0.0257629141 -0.0236911852 asynchronous_release_0
0.028067 -0.0250000004 0.000787784496 0.000615950963 synchronous_release_0
0.024488 -0.0250000004 0.0193877081 0.0291396084 synchronous_release_0
0.022746 -0.0250000004 -0.00652989769 0.0343854684 synchronous_release_0
0.04292 -0.0250000004 0.000222652677 -0.0349992918 asynchronous_release_0
0.025229 -0.0250000004 -0.00715779906 0.0342602673 synchronous_release_0
0.038607 -0.0250000004 0.0314623814 0.015333576 synchronous_release_0
0.033411 -0.0250000004 0.0605804864 0.00223711047 synchronous_release_0
0.02105 -0.0250000004 0.0298044839 0.018349189 asynchronous_release_0
0.033485 -0.0250000004 0.0228727942 0.026492174 synchronous_release_0
0.010417 -0.0250000004 0.0225711778 0.0267496155 synchronous_release_1
0.022148 -0.0250000004 0.0307053937 0.0167981784 synchronous_release_0
0.003719 -0.0250000004 -0.0180786002 -0.029969388 synchronous_release_0
0.033503 -0.0250000004 -0.00432612798 0.0347316083 synchronous_release_0
0.029741 -0.0250000004 0.0284597064 -0.0203726559 asynchronous_release_0
0.026473 -0.0250000004 0.00968311627 -0.0336338707 synchronous_release_0
0.024004 -0.0250000004 0.0184858111 0.0297199392 synchronous_release_0
0.041048 -0.0250000004 0.0333748415 0.0105413451 asynchronous_release_0
0.027806 -0.0250000004 0.033134232 0.011274869 synchronous_release_0
0.023365 -0.0250000004 -0.0344353635 -0.00626144851 synchronous_release_0
0.028854 -0.0250000004 0.00369600893 0.0348043032 synchronous_release_0
0.027539 -0.0250000004 0.0345872447 0.0053593378 synchronous_release_0
0.007356 -0.0250000004 0.0254922915 -0.0239821408 synchronous_release_0
0.049524 -0.0250000004 0.0235977187 -0.0258485526 asynchronous_release_0
0.02638 -0.0250000004 0.0162298793 0.0310095311 synchronous_release_0
0.022895 -0.0250000004 0.0160272387 0.0311147492 synchronous_release_0
0.030965 -0.0250000004 0.0180325499 0.0299971189 asynchronous_release_0
0.049416 -0.0250000004 -0.033172678 -0.0111612471 asynchronous_release_0
0.026807 -0.0250000004 0.0153994054 0.0314302134 synchronous_release_0
0.023561 -0.0250000004 0.0311008373 0.0160542181 synchronous_release_0
0.022516 -0.0250000004 0.000930252378 -0.000366920309 synchronous_release_0
0.017877 -0.0250000004 0.0349743421 0.00133992402 synchronous_release_0
0.024018 -0.0250000004 0.0321809741 -0.0137617188 synchronous_release_0
0.046529 -0.0250000004 0.0206777339 -0.0282388265 asynchronous_release_0
0.022803 -0.0250000004 0.0349902917 0.000824308815 synchronous_release_0
0.040533 -0.0250000004 0.0280761241 0.0208981161 synchronous_release_1
0.029234 -0.0250000004 -0.00151837097 0.0349670495 asynchronous_release_0
0.025995 -0.0250000004 0.0144033997 0.0318989354 synchronous_release_0
0.025221 -0.0250000004 0.0318400912 0.0145330173 asynchronous_release_0
0.029547 -0.0250000004 0.0348594402 0.00313359661 synchronous_release_0
0.004943 -0.0250000004 0.0196397675 0.0289703216 synchronous_release_0
0.037554 -0.0250000004 -0.00885300803 -0.0338618406 asynchronous_release_0
0.025509 -0.0250000004 0.00825815838 0.0340118041 synchronous_release_0
0.01695 -0.0250000004 -0.0337694516 -0.00919913798 synchronous_release_0
0.03465 -0.0250000004 0.0312227906 0.0158157311 asynchronous_release_0
0.037323 -0.0250000004 0.000754688805 -0.000656082927 synchronous_release_0
0.041933 -0.0250000004 0.0125128405 -0.0326868295 asynchronous_release_0
0.027381 -0.0250000004 -0.000247764909 -0.000968820185 asynchronous_release_0
0.031815 -0.0250000004 -0.00944437855 0.0337016871 synchronous_release_1
0.033231 -0.0250000004 0.0349077774 -0.00253910948 synchronous_release_0
0.031187 -0.0250000004 -0.000817788991 -0.000575518172 asynchronous_release_0
0.038822 -0.0250000004 0.029988642 0.0180466437 synchronous_release_0
0.025114 -0.0250000004 0.0323595761 -0.0133363352 synchronous_release_0
0.037412 -0.0250000004 -0.0104662582 0.0333984646 asynchronous_release_0
0.012923 -0.0250000004 0.0295202844 -0.018803 synchronous_release_0
0.04485 -0.0250000004 -0.033724782 -0.00936157444 asynchronous_release_0
0.043591 -0.0250000004 0.0289898574 -0.0196109197 asynchronous_release_0
0.022527 -0.0250000004 0.0319860918 0.0142087977 synchronous_release_0
0.025293 -0.0250000004 -5.56698668e-05 -0.000998449231 synchronous_release_0
0.003071 -0.0250000004 0.0258754511 -0.0235682207 synchronous_release_0
0.032098 -0.0250000004 0.034371835 -0.00660128451 asynchronous_release_2
0.036688 -0.0250000004 0.0348321619 -0.00342352162 asynchronous_release_0
0.031507 -0.0250000004 8.0845058e-05 0.000996726681 synchronous_release_0
0.041733 -0.0250000004 0.0315061527 -0.015243436 asynchronous_release_0
0.02873 -0.0250000004 -0.0252009381 -0.0242881189 asynchronous_release_0
0.023309 -0.0250000004 0.0346233574 -0.0051208518 synchronous_release_1
0.030106 -0.0250000004 -0.00328645941 -0.034845361 synchronous_release_1
0.047123 -0.0250000004 0.0217330529 0.0274349122 asynchronous_release_0
0.022378 -0.0250000004 0.0349241816 -0.00230250753 synchronous_release_0
0.023142 -0.0250000004 0.0261352371 -0.0232798063 synchronous_release_0
0.010138 -0.0250000004 5.77865158e-05 0.0349999523 asynchronous_release_0
0.043409 -0.0250000004 -0.0101434053 0.0334979302 asynchronous_release_0
0.024422 -0.0250000004 0.00469530131 -0.0346836294 synchronous_release_0
0.018422 -0.0250000004 0.0347932036 -0.0037990765 asynchronous_release_0
0.026116 -0.0250000004 0.0348026402 0.00371163481 synchronous_release_1
0.022973 -0.0250000004 0.0118862175 0.0329198699 synchronous_release_1
0.022889 -0.0250000004 0.0269267294 0.0223595896 synchronous_release_0
0.043459 -0.0250000004 0.0324150911 0.0132008284 asynchronous_release_0
0.018236 -0.0250000004 0.0224472267 -0.0268537151 asynchronous_release_0
0.042912 -0.0250000004 0.0217599619 -0.0274135743 asynchronous_release_0
0.022827 -0.0250000004 0.0337672104 -0.00920736113 synchronous_release_0
0.029429 -0.0250000004 -0.00865496828 -0.0339129993 asynchronous_release_0
0.022562 -0.0250000004 0.0336970031 0.00946107727 synchronous_release_0
0.038973 -0.0250000004 0.000996244519 8.65844007e-05 synchronous_release_0
0.022867 -0.0250000004 0.0298569106 -0.018263759 synchronous_release_0
0.025529 -0.0250000004 0.0343493241 0.00671743516 asynchronous_release_0
0.024971 -0.0250000004 0.0695768264 -0.00768539069 synchronous_release_0
0.007545 -0.0250000004 -0.00701845918 -0.0342890833 synchronous_release_0
0.031116 -0.0250000004 -0.0152531287 0.0315014613 synchronous_release_1
0.025108 -0.0250000004 -0.0216903002 0.0274687254 asynchronous_release_1
0.023802 -0.0250000004 0.0143003552 -0.0319452632 synchronous_release_0
0.036015 -0.0250000004 0.000675739445 -0.000737140558 asynchronous_release_0
0.025371 -0.0250000004 0.0250643947 0.0244290016 synchronous_release_0
0.026237 -0.0250000004 -0.034595366 0.00530666083 asynchronous_release_0
0.028337 -0.0250000004 0.000780203869 -0.000625525317 synchronous_release_2
0.023464 -0.0250000004 0.0349630939 0.00160688144 synchronous_release_0
0.022739 -0.0250000004 0.0233775998 -0.0260477989 synchronous_release_0
0.048802 -0.0250000004 -0.0153838487 -0.0314378307 asynchronous_release_0
0.002857 -0.0250000004 0.033168071 -0.0111749304 synchronous_release_0
0.022607 -0.0250000004 -0.000815870406 0.000578234797 synchronous_release_0
0.023078 -0.0250000004 0.0146344547 -0.0317935958 synchronous_release_0
0.022412 -0.0250000004 0.0152628173 0.0314967682 synchronous_release_0
0.036191 -0.0250000004 -0.000731568471 -0.000681767975 synchronous_release_0
0.026991 -0.0250000004 0.0322066474 -0.0137015277 synchronous_release_0
0.028811 -0.0250000004 -0.0164467693 0.0308950446 asynchronous_release_0
0.030267 -0.0250000004 -0.00990924486 0.033567944 synchronous_release_1
0.023701 -0.0250000004 -0.0231860931 0.0262184112 synchronous_release_0
0.021965 -0.0250000004 -0.000480366283 -0.000877067976 synchronous_release_0
0.041621 -0.0250000004 0.0343158245 0.00688652226 synchronous_release_0
0.023693 -0.0250000004 0.0315173514 -0.0152202682 synchronous_release_0
0.02234 -0.0250000004 0.0214173134 -0.0276821005 asynchronous_release_0
0.025248 -0.0250000004 0.0100171215 0.0335359102 synchronous_release_1
0.009159 -0.0250000004 0.0342155173 -0.00736874306 synchronous_release_0
0.00699 -0.0250000004 0.0253767285 0.0241043907 synchronous_release_0
0.042529 -0.0250000004 0.0220750631 0.0271604784 asynchronous_release_0
0.044823 -0.0250000004 0.027751752 -0.0213269843 asynchronous_release_0
0.048974 -0.0250000004 -0.0299068123 0.0181819299 asynchronous_release_0
0.025243 -0.0250000004 0.0306475377 -0.0169035035 synchronous_release_0
0.023602 -0.0250000004 -0.00701068008 0.0342906746 synchronous_release_1
0.049544 -0.0250000004 -0.0111778826 0.0331670761 asynchronous_release_0
0.022975 -0.0250000004 0.00741966677 0.0342045106 asynchronous_release_0
0.048878 -0.0250000004 -0.0349913501 -0.000778087575 asynchronous_release_0
0.002852 -0.0250000004 0.0349890999 -0.000873433032 synchronous_release_0
0.02626 -0.0250000004 0.0234313001 0.0259995034 asynchronous_release_2
0.022513 -0.0250000004 0.0160301164 -0.0311132668 asynchronous_release_1
0.040524 -0.0250000004 -0.0178842491 -0.057923688 synchronous_release_0
0.026735 -0.0250000004 0.0326129659 -0.0127041118 synchronous_release_0
0.027211 -0.0250000004 -0.0266689018 -0.0226664879 asynchronous_release_1
0.017977 -0.0250000004 0.020754194 -0.0281826797 synchronous_release_0
0.040977 -0.0250000004 -0.020754194 0.0281826797 synchronous_release_0
0.024523 -0.0250000004 0.0180285839 -0.0299995027 synchronous_release_0
0.003721 -0.0250000004 0.0348675461 -0.00304207642 synchronous_release_1
0.013622 -0.0250000004 -0.00153835118 0.0349661762 asynchronous_release_0
0.032234 -0.0250000004 -0.0328205724 0.0121577148 synchronous_release_0
0.026142 -0.0250000004 0.0321247772 0.0138923968 synchronous_release_0
0.022768 -0.0250000004 0.0323979686 -0.0132427954 synchronous_release_0
0.044962 -0.0250000004 0.0263266482 -0.0230631219 asynchronous_release_0
0.046595 -0.0250000004 0.00645657058 -0.0343993124 asynchronous_release_0
0.025223 -0.0250000004 0.0144697789 0.0318688798 synchronous_release_0
0.02406 -0.0250000004 0.0250840093 0.0244088607 synchronous_release_0
0.041027 -0.0250000004 -0.0289483122 0.0196721942 asynchronous_release_0
0.024425 -0.0250000004 0.0346866404 -0.00467300517 asynchronous_release_0
0.005571 -0.0250000004 0.013296379 -0.0323760144 synchronous_release_1
0.04127 -0.0250000004 -0.000359423557 -0.000933174532 asynchronous_release_0
0.022809 -0.0250000004 0.0326611086 -0.0125798245 synchronous_release_1
0.004169 -0.0250000004 0.0336023722 -0.00979186309 synchronous_release_0
0.023049 -0.0250000004 0.0314652375 0.0153277144 synchronous_release_2
0.027269 -0.0250000004 -0.0342657671 -0.007131424 asynchronous_release_0
0.028738 -0.0250000004 -0.0301288929 0.0178115078 asynchronous_release_1
0.015692 -0.0250000004 0.0348794963 -0.00290185058 asynchronous_release_0
0.038371 -0.0250000004 -0.0148177818 -0.0317085689 synchronous_release_1
0.04021 -0.0250000004 0.0280937657 -0.0208743941 asynchronous_release_0
0.026773 -0.0250000004 0.00747137076 -0.034193254 synchronous_release_0
0.007383 -0.0250000004 0.033347912 -0.0106262301 synchronous_release_1
0.006166 -0.0250000004 0.0345742891 0.00544229106 synchronous_release_0
0.042005 -0.0250000004 -0.0324946231 0.0130038253 asynchronous_release_0
0.02922 -0.0250000004 0.0295225165 0.0187994953 synchronous_release_0
0.049145 -0.0250000004 0.0340272795 -0.00819415941 asynchronous_release_0
0.023042 -0.0250000004 0.0312957456 -0.0156708745 synchronous_release_0
0.029468 -0.0250000004 0.031086968 0.0160810579 asynchronous_release_0
0.022435 -0.0250000004 0.0348816254 -0.00287614541 synchronous_release_0
0.024528 -0.0250000004 -0.000394246433 -0.000919004761 synchronous_release_0
0.029542 -0.0250000004 0.0328748369 -0.0120102081 synchronous_release_0
0.004617 -0.0250000004 0.00693326626 -0.0343064108 synchronous_release_0
0.025639 -0.0250000004 0.000980183164 0.000198093322 synchronous_release_0
0.022718 -0.0250000004 0.0272705212 -0.0219389761 synchronous_release_0
0.032427 -0.0250000004 0.031186735 -0.0158867101 asynchronous_release_0
0.02236 -0.0250000004 0.0293516621 0.0190651497 synchronous_release_0
0.022794 -0.0250000004 0.034984574 -0.00103902851 synchronous_release_0
0.02304 -0.0250000004 0.0050201321 0.0346381044 synchronous_release_1
0.028266 -0.0250000004 -0.0188654112 0.0294804386 asynchronous_release_0
0.023134 -0.0250000004 -0.0221569932 0.0270936829 synchronous_release_0
0.032193 -0.0250000004 0.0249516821 -0.0245441146 asynchronous_release_0
0.026439 -0.0250000004 0.0302071679 0.0176784334 asynchronous_release_0
0.026147 -0.0250000004 0.0238401477 -0.0256251313 synchronous_release_0
0.010219 -0.0250000004 0.0316803791 -0.0148779562 synchronous_release_0
0.005048 -0.0250000004 0.0126972856 0.0326156242 synchronous_release_0
0.022503 -0.0250000004 0.0150103434 -0.0316178682 synchronous_release_0
0.045438 -0.0250000004 0.0291995497 0.0192973133 asynchronous_release_0
0.022573 -0.0250000004 0.01731038 0.0304195783 synchronous_release_0
0.026842 -0.0250000004 0.0231619547 0.0262397381 synchronous_release_0
0.025304 -0.0250000004 0.00814377342 0.0340393736 asynchronous_release_3
0.024155 -0.0250000004 0.0273109247 0.021888659 synchronous_release_0
0.039156 -0.0250000004 0.000891632252 -0.000452760342 asynchronous_release_0
0.046315 -0.0250000004 0.0338537834 0.00888376887 asynchronous_release_0
0.027771 -0.0250000004 0.033795446 -0.00910317688 synchronous_release_0
0.002707 -0.0250000004 0.0150427339 0.0316024707 synchronous_release_0
0.028492 -0.0250000004 0.0168613249 0.0306707633 synchronous_release_0
0.033939 -0.0250000004 0.0339411413 -0.00854394089 synchronous_release_1
0.002618 -0.0250000004 0.0263438294 0.0230434947 synchronous_release_0
0.003503 -0.0250000004 0.0346443224 0.00497703953 synchronous_release_0
0.027474 -0.0250000004 0.0319143432 -0.0143692275 asynchronous_release_0
0.032412 -0.0250000004 -0.00199263852 -0.034943231 synchronous_release_0
0.025065 -0.0250000004 0.00523261739 0.0346066426 asynchronous_release_0
0.039073 -0.0250000004 0.0034601947 -0.0348285379 asynchronous_release_0
0.045133 -0.0250000004 -0.00270828001 0.0348950601 synchronous_release_0
0.034038 -0.0250000004 0.0221545944 0.0270956444 asynchronous_release_0
0.035542 -0.0250000004 0.0348459716 0.00327997965 synchronous_release_0
0.023275 -0.0250000004 0.033387234 -0.0105020287 synchronous_release_0
0.028689 -0.0250000004 0.0293822904 -0.0190179129 synchronous_release_1
0.027763 -0.0250000004 -0.000303759018 0.000952748896 synchronous_release_0
0.002827 -0.0250000004 0.0333502614 0.0106188543 synchronous_release_0
0.025154 -0.0250000004 0.0336337446 0.00968355417 synchronous_release_0
0.041905 -0.0250000004 -0.000707424841 -0.000706788578 asynchronous_release_0
0.044082 -0.0250000004 0.0335424917 0.00999506133 synchronous_release_0
0.047988 -0.0250000004 0.0340634126 -0.00804263136 asynchronous_release_0
0.025631 -0.0250000004 0.00348558066 -0.0348260065 synchronous_release_1
0.023126 -0.0250000004 0.0257162401 -0.0237418406 synchronous_release_0
