0.049145 -0.0250000004 0.0187243587 0.0295702281 asynchronous_release_0
0.036947 -0.0250000004 -0.0165752438 0.0308263084 asynchronous_release_0
0.038353 -0.0250000004 -0.0227001459 -0.0266402585 asynchronous_release_0
0.047875 -0.0250000004 -0.0121361852 -0.0328285395 asynchronous_release_0
0.022017 -0.0250000004 -0.0342206677 0.00734478729 asynchronous_release_1
0.040827 -0.0250000004 0.0235553548 -0.025887164 asynchronous_release_0
0.025993 -0.0250000004 0.0339567156 -0.00848183162 asynchronous_release_4
0.033844 -0.0250000004 0.0343515036 -0.00670628074 asynchronous_release_0
0.034648 -0.0250000004 -0.0188649117 0.0294807583 asynchronous_release_0
0.042438 -0.0250000004 0.0316302181 -0.0149843019 asynchronous_release_0
0.044351 -0.0250000004 0.000766964035 0.000641690088 asynchronous_release_0
0.030714 -0.0250000004 0.000999981681 6.05296499e-06 asynchronous_release_0
0.03673 -0.0250000004 0.024620148 0.024876662 asynchronous_release_0
0.045401 -0.0250000004 0.0319052229 -0.0143894668 asynchronous_release_0
0.045943 -0.0250000004 0.00964538903 0.0336447094 asynchronous_release_0
0.032402 -0.0250000004 0.00225654746 -0.0349271813 asynchronous_release_1
0.025833 -0.0250000004 0.0343529884 0.00669867075 asynchronous_release_0
0.029768 -0.0250000004 0.0346700799 -0.00479432601 asynchronous_release_0
0.041572 -0.0250000004 0.0346937855 -0.00461965845 asynchronous_release_0
0.046729 -0.0250000004 0.0316168712 0.0150124434 asynchronous_release_0
0.045135 -0.0250000004 0.0204556469 0.0284001146 asynchronous_release_0
0.04584 -0.0250000004 -0.0295707353 0.0187235577 asynchronous_release_0
0.027895 -0.0250000004 0.0248797909 0.0246169861 asynchronous_release_0
0.022783 -0.0250000004 -0.000659483637 -0.000751718918 asynchronous_release_0
0.040084 -0.0250000004 -0.0345714808 -0.00546010221 asynchronous_release_1
0.025306 -0.0250000004 0.0198153808 0.0288504885 asynchronous_release_0
0.026602 -0.0250000004 0.013181087 -0.0324231236 asynchronous_release_0
0.022841 -0.0250000004 0.0346549786 0.00490229107 asynchronous_release_1
0.040797 -0.0250000004 0.0219297729 -0.0272779226 asynchronous_release_0
0.01997 -0.0250000004 -0.0158545667 0.0312030882 asynchronous_release_0
0.048912 -0.0250000004 -0.0282926968 -0.0206039634 asynchronous_release_0
0.030287 -0.0250000004 0.0144447614 -0.0318802269 asynchronous_release_0
0.008162 -0.0250000004 0.032551239 0.0128614479 asynchronous_release_0
0.025106 -0.0250000004 -0.0341644378 -0.00760205168 asynchronous_release_0
0.031046 -0.0250000004 -0.0320363804 -0.0140950462 asynchronous_release_0
0.027649 -0.0250000004 0.0347036294 -0.00454511871 asynchronous_release_4
0.038397 -0.0250000004 0.0245483884 0.0249474773 asynchronous_release_0
0.041195 -0.0250000004 0.0293841216 0.0190150834 asynchronous_release_0
0.039609 -0.0250000004 0.00752903169 -0.0341806039 asynchronous_release_0
0.04879 -0.0250000004 0.0196812154 -0.0289421796 asynchronous_release_0
0.049923 -0.0250000004 0.0138380382 0.0321482301 asynchronous_release_0
0.046673 -0.0250000004 0.0336323709 -0.00968832418 asynchronous_release_0
0.044985 -0.0250000004 0.0345351644 -0.00568528087 asynchronous_release_1
0.025096 -0.0250000004 -0.00251241495 0.0349097088 asynchronous_release_2
0.026645 -0.0250000004 0.0292342631 -0.019244684 asynchronous_release_4
0.04911 -0.0250000004 -0.0301983838 -0.0176934342 asynchronous_release_0
0.030444 -0.0250000004 0.034815421 -0.00358977169 asynchronous_release_0
0.042169 -0.0250000004 0.000904467749 0.000426542015 asynchronous_release_1
0.032958 -0.0250000004 0.00535185491 -0.0345884034 asynchronous_release_0
0.025012 -0.0250000004 0.0137250829 -0.0321966163 asynchronous_release_0
0.017237 -0.0250000004 0.0272894535 0.0219154221 asynchronous_release_0
0.022806 -0.0250000004 0.0297353012 -0.0184610905 asynchronous_release_1
0.031164 -0.0250000004 0.029684034 -0.0185434119 asynchronous_release_0
0.026168 -0.0250000004 0.027129771 0.022112791 asynchronous_release_0
0.032195 -0.0250000004 0.0327151243 -0.0124386753 asynchronous_release_0
0.032495 -0.0250000004 -0.000309821312 0.000950794802 asynchronous_release_0
0.036477 -0.0250000004 -0.000999953289 9.66538152e-06 asynchronous_release_0
0.029803 -0.0250000004 -0.00705218796 0.0342821622 asynchronous_release_0
0.04707 -0.0250000004 -0.00315520689 -0.0348574909 asynchronous_release_0
0.046139 -0.0250000004 -0.0143145004 0.0319389273 asynchronous_release_0
0.032539 -0.0250000004 0.0203036391 0.0285089853 asynchronous_release_0
0.024958 -0.0250000004 -0.0232283493 -0.0261809814 asynchronous_release_4
0.030295 -0.0250000004 0.0121139029 -0.0328367684 asynchronous_release_0
0.046879 -0.0250000004 -0.0206420716 0.0282649055 asynchronous_release_0
0.033017 -0.0250000004 -0.0139950207 -0.0320802025 asynchronous_release_0
0.014178 -0.0250000004 0.0349574981 0.0017243342 asynchronous_release_0
0.047221 -0.0250000004 -0.0346480118 -0.00495129092 asynchronous_release_0
0.011919 -0.0250000004 0.0317844973 -0.0146542052 asynchronous_release_4
0.04766 -0.0250000004 0.0320965051 0.0139575915 asynchronous_release_0
0.039088 -0.0250000004 -0.0338776837 -0.00879218657 asynchronous_release_0
0.042653 -0.0250000004 0.0346536947 0.00491135839 asynchronous_release_0
0.048272 -0.0250000004 0.0348352302 -0.00339215764 asynchronous_release_0
0.012499 -0.0250000004 0.0317882109 -0.0146461479 asynchronous_release_0
0.048938 -0.0250000004 -0.0330671261 0.0114701862 asynchronous_release_0
0.03794 -0.0250000004 -0.00186961639 -0.0349500291 asynchronous_release_0
0.010999 -0.0250000004 0.0221959932 0.0270617421 asynchronous_release_0
0.034047 -0.0250000004 0.0344582005 -0.00613452684 asynchronous_release_0
0.039365 -0.0250000004 0.033910166 -0.00866606257 asynchronous_release_0
0.026458 -0.0250000004 0.000125575072 0.00099208412 asynchronous_release_0
0.041276 -0.0250000004 0.019465211 0.0290878937 asynchronous_release_0
0.041935 -0.0250000004 0.0331814728 0.0111350736 asynchronous_release_0
0.029126 -0.0250000004 0.0337221192 0.00937116214 asynchronous_release_4
0.038582 -0.0250000004 -0.0292841255 -0.0191687243 asynchronous_release_0
0.025975 -0.0250000004 0.0274765188 -0.0216804271 asynchronous_release_0
0.035146 -0.0250000004 -0.0305600312 -0.0170611985 asynchronous_release_0
0.038023 -0.0250000004 0.0102500273 -0.0334654589 asynchronous_release_0
0.045462 -0.0250000004 0.031345142 -0.0155718358 asynchronous_release_0
0.03134 -0.0250000004 0.000527631022 0.000849473663 asynchronous_release_0
0.025453 -0.0250000004 0.025457906 0.024018639 asynchronous_release_0
0.049963 -0.0250000004 -0.00807179856 0.0340565129 asynchronous_release_1
0.036436 -0.0250000004 -0.0337675378 0.00920616042 asynchronous_release_0
0.035912 -0.0250000004 0.0349979896 -0.000375127687 asynchronous_release_0
0.042392 -0.0250000004 0.0282988241 -0.0205955469 asynchronous_release_0
0.044755 -0.0250000004 -0.00604984863 0.0344731683 asynchronous_release_0
0.032759 -0.0250000004 0.0107404765 0.0333112918 asynchronous_release_0
0.019659 -0.0250000004 -0.0318733564 0.0144599154 asynchronous_release_0
0.048188 -0.0250000004 -0.0310445111 -0.0161628689 asynchronous_release_0
0.04779 -0.0250000004 0.0312571714 -0.0157476739 asynchronous_release_0
0.046222 -0.0250000004 -0.0214700636 0.0276412078 asynchronous_release_0
0.030984 -0.0250000004 -0.000917316847 0.000398158012 asynchronous_release_0
0.030909 -0.0250000004 0.0100245282 0.033533697 asynchronous_release_0
0.044595 -0.0250000004 -0.0268283381 0.0224775505 asynchronous_release_0
0.041861 -0.0250000004 0.0292252613 -0.0192583515 asynchronous_release_0
0.014378 -0.0250000004 0.000805777081 -0.000592218959 asynchronous_release_0
0.03403 -0.0250000004 -0.026810422 -0.0224989172 asynchronous_release_0
0.027884 -0.0250000004 -0.0320081666 -0.0141589997 asynchronous_release_0
0.042115 -0.0250000004 0.0060308027 -0.0344765053 asynchronous_release_0
0.019042 -0.0250000004 0.0280842591 -0.0208871825 asynchronous_release_2
0.030907 -0.0250000004 0.0331638808 -0.0111873595 asynchronous_release_2
0.022238 -0.0250000004 0.00234513083 -0.0349213454 asynchronous_release_0
0.049981 -0.0250000004 0.020043503 -0.0286924727 asynchronous_release_0
0.042523 -0.0250000004 0.0245449077 -0.0249509019 asynchronous_release_0
0.015788 -0.0250000004 0.00406645583 0.0347629679 asynchronous_release_0
0.005787 -0.0250000004 0.0057383769 0.0345263817 asynchronous_release_0
0.049772 -0.0250000004 -0.034099003 0.00789037338 asynchronous_release_0
0.029556 -0.0250000004 0.0349238257 0.00230789881 asynchronous_release_3
0.039801 -0.0250000004 -0.003621882 -0.0348120952 asynchronous_release_0
0.044252 -0.0250000004 -0.030104426 0.01785283 asynchronous_release_0
0.049595 -0.0250000004 0.0347172197 0.00444011925 asynchronous_release_0
0.012122 -0.0250000004 -0.0285743888 -0.0202114894 asynchronous_release_0
0.029326 -0.0250000004 -0.0335725384 0.00989366779 asynchronous_release_0
0.024442 -0.0250000004 -0.0175306591 -0.0302931674 asynchronous_release_3
0.027334 -0.0250000004 -0.0349908574 -0.000799936081 asynchronous_release_0
0.045781 -0.0250000004 0.0349664578 -0.00153193689 asynchronous_release_0
0.040101 -0.0250000004 -0.00845554233 0.0339632714 asynchronous_release_0
0.048295 -0.0250000004 0.0253515757 0.0241308435 asynchronous_release_0
0.025075 -0.0250000004 0.0348610603 -0.00311552157 asynchronous_release_0
0.028813 -0.0250000004 0.0317518699 -0.0147247669 asynchronous_release_0
0.032225 -0.0250000004 0.0274757527 -0.0216813978 asynchronous_release_0
0.043584 -0.0250000004 -0.0311159464 0.0160249144 asynchronous_release_1
0.029384 -0.0250000004 0.0340367477 0.00815474116 asynchronous_release_0
0.026721 -0.0250000004 -0.00394716714 -0.0347767145 asynchronous_release_0
0.038334 -0.0250000004 0.000202515386 -0.0349994141 asynchronous_release_0
0.037333 -0.0250000004 -0.0334963203 0.0101487203 asynchronous_release_0
0.039105 -0.0250000004 0.0315508728 0.0151506576 asynchronous_release_0
0.027469 -0.0250000004 0.0163203842 -0.0309619938 asynchronous_release_0
0.031291 -0.0250000004 0.0214036474 0.0276926683 asynchronous_release_0
0.037655 -0.0250000004 -0.0283720246 0.0204945901 asynchronous_release_0
0.034545 -0.0250000004 0.00635345528 -0.0344185067 asynchronous_release_0
0.043419 -0.0250000004 -0.0220990874 -0.0271409347 asynchronous_release_0
0.04973 -0.0250000004 -0.0149146221 0.0316631339 asynchronous_release_0
0.024753 -0.0250000004 -0.0164865983 -0.0308738089 asynchronous_release_2
0.040755 -0.0250000004 0.034857834 0.0031514137 asynchronous_release_0
0.041609 -0.0250000004 0.0146997127 0.0317634766 asynchronous_release_0
0.010384 -0.0250000004 0.0346958033 -0.00460447988 asynchronous_release_0
0.03466 -0.0250000004 0.0318538694 0.014502793 asynchronous_release_0
0.0421 -0.0250000004 0.0240208907 0.0254557815 asynchronous_release_0
0.025087 -0.0250000004 -0.000132683719 -0.000991158429 asynchronous_release_0
0.014734 -0.0250000004 0.0260983691 -0.0233211305 asynchronous_release_0
0.023107 -0.0250000004 0.0323147414 0.0134446083 asynchronous_release_0
0.024837 -0.0250000004 0.0347670419 0.00403147568 asynchronous_release_1
0.047655 -0.0250000004 0.0172174725 0.0304722602 asynchronous_release_0
0.026215 -0.0250000004 0.0311531497 0.0159524689 asynchronous_release_0
0.03256 -0.0250000004 0.0348780131 0.00291962407 asynchronous_release_0
0.042126 -0.0250000004 -0.0218682907 -0.0273272366 asynchronous_release_0
0.029501 -0.0250000004 -0.000780778189 0.000624808306 asynchronous_release_1
0.043564 -0.0250000004 0.0292031701 -0.019291834 asynchronous_release_0
0.035582 -0.0250000004 0.0045869492 -0.0346981253 asynchronous_release_0
0.046429 -0.0250000004 -0.0349789376 -0.00121405431 asynchronous_release_0
0.017263 -0.0250000004 -0.0126704498 -0.0326260586 asynchronous_release_0
0.035663 -0.0250000004 0.0284903738 -0.0203297466 asynchronous_release_1
0.043712 -0.0250000004 -8.81590365e-05 0.034999889 asynchronous_release_0
0.040011 -0.0250000004 0.0152831446 0.0314869099 asynchronous_release_0
0.038204 -0.0250000004 0.0139180326 -0.0321136789 asynchronous_release_1
0.044853 -0.0250000004 -0.0246013066 0.024895295 asynchronous_release_0
0.038312 -0.0250000004 0.0016344167 -0.0349618175 asynchronous_release_0
0.023546 -0.0250000004 -0.0147748326 0.0317286042 asynchronous_release_0
0.03786 -0.0250000004 0.0280781533 -0.0208953896 asynchronous_release_0
0.030657 -0.0250000004 -0.00970454106 0.0336276952 asynchronous_release_0
0.017156 -0.0250000004 0.0259216533 -0.0235173955 asynchronous_release_0
0.049169 -0.0250000004 0.0268108352 -0.0224984248 asynchronous_release_0
0.023625 -0.0250000004 0.0107266796 -0.0333157372 asynchronous_release_2
0.026232 -0.0250000004 -0.0119624127 0.0328922587 asynchronous_release_0
0.026059 -0.0250000004 -0.0199495779 -0.028757857 asynchronous_release_0
0.033174 -0.0250000004 -0.0186039797 0.0296461117 asynchronous_release_0
0.042465 -0.0250000004 0.0216473918 0.0275025531 asynchronous_release_0
0.023685 -0.0250000004 0.0310780258 0.0160983327 asynchronous_release_3
0.035949 -0.0250000004 -0.0114748551 0.0330655062 asynchronous_release_0
0.046328 -0.0250000004 0.000976954692 -0.000213446786 asynchronous_release_0
0.039665 -0.0250000004 -0.0326432642 -0.0126260565 asynchronous_release_0
0.048776 -0.0250000004 0.0166138555 0.0308055158 asynchronous_release_0
0.03878 -0.0250000004 -0.00651184542 0.0343888917 asynchronous_release_0
0.041613 -0.0250000004 -0.00766053158 -0.0341513727 asynchronous_release_0
0.028326 -0.0250000004 0.031057741 -0.0161374324 asynchronous_release_0
0.040467 -0.0250000004 0.0162806655 -0.0309828974 asynchronous_release_0
0.042621 -0.0250000004 0.0180311723 0.029997947 asynchronous_release_0
0.02808 -0.0250000004 -0.0114470529 0.0330751414 asynchronous_release_0
0.017844 -0.0250000004 -0.0143149697 0.031938717 asynchronous_release_0
0.024593 -0.0250000004 0.0347553566 -0.00413100285 asynchronous_release_3
0.028896 -0.0250000004 -0.0341257949 -0.00777368154 asynchronous_release_0
0.018916 -0.0250000004 0.0339765289 -0.00840211186 asynchronous_release_0
0.035681 -0.0250000004 0.0188636712 -0.029481552 asynchronous_release_0
0.030672 -0.0250000004 -0.00686556501 -0.0343200236 asynchronous_release_0
0.022475 -0.0250000004 0.0155747479 0.0313436952 asynchronous_release_1
0.029956 -0.0250000004 0.00512584605 -0.0346226184 asynchronous_release_0
0.03971 -0.0250000004 -0.0188752308 -0.0294741524 asynchronous_release_0
0.038273 -0.0250000004 0.000920153823 -0.000391557074 asynchronous_release_0
0.049575 -0.0250000004 -0.0347429293 -0.00423424884 asynchronous_release_0
0.028474 -0.0250000004 -0.0328222973 -0.0121530573 asynchronous_release_0
0.011353 -0.0250000004 0.0348321389 0.00342375481 asynchronous_release_4
0.038842 -0.0250000004 -0.0169916363 0.030598763 asynchronous_release_0
0.027648 -0.0250000004 0.0334508041 0.0102977525 asynchronous_release_3
0.04587 -0.0250000004 4.76389473e-05 0.0349999676 asynchronous_release_0
0.043135 -0.0250000004 0.00749869162 -0.0341872728 asynchronous_release_0
0.027623 -0.0250000004 2.42228226e-05 0.000999706584 asynchronous_release_4
0.036615 -0.0250000004 0.0118724807 0.0329248265 asynchronous_release_0
0.04236 -0.0250000004 0.0201146196 -0.0286426619 asynchronous_release_0
0.024071 -0.0250000004 -0.000818361768 -0.000574703416 asynchronous_release_4
0.01419 -0.0250000004 0.0188324441 0.0295015092 asynchronous_release_0
0.04332 -0.0250000004 -0.0340369995 0.00815369043 asynchronous_release_0
0.033327 -0.0250000004 -0.0343815022 0.00655074865 asynchronous_release_0
0.047578 -0.0250000004 0.0147977955 -0.0317179011 asynchronous_release_0
0.011598 -0.0250000004 0.0340571302 0.00806919337 asynchronous_release_0
0.049113 -0.0250000004 0.000748456439 0.000663183955 asynchronous_release_0
0.023386 -0.0250000004 -0.0260585393 -0.0233656271 asynchronous_release_1
0.037123 -0.0250000004 0.0111868159 -0.0331640641 asynchronous_release_0
0.039349 -0.0250000004 -0.0084616613 -0.0339617474 asynchronous_release_0
0.031397 -0.0250000004 -0.0183504802 -0.029803689 asynchronous_release_0
0.047528 -0.0250000004 0.0340334328 -0.00816856486 asynchronous_release_0
0.029835 -0.0250000004 -0.00563879198 0.0345427854 asynchronous_release_2
0.029809 -0.0250000004 0.014865941 0.031686019 asynchronous_release_1
0.04318 -0.0250000004 0.00574360396 -0.0345255125 asynchronous_release_0
0.005589 -0.0250000004 0.00406735361 0.0347628629 asynchronous_release_0
0.028971 -0.0250000004 -0.00803724833 0.0340646832 asynchronous_release_3
0.037546 -0.0250000004 -0.0257178899 -0.0237400535 asynchronous_release_0
0.03055 -0.0250000004 0.000491879469 0.000870663303 asynchronous_release_0
0.00347 -0.0250000004 -0.00729799196 0.034230678 asynchronous_release_1
0.041686 -0.0250000004 -0.00937146019 0.0337220363 asynchronous_release_0
0.043707 -0.0250000004 -0.0256014225 -0.0238656064 asynchronous_release_0
0.035746 -0.0250000004 0.00354278919 -0.0348202333 asynchronous_release_0
0.041134 -0.0250000004 0.0338848275 0.00876461428 asynchronous_release_0
0.027358 -0.0250000004 -0.00090834228 0.000418227571 asynchronous_release_4
0.046483 -0.0250000004 0.0271275571 -0.0221155069 asynchronous_release_1
0.033949 -0.0250000004 0.0327171088 -0.0124334546 asynchronous_release_0
0.041015 -0.0250000004 0.0165453594 -0.0308423586 asynchronous_release_0
0.040212 -0.0250000004 0.0342608285 0.00715511239 asynchronous_release_0
