0.000000 0.098477
0.000050 0.097171
0.000100 0.090399
0.000150 0.112101
0.000200 0.107777
0.000250 0.099457
0.000300 0.096844
0.000350 0.117486
0.000400 0.086570
0.000450 0.117968
0.000500 0.082900
0.000550 0.096594
0.000600 0.121320
0.000650 0.102152
0.000700 0.102634
0.000750 0.110806
0.000800 0.120833
0.000850 0.089829
0.000900 0.110793
0.000950 0.122129
0.001000 0.121243
0.001050 0.114461
0.001100 0.151590
0.001150 0.125242
0.001200 0.150299
0.001250 0.161857
0.001300 0.192639
0.001350 0.233565
0.001400 0.295780
0.001450 0.336284
0.001500 0.456159
0.001550 0.633217
0.001600 0.858542
0.001650 1.134986
0.001700 1.562976
0.001750 2.009152
0.001800 2.605120
0.001850 3.398788
0.001900 4.285543
0.001950 5.242677
0.002000 6.092345
0.002050 6.908845
0.002100 7.625053
0.002150 8.156477
0.002200 8.463510
0.002250 8.546584
0.002300 8.465173
0.002350 7.814149
0.002400 7.171408
0.002450 6.528096
0.002500 5.829605
0.002550 5.027507
0.002600 4.372540
0.002650 3.949608
0.002700 3.632430
0.002750 3.206238
0.002800 2.957427
0.002850 2.623577
0.002900 2.316727
0.002950 2.300181
0.003000 2.123573
0.003050 2.050689
0.003100 1.861540
0.003150 1.798870
0.003200 1.698743
0.003250 1.605261
0.003300 1.616549
0.003350 1.507731
0.003400 1.419802
0.003450 1.354902
0.003500 1.308618
0.003550 1.260642
0.003600 1.293639
0.003650 1.198977
0.003700 1.164849
0.003750 1.137255
0.003800 1.084215
0.003850 1.121253
0.003900 1.027970
0.003950 1.039562
0.004000 1.056506
0.004050 1.031106
0.004100 1.024132
0.004150 0.936428
0.004200 0.984183
0.004250 0.931443
0.004300 0.929316
0.004350 0.968030
0.004400 0.904869
0.004450 0.963937
0.004500 0.896199
0.004550 0.857327
0.004600 0.820741
0.004650 0.828955
0.004700 0.820528
0.004750 0.915196
0.004800 0.856208
0.004850 0.816906
0.004900 0.858829
0.004950 0.746781
0.005000 0.796211
0.005050 0.803401
0.005100 0.783400
0.005150 0.759664
0.005200 0.754414
0.005250 0.799522
0.005300 0.763657
0.005350 0.715759
0.005400 0.731046
0.005450 0.725626
0.005500 0.731567
0.005550 0.767969
0.005600 0.756683
0.005650 0.701099
0.005700 0.707412
0.005750 0.764586
0.005800 0.637896
0.005850 0.643956
0.005900 0.711440
0.005950 0.727912
0.006000 0.699949
0.006050 0.704989
0.006100 0.645109
0.006150 0.659417
0.006200 0.659591
0.006250 0.620711
0.006300 0.656841
0.006350 0.651065
0.006400 0.660988
0.006450 0.668370
0.006500 0.624121
0.006550 0.633833
0.006600 0.621756
0.006650 0.580384
0.006700 0.641276
0.006750 0.627008
0.006800 0.619712
0.006850 0.633254
0.006900 0.633762
0.006950 0.564144
0.007000 0.615840
0.007050 0.593384
0.007100 0.584595
0.007150 0.579781
0.007200 0.621825
0.007250 0.568789
0.007300 0.620309
0.007350 0.567317
0.007400 0.604378
0.007450 0.553632
0.007500 0.580019
0.007550 0.550323
0.007600 0.565558
0.007650 0.550678
0.007700 0.519147
0.007750 0.525761
0.007800 0.517343
0.007850 0.605997
0.007900 0.570784
0.007950 0.597180
0.008000 0.573071
0.008050 0.550159
0.008100 0.520819
0.008150 0.575919
0.008200 0.569852
0.008250 0.547752
0.008300 0.527267
0.008350 0.532633
0.008400 0.527966
0.008450 0.531552
0.008500 0.511093
0.008550 0.523125
0.008600 0.539517
0.008650 0.557055
0.008700 0.543730
0.008750 0.507450
0.008800 0.500087
0.008850 0.523017
0.008900 0.557409
0.008950 0.505767
0.009000 0.477478
0.009050 0.490546
0.009100 0.500503
0.009150 0.529537
0.009200 0.501466
0.009250 0.496510
0.009300 0.506197
0.009350 0.490043
0.009400 0.487182
0.009450 0.495618
0.009500 0.508711
0.009550 0.506585
0.009600 0.524428
0.009650 0.467010
0.009700 0.520556
0.009750 0.501942
0.009800 0.518026
0.009850 0.488732
0.009900 0.532934
0.009950 0.485516
0.010000 0.485531
0.010050 0.442429
0.010100 0.520190
0.010150 0.440910
0.010200 0.447690
0.010250 0.486404
0.010300 0.522064
0.010350 0.454134
0.010400 0.451363
0.010450 0.435215
0.010500 0.488568
0.010550 0.480454
0.010600 0.443990
0.010650 0.416736
0.010700 0.471327
0.010750 0.443835
0.010800 0.516957
0.010850 0.468449
0.010900 0.480238
0.010950 0.441456
0.011000 0.454828
0.011050 0.454706
0.011100 0.449762
0.011150 0.434756
0.011200 0.456083
0.011250 0.460603
0.011300 0.453687
0.011350 0.430343
0.011400 0.439060
0.011450 0.472812
0.011500 0.461114
0.011550 0.460474
0.011600 0.463395
0.011650 0.461513
0.011700 0.450279
0.011750 0.472249
0.011800 0.445985
0.011850 0.460393
0.011900 0.451870
0.011950 0.437308
0.012000 0.418535
0.012050 0.438559
0.012100 0.462789
0.012150 0.454689
0.012200 0.414703
0.012250 0.437267
0.012300 0.400893
0.012350 0.434821
0.012400 0.436856
0.012450 0.434978
0.012500 0.425609
0.012550 0.446681
0.012600 0.408357
0.012650 0.445837
0.012700 0.408086
0.012750 0.448028
0.012800 0.415767
0.012850 0.488707
0.012900 0.408966
0.012950 0.443792
0.013000 0.412522
0.013050 0.435442
0.013100 0.416074
0.013150 0.405514
0.013200 0.409728
0.013250 0.419098
0.013300 0.420350
0.013350 0.371552
0.013400 0.404842
0.013450 0.400758
0.013500 0.414566
0.013550 0.396482
0.013600 0.372788
0.013650 0.377380
0.013700 0.390049
0.013750 0.404839
0.013800 0.426487
0.013850 0.388647
0.013900 0.367463
0.013950 0.390899
0.014000 0.394965
0.014050 0.456931
0.014100 0.440928
0.014150 0.395828
0.014200 0.450328
0.014250 0.377032
0.014300 0.372748
0.014350 0.388912
0.014400 0.406734
0.014450 0.416374
0.014500 0.413351
0.014550 0.392233
0.014600 0.402875
0.014650 0.361041
0.014700 0.396405
0.014750 0.381851
0.014800 0.428965
0.014850 0.358587
0.014900 0.402054
0.014950 0.356598
0.015000 0.415774
0.015050 0.401590
0.015100 0.410632
0.015150 0.356568
0.015200 0.411806
0.015250 0.401224
0.015300 0.418817
0.015350 0.376865
0.015400 0.412097
0.015450 0.364937
0.015500 0.398525
0.015550 0.403769
0.015600 0.394073
0.015650 0.341299
0.015700 0.365229
0.015750 0.420391
0.015800 0.377524
0.015850 0.390886
0.015900 0.366765
0.015950 0.364209
0.016000 0.358131
0.016050 0.417395
0.016100 0.356442
0.016150 0.398956
0.016200 0.353821
0.016250 0.360785
0.016300 0.359997
0.016350 0.359889
0.016400 0.374616
0.016450 0.368058
0.016500 0.388612
0.016550 0.408718
0.016600 0.380416
0.016650 0.364244
0.016700 0.350300
0.016750 0.394388
0.016800 0.353975
0.016850 0.336213
0.016900 0.380698
0.016950 0.383446
0.017000 0.363057
0.017050 0.358247
0.017100 0.368857
0.017150 0.364107
0.017200 0.372797
0.017250 0.363251
0.017300 0.361282
0.017350 0.361410
0.017400 0.321081
0.017450 0.380531
0.017500 0.339079
0.017550 0.389521
0.017600 0.358876
0.017650 0.349942
0.017700 0.338827
0.017750 0.370363
0.017800 0.388981
0.017850 0.357659
0.017900 0.349073
0.017950 0.368519
0.018000 0.332918
0.018050 0.334330
0.018100 0.357558
0.018150 0.361710
0.018200 0.372489
0.018250 0.374595
0.018300 0.358023
0.018350 0.347961
0.018400 0.364407
0.018450 0.337719
0.018500 0.354243
0.018550 0.323679
0.018600 0.346602
0.018650 0.346544
0.018700 0.356257
0.018750 0.348021
0.018800 0.358590
0.018850 0.332598
0.018900 0.355311
0.018950 0.371005
0.019000 0.339599
0.019050 0.343873
0.019100 0.347052
0.019150 0.356804
0.019200 0.345477
0.019250 0.355697
0.019300 0.356728
0.019350 0.339938
0.019400 0.358825
0.019450 0.354477
0.019500 0.372792
0.019550 0.325410
0.019600 0.367680
0.019650 0.391380
0.019700 0.344968
0.019750 0.373460
0.019800 0.325168
0.019850 0.326278
0.019900 0.315046
0.019950 0.358948
0.020000 0.358286
0.020050 0.376530
0.020100 0.346970
0.020150 0.330942
0.020200 0.337492
0.020250 0.360348
0.020300 0.367924
0.020350 0.330284
0.020400 0.336555
0.020450 0.346579
0.020500 0.377654
0.020550 0.340992
0.020600 0.336292
0.020650 0.340682
0.020700 0.345950
0.020750 0.288872
0.020800 0.326057
0.020850 0.344717
0.020900 0.324141
0.020950 0.338293
0.021000 0.364350
0.021050 0.374150
0.021100 0.413221
0.021150 0.391951
0.021200 0.478068
0.021250 0.561398
0.021300 0.665821
0.021350 0.694373
0.021400 0.799920
0.021450 0.979738
0.021500 1.216840
0.021550 1.635298
0.021600 2.138485
0.021650 2.805711
0.021700 3.572336
0.021750 4.539076
0.021800 5.494463
0.021850 6.781287
0.021900 7.929274
0.021950 9.337920
0.022000 10.564997
0.022050 11.481919
0.022100 12.227123
0.022150 12.973053
0.022200 13.027698
0.022250 13.216592
0.022300 12.593746
0.022350 11.836432
0.022400 11.067414
0.022450 10.264136
0.022500 9.205803
0.022550 8.403675
0.022600 7.429734
0.022650 6.709726
0.022700 6.199992
0.022750 5.600552
0.022800 5.228265
0.022850 4.616621
0.022900 4.356121
0.022950 4.132921
0.023000 3.886970
0.023050 3.578814
0.023100 3.425539
0.023150 3.195109
0.023200 2.976613
0.023250 2.902977
0.023300 2.829753
0.023350 2.639949
0.023400 2.589585
0.023450 2.505961
0.023500 2.359595
0.023550 2.183471
0.023600 2.159923
0.023650 2.156109
0.023700 2.243922
0.023750 2.053806
0.023800 2.121954
0.023850 1.932390
0.023900 1.930819
0.023950 1.852421
0.024000 1.847590
0.024050 1.803190
0.024100 1.718893
0.024150 1.745863
0.024200 1.648829
0.024250 1.630401
0.024300 1.577760
0.024350 1.617506
0.024400 1.647220
0.024450 1.561958
0.024500 1.491877
0.024550 1.556661
0.024600 1.535067
0.024650 1.478755
0.024700 1.483475
0.024750 1.433659
0.024800 1.504308
0.024850 1.349288
0.024900 1.397919
0.024950 1.336841
0.025000 1.311466
0.025050 1.325596
0.025100 1.349870
0.025150 1.404528
0.025200 1.317605
0.025250 1.307581
0.025300 1.246797
0.025350 1.266425
0.025400 1.232216
0.025450 1.204436
0.025500 1.227594
0.025550 1.158218
0.025600 1.225921
0.025650 1.247763
0.025700 1.219779
0.025750 1.207629
0.025800 1.192825
0.025850 1.153073
0.025900 1.185234
0.025950 1.162984
0.026000 1.117684
0.026050 1.102924
0.026100 1.103773
0.026150 1.150743
0.026200 1.160711
0.026250 1.092891
0.026300 1.115331
0.026350 1.174863
0.026400 1.113067
0.026450 1.054633
0.026500 1.144021
0.026550 1.040271
0.026600 1.086245
0.026650 1.034761
0.026700 1.038632
0.026750 1.060754
0.026800 1.013195
0.026850 1.027783
0.026900 0.978317
0.026950 0.984741
0.027000 0.927910
0.027050 1.039332
0.027100 0.974360
0.027150 1.008042
0.027200 1.010851
0.027250 0.947069
0.027300 1.016957
0.027350 1.002295
0.027400 0.947481
0.027450 0.920423
0.027500 0.951079
0.027550 0.922293
0.027600 0.946445
0.027650 1.036107
0.027700 1.011931
0.027750 0.922577
0.027800 0.951387
0.027850 0.986497
0.027900 0.953045
0.027950 0.920539
0.028000 0.941160
0.028050 0.955154
0.028100 0.943331
0.028150 0.890843
0.028200 0.958992
0.028250 0.974872
0.028300 0.968729
0.028350 0.913711
0.028400 0.856132
0.028450 0.890026
0.028500 0.908689
0.028550 0.886845
0.028600 0.958865
0.028650 0.828647
0.028700 0.908204
0.028750 0.881624
0.028800 0.868760
0.028850 0.895718
0.028900 0.826709
0.028950 0.866389
0.029000 0.830752
0.029050 0.880492
0.029100 0.825556
0.029150 0.844512
0.029200 0.853628
0.029250 0.857524
0.029300 0.850881
0.029350 0.845975
0.029400 0.868734
0.029450 0.851496
0.029500 0.833586
0.029550 0.851112
0.029600 0.757250
0.029650 0.864880
0.029700 0.798132
0.029750 0.808534
0.029800 0.780788
0.029850 0.856962
0.029900 0.917353
0.029950 0.820853
0.030000 0.842874
0.030050 0.799996
0.030100 0.840728
0.030150 0.805566
0.030200 0.788386
0.030250 0.773552
0.030300 0.815103
0.030350 0.784515
0.030400 0.807375
0.030450 0.801685
0.030500 0.785587
0.030550 0.805525
0.030600 0.743426
0.030650 0.782340
0.030700 0.766102
0.030750 0.810160
0.030800 0.810016
0.030850 0.851284
0.030900 0.813527
0.030950 0.805353
0.031000 0.740014
0.031050 0.763934
0.031100 0.805421
0.031150 0.789083
0.031200 0.803298
0.031250 0.771264
0.031300 0.720900
0.031350 0.746290
0.031400 0.774954
0.031450 0.766592
0.031500 0.775865
0.031550 0.816789
0.031600 0.759799
0.031650 0.799547
0.031700 0.792500
0.031750 0.762530
0.031800 0.736884
0.031850 0.784494
0.031900 0.776103
0.031950 0.746559
0.032000 0.720088
0.032050 0.752564
0.032100 0.701609
0.032150 0.727703
0.032200 0.743606
0.032250 0.735042
0.032300 0.754913
0.032350 0.705547
0.032400 0.661800
0.032450 0.749808
0.032500 0.709332
0.032550 0.701928
0.032600 0.657929
0.032650 0.721645
0.032700 0.735881
0.032750 0.723949
0.032800 0.713940
0.032850 0.689416
0.032900 0.739913
0.032950 0.741807
0.033000 0.745038
0.033050 0.696654
0.033100 0.709053
0.033150 0.676363
0.033200 0.716017
0.033250 0.751861
0.033300 0.756524
0.033350 0.675710
0.033400 0.742388
0.033450 0.720932
0.033500 0.710122
0.033550 0.738246
0.033600 0.673628
0.033650 0.673432
0.033700 0.720492
0.033750 0.650820
0.033800 0.697289
0.033850 0.740581
0.033900 0.642839
0.033950 0.728271
0.034000 0.718747
0.034050 0.709869
0.034100 0.685932
0.034150 0.710460
0.034200 0.733047
0.034250 0.672733
0.034300 0.691853
0.034350 0.667719
0.034400 0.649687
0.034450 0.687473
0.034500 0.668077
0.034550 0.710883
0.034600 0.629834
0.034650 0.651846
0.034700 0.657280
0.034750 0.710768
0.034800 0.650882
0.034850 0.661242
0.034900 0.701011
0.034950 0.659057
0.035000 0.677215
0.035050 0.748809
0.035100 0.666758
0.035150 0.688554
0.035200 0.651934
0.035250 0.622930
0.035300 0.651783
0.035350 0.584477
0.035400 0.641676
0.035450 0.687054
0.035500 0.658686
0.035550 0.681468
0.035600 0.744280
0.035650 0.708116
0.035700 0.698975
0.035750 0.642545
0.035800 0.659735
0.035850 0.636077
0.035900 0.633896
0.035950 0.645392
0.036000 0.649732
0.036050 0.633880
0.036100 0.647611
0.036150 0.676609
0.036200 0.637583
0.036250 0.652125
0.036300 0.648558
0.036350 0.651534
0.036400 0.668379
0.036450 0.627629
0.036500 0.662010
0.036550 0.646030
0.036600 0.649781
0.036650 0.728421
0.036700 0.640543
0.036750 0.678167
0.036800 0.604663
0.036850 0.648207
0.036900 0.646855
0.036950 0.687683
0.037000 0.657546
0.037050 0.646584
0.037100 0.605120
0.037150 0.652774
0.037200 0.617186
0.037250 0.628458
0.037300 0.612142
0.037350 0.642890
0.037400 0.599616
0.037450 0.617674
0.037500 0.640316
0.037550 0.622446
0.037600 0.636889
0.037650 0.572225
0.037700 0.639434
0.037750 0.636608
0.037800 0.607281
0.037850 0.648337
0.037900 0.587855
0.037950 0.597819
0.038000 0.670230
0.038050 0.611868
0.038100 0.649419
0.038150 0.591623
0.038200 0.610870
0.038250 0.624836
0.038300 0.608182
0.038350 0.579180
0.038400 0.591596
0.038450 0.598676
0.038500 0.563384
0.038550 0.659200
0.038600 0.624757
0.038650 0.619597
0.038700 0.643097
0.038750 0.618581
0.038800 0.650696
0.038850 0.628480
0.038900 0.591382
0.038950 0.650866
0.039000 0.587186
0.039050 0.595210
0.039100 0.629892
0.039150 0.569064
0.039200 0.609273
0.039250 0.603267
0.039300 0.646824
0.039350 0.610176
0.039400 0.548934
0.039450 0.617814
0.039500 0.612607
0.039550 0.574121
0.039600 0.650479
0.039650 0.615177
0.039700 0.592466
0.039750 0.611862
0.039800 0.588298
0.039850 0.577418
0.039900 0.589673
0.039950 0.584379
0.040000 0.579871
0.040050 0.593797
0.040100 0.566827
0.040150 0.631417
0.040200 0.603678
0.040250 0.607274
0.040300 0.624607
0.040350 0.576561
0.040400 0.574454
0.040450 0.615274
0.040500 0.576772
0.040550 0.636384
0.040600 0.576710
0.040650 0.567288
0.040700 0.598586
0.040750 0.623476
0.040800 0.559409
0.040850 0.589181
0.040900 0.592859
0.040950 0.563755
0.041000 0.585451
0.041050 0.580105
0.041100 0.604372
0.041150 0.650156
0.041200 0.616086
0.041250 0.609154
0.041300 0.571602
0.041350 0.553790
0.041400 0.605554
0.041450 0.539650
0.041500 0.579049
0.041550 0.554531
0.041600 0.572412
0.041650 0.557002
0.041700 0.570766
0.041750 0.561176
0.041800 0.580014
0.041850 0.518476
0.041900 0.575860
0.041950 0.566254
0.042000 0.557459
0.042050 0.565477
0.042100 0.560883
0.042150 0.568937
0.042200 0.549984
0.042250 0.553810
0.042300 0.562736
0.042350 0.608162
0.042400 0.607907
0.042450 0.527755
0.042500 0.556252
0.042550 0.567814
0.042600 0.543595
0.042650 0.555163
0.042700 0.543691
0.042750 0.545023
0.042800 0.573788
0.042850 0.553752
0.042900 0.603229
0.042950 0.547103
0.043000 0.510588
0.043050 0.570494
0.043100 0.548628
0.043150 0.577666
0.043200 0.515119
0.043250 0.550217
0.043300 0.575904
0.043350 0.549604
0.043400 0.551025
0.043450 0.552455
0.043500 0.547797
0.043550 0.538767
0.043600 0.562011
0.043650 0.555623
0.043700 0.532592
0.043750 0.590954
0.043800 0.559189
0.043850 0.552781
0.043900 0.549871
0.043950 0.542555
0.044000 0.523765
0.044050 0.538431
0.044100 0.516948
0.044150 0.506004
0.044200 0.543702
0.044250 0.580646
0.044300 0.533454
0.044350 0.513634
0.044400 0.514198
0.044450 0.559268
0.044500 0.528759
0.044550 0.520451
0.044600 0.516584
0.044650 0.510026
0.044700 0.597425
0.044750 0.547137
0.044800 0.523594
0.044850 0.511650
0.044900 0.494276
0.044950 0.542548
0.045000 0.536925
0.045050 0.554739
0.045100 0.526563
0.045150 0.543497
0.045200 0.502571
0.045250 0.559361
0.045300 0.503875
0.045350 0.546273
0.045400 0.494279
0.045450 0.526747
0.045500 0.480069
0.045550 0.477017
0.045600 0.531478
0.045650 0.516658
0.045700 0.545713
0.045750 0.492427
0.045800 0.548093
0.045850 0.536013
0.045900 0.542277
0.045950 0.551325
0.046000 0.536460
0.046050 0.501266
0.046100 0.485344
0.046150 0.505410
0.046200 0.537570
0.046250 0.530946
0.046300 0.506691
0.046350 0.506489
0.046400 0.497000
0.046450 0.519104
0.046500 0.500319
0.046550 0.486137
0.046600 0.495238
0.046650 0.567884
0.046700 0.472467
0.046750 0.569563
0.046800 0.507684
0.046850 0.500952
0.046900 0.513921
0.046950 0.525055
0.047000 0.533405
0.047050 0.507873
0.047100 0.501123
0.047150 0.489635
0.047200 0.476224
0.047250 0.547914
0.047300 0.484414
0.047350 0.517412
0.047400 0.532487
0.047450 0.551413
0.047500 0.521901
0.047550 0.510387
0.047600 0.523618
0.047650 0.527354
0.047700 0.504365
0.047750 0.523371
0.047800 0.493633
0.047850 0.524159
0.047900 0.480941
0.047950 0.481751
0.048000 0.525812
0.048050 0.491130
0.048100 0.467899
0.048150 0.501475
0.048200 0.459889
0.048250 0.510913
0.048300 0.512782
0.048350 0.557252
0.048400 0.482676
0.048450 0.497112
0.048500 0.520335
0.048550 0.486285
0.048600 0.519270
0.048650 0.510478
0.048700 0.504587
0.048750 0.523081
0.048800 0.492785
0.048850 0.530859
0.048900 0.480943
0.048950 0.480857
0.049000 0.479793
0.049050 0.463017
0.049100 0.492394
0.049150 0.482504
0.049200 0.506077
0.049250 0.452817
0.049300 0.472436
0.049350 0.498046
0.049400 0.477254
0.049450 0.527682
0.049500 0.484121
0.049550 0.497967
0.049600 0.464194
0.049650 0.505866
0.049700 0.494932
0.049750 0.539744
0.049800 0.516898
0.049850 0.476022
0.049900 0.522938
