0.003783 -0.0250000004 0.0208736735 0.0280943011 synchronous_release_0
0.004031 -0.0250000004 0.0331315525 0.0112827404 synchronous_release_0
0.032464 -0.0250000004 0.0120153278 0.0328729661 synchronous_release_1
0.010572 -0.0250000004 0.0291757421 -0.0193332892 synchronous_release_0
0.020613 -0.0250000004 -0.000970446502 0.000241316361 asynchronous_release_0
0.029132 -0.0250000004 -0.0254704672 0.0240053182 synchronous_release_0
0.026826 -0.0250000004 0.0347728889 0.00398072787 synchronous_release_0
0.028186 -0.0250000004 -0.026653245 0.0226848966 synchronous_release_0
0.027493 -0.0250000004 0.0299904551 -0.0180436305 synchronous_release_1
0.02636 -0.0250000004 0.0303118727 0.0174982964 synchronous_release_0
0.022649 -0.0250000004 0.0207857927 0.0281593825 synchronous_release_1
0.022652 -0.0250000004 -0.000495000399 0.000868892747 synchronous_release_0
0.022525 -0.0250000004 0.0266851889 -0.0226473109 synchronous_release_0
0.002615 -0.0250000004 0.0320473788 -0.0140700217 synchronous_release_0
0.023412 -0.0250000004 0.00137918605 -0.0349728158 synchronous_release_0
0.036247 -0.0250000004 -0.03097694 0.0162919978 synchronous_release_0
0.035926 -0.0250000004 0.000225737598 0.034999272 synchronous_release_0
0.008513 -0.0250000004 0.0278660312 -0.0211774481 synchronous_release_0
0.021806 -0.0250000004 0.000688107988 0.000725608295 asynchronous_release_0
0.031095 -0.0250000004 0.0349899873 0.000837131507 synchronous_release_0
0.029459 -0.0250000004 -0.0167700165 -0.0307207836 synchronous_release_1
0.022394 -0.0250000004 0.0349875595 0.000933102724 synchronous_release_0
0.029723 -0.0250000004 0.0335798686 0.00986876018 synchronous_release_1
0.022768 -0.0250000004 0.0333057894 0.0107575273 synchronous_release_0
0.022477 -0.0250000004 0.034977365 0.00125854504 synchronous_release_0
0.031796 -0.0250000004 0.00995965273 -0.0335530225 asynchronous_release_0
0.005012 -0.0250000004 0.0258816638 -0.0235613981 synchronous_release_0
0.02315 -0.0250000004 -0.000558490846 -0.000829510684 synchronous_release_0
0.028451 -0.0250000004 0.000144301823 -0.00098953372 synchronous_release_0
0.038345 -0.0250000004 0.01938837 0.029139168 synchronous_release_1
0.034676 -0.0250000004 0.0113909409 0.0330945081 synchronous_release_0
0.004258 -0.0250000004 0.023824764 -0.0256394349 synchronous_release_0
0.040968 -0.0250000004 0.00776827269 -0.0341270265 asynchronous_release_0
0.022699 -0.0250000004 0.0330580163 0.0114964149 synchronous_release_0
0.002908 -0.0250000004 0.0285901132 -0.0201892404 synchronous_release_0
0.023203 -0.0250000004 0.0317794517 0.0146651441 synchronous_release_0
0.031553 -0.0250000004 0.00318933847 0.0348543845 synchronous_release_0
0.024978 -0.0250000004 -0.0334567801 -0.0102783201 synchronous_release_0
0.023671 -0.0250000004 -0.00076757424 -0.00064096005 synchronous_release_0
0.022667 -0.0250000004 0.026122387 -0.0232942245 synchronous_release_0
0.02244 -0.0250000004 0.034974818 0.00132744421 synchronous_release_0
0.025471 -0.0250000004 0.0320547018 0.0140533302 synchronous_release_0
0.023479 -0.0250000004 -0.000866764184 0.0349892658 synchronous_release_0
0.048053 -0.0250000004 0.000521293506 -0.000853377455 synchronous_release_0
0.027384 -0.0250000004 0.0329974222 -0.0116691958 synchronous_release_0
0.003351 -0.0250000004 0.0237289885 0.0257280995 synchronous_release_0
0.022701 -0.0250000004 0.047457977 0.051456199 synchronous_release_0
0.023462 -0.0250000004 0.0292296933 -0.0192516241 synchronous_release_0
0.023422 -0.0250000004 0.0275192034 -0.0216262212 synchronous_release_0
0.004091 -0.0250000004 0.0303267859 0.0174724371 synchronous_release_0
0.023674 -0.0250000004 0.0286294065 0.0201334817 synchronous_release_0
0.026699 -0.0250000004 -0.000310437277 -0.000950593866 synchronous_release_0
0.024127 -0.0250000004 0.0347148838 -0.0044583455 synchronous_release_1
0.023347 -0.0250000004 0.0166325618 0.0307954199 asynchronous_release_1
0.03231 -0.0250000004 2.83853965e-05 -0.000999597053 synchronous_release_0
0.027004 -0.0250000004 0.0173465291 -0.0303989791 synchronous_release_0
0.022805 -0.0250000004 -0.0343142642 -0.00689429265 synchronous_release_0
0.022425 -0.0250000004 0.0318901834 -0.0144227668 synchronous_release_0
0.040837 -0.0250000004 0.0349999121 -7.84568285e-05 asynchronous_release_0
0.012066 -0.0250000004 0.000999365128 -3.56278131e-05 synchronous_release_0
0.023613 -0.0250000004 0.0090855984 0.0338001761 synchronous_release_1
0.028745 -0.0250000004 0.0349842196 -0.00105089528 synchronous_release_0
0.023247 -0.0250000004 0.000772300383 0.000635257521 synchronous_release_1
0.04056 -0.0250000004 -0.0196788138 0.0289438126 asynchronous_release_0
0.022593 -0.0250000004 -0.0171443452 -0.030513463 synchronous_release_0
0.049206 -0.0250000004 -0.000801022497 0.000598634245 asynchronous_release_0
0.027028 -0.0250000004 -0.00720296734 -0.0342507994 synchronous_release_0
0.024518 -0.0250000004 0.000660441381 -0.000750877608 synchronous_release_0
0.028638 -0.0250000004 0.0178369136 -0.0301138591 synchronous_release_1
0.022456 -0.0250000004 0.0348983441 -0.00266562863 synchronous_release_0
0.029371 -0.0250000004 0.01514067 -0.0315556669 synchronous_release_0
0.005726 -0.0250000004 -0.00198784172 0.0349435042 synchronous_release_0
0.045736 -0.0250000004 0.0324080435 -0.0132181209 synchronous_release_0
0.025579 -0.0250000004 0.000926232912 0.000376951711 asynchronous_release_0
0.004658 -0.0250000004 0.000743446411 -0.00066879551 synchronous_release_0
0.022831 -0.0250000004 0.01564807 -0.0313071542 synchronous_release_0
0.024964 -0.0250000004 0.0192887559 0.0292052033 synchronous_release_0
0.023448 -0.0250000004 0.0249223635 -0.0245738845 synchronous_release_0
0.022855 -0.0250000004 -6.41381029e-05 0.000997941032 synchronous_release_0
0.022191 -0.0250000004 0.0311892995 -0.0158816749 synchronous_release_0
0.042016 -0.0250000004 0.0220560895 -0.0271758885 synchronous_release_1
0.025459 -0.0250000004 0.0156085113 -0.0313268954 synchronous_release_1
0.031103 -0.0250000004 -0.0269268888 -0.0223593976 synchronous_release_0
0.022513 -0.0250000004 0.0344616988 0.00611484387 synchronous_release_1
0.01192 -0.0250000004 0.0349094084 -0.00251658666 synchronous_release_0
0.022952 -0.0250000004 0.00352755373 0.03482178 synchronous_release_0
0.023506 -0.0250000004 0.0323902111 -0.013261758 synchronous_release_0
0.032001 -0.0250000004 -0.0323902111 0.013261758 synchronous_release_0
0.023306 -0.0250000004 9.20541197e-05 -0.000995754005 synchronous_release_0
0.005006 -0.0250000004 0.0300977766 -0.0178640377 synchronous_release_0
0.038277 -0.0250000004 0.0293701631 0.0190366362 asynchronous_release_0
0.039408 -0.0250000004 0.024481275 0.0250133399 asynchronous_release_0
0.024028 -0.0250000004 0.0339028253 -0.00869473608 synchronous_release_1
0.01144 -0.0250000004 -0.0244051237 0.0250876451 asynchronous_release_0
0.027364 -0.0250000004 0.0260567222 -0.0233676535 asynchronous_release_0
0.028397 -0.0250000004 -0.00848030613 0.0339570966 synchronous_release_0
0.029171 -0.0250000004 0.0292847161 0.0191678221 synchronous_release_0
0.029685 -0.0250000004 0.0177729822 -0.0301516352 synchronous_release_0
0.023874 -0.0250000004 0.000458551047 -0.000888668069 synchronous_release_1
0.027031 -0.0250000004 -0.00360566035 -0.0348137791 synchronous_release_1
0.013793 -0.0250000004 0.0339388569 0.00855301084 asynchronous_release_0
0.032411 -0.0250000004 0.0338777441 0.00879195414 synchronous_release_0
0.005095 -0.0250000004 0.0148369235 -0.0316996167 synchronous_release_0
0.024357 -0.0250000004 0.0348711351 -0.0030006557 synchronous_release_1
0.031586 -0.0250000004 -0.00922557377 -0.0337622391 asynchronous_release_0
0.024311 -0.0250000004 0.0326121781 -0.0127061341 synchronous_release_0
0.00324 -0.0250000004 0.032805867 0.0121973395 synchronous_release_0
0.023452 -0.0250000004 -0.0274671799 0.0216922574 synchronous_release_1
0.044671 -0.0250000004 -0.0345332565 -0.00569685866 asynchronous_release_0
0.035564 -0.0250000004 0.0227599503 0.0265891832 synchronous_release_0
0.027383 -0.0250000004 -0.019509815 0.0290579958 synchronous_release_0
0.028 -0.0250000004 -0.0317938226 -0.014633962 synchronous_release_0
0.038023 -0.0250000004 0.0291188813 -0.0194188247 asynchronous_release_0
0.02431 -0.0250000004 0.0263364207 -0.0230519618 synchronous_release_0
0.04458 -0.0250000004 0.0273500422 0.0218397617 asynchronous_release_0
0.025591 -0.0250000004 0.034902188 0.00261481792 synchronous_release_0
0.011818 -0.0250000004 -0.0269917218 -0.0222810896 synchronous_release_0
0.025467 -0.0250000004 0.0327918505 -0.012234972 synchronous_release_0
0.046996 -0.0250000004 0.00283134392 -0.0348852905 asynchronous_release_0
0.024801 -0.0250000004 -0.013432491 -0.0323197801 synchronous_release_0
0.023363 -0.0250000004 -0.0348813443 0.00287955166 synchronous_release_0
0.027611 -0.0250000004 0.0269301 -0.0223555299 synchronous_release_0
0.044785 -0.0250000004 0.0264155265 -0.0229612709 asynchronous_release_0
0.032937 -0.0250000004 -0.00667728065 -0.0343571524 synchronous_release_0
0.025713 -0.0250000004 0.0347356388 0.0042936461 synchronous_release_0
0.032252 -0.0250000004 0.0326777077 -0.0125366431 asynchronous_release_0
0.002475 -0.0250000004 0.0307355073 -0.0167430161 synchronous_release_0
0.022433 -0.0250000004 0.0164091742 -0.0309150287 synchronous_release_0
0.025566 -0.0250000004 -0.0231866217 0.0262179437 synchronous_release_0
0.035213 -0.0250000004 -0.00972327819 0.0336222822 synchronous_release_0
0.033977 -0.0250000004 0.0348650106 -0.00307099903 synchronous_release_0
0.048023 -0.0250000004 0.00121597849 0.0349788707 asynchronous_release_0
0.032462 -0.0250000004 -0.0348952275 -0.00270612226 synchronous_release_0
0.035613 -0.0250000004 0.0328217219 0.0121546111 synchronous_release_0
0.026299 -0.0250000004 -0.00893229429 -0.0338410124 synchronous_release_0
0.035545 -0.0250000004 -0.000704459999 -0.000709743693 synchronous_release_1
0.02726 -0.0250000004 -0.0295261722 -0.0187937532 synchronous_release_0
0.031504 -0.0250000004 -0.000913356697 0.000407160342 synchronous_release_0
0.024318 -0.0250000004 -0.0119277755 0.0329048351 synchronous_release_0
0.022323 -0.0250000004 0.0349331758 -0.00216176516 synchronous_release_0
0.006961 -0.0250000004 0.0150822264 -0.0315836421 synchronous_release_0
0.02517 -0.0250000004 -0.0198111232 -0.0288534123 synchronous_release_0
0.027686 -0.0250000004 -0.000423186213 -0.00090604273 synchronous_release_0
0.022599 -0.0250000004 0.031527916 -0.015198372 synchronous_release_1
0.003363 -0.0250000004 0.0108056628 -0.0332902035 synchronous_release_0
0.004856 -0.0250000004 -0.00037582135 0.000926692135 synchronous_release_0
0.003016 -0.0250000004 0.0286104491 -0.0201604118 synchronous_release_0
0.023161 -0.0250000004 0.00910574436 -0.0337947543 synchronous_release_0
0.025701 -0.0250000004 -0.000965564409 -0.000260164125 synchronous_release_0
0.017505 -0.0250000004 0.0348063537 -0.00367664837 asynchronous_release_0
0.03341 -0.0250000004 0.0205872477 0.0283048623 synchronous_release_1
0.025572 -0.0250000004 0.0175722761 -0.0302690455 synchronous_release_0
0.023491 -0.0250000004 0.0348321999 0.00342313424 synchronous_release_0
0.022388 -0.0250000004 0.0261707063 -0.0232399254 synchronous_release_1
0.025029 -0.0250000004 0.0246538495 0.0248432627 synchronous_release_0
0.034037 -0.0250000004 -0.00800279287 0.0340727942 asynchronous_release_0
0.023044 -0.0250000004 0.0342232626 -0.00733268703 synchronous_release_0
0.028525 -0.0250000004 0.000365033307 0.0349980964 asynchronous_release_0
0.003328 -0.0250000004 0.0301267239 -0.0178151763 synchronous_release_0
0.023284 -0.0250000004 -0.00383671759 -0.034789073 synchronous_release_0
0.042882 -0.0250000004 0.0320465798 0.0140718416 synchronous_release_0
0.022463 -0.0250000004 0.0238314284 0.0256332406 synchronous_release_0
0.030585 -0.0250000004 0.0341147517 -0.00782200208 synchronous_release_0
0.022209 -0.0250000004 0.0322321557 0.0136414126 synchronous_release_1
0.042062 -0.0250000004 0.0158407978 -0.0312100805 asynchronous_release_0
0.031256 -0.0250000004 0.0310458507 -0.0161602956 synchronous_release_0
0.037868 -0.0250000004 0.0309614094 -0.0163214929 asynchronous_release_4
0.022801 -0.0250000004 0.0296155322 0.0186526206 synchronous_release_0
0.024255 -0.0250000004 0.00345115494 -0.0348294348 synchronous_release_0
0.030593 -0.0250000004 -0.0169200697 -0.0306383949 asynchronous_release_0
0.041498 -0.0250000004 -0.00625384037 -0.0344367461 asynchronous_release_0
0.046471 -0.0250000004 0.000521794187 -0.000853071407 asynchronous_release_0
0.039838 -0.0250000004 0.0342331723 -0.00728628238 asynchronous_release_0
0.023012 -0.0250000004 -0.0146707568 0.031776861 synchronous_release_0
0.033455 -0.0250000004 0.0201841905 0.0285936786 synchronous_release_0
0.023102 -0.0250000004 0.0240645192 -0.0254145414 synchronous_release_0
0.03575 -0.0250000004 0.0137071739 -0.0322042448 synchronous_release_0
0.02483 -0.0250000004 0.000857543068 0.000514412176 synchronous_release_0
0.026227 -0.0250000004 0.0335483628 0.00997533718 synchronous_release_0
0.030308 -0.0250000004 0.000161658208 0.000986846809 asynchronous_release_0
0.025618 -0.0250000004 -0.0124762266 0.0327008221 synchronous_release_0
0.026915 -0.0250000004 0.0246436317 0.0248533985 synchronous_release_0
0.029751 -0.0250000004 -0.0344720886 0.00605599761 synchronous_release_0
0.022646 -0.0250000004 0.0239320812 -0.025539293 synchronous_release_0
0.026273 -0.0250000004 -0.00432588721 0.0347316383 synchronous_release_0
0.036016 -0.0250000004 0.00886951553 0.0338575205 synchronous_release_0
0.00261 -0.0250000004 0.0349737923 -0.00135419727 synchronous_release_0
0.007432 -0.0250000004 0.0236028983 0.0258438231 synchronous_release_0
0.029277 -0.0250000004 0.0341828565 -0.00751879801 synchronous_release_0
0.022682 -0.0250000004 0.0311466628 0.0159651307 synchronous_release_0
0.040523 -0.0250000004 0.00099237944 0.000123219509 asynchronous_release_0
0.025703 -0.0250000004 0.0340169447 -0.00823695765 synchronous_release_0
0.010625 -0.0250000004 0.0172522108 -0.0304526062 synchronous_release_0
0.022518 -0.0250000004 -0.0349892738 -0.000866439406 synchronous_release_1
0.022474 -0.0250000004 0.00914267237 -0.0337847827 synchronous_release_0
0.026467 -0.0250000004 -0.024621988 0.0248748408 synchronous_release_0
0.031784 -0.0250000004 0.00248660498 -0.0349115568 asynchronous_release_0
0.003192 -0.0250000004 -0.00766639521 -0.0341500569 synchronous_release_0
0.009792 -0.0250000004 0.00577702547 -0.0345199359 synchronous_release_0
0.022869 -0.0250000004 0.0323065038 -0.0134643906 synchronous_release_1
0.022666 -0.0250000004 -0.0128354775 -0.0325614883 synchronous_release_0
0.029051 -0.0250000004 0.0100012681 -0.0335406415 synchronous_release_1
0.02251 -0.0250000004 0.0286452547 0.0201109269 synchronous_release_1
0.025215 -0.0250000004 0.0291109925 0.0194306489 synchronous_release_1
0.004756 -0.0250000004 0.0333706101 0.0105547326 synchronous_release_0
0.034789 -0.0250000004 -0.0255937485 0.0238738359 synchronous_release_0
0.040325 -0.0250000004 0.00637050621 -0.0344153549 asynchronous_release_0
0.022151 -0.0250000004 -0.0266193185 -0.0227246976 synchronous_release_0
0.004513 -0.0250000004 0.0337044539 0.00943449999 synchronous_release_0
0.035701 -0.0250000004 -0.00964440716 -0.0336449909 asynchronous_release_0
0.00389 -0.0250000004 0.0330775929 0.0114399672 synchronous_release_0
0.039811 -0.0250000004 0.0264460986 -0.0229260521 synchronous_release_0
0.005243 -0.0250000004 -0.0332093294 0.0110517165 synchronous_release_0
0.024779 -0.0250000004 0.00076977111 -0.000638320012 synchronous_release_0
0.009408 -0.0250000004 -0.000897337685 -0.000441344626 asynchronous_release_1
0.024007 -0.0250000004 -0.0127875153 -0.0325803538 synchronous_release_1
0.023459 -0.0250000004 0.0321439699 -0.0138479312 asynchronous_release_4
0.011277 -0.0250000004 0.0152777457 -0.0314895298 synchronous_release_0
0.025677 -0.0250000004 0.0348610444 -0.00311569948 synchronous_release_0
0.002488 -0.0250000004 0.0190959012 -0.0293316648 synchronous_release_0
0.02273 -0.0250000004 0.0293648883 0.0190447719 synchronous_release_0
0.006099 -0.0250000004 0.0349916478 0.000764579604 synchronous_release_0
0.002275 -0.0250000004 0.00479957075 -0.0346693542 synchronous_release_0
0.02551 -0.0250000004 -0.0025254254 0.0349087701 synchronous_release_0
0.02366 -0.0250000004 -0.0345882914 -0.00535257852 synchronous_release_1
0.009284 -0.0250000004 0.0335442412 0.0099891883 synchronous_release_0
0.039006 -0.0250000004 -0.0345165424 0.00579726638 asynchronous_release_0
0.03052 -0.0250000004 0.000309635925 -0.000950855191 synchronous_release_0
0.022269 -0.0250000004 0.024052723 -0.0254257058 synchronous_release_0
0.022785 -0.0250000004 0.000231926177 -0.00097273339 synchronous_release_0
0.023261 -0.0250000004 0.0227518488 0.0265961158 synchronous_release_0
0.011145 -0.0250000004 -0.000323825593 0.000946116792 synchronous_release_0
0.040642 -0.0250000004 0.00490519843 -0.0346545672 asynchronous_release_0
0.026161 -0.0250000004 -0.0097925198 -0.0336021808 synchronous_release_0
0.030085 -0.0250000004 0.0339966021 0.0083205195 synchronous_release_0
0.022378 -0.0250000004 -0.0145148186 -0.0318483915 synchronous_release_0
0.023149 -0.0250000004 0.0237734549 0.025687017 synchronous_release_0
0.006835 -0.0250000004 0.0236836425 0.0257698482 synchronous_release_0
0.024638 -0.0250000004 -0.0104755219 0.0333955602 synchronous_release_1
0.027137 -0.0250000004 0.0280820095 -0.0208902069 synchronous_release_1
0.022495 -0.0250000004 0.028349822 -0.0205252915 synchronous_release_0
0.040818 -0.0250000004 0.0329043766 0.0119290402 asynchronous_release_0
0.044862 -0.0250000004 0.000156444277 -0.000987686787 synchronous_release_0
0.024256 -0.0250000004 0.0164509808 0.0308928023 synchronous_release_0
0.022796 -0.0250000004 0.0311988414 0.015862922 synchronous_release_0
0.023389 -0.0250000004 0.0344395605 -0.00623832274 synchronous_release_0
0.024106 -0.0250000004 -0.000255890924 0.0349990646 synchronous_release_0
0.022414 -0.0250000004 0.0282686021 -0.0206370089 synchronous_release_0
0.022318 -0.0250000004 0.033119186 0.0113189892 synchronous_release_0
0.016752 -0.0250000004 0.0220983504 0.0271415348 asynchronous_release_0
0.027196 -0.0250000004 0.034644881 -0.00497314974 synchronous_release_0
0.007444 -0.0250000004 0.0249194949 -0.0245767934 synchronous_release_0
0.024775 -0.0250000004 0.0341366516 -0.00772586674 synchronous_release_0
0.036662 -0.0250000004 0.000734293546 -0.000678832076 synchronous_release_0
0.023608 -0.0250000004 0.0349261647 -0.00227222819 synchronous_release_0
0.046357 -0.0250000004 0.0194308897 0.0291108318 synchronous_release_0
0.022481 -0.0250000004 0.030217394 -0.0176609484 synchronous_release_0
0.033107 -0.0250000004 0.0324065727 -0.0132217264 synchronous_release_1
0.022768 -0.0250000004 0.027649562 -0.0214593038 synchronous_release_1
0.024452 -0.0250000004 0.0349912777 -0.000781337017 synchronous_release_0
0.030674 -0.0250000004 -0.0347201163 0.00441741128 synchronous_release_0
0.041023 -0.0250000004 -0.00257138574 -0.0349054147 asynchronous_release_0
0.022962 -0.0250000004 0.0343099308 0.00691582602 synchronous_release_0
0.036358 -0.0250000004 0.0231442464 -0.0262553587 synchronous_release_1
0.026625 -0.0250000004 0.034234849 0.00727840049 synchronous_release_0
0.024053 -0.0250000004 0.024097752 -0.0253830327 synchronous_release_0
0.009466 -0.0250000004 -0.0342011265 -0.00743525012 asynchronous_release_0
0.023635 -0.0250000004 -0.0235396787 0.0259014194 synchronous_release_0
0.035759 -0.0250000004 0.0235396787 -0.0259014194 synchronous_release_0
0.034533 -0.0250000004 0.0106614478 0.0333366695 synchronous_release_2
0.027145 -0.0250000004 -0.0319183166 -0.0143603992 synchronous_release_0
0.025436 -0.0250000004 0.0194885977 0.0290722301 synchronous_release_1
0.027174 -0.0250000004 0.0349252894 0.00228564162 synchronous_release_0
0.028832 -0.0250000004 0.00962264273 0.0336512221 synchronous_release_0
0.027743 -0.0250000004 -0.0333609465 -0.0105852374 synchronous_release_0
0.035555 -0.0250000004 0.0270665187 0.0221901682 synchronous_release_0
0.009307 -0.0250000004 -0.00222573698 -0.0349291582 synchronous_release_0
0.006481 -0.0250000004 0.0349789251 0.00121441367 synchronous_release_0
0.022736 -0.0250000004 0.006615097 0.0343691794 synchronous_release_0
0.033073 -0.0250000004 -0.000673948901 -0.000738777963 synchronous_release_0
0.026844 -0.0250000004 0.0103645724 -0.0334301606 synchronous_release_0
0.032194 -0.0250000004 -0.031363703 -0.0155344178 synchronous_release_0
0.024985 -0.0250000004 0.000327147967 -0.034998471 synchronous_release_0
0.025683 -0.0250000004 -0.000924314294 0.0349877928 synchronous_release_1
0.022825 -0.0250000004 0.0319630842 -0.0142604785 synchronous_release_0
0.027432 -0.0250000004 -0.0279769745 0.0210306657 synchronous_release_1
0.040331 -0.0250000004 0.000934761596 0.00035527561 synchronous_release_0
0.030782 -0.0250000004 0.0237917323 0.0256700891 synchronous_release_1
0.007619 -0.0250000004 0.0296949467 0.0185259315 synchronous_release_0
0.024056 -0.0250000004 0.0308914007 -0.0164536125 synchronous_release_0
0.022805 -0.0250000004 -0.0235324914 -0.0259079495 synchronous_release_0
0.023614 -0.0250000004 0.0250144147 -0.0244801769 synchronous_release_0
0.04061 -0.0250000004 -0.0236404446 0.0258094823 asynchronous_release_0
0.022479 -0.0250000004 0.0335496122 -0.00997113443 synchronous_release_0
0.03498 -0.0250000004 0.00097258239 0.000232558582 synchronous_release_0
0.023769 -0.0250000004 0.000925197215 0.000379486646 synchronous_release_0
0.037888 -0.0250000004 0.0346845665 -0.00468837361 synchronous_release_0
0.027691 -0.0250000004 0.00654302292 0.0343829733 asynchronous_release_0
0.003002 -0.0250000004 0.0323410856 -0.0133811129 synchronous_release_0
0.027266 -0.0250000004 -0.00458215907 0.0346987582 synchronous_release_0
0.022723 -0.0250000004 -0.0349951464 0.00058286249 synchronous_release_0
0.034981 -0.0250000004 -0.0169927995 0.030598117 synchronous_release_0
0.041972 -0.0250000004 0.0198099916 0.0288541892 synchronous_release_0
0.026767 -0.0250000004 0.0289022468 0.0197398107 synchronous_release_0
0.002953 -0.0250000004 0.000107327914 -0.0349998354 synchronous_release_0
0.024831 -0.0250000004 3.6689099e-07 -0.000999999933 asynchronous_release_0
0.003121 -0.0250000004 0.0192581564 0.0292253899 synchronous_release_0
0.023158 -0.0250000004 0.0250443228 -0.0244495786 synchronous_release_0
0.022558 -0.0250000004 0.0337127847 -0.00940468751 synchronous_release_0
0.026185 -0.0250000004 0.0103844527 -0.0334239905 asynchronous_release_0
0.022298 -0.0250000004 0.00661141363 -0.0343698881 synchronous_release_0
0.022973 -0.0250000004 -0.0296306645 -0.0186285727 synchronous_release_0
0.004054 -0.0250000004 0.0274466148 0.0217182719 synchronous_release_0
0.02617 -0.0250000004 0.0349155958 -0.00242923186 synchronous_release_0
0.011814 -0.0250000004 -0.0332687045 -0.0108716742 asynchronous_release_0
0.042266 -0.0250000004 -0.013805395 -0.0321622615 synchronous_release_0
0.030554 -0.0250000004 -0.0268904256 -0.0224032367 synchronous_release_0
0.038096 -0.0250000004 -0.0345692075 -0.00547447647 synchronous_release_0
0.004611 -0.0250000004 0.0338652987 -0.00883977068 synchronous_release_0
0.029842 -0.0250000004 -0.032968461 0.0117507693 synchronous_release_0
0.038979 -0.0250000004 -0.0266606952 -0.0226761401 synchronous_release_0
0.02301 -0.0250000004 0.0284095574 0.0204425304 synchronous_release_0
0.025047 -0.0250000004 -0.0182856085 0.029843534 synchronous_release_0
0.028771 -0.0250000004 0.000267268797 -0.000963622016 synchronous_release_0
0.022783 -0.0250000004 0.0206957086 -0.0282256558 synchronous_release_0
0.028205 -0.0250000004 0.0174034121 -0.0303664494 synchronous_release_0
0.02354 -0.0250000004 0.0334521301 0.010293444 synchronous_release_0
0.027142 -0.0250000004 0.0343330455 -0.00680014627 synchronous_release_0
0.023292 -0.0250000004 -0.0257765086 0.0236763933 synchronous_release_0
0.022742 -0.0250000004 0.0249409128 -0.0245550579 synchronous_release_0
0.040596 -0.0250000004 0.0230943642 0.0262992461 synchronous_release_0
0.021907 -0.0250000004 0.0182148154 -0.0298867947 asynchronous_release_0
0.024138 -0.0250000004 0.0349901312 0.000831095534 synchronous_release_0
0.047623 -0.0250000004 -0.0252251376 -0.0242629848 asynchronous_release_0
0.030547 -0.0250000004 0.0269743785 0.0223020829 synchronous_release_0
0.005299 -0.0250000004 -0.00075597315 0.000654602625 synchronous_release_0
0.025168 -0.0250000004 0.0343697643 -0.00661205748 synchronous_release_0
0.023054 -0.0250000004 0.0170338399 0.030575289 synchronous_release_1
0.023343 -0.0250000004 -0.0292174676 0.0192701736 synchronous_release_0
0.029447 -0.0250000004 0.0332034271 0.0110694366 synchronous_release_0
0.022775 -0.0250000004 0.0348081344 0.00365975089 synchronous_release_0
0.029984 -0.0250000004 0.0205735045 -0.0283148532 synchronous_release_1
0.002645 -0.0250000004 0.0595554524 0.0367851613 synchronous_release_0
0.021989 -0.0250000004 0.0297777262 0.0183925806 synchronous_release_0
0.02258 -0.0250000004 0.0214795653 -0.0276338249 synchronous_release_0
0.00256 -0.0250000004 0.0338185125 -0.00901710659 synchronous_release_0
0.026063 -0.0250000004 0.0346663514 -0.00482121136 synchronous_release_1
0.023154 -0.0250000004 0.0294477094 0.0189164588 synchronous_release_0
0.026344 -0.0250000004 -0.012537206 0.0326774917 synchronous_release_0
0.022504 -0.0250000004 0.027862439 0.021182174 synchronous_release_0
0.007852 -0.0250000004 0.0319704412 -0.0142439772 asynchronous_release_0
0.022248 -0.0250000004 0.034640339 0.00500468917 synchronous_release_0
0.042328 -0.0250000004 0.00417408965 0.0347502083 asynchronous_release_0
0.023806 -0.0250000004 -0.0346666795 0.00481885164 synchronous_release_0
0.029895 -0.0250000004 0.00580434067 -0.0345153535 asynchronous_release_0
0.003285 -0.0250000004 0.0327933433 -0.0122309703 synchronous_release_0
0.022753 -0.0250000004 -0.000839143111 -0.0349899391 synchronous_release_0
0.025932 -0.0250000004 0.0307217477 0.0167682503 synchronous_release_0
0.046049 -0.0250000004 0.0218390083 -0.0273506438 asynchronous_release_0
0.025521 -0.0250000004 0.018572914 0.0296655838 synchronous_release_0
0.023912 -0.0250000004 0.0222563437 -0.0563884311 synchronous_release_0
0.017934 -0.0250000004 -0.0347665583 -0.0040356444 asynchronous_release_0
0.036797 -0.0250000004 -0.0138883086 -0.0321265449 synchronous_release_0
0.033882 -0.0250000004 -0.0173127229 0.0304182449 asynchronous_release_0
0.02271 -0.0250000004 0.0331143781 -0.0113330473 synchronous_release_1
0.027313 -0.0250000004 0.0295975893 0.0186810789 synchronous_release_0
0.024513 -0.0250000004 0.032928545 -0.0118621636 synchronous_release_0
0.035186 -0.0250000004 0.0267372075 0.0225858747 synchronous_release_0
0.043614 -0.0250000004 0.000958186192 0.000286145456 synchronous_release_0
0.024619 -0.0250000004 0.00420560782 0.0347464079 synchronous_release_0
0.015551 -0.0250000004 0.0323886034 -0.0132656839 synchronous_release_0
0.023153 -0.0250000004 0.0328857192 0.0119803787 synchronous_release_0
0.026106 -0.0250000004 -0.0284591346 0.0203734547 synchronous_release_0
0.00304 -0.0250000004 0.0260486036 0.0233767032 synchronous_release_0
0.022658 -0.0250000004 0.0270035463 0.0222667574 synchronous_release_0
0.035201 -0.0250000004 -0.0326302721 0.0126595948 synchronous_release_0
0.022984 -0.0250000004 0.018203836 -0.0298934835 synchronous_release_0
0.028247 -0.0250000004 -0.0081005881 -0.0340496765 synchronous_release_0
0.043003 -0.0250000004 -0.0254375908 0.0240401533 synchronous_release_0
0.022689 -0.0250000004 0.0699851109 -0.00144369282 synchronous_release_0
0.013258 -0.0250000004 0.0346047705 0.00524498399 synchronous_release_1
0.036241 -0.0250000004 0.000690631216 -0.00072320711 asynchronous_release_0
0.022862 -0.0250000004 0.0179664071 -0.0300367811 synchronous_release_0
0.031254 -0.0250000004 -0.000987749149 0.000156050054 asynchronous_release_0
0.022462 -0.0250000004 0.0151963077 0.0315289111 synchronous_release_0
0.026225 -0.0250000004 0.0338689136 -0.0088259104 synchronous_release_0
0.023622 -0.0250000004 0.0249673649 0.0245281611 synchronous_release_0
0.031316 -0.0250000004 0.0250334351 0.0244607262 synchronous_release_0
0.02692 -0.0250000004 0.0156566774 0.0313028506 synchronous_release_0
0.026765 -0.0250000004 0.00237191018 -0.0349195367 synchronous_release_0
0.030134 -0.0250000004 0.0262179225 0.0231866457 synchronous_release_0
0.02258 -0.0250000004 0.0262312808 0.0231715323 synchronous_release_0
0.024153 -0.0250000004 -0.0232848577 0.0261307367 synchronous_release_0
0.027256 -0.0250000004 -0.0234070073 0.026021376 synchronous_release_0
0.023722 -0.0250000004 -0.000424265206 -0.000905537981 synchronous_release_0
0.022957 -0.0250000004 0.0115626577 -0.033034905 synchronous_release_0
0.034629 -0.0250000004 0.0228277381 0.0265310078 synchronous_release_0
0.037496 -0.0250000004 -0.000999776743 -2.11297172e-05 asynchronous_release_0
0.027395 -0.0250000004 0.0308717331 -0.0164904849 synchronous_release_1
0.040334 -0.0250000004 0.0341822784 -0.00752142554 synchronous_release_0
0.004313 -0.0250000004 0.0210177097 -0.0279867089 synchronous_release_0
0.036251 -0.0250000004 -0.0085440823 -0.0339411057 synchronous_release_0
0.008539 -0.0250000004 0.0133428409 -0.0323568941 synchronous_release_0
0.023585 -0.0250000004 0.0318130437 0.0145921297 synchronous_release_1
0.0304 -0.0250000004 0.0294845993 -0.0188589078 synchronous_release_0
0.023979 -0.0250000004 -0.00158999361 -0.0349638659 synchronous_release_1
0.036221 -0.0250000004 -0.0175630523 -0.0302743983 asynchronous_release_0
0.024294 -0.0250000004 0.0348748385 -0.00295730318 synchronous_release_0
0.022484 -0.0250000004 0.0236950229 0.0257593845 synchronous_release_0
0.022617 -0.0250000004 0.0349290887 0.00222682798 synchronous_release_0
0.02433 -0.0250000004 0.00128901095 -0.0349762555 synchronous_release_0
0.025549 -0.0250000004 -0.000894257491 0.000447552835 synchronous_release_0
0.025882 -0.0250000004 0.02851755 0.0202916077 synchronous_release_0
0.022976 -0.0250000004 0.0314400363 0.0153793406 synchronous_release_0
0.047565 -0.0250000004 -0.0317359865 0.0147589689 synchronous_release_0
0.022306 -0.0250000004 0.0321308692 0.0138783012 synchronous_release_0
0.033986 -0.0250000004 0.000599505363 0.000800370739 asynchronous_release_1
0.02784 -0.0250000004 0.0114876046 -0.0330610789 synchronous_release_0
0.022644 -0.0250000004 0.0346427137 -0.00498822473 synchronous_release_1
0.038224 -0.0250000004 -0.00291819357 0.0348781328 asynchronous_release_0
0.011299 -0.0250000004 -0.0316644458 0.0149118366 synchronous_release_0
0.023958 -0.0250000004 0.0287462522 0.0199662962 synchronous_release_0
0.040196 -0.0250000004 -0.0349988624 0.000282185502 synchronous_release_0
0.022689 -0.0250000004 0.012665513 -0.0326279754 synchronous_release_0
0.003777 -0.0250000004 0.0348749285 -0.00295624094 synchronous_release_0
0.022296 -0.0250000004 0.0148772845 -0.0316806945 synchronous_release_0
0.033765 -0.0250000004 0.000598899352 -0.0349948756 synchronous_release_0
0.006844 -0.0250000004 0.0349730301 -0.00137374021 synchronous_release_0
0.024397 -0.0250000004 0.0349240167 0.0023050076 synchronous_release_0
0.022814 -0.0250000004 0.0349672679 -0.00151333211 synchronous_release_0
0.035984 -0.0250000004 0.00203958062 -0.0349405225 asynchronous_release_0
0.006784 -0.0250000004 0.0349584953 0.00170399761 synchronous_release_0
0.022962 -0.0250000004 0.0120798829 -0.0328492988 synchronous_release_0
0.024044 -0.0250000004 0.0169458818 0.0306241259 synchronous_release_0
0.004751 -0.0250000004 -0.00045018112 0.000892937265 synchronous_release_0
0.028023 -0.0250000004 0.0332528325 0.010920125 synchronous_release_0
0.024265 -0.0250000004 0.0334816327 -0.0101970716 synchronous_release_1
0.024205 -0.0250000004 0.029519608 -0.0188040619 synchronous_release_0
0.038667 -0.0250000004 -0.0196248855 -0.0289804049 asynchronous_release_0
0.025532 -0.0250000004 0.0335755391 0.0098834799 synchronous_release_0
0.023283 -0.0250000004 0.0344821458 0.00599846833 synchronous_release_0
0.035206 -0.0250000004 -0.0224358989 0.0268631801 synchronous_release_0
0.037361 -0.0250000004 -0.0192725997 0.0292158673 asynchronous_release_0
0.022609 -0.0250000004 0.0349379831 0.00208262729 synchronous_release_0
0.026505 -0.0250000004 0.0156653834 0.0312984946 synchronous_release_0
0.023397 -0.0250000004 -0.032983339 0.0117089432 synchronous_release_0
0.022342 -0.0250000004 0.0334609847 -0.0102646238 synchronous_release_0
0.024683 -0.0250000004 0.00657727047 -0.0343764383 synchronous_release_0
0.029042 -0.0250000004 -0.0264822337 -0.0228843025 synchronous_release_0
0.029128 -0.0250000004 -0.0342642448 -0.00713873431 synchronous_release_0
0.024821 -0.0250000004 0.0349333977 -0.00215817643 synchronous_release_0
0.022079 -0.0250000004 0.0216099635 -0.0275319719 synchronous_release_0
0.023928 -0.0250000004 -0.000926817431 0.000375512249 synchronous_release_0
0.003115 -0.0250000004 0.0335787465 -0.00987257738 synchronous_release_0
0.023962 -0.0250000004 0.0237742649 -0.0256862673 synchronous_release_0
0.024458 -0.0250000004 0.0349177628 0.00239788309 synchronous_release_0
0.022393 -0.0250000004 0.0276118311 0.0215078307 synchronous_release_0
0.031327 -0.0250000004 0.0303500177 -0.0174320517 asynchronous_release_0
0.030938 -0.0250000004 -0.0348675113 0.0030424752 asynchronous_release_0
0.022851 -0.0250000004 0.0349981563 0.000359247412 synchronous_release_1
0.027315 -0.0250000004 0.0345794377 0.00540948126 synchronous_release_0
0.022302 -0.0250000004 0.034977312 0.00126001783 synchronous_release_0
0.029598 -0.0250000004 0.0326216324 0.0126818412 synchronous_release_0
0.02332 -0.0250000004 -0.0215143728 0.027606734 synchronous_release_0
0.014684 -0.0250000004 0.0325865334 0.0127717596 synchronous_release_0
0.022483 -0.0250000004 0.03494845 0.00189890482 synchronous_release_0
0.025263 -0.0250000004 0.000831237996 0.000555916714 asynchronous_release_0
0.023161 -0.0250000004 0.00920150429 0.0337688069 synchronous_release_1
0.03121 -0.0250000004 0.0154697721 0.031395639 synchronous_release_0
0.02489 -0.0250000004 0.015293465 0.0314818984 synchronous_release_0
0.022707 -0.0250000004 0.0254868261 -0.023987949 synchronous_release_0
0.041497 -0.0250000004 0.000883310003 0.034988852 asynchronous_release_0
0.028644 -0.0250000004 0.0273324531 0.0218617705 synchronous_release_0
0.024797 -0.0250000004 0.0349993213 -0.000217965049 synchronous_release_0
0.024991 -0.0250000004 0.0177646023 -0.0301565732 synchronous_release_0
0.033436 -0.0250000004 -0.00874116474 -0.0338908843 asynchronous_release_0
0.024007 -0.0250000004 -0.00513851524 0.0346207403 synchronous_release_0
0.006061 -0.0250000004 0.000993300942 -0.000115556214 asynchronous_release_0
0.02308 -0.0250000004 0.025056065 0.0244375451 synchronous_release_0
0.034825 -0.0250000004 -0.0333011918 0.0107717512 asynchronous_release_0
0.003097 -0.0250000004 0.0251772808 0.0243126414 synchronous_release_0
0.022305 -0.0250000004 -0.0314371757 0.0153851873 asynchronous_release_0
0.048621 -0.0250000004 0.00839928501 0.0339772278 asynchronous_release_0
0.022424 -0.0250000004 0.0349975264 0.000416104637 synchronous_release_0
0.022808 -0.0250000004 3.95377961e-05 -0.000999218076 synchronous_release_0
0.026916 -0.0250000004 0.000970927887 0.000239372176 asynchronous_release_0
0.038684 -0.0250000004 0.0289504321 0.0196690742 asynchronous_release_0
0.024074 -0.0250000004 0.0341894561 0.00748873076 synchronous_release_0
0.027498 -0.0250000004 0.0274100079 -0.0217644543 synchronous_release_0
0.023079 -0.0250000004 -0.0349908918 -0.000798432138 synchronous_release_0
0.044241 -0.0250000004 0.0349908918 0.000798432138 synchronous_release_0
0.022172 -0.0250000004 0.0196466219 0.0289656736 asynchronous_release_0
0.022732 -0.0250000004 -0.000706174106 -0.000708038227 synchronous_release_0
0.030284 -0.0250000004 0.024781338 -0.0247160937 synchronous_release_0
0.030221 -0.0250000004 0.0232687649 0.026145068 synchronous_release_0
0.023077 -0.0250000004 0.0232019819 0.0262043515 synchronous_release_0
0.023981 -0.0250000004 0.0343391885 -0.0067690568 synchronous_release_1
0.003014 -0.0250000004 0.0270648041 -0.0221922595 synchronous_release_0
0.02261 -0.0250000004 -0.0117795979 -0.0329581716 synchronous_release_0
0.022192 -0.0250000004 -0.0125104767 0.0326877343 synchronous_release_0
0.037505 -0.0250000004 -0.000864916331 -0.00050191607 synchronous_release_1
0.017666 -0.0250000004 0.0349887871 -0.000885874991 asynchronous_release_0
0.043177 -0.0250000004 0.0341221606 -0.00778961868 asynchronous_release_0
0.023031 -0.0250000004 0.00249771027 0.034910764 asynchronous_release_3
0.037333 -0.0250000004 0.0289847534 -0.0196184625 synchronous_release_0
0.023008 -0.0250000004 0.0289317542 0.0196965377 synchronous_release_0
0.00256 -0.0250000004 0.0263640889 0.0230203132 synchronous_release_0
0.044514 -0.0250000004 0.0161596084 0.0310462084 asynchronous_release_0
0.036105 -0.0250000004 0.003756464 -0.0347978301 synchronous_release_0
0.029037 -0.0250000004 -0.000999137116 4.15334047e-05 asynchronous_release_0
0.005519 -0.0250000004 0.0345405954 -0.00565219172 synchronous_release_0
0.022212 -0.0250000004 -0.00920581069 0.0337676332 synchronous_release_1
0.028521 -0.0250000004 0.0239868524 -0.0254878581 synchronous_release_1
0.002665 -0.0250000004 0.033674994 -0.00953911846 synchronous_release_0
0.005896 -0.0250000004 0.0275523469 -0.0215839797 synchronous_release_0
0.026025 -0.0250000004 0.0324684482 0.0130690425 synchronous_release_0
0.027037 -0.0250000004 0.0347869744 -0.00385569857 synchronous_release_0
0.0061 -0.0250000004 -0.0294245932 0.018952396 synchronous_release_0
0.022498 -0.0250000004 0.033831122 0.00896968146 synchronous_release_0
0.007771 -0.0250000004 0.016811872 0.0306978983 synchronous_release_0
0.025005 -0.0250000004 0.0174324386 0.0303497955 synchronous_release_0
0.007827 -0.0250000004 0.0337114284 0.00940954824 synchronous_release_0
0.002741 -0.0250000004 0.00417142662 -0.0347505281 synchronous_release_0
0.022513 -0.0250000004 -0.0321805534 0.0137627026 synchronous_release_0
0.024619 -0.0250000004 0.0273487809 -0.0218413411 synchronous_release_0
0.023333 -0.0250000004 0.0271181036 0.0221270978 synchronous_release_1
0.023279 -0.0250000004 0.0287122577 -0.0200151506 synchronous_release_0
0.04976 -0.0250000004 0.0316897578 0.0148579693 synchronous_release_1
0.022959 -0.0250000004 0.0095379858 0.0336753148 synchronous_release_0
0.019177 -0.0250000004 0.0349120908 -0.00247909649 synchronous_release_0
0.009441 -0.0250000004 0.0242193721 0.0252670144 synchronous_release_0
0.022446 -0.0250000004 0.0273714094 0.0218129766 synchronous_release_0
0.024862 -0.0250000004 -0.00098888069 -0.000148711063 synchronous_release_1
0.023293 -0.0250000004 -0.00349805558 0.0348247557 synchronous_release_0
0.028941 -0.0250000004 0.00349805558 -0.0348247557 synchronous_release_1
0.002405 -0.0250000004 0.0345977247 -0.00529126143 synchronous_release_0
0.035336 -0.0250000004 0.033364026 -0.0105755269 synchronous_release_0
0.024334 -0.0250000004 0.028339255 0.0205398789 synchronous_release_0
0.029146 -0.0250000004 0.0338998404 -0.00870636677 asynchronous_release_0
0.004883 -0.0250000004 0.0330595903 0.0114918881 synchronous_release_0
0.022474 -0.0250000004 0.0213188356 0.0277580123 synchronous_release_0
0.023239 -0.0250000004 0.0318548751 0.014500584 synchronous_release_0
0.01519 -0.0250000004 -0.00837830467 -0.0339824074 asynchronous_release_0
0.037959 -0.0250000004 0.0252404757 -0.0242470284 synchronous_release_0
0.0222 -0.0250000004 0.0232246769 -0.0261842392 synchronous_release_0
0.02844 -0.0250000004 0.021576918 0.0275578775 synchronous_release_0
0.024593 -0.0250000004 0.0145890631 -0.0318144501 synchronous_release_0
0.021987 -0.0250000004 0.0250225797 -0.0244718308 synchronous_release_0
0.004253 -0.0250000004 0.034735229 -0.00429695993 synchronous_release_0
0.024718 -0.0250000004 0.0273305968 -0.0218640911 synchronous_release_0
0.022818 -0.0250000004 0.0181436769 0.0299300349 synchronous_release_0
0.033991 -0.0250000004 0.0168483321 -0.0306779026 synchronous_release_0
0.002493 -0.0250000004 0.0334789543 -0.0102058621 synchronous_release_0
0.029973 -0.0250000004 0.0346930335 0.00462530257 synchronous_release_0
0.008803 -0.0250000004 0.0319051026 0.0143897334 synchronous_release_0
0.008649 -0.0250000004 0.0302760514 -0.0175602025 synchronous_release_0
0.022378 -0.0250000004 0.0336168364 -0.00974208973 synchronous_release_0
0.023343 -0.0250000004 0.0136496685 -0.0322286604 synchronous_release_1
0.022692 -0.0250000004 0.0217502369 -0.0274212909 synchronous_release_0
0.038246 -0.0250000004 -0.013861566 -0.0321380925 asynchronous_release_3
0.038264 -0.0250000004 0.023982267 0.0254921727 synchronous_release_0
0.024743 -0.0250000004 0.0273115217 0.021887914 synchronous_release_0
0.022836 -0.0250000004 0.0052997287 -0.0345964287 synchronous_release_1
0.026955 -0.0250000004 0.0186237927 0.0296336691 synchronous_release_0
0.024304 -0.0250000004 0.012671998 0.0326254573 synchronous_release_0
0.029358 -0.0250000004 0.0345904739 0.00533845644 synchronous_release_0
0.025855 -0.0250000004 -0.000694633397 0.000719363916 synchronous_release_0
0.023908 -0.0250000004 0.0256571956 -0.0238056362 synchronous_release_0
0.02685 -0.0250000004 0.00570538036 -0.0345318496 synchronous_release_0
0.004242 -0.0250000004 0.034524551 -0.00574938084 synchronous_release_1
0.027146 -0.0250000004 0.0236816204 -0.0257717064 synchronous_release_1
0.048789 -0.0250000004 0.0283934971 -0.0204648314 asynchronous_release_0
0.02318 -0.0250000004 -0.000972155817 0.0349864962 synchronous_release_0
0.023135 -0.0250000004 0.0157085176 0.031276868 synchronous_release_0
0.028231 -0.0250000004 -0.0157085176 -0.031276868 synchronous_release_0
0.004641 -0.0250000004 0.033939855 0.00854904918 synchronous_release_0
0.008106 -0.0250000004 0.0311959483 0.0158686108 synchronous_release_0
0.022702 -0.0250000004 0.0302398591 0.017622455 synchronous_release_0
0.003002 -0.0250000004 0.0295818668 0.0187059658 synchronous_release_0
0.023405 -0.0250000004 0.0298298119 0.0183079852 synchronous_release_0
0.029228 -0.0250000004 -0.015594139 -0.0313340522 synchronous_release_0
0.022571 -0.0250000004 0.0336097102 -0.00976664643 synchronous_release_0
0.026427 -0.0250000004 0.0224192764 0.0268770542 synchronous_release_0
0.02867 -0.0250000004 -0.00107383563 0.0349835229 synchronous_release_0
0.045319 -0.0250000004 0.0332755172 0.0108508045 asynchronous_release_0
0.010082 -0.0250000004 0.0144142742 -0.031894023 synchronous_release_0
0.027153 -0.0250000004 0.020413897 0.0284301391 synchronous_release_0
0.023037 -0.0250000004 0.0285296547 -0.0202745851 synchronous_release_0
0.022263 -0.0250000004 0.0348775323 0.00292536149 synchronous_release_0
0.02593 -0.0250000004 -0.033712045 0.00940733856 asynchronous_release_0
0.043434 -0.0250000004 0.033712045 -0.00940733856 synchronous_release_0
0.022492 -0.0250000004 -0.0136063067 -0.0322469908 synchronous_release_0
0.030654 -0.0250000004 0.0347298666 0.00434008815 synchronous_release_0
0.03442 -0.0250000004 -0.000499064966 -0.000866564574 asynchronous_release_0
0.023602 -0.0250000004 0.000548577462 -0.000836099736 synchronous_release_0
0.003039 -0.0250000004 -0.000186263295 0.0349995044 synchronous_release_0
0.023111 -0.0250000004 0.0063288018 -0.0344230485 synchronous_release_1
0.02617 -0.0250000004 0.00082004168 0.000572303804 synchronous_release_0
0.02242 -0.0250000004 0.0336015997 0.00979451348 synchronous_release_0
0.026297 -0.0250000004 0.027747418 -0.0213326228 synchronous_release_0
0.031227 -0.0250000004 0.0349970814 0.000451984911 synchronous_release_0
0.048109 -0.0250000004 -0.0280901766 0.0208792236 asynchronous_release_0
0.022677 -0.0250000004 0.0342080693 0.00740324241 synchronous_release_1
0.03841 -0.0250000004 -0.0257853497 0.0236667645 asynchronous_release_0
0.049411 -0.0250000004 0.0257853497 -0.0236667645 synchronous_release_0
0.023356 -0.0250000004 -0.000623312686 -0.0349944493 synchronous_release_0
0.012844 -0.0250000004 0.0329984319 0.01166634 asynchronous_release_1
0.034732 -0.0250000004 -0.000929427503 0.000369004766 synchronous_release_1
0.022255 -0.0250000004 0.0349559043 -0.0017563473 synchronous_release_0
0.023683 -0.0250000004 0.034946835 0.00192839935 synchronous_release_0
0.022578 -0.0250000004 0.0130416663 -0.0324794541 synchronous_release_0
0.026695 -0.0250000004 -0.0221345869 0.0271119912 synchronous_release_0
0.003084 -0.0250000004 0.0170604333 -0.0305604583 synchronous_release_0
0.006646 -0.0250000004 0.0307464768 0.0167228635 synchronous_release_0
0.014492 -0.0250000004 0.0345474218 -0.00561031606 asynchronous_release_0
0.0421 -0.0250000004 -0.0214836178 -0.0276306743 asynchronous_release_0
0.006101 -0.0250000004 -0.013187057 0.032420696 synchronous_release_0
0.002627 -0.0250000004 0.0247735205 0.0247239293 synchronous_release_0
0.032994 -0.0250000004 -0.0061739148 0.0344511651 asynchronous_release_4
0.025392 -0.0250000004 -0.00617941848 0.0344501783 synchronous_release_0
0.02299 -0.0250000004 -0.0339148712 0.00864763021 synchronous_release_0
0.010623 -0.0250000004 -0.0177119007 0.0301875566 synchronous_release_0
0.025374 -0.0250000004 0.00907360488 -0.0338033977 synchronous_release_0
0.018321 -0.0250000004 0.0246926726 -0.0248046753 asynchronous_release_0
0.010504 -0.0250000004 0.0338278153 0.00898214411 synchronous_release_0
0.026767 -0.0250000004 0.0150718762 -0.0315885826 synchronous_release_0
0.023671 -0.0250000004 0.0149610295 0.0316412325 synchronous_release_0
0.03173 -0.0250000004 0.0348826259 0.00286398467 synchronous_release_0
0.023005 -0.0250000004 -0.000455042171 0.000890469889 synchronous_release_0
0.004535 -0.0250000004 -0.000993871138 0.000110544834 synchronous_release_0
0.032232 -0.0250000004 -0.0330539694 -0.0115080454 synchronous_release_0
0.035504 -0.0250000004 0.0142333517 -0.0319751732 synchronous_release_1
0.022504 -0.0250000004 0.0248143435 -0.0246829568 synchronous_release_0
0.048714 -0.0250000004 0.0258430176 -0.0236037803 asynchronous_release_0
0.022793 -0.0250000004 0.000348979203 -0.000937130469 synchronous_release_0
0.032959 -0.0250000004 0.0280576228 -0.0209229493 asynchronous_release_0
0.024154 -0.0250000004 0.0252029969 -0.0242859825 synchronous_release_0
0.026208 -0.0250000004 -0.0120503078 0.0328601595 synchronous_release_0
0.023051 -0.0250000004 -0.024888348 0.0246083347 synchronous_release_0
0.028585 -0.0250000004 -0.00886726899 -0.0338581089 synchronous_release_0
0.040999 -0.0250000004 0.024888348 -0.0246083347 synchronous_release_0
0.036728 -0.0250000004 0.0272998048 -0.0219025263 synchronous_release_0
0.033554 -0.0250000004 0.000491112116 -0.000871096372 synchronous_release_0
0.022543 -0.0250000004 0.0123283138 0.0327568722 synchronous_release_0
0.025836 -0.0250000004 0.0327449893 -0.0123598413 synchronous_release_0
0.022563 -0.0250000004 0.0348748112 0.00295762434 synchronous_release_0
0.027295 -0.0250000004 -0.0199987834 0.0287236603 synchronous_release_0
0.039537 -0.0250000004 0.0305202864 -0.0171321954 asynchronous_release_1
0.003035 -0.0250000004 0.0112622556 0.0331385214 synchronous_release_0
0.022594 -0.0250000004 0.0229375696 0.0264361098 synchronous_release_0
0.022676 -0.0250000004 -0.0243480343 0.0251430552 synchronous_release_0
0.036169 -0.0250000004 -0.00674769888 -0.0343433918 asynchronous_release_0
0.028717 -0.0250000004 0.0229656643 -0.0264117069 synchronous_release_0
0.029037 -0.0250000004 0.0252338199 -0.024253955 synchronous_release_0
0.022617 -0.0250000004 0.00338572117 -0.0348358564 synchronous_release_0
0.022297 -0.0250000004 0.0346266335 0.00509865186 synchronous_release_0
0.022986 -0.0250000004 0.000367204705 0.0349980737 synchronous_release_0
0.009441 -0.0250000004 0.0349314723 0.0021891186 synchronous_release_0
0.024679 -0.0250000004 0.0331361476 -0.0112692378 synchronous_release_0
0.02834 -0.0250000004 0.00584221024 0.0345089638 synchronous_release_0
0.027284 -0.0250000004 -0.000175900892 -0.000984407881 synchronous_release_1
0.022978 -0.0250000004 0.0323135389 0.0134474982 synchronous_release_0
0.011858 -0.0250000004 0.023311357 0.0261070994 synchronous_release_0
0.002727 -0.0250000004 -0.0203520172 0.0284744692 synchronous_release_0
0.022674 -0.0250000004 0.000465062008 -0.000885278108 synchronous_release_0
0.002973 -0.0250000004 0.0336951994 -0.00946749885 synchronous_release_0
0.018837 -0.0250000004 -0.00864850521 0.0339146481 synchronous_release_0
0.022521 -0.0250000004 -0.0283726216 0.0204937636 synchronous_release_0
0.022709 -0.0250000004 0.0327859429 -0.0122507938 synchronous_release_0
0.028734 -0.0250000004 0.000195678049 -0.000980668191 asynchronous_release_0
0.04445 -0.0250000004 -0.0343714135 0.00660347886 asynchronous_release_0
0.022404 -0.0250000004 0.03447572 -0.00603529068 synchronous_release_0
0.028629 -0.0250000004 0.0114707795 -0.0330669203 synchronous_release_1
0.003679 -0.0250000004 0.0165156885 -0.0308582571 synchronous_release_1
0.022662 -0.0250000004 0.024400875 0.0250917775 synchronous_release_0
0.033538 -0.0250000004 0.0322660842 0.0135609665 asynchronous_release_0
0.035418 -0.0250000004 0.0349139072 -0.00245338224 asynchronous_release_0
0.038441 -0.0250000004 0.0347773806 0.00394129442 synchronous_release_1
0.028746 -0.0250000004 -0.0311232414 -0.0160107415 synchronous_release_0
0.034873 -0.0250000004 -0.0227274498 0.0266169688 asynchronous_release_0
0.024082 -0.0250000004 -0.00526380975 -0.0346019119 synchronous_release_0
0.024726 -0.0250000004 -0.00233886368 0.0349217657 synchronous_release_1
0.031387 -0.0250000004 0.0322431348 -0.0136154418 asynchronous_release_4
0.02238 -0.0250000004 -0.00433024893 0.0347310948 synchronous_release_0
0.023435 -0.0250000004 0.0696738381 -0.00674953974 synchronous_release_0
0.027021 -0.0250000004 -0.0349998238 0.000111060417 synchronous_release_1
0.024762 -0.0250000004 -0.000585788191 -0.000810464185 synchronous_release_0
0.029802 -0.0250000004 0.0283662465 -0.0205025867 synchronous_release_0
0.030693 -0.0250000004 0.0339164059 -0.00864160945 synchronous_release_0
0.026747 -0.0250000004 0.0334990654 0.0101396556 synchronous_release_1
0.02804 -0.0250000004 0.0255307321 -0.0239412138 synchronous_release_2
0.027894 -0.0250000004 -0.0243808141 -0.0251112704 asynchronous_release_0
0.022541 -0.0250000004 -0.0230888962 0.0263040467 asynchronous_release_1
0.005611 -0.0250000004 0.000934740712 0.000355330553 synchronous_release_0
0.002657 -0.0250000004 0.0349977778 -0.000394398629 synchronous_release_0
0.024156 -0.0250000004 -0.0178404481 -0.0301117653 synchronous_release_0
0.025231 -0.0250000004 -0.00153860336 0.0349661651 synchronous_release_0
0.022707 -0.0250000004 0.031119697 -0.0160176297 synchronous_release_0
0.022931 -0.0250000004 -0.000749602014 -0.000661888828 synchronous_release_0
0.023678 -0.0250000004 0.0334457782 -0.0103140643 synchronous_release_0
0.02256 -0.0250000004 0.0297627014 0.0184168836 synchronous_release_0
0.025247 -0.0250000004 0.0308308398 -0.0165668137 synchronous_release_2
0.023644 -0.0250000004 0.024584165 -0.0249122225 synchronous_release_0
0.038835 -0.0250000004 -0.00777038425 -0.0341265458 synchronous_release_0
0.034531 -0.0250000004 0.00892045198 -0.0338441359 synchronous_release_0
0.034071 -0.0250000004 -0.0343381467 -0.00677433998 asynchronous_release_0
0.022843 -0.0250000004 0.0309590373 0.0163259918 synchronous_release_0
0.022796 -0.0250000004 0.0199299871 -0.0287714375 synchronous_release_0
0.023034 -0.0250000004 0.0283971017 -0.0204598293 synchronous_release_0
0.025709 -0.0250000004 0.0326943897 0.0124930733 synchronous_release_0
0.03255 -0.0250000004 0.0119962943 0.0328799167 synchronous_release_1
0.026725 -0.0250000004 -0.000939288303 -0.00034312896 asynchronous_release_0
0.023555 -0.0250000004 0.0365694245 0.0483495314 synchronous_release_0
0.029854 -0.0250000004 0.000987362749 0.000158476503 synchronous_release_0
0.003045 -0.0250000004 0.00475931796 -0.0346749029 synchronous_release_0
0.010937 -0.0250000004 0.000775111324 0.000631824687 asynchronous_release_0
0.040926 -0.0250000004 0.000744828668 0.000667255765 synchronous_release_0
0.034573 -0.0250000004 0.046105617 0.0393607937 synchronous_release_0
0.034239 -0.0250000004 0.0301575571 -0.0177629319 synchronous_release_0
0.023982 -0.0250000004 0.00931202349 0.0337384976 synchronous_release_1
0.023423 -0.0250000004 -0.00577250541 -0.0345206921 synchronous_release_0
0.022669 -0.0250000004 0.0345770997 0.00542440578 synchronous_release_0
0.02618 -0.0250000004 0.021986223 -0.0272324438 synchronous_release_0
0.025263 -0.0250000004 0.0317260737 0.0147802655 synchronous_release_0
0.019998 -0.0250000004 0.0240153023 0.0254610537 asynchronous_release_0
0.025991 -0.0250000004 0.000862998093 -0.000505207176 synchronous_release_0
0.030077 -0.0250000004 0.00121429492 -0.0349789292 synchronous_release_0
0.034737 -0.0250000004 -0.034979833 0.00118797537 asynchronous_release_1
0.025453 -0.0250000004 0.000848555322 -0.000529106667 synchronous_release_0
0.037375 -0.0250000004 0.0275575688 -0.0215773121 synchronous_release_0
0.025201 -0.0250000004 -0.000900501383 0.0349884138 asynchronous_release_4
0.037132 -0.0250000004 0.000900501383 -0.0349884138 synchronous_release_1
0.022654 -0.0250000004 0.0091375526 0.0337861678 synchronous_release_0
0.011049 -0.0250000004 0.0349267881 -0.00226262584 synchronous_release_0
0.022237 -0.0250000004 0.0322258358 -0.0136563357 synchronous_release_0
0.02687 -0.0250000004 0.00097782404 0.000209428142 synchronous_release_0
0.029624 -0.0250000004 0.000316295695 -0.000948660652 asynchronous_release_0
0.002656 -0.0250000004 0.0343823508 -0.00654629329 synchronous_release_0
0.024087 -0.0250000004 -0.0246676604 0.0248295495 synchronous_release_0
0.005467 -0.0250000004 0.0213602826 -0.0277261308 synchronous_release_0
0.012831 -0.0250000004 -0.0213602826 0.0277261308 synchronous_release_0
0.023585 -0.0250000004 0.0133313923 0.0323616127 synchronous_release_1
0.022796 -0.0250000004 -0.0319543116 -0.0142801251 synchronous_release_0
0.022179 -0.0250000004 0.0240517222 -0.0254266526 synchronous_release_0
0.026113 -0.0250000004 0.000231005549 -0.0349992377 synchronous_release_0
0.027693 -0.0250000004 0.0226718419 -0.0266643505 synchronous_release_1
0.005786 -0.0250000004 -0.028577562 0.0202070025 synchronous_release_0
0.023504 -0.0250000004 -0.000577342928 -0.000816501772 synchronous_release_0
0.022503 -0.0250000004 0.0251754989 0.0243144865 synchronous_release_0
0.00262 -0.0250000004 0.0340978878 0.00789519129 synchronous_release_0
0.002913 -0.0250000004 0.0191672367 0.0292850992 synchronous_release_0
0.022404 -0.0250000004 0.010358432 0.0334320637 synchronous_release_0
0.025214 -0.0250000004 0.000221296189 -0.000975206643 synchronous_release_1
0.024684 -0.0250000004 -0.0183279085 0.0298175749 synchronous_release_1
0.011519 -0.0250000004 -0.0231665951 -0.0262356413 asynchronous_release_0
0.036638 -0.0250000004 -0.00258384901 0.0349044943 synchronous_release_0
0.029958 -0.0250000004 0.0329615178 -0.0117702314 synchronous_release_0
0.003373 -0.0250000004 -0.000379969757 -0.00092499891 synchronous_release_0
0.00546 -0.0250000004 0.00467025977 -0.0346870102 synchronous_release_0
0.026412 -0.0250000004 0.014632225 0.031794622 asynchronous_release_0
0.022659 -0.0250000004 0.0290616123 -0.0195044275 synchronous_release_0
0.011582 -0.0250000004 0.0349673658 0.00151106769 synchronous_release_0
0.044788 -0.0250000004 0.0173442443 0.0304002827 asynchronous_release_0
0.025866 -0.0250000004 -0.00131492297 0.034975291 synchronous_release_0
0.004439 -0.0250000004 0.0283188447 0.02056801 synchronous_release_0
0.023357 -0.0250000004 -0.0203550922 -0.0284722711 synchronous_release_0
0.03028 -0.0250000004 0.000390548875 0.000920582194 synchronous_release_0
0.048877 -0.0250000004 0.00030520553 0.000952286503 asynchronous_release_0
0.025254 -0.0250000004 0.0239867293 -0.025487974 synchronous_release_0
0.038266 -0.0250000004 0.0225349209 0.0267801669 synchronous_release_0
0.006528 -0.0250000004 -0.000758189301 -0.000652034496 synchronous_release_0
0.025213 -0.0250000004 -0.00425196586 0.0347407655 synchronous_release_0
0.034304 -0.0250000004 0.0305332232 -0.0171091285 synchronous_release_0
0.026831 -0.0250000004 -0.0231621879 0.0262395322 synchronous_release_0
0.02237 -0.0250000004 0.000838330381 -0.000545162519 synchronous_release_0
0.023228 -0.0250000004 0.0174073454 0.0303641948 synchronous_release_0
0.028083 -0.0250000004 0.0349998368 0.000106894029 synchronous_release_0
0.023217 -0.0250000004 -0.00137110835 -0.0349731334 synchronous_release_0
0.023194 -0.0250000004 0.033851908 0.00889091239 synchronous_release_0
0.024482 -0.0250000004 0.0349941461 0.000640107623 synchronous_release_0
0.009075 -0.0250000004 -0.0158481223 -0.0312063619 synchronous_release_0
0.023466 -0.0250000004 -0.019101441 0.0293280574 synchronous_release_0
0.0284 -0.0250000004 -0.0349495633 -0.00187830446 synchronous_release_0
0.022723 -0.0250000004 0.0312806983 0.0157008889 synchronous_release_0
0.022916 -0.0250000004 0.0146432085 0.0317895651 synchronous_release_0
0.026744 -0.0250000004 0.0144239611 -0.0318896433 synchronous_release_0
0.029398 -0.0250000004 -0.0169990155 0.0305946641 synchronous_release_0
0.022227 -0.0250000004 0.0179962486 0.0300189113 synchronous_release_1
0.030761 -0.0250000004 0.0160851304 0.0310848609 synchronous_release_1
0.031455 -0.0250000004 -0.00427769448 0.0347376069 synchronous_release_0
0.022539 -0.0250000004 0.0029686013 0.0348738786 synchronous_release_0
0.043067 -0.0250000004 -0.0215344951 -0.0275910406 asynchronous_release_0
0.023165 -0.0250000004 0.0131272945 -0.0324449401 synchronous_release_0
0.032531 -0.0250000004 0.0347941142 -0.00379072763 synchronous_release_1
0.035965 -0.0250000004 0.0346204436 0.00514051411 synchronous_release_0
0.033575 -0.0250000004 -0.0265365959 -0.0228212418 asynchronous_release_0
0.023067 -0.0250000004 0.0349879343 0.000918943142 synchronous_release_0
0.032973 -0.0250000004 0.0182897952 -0.0298409683 synchronous_release_1
0.002828 -0.0250000004 0.0342381518 0.00726284823 synchronous_release_0
0.022545 -0.0250000004 0.0327398504 0.0123734473 synchronous_release_1
0.035633 -0.0250000004 0.0262197325 -0.023184599 synchronous_release_0
0.025627 -0.0250000004 -0.000974333344 0.000225110051 synchronous_release_0
0.022476 -0.0250000004 0.0337099217 -0.0094149443 synchronous_release_0
0.033162 -0.0250000004 0.0334758836 -0.0102159296 synchronous_release_0
0.036482 -0.0250000004 -0.000744187246 -0.000667971065 synchronous_release_0
0.028751 -0.0250000004 0.0301876136 0.0177118036 synchronous_release_0
0.002712 -0.0250000004 0.0229779487 -0.0264010203 synchronous_release_0
0.040667 -0.0250000004 -0.0189124714 -0.0294502704 synchronous_release_0
0.029523 -0.0250000004 0.0160484466 -0.0311038159 synchronous_release_2
0.028664 -0.0250000004 -0.0140621689 -0.0320508253 asynchronous_release_2
0.013266 -0.0250000004 0.0137655612 -0.0321793307 asynchronous_release_0
0.023378 -0.0250000004 0.0347508985 -0.00416833967 synchronous_release_0
0.022613 -0.0250000004 0.0138934857 0.0321243063 synchronous_release_0
0.028692 -0.0250000004 0.0208737225 -0.0280942647 synchronous_release_0
0.04331 -0.0250000004 0.0347672082 0.00403004158 synchronous_release_1
0.02519 -0.0250000004 0.0318456588 0.0145208133 synchronous_release_0
0.034415 -0.0250000004 0.00334743621 0.0348395561 synchronous_release_0
0.023663 -0.0250000004 0.0281922402 -0.0207412052 synchronous_release_0
0.025549 -0.0250000004 0.0144552191 0.0318754865 synchronous_release_0
0.02397 -0.0250000004 -0.015668887 0.0312967407 synchronous_release_1
0.026317 -0.0250000004 -0.000169822998 0.034999588 synchronous_release_0
0.032574 -0.0250000004 0.0303767938 0.0173853502 synchronous_release_0
0.010017 -0.0250000004 0.028119865 0.0208392224 synchronous_release_0
0.026893 -0.0250000004 0.0339339481 -0.00857246547 asynchronous_release_1
0.023217 -0.0250000004 0.000717183669 -0.000696884198 synchronous_release_0
0.002545 -0.0250000004 0.0330197788 0.0116057834 synchronous_release_0
0.024083 -0.0250000004 0.0254723867 -0.0240032813 synchronous_release_0
0.00306 -0.0250000004 0.03229906 0.0134822373 synchronous_release_0
0.024623 -0.0250000004 -0.0118895395 0.0329186702 synchronous_release_0
0.033894 -0.0250000004 0.0349339782 0.00214875911 synchronous_release_1
0.031796 -0.0250000004 0.00328854142 -0.0348451646 asynchronous_release_0
0.008849 -0.0250000004 -0.000828256498 0.000560349153 synchronous_release_0
0.023903 -0.0250000004 0.0196122203 0.0289889774 synchronous_release_0
0.031032 -0.0250000004 -0.0349113011 0.00249019232 synchronous_release_0
0.046289 -0.0250000004 -0.0320795384 0.013996543 asynchronous_release_1
0.022619 -0.0250000004 0.0286859699 0.0200528086 synchronous_release_0
0.023088 -0.0250000004 -0.03345864 0.0102722642 synchronous_release_0
0.027383 -0.0250000004 -0.00215406666 -0.0349336514 synchronous_release_0
0.023547 -0.0250000004 0.0349795124 -0.00119737859 synchronous_release_0
0.023296 -0.0250000004 0.00550521655 0.0345643254 synchronous_release_0
0.02291 -0.0250000004 0.00666645445 -0.0343592547 synchronous_release_0
0.004006 -0.0250000004 0.0333137418 -0.0107328751 synchronous_release_0
0.023566 -0.0250000004 0.0339969967 0.00831890725 synchronous_release_0
0.027898 -0.0250000004 0.0348427448 0.00331408113 synchronous_release_0
0.033357 -0.0250000004 0.0320902209 -0.0139720335 synchronous_release_0
0.007162 -0.0250000004 0.0312665975 0.0157289503 synchronous_release_0
0.02308 -0.0250000004 0.0317954593 0.0146304057 synchronous_release_0
0.030039 -0.0250000004 0.034982185 0.00111657201 synchronous_release_0
0.046454 -0.0250000004 -0.0247140644 -0.0247833618 asynchronous_release_0
0.024108 -0.0250000004 0.0338200531 -0.00901132665 synchronous_release_1
0.025717 -0.0250000004 0.0218075927 -0.0273756991 synchronous_release_0
0.028488 -0.0250000004 -0.0346118472 -0.00519807969 synchronous_release_0
0.024138 -0.0250000004 0.0349815888 -0.0011350964 synchronous_release_1
0.004011 -0.0250000004 -0.013290155 0.0323785698 synchronous_release_0
0.024966 -0.0250000004 0.0346857414 -0.00467967308 synchronous_release_1
0.022848 -0.0250000004 0.0287474031 0.0199646392 synchronous_release_1
0.023012 -0.0250000004 0.00425261721 0.0347406858 synchronous_release_0
0.023226 -0.0250000004 0.0299167698 -0.0181655412 synchronous_release_1
0.012638 -0.0250000004 0.0335446325 -0.00998787404 synchronous_release_0
0.028171 -0.0250000004 0.0193376133 0.0291728763 synchronous_release_0
0.023246 -0.0250000004 0.0286766241 -0.0200661713 synchronous_release_0
0.023699 -0.0250000004 -0.0144956199 -0.0318571343 synchronous_release_0
0.024009 -0.0250000004 0.0349995682 0.000173856465 synchronous_release_0
0.032328 -0.0250000004 0.0285346836 -0.0202675069 synchronous_release_1
0.025668 -0.0250000004 -0.0005927406 -0.0349949805 synchronous_release_0
0.02807 -0.0250000004 -0.0341666873 -0.00759193516 synchronous_release_0
0.022497 -0.0250000004 0.0161568657 -0.0310476358 synchronous_release_0
0.005402 -0.0250000004 0.0699646733 -0.0022236201 synchronous_release_0
0.024555 -0.0250000004 -0.03479962 -0.00373984554 synchronous_release_0
0.031122 -0.0250000004 0.014293302 0.0319484196 asynchronous_release_0
0.008491 -0.0250000004 0.034814794 0.00359584717 synchronous_release_0
0.033721 -0.0250000004 0.000908999442 -0.000416797331 synchronous_release_0
0.006453 -0.0250000004 -0.0170527336 0.0305647555 synchronous_release_0
0.029131 -0.0250000004 0.0349962215 -0.000514277205 synchronous_release_0
0.022601 -0.0250000004 0.0168602027 0.0306713802 synchronous_release_0
0.022739 -0.0250000004 0.0332067525 -0.0110594569 synchronous_release_1
0.037054 -0.0250000004 0.00532698105 -0.034592243 asynchronous_release_0
0.035256 -0.0250000004 0.0198544992 0.0288235817 synchronous_release_0
0.023892 -0.0250000004 0.0204346677 -0.0284152135 synchronous_release_0
0.022582 -0.0250000004 0.0150547333 0.0315967563 asynchronous_release_1
0.030901 -0.0250000004 0.000823890274 0.000566749342 synchronous_release_0
0.02276 -0.0250000004 0.00798824769 -0.0340762072 synchronous_release_0
0.004868 -0.0250000004 0.0326638889 0.0125726037 synchronous_release_1
0.023633 -0.0250000004 0.0308065592 -0.0166119207 synchronous_release_0
0.049085 -0.0250000004 0.0010169343 -0.0349852232 synchronous_release_1
0.031273 -0.0250000004 -0.0333064402 -0.0107555122 asynchronous_release_0
0.023054 -0.0250000004 -0.0341848416 -0.00750976718 synchronous_release_0
0.028469 -0.0250000004 0.02359607 -0.0258500577 synchronous_release_0
0.004387 -0.0250000004 0.0338462393 -0.00891246779 synchronous_release_0
0.023134 -0.0250000004 0.0287479374 -0.0199638697 synchronous_release_0
0.008216 -0.0250000004 -0.0050741259 0.034630236 synchronous_release_0
0.010827 -0.0250000004 0.0334067139 -0.0104398977 synchronous_release_1
0.039868 -0.0250000004 0.000145922825 0.0349996958 asynchronous_release_0
0.035407 -0.0250000004 0.0216993389 -0.0274615857 asynchronous_release_3
0.045985 -0.0250000004 0.033638646 0.00966651396 synchronous_release_0
0.023764 -0.0250000004 -0.0184185859 -0.029761648 synchronous_release_0
0.022986 -0.0250000004 0.031767161 0.0146917488 synchronous_release_0
0.032018 -0.0250000004 0.000904434868 0.000426611731 asynchronous_release_0
0.022721 -0.0250000004 0.0199485197 0.0287585911 synchronous_release_0
0.041791 -0.0250000004 0.0349909834 -0.000794407793 synchronous_release_0
0.00267 -0.0250000004 0.0349452814 0.00195634998 synchronous_release_0
0.006042 -0.0250000004 0.027915572 -0.0211121017 synchronous_release_0
0.02526 -0.0250000004 -0.027915572 0.0211121017 synchronous_release_0
0.022354 -0.0250000004 0.00432583044 0.0347316454 synchronous_release_1
0.024587 -0.0250000004 0.0158243604 -0.0312184179 synchronous_release_0
0.031734 -0.0250000004 0.0345117299 -0.00582584752 asynchronous_release_0
0.04055 -0.0250000004 -0.0345117299 0.00582584752 asynchronous_release_0
0.022568 -0.0250000004 -0.012210533 0.0328009586 synchronous_release_0
0.032964 -0.0250000004 -0.0209492193 -0.0280380137 synchronous_release_1
0.022693 -0.0250000004 0.0348751596 -0.00295351381 synchronous_release_0
0.023138 -0.0250000004 0.000774126053 0.00063303148 synchronous_release_0
0.034669 -0.0250000004 -0.0221561018 0.0270944118 synchronous_release_0
0.014376 -0.0250000004 0.0223114341 -0.0269666444 synchronous_release_0
0.02683 -0.0250000004 -0.0295153248 -0.0188107842 synchronous_release_0
0.022717 -0.0250000004 -0.00343779592 0.0348307559 synchronous_release_0
0.022647 -0.0250000004 0.0202074086 0.0285772749 synchronous_release_0
0.040505 -0.0250000004 0.00187379282 0.0349498054 asynchronous_release_0
0.023514 -0.0250000004 0.0307592001 -0.0166994494 synchronous_release_1
0.022354 -0.0250000004 0.0191586095 -0.029290744 synchronous_release_1
0.034229 -0.0250000004 -0.000541805616 -0.000840503822 synchronous_release_1
0.049352 -0.0250000004 0.0272451063 0.0219705299 asynchronous_release_0
0.022572 -0.0250000004 0.0588154314 0.0146882616 synchronous_release_0
0.027293 -0.0250000004 0.0348476049 0.00326258082 synchronous_release_1
0.037284 -0.0250000004 -0.00295880622 0.034874711 synchronous_release_0
0.033365 -0.0250000004 0.0310859525 0.0160830207 synchronous_release_0
0.034958 -0.0250000004 -0.0220267683 -0.0271996595 asynchronous_release_0
0.023207 -0.0250000004 0.0322374761 -0.0136288346 synchronous_release_0
0.031142 -0.0250000004 0.000992368302 0.000123309174 synchronous_release_0
0.034774 -0.0250000004 0.0365532972 -0.0483617252 synchronous_release_0
0.022909 -0.0250000004 0.000794664992 -0.000607048228 synchronous_release_0
0.003389 -0.0250000004 0.0343216172 -0.0068575936 synchronous_release_0
0.022843 -0.0250000004 0.0349988455 0.000284273673 synchronous_release_1
0.037776 -0.0250000004 0.0290751734 0.0194842062 asynchronous_release_0
0.003012 -0.0250000004 0.0314114042 -0.0154377357 synchronous_release_0
0.022562 -0.0250000004 -0.034982124 0.00111848216 synchronous_release_0
0.027795 -0.0250000004 -0.000570840952 -0.00082106066 asynchronous_release_0
0.046916 -0.0250000004 0.00293413528 0.0348767953 synchronous_release_1
0.029198 -0.0250000004 -0.00281387493 0.0348867039 synchronous_release_0
0.026201 -0.0250000004 0.0296160467 -0.0186518036 synchronous_release_0
0.00239 -0.0250000004 0.0340989365 -0.00789066087 synchronous_release_0
0.034835 -0.0250000004 0.00836333775 -0.0339860939 synchronous_release_0
0.025855 -0.0250000004 0.0110703002 -0.0332031392 synchronous_release_0
0.033116 -0.0250000004 0.0108259202 -0.0332836214 synchronous_release_0
0.008705 -0.0250000004 0.0345745768 0.00544046306 synchronous_release_0
0.040215 -0.0250000004 -0.0104033402 0.0334181165 asynchronous_release_0
0.022717 -0.0250000004 0.0322872619 -0.0135104669 synchronous_release_0
0.006412 -0.0250000004 0.0347402786 0.00425594222 synchronous_release_0
0.002614 -0.0250000004 0.0315019372 0.0152521457 synchronous_release_0
0.02926 -0.0250000004 0.0138263715 0.0321532495 asynchronous_release_0
0.024473 -0.0250000004 0.0349053097 -0.00257281052 synchronous_release_0
0.023565 -0.0250000004 -0.0331401032 -0.0112576001 synchronous_release_0
0.022435 -0.0250000004 -0.0154974877 -0.0313819674 synchronous_release_0
0.032582 -0.0250000004 -0.0306702376 0.0168622811 synchronous_release_0
0.024815 -0.0250000004 -0.0335544263 0.00995492202 synchronous_release_0
0.027168 -0.0250000004 0.0285122254 0.0202990888 synchronous_release_0
0.022669 -0.0250000004 0.018576442 0.0296633747 synchronous_release_0
0.023292 -0.0250000004 -0.0320521769 0.014059088 synchronous_release_0
0.002622 -0.0250000004 -0.00302228968 0.0348692668 synchronous_release_0
0.006618 -0.0250000004 0.028686526 0.020052013 synchronous_release_0
0.022052 -0.0250000004 0.0161377031 0.0310576003 synchronous_release_0
0.005572 -0.0250000004 0.0146543067 -0.0317844505 synchronous_release_0
0.04768 -0.0250000004 0.0200537365 -0.0286853212 asynchronous_release_0
0.028341 -0.0250000004 0.0218070547 -0.0273761277 asynchronous_release_0
0.023042 -0.0250000004 0.0287571176 0.0199506438 synchronous_release_0
0.0262 -0.0250000004 0.0331379301 -0.0112639952 synchronous_release_0
0.04307 -0.0250000004 0.0247369332 -0.0247605359 asynchronous_release_0
0.025521 -0.0250000004 -0.0341543556 0.00764722138 synchronous_release_0
0.023519 -0.0250000004 0.000629876561 -0.0349943318 synchronous_release_0
0.022328 -0.0250000004 -0.000962236149 -0.000272216078 synchronous_release_0
0.022751 -0.0250000004 0.0348791359 0.00290617966 synchronous_release_0
0.040424 -0.0250000004 -0.0180822865 0.0299671639 asynchronous_release_0
0.008688 -0.0250000004 -0.0349924304 0.000727884098 asynchronous_release_0
0.022627 -0.0250000004 0.0341032281 0.00787209217 synchronous_release_1
0.022854 -0.0250000004 -0.0211815249 -0.0278629324 synchronous_release_0
0.019878 -0.0250000004 0.0314696248 0.0153187047 asynchronous_release_0
0.005917 -0.0250000004 -0.0248189174 0.0246783577 synchronous_release_1
0.043861 -0.0250000004 -0.0333769811 0.0105345685 asynchronous_release_0
0.022917 -0.0250000004 -0.0161570487 -0.0310475406 synchronous_release_0
0.02286 -0.0250000004 0.034309827 0.00691634083 synchronous_release_0
0.018774 -0.0250000004 -0.0161448132 -0.0310539048 asynchronous_release_0
0.004311 -0.0250000004 0.0341972039 -0.00745327099 synchronous_release_0
0.011487 -0.0250000004 0.0161711756 0.0310401849 synchronous_release_0
0.022482 -0.0250000004 -0.000886862426 0.000462033589 synchronous_release_0
0.002979 -0.0250000004 0.0134563767 -0.0323098425 synchronous_release_0
0.004962 -0.0250000004 0.0219669632 -0.0272479821 synchronous_release_0
0.026798 -0.0250000004 0.0154107985 -0.0314246287 synchronous_release_1
0.023066 -0.0250000004 -2.69206267e-05 -0.000999637574 synchronous_release_0
0.004644 -0.0250000004 -0.0345478334 -0.00560778068 synchronous_release_0
0.02315 -0.0250000004 -0.01784191 -0.0301108992 synchronous_release_0
0.023686 -0.0250000004 0.00956618414 0.0336673153 synchronous_release_0
0.022018 -0.0250000004 0.030548543 -0.0170817599 synchronous_release_0
0.016138 -0.0250000004 0.0255789084 0.0238897352 asynchronous_release_0
0.010521 -0.0250000004 -0.0349978718 0.000385965565 synchronous_release_0
0.022572 -0.0250000004 0.0319646771 -0.0142569078 synchronous_release_0
0.025742 -0.0250000004 0.000587250528 -0.000809405224 synchronous_release_0
0.023849 -0.0250000004 0.0303763768 -0.0173860786 synchronous_release_0
0.024553 -0.0250000004 0.000930810479 -0.000365502192 synchronous_release_0
0.022872 -0.0250000004 0.0348983558 -0.00266547634 synchronous_release_0
0.024609 -0.0250000004 0.00853869552 0.0339424613 synchronous_release_0
0.019648 -0.0250000004 0.025802898 -0.023647631 synchronous_release_1
0.023083 -0.0250000004 0.0349260355 0.00227421276 synchronous_release_1
0.04209 -0.0250000004 -0.0311781776 -0.0159034978 synchronous_release_0
0.022367 -0.0250000004 0.0318435719 0.014525389 synchronous_release_0
0.00544 -0.0250000004 0.0312629654 0.0157361684 synchronous_release_0
0.029607 -0.0250000004 0.0234724798 0.0259623322 synchronous_release_0
0.010412 -0.0250000004 -0.000452194905 0.000891919149 asynchronous_release_0
0.028223 -0.0250000004 0.0179305551 0.0300581968 synchronous_release_0
0.028694 -0.0250000004 0.0335378203 -0.0100107246 synchronous_release_0
0.031206 -0.0250000004 0.0349683216 -0.00148878635 synchronous_release_0
0.022571 -0.0250000004 -0.000701460787 0.00071270805 synchronous_release_0
0.022394 -0.0250000004 0.0117447452 -0.0329706075 synchronous_release_0
0.029392 -0.0250000004 -0.00401053906 -0.0347694633 synchronous_release_0
0.03694 -0.0250000004 -0.0332944024 -0.0107927182 synchronous_release_0
0.043798 -0.0250000004 0.0243798385 -0.0251122176 asynchronous_release_0
0.004162 -0.0250000004 0.0348545152 0.00318790964 synchronous_release_0
0.033021 -0.0250000004 0.033879963 0.00878339955 synchronous_release_0
0.002851 -0.0250000004 0.0316558419 -0.0149300929 synchronous_release_0
0.022792 -0.0250000004 0.0339807764 0.00838491702 synchronous_release_0
0.034425 -0.0250000004 -0.0290105661 0.0195802721 synchronous_release_1
0.025395 -0.0250000004 0.0338185747 -0.00901687336 synchronous_release_0
0.032916 -0.0250000004 0.00752990984 0.0341804104 asynchronous_release_4
0.002766 -0.0250000004 0.0139660626 -0.03209282 synchronous_release_0
0.049954 -0.0250000004 0.0346413195 -0.00499789801 synchronous_release_0
0.042351 -0.0250000004 0.00500341876 0.0346405225 synchronous_release_0
0.022476 -0.0250000004 0.034612705 -0.00519236491 synchronous_release_0
0.003313 -0.0250000004 0.0315435027 0.0151659961 synchronous_release_0
0.027894 -0.0250000004 -0.0172874755 -0.0304326008 synchronous_release_0
0.022854 -0.0250000004 0.031378405 -0.0155046992 synchronous_release_0
0.023898 -0.0250000004 0.0126755367 -0.0326240827 synchronous_release_0
0.041521 -0.0250000004 0.0282519452 -0.0206598062 asynchronous_release_0
0.022711 -0.0250000004 0.00856418666 -0.0339360385 synchronous_release_0
0.031061 -0.0250000004 0.0336715647 -0.00955121602 synchronous_release_0
0.023724 -0.0250000004 0.0334521979 -0.0102932237 synchronous_release_0
0.032697 -0.0250000004 0.033320545 -0.0107117357 synchronous_release_0
0.026202 -0.0250000004 0.0347704929 -0.00400160272 synchronous_release_1
0.023525 -0.0250000004 0.0294819886 0.0188629889 synchronous_release_0
0.034945 -0.0250000004 -0.0272174681 -0.0220047592 synchronous_release_0
0.023911 -0.0250000004 -0.0349456591 -0.00194959159 synchronous_release_0
0.028832 -0.0250000004 0.0545864433 0.026368925 synchronous_release_0
0.047759 -0.0250000004 0.00904696152 0.0338105381 synchronous_release_0
0.023456 -0.0250000004 0.0138592141 -0.0321391068 synchronous_release_0
0.02435 -0.0250000004 0.0233722737 -0.026052578 synchronous_release_0
0.025979 -0.0250000004 0.026493216 -0.0228715873 synchronous_release_0
0.003735 -0.0250000004 0.0138777078 0.0321311255 synchronous_release_0
0.023756 -0.0250000004 0.0349241628 -0.00230279167 synchronous_release_0
0.031174 -0.0250000004 0.0160751754 0.0310900102 asynchronous_release_0
0.030527 -0.0250000004 0.0214917744 -0.0276243304 synchronous_release_1
0.009856 -0.0250000004 -0.0277497845 -0.0213295443 synchronous_release_0
0.042448 -0.0250000004 -0.0349128144 -0.00246888434 asynchronous_release_0
0.026589 -0.0250000004 0.00485020494 -0.0346623068 synchronous_release_0
0.024969 -0.0250000004 0.0178957639 0.0300789234 synchronous_release_0
0.02566 -0.0250000004 -0.0342689575 -0.00711607712 synchronous_release_0
0.025862 -0.0250000004 -0.000990487245 -0.000137604568 synchronous_release_1
0.00242 -0.0250000004 0.0170566858 -0.0305625501 synchronous_release_0
0.022752 -0.0250000004 0.0349962877 -0.000509751881 synchronous_release_0
0.049734 -0.0250000004 0.0322100367 0.0136935582 asynchronous_release_0
0.023693 -0.0250000004 -0.0248048464 -0.0246925008 synchronous_release_0
0.034274 -0.0250000004 0.0337867562 -0.00913537667 synchronous_release_0
0.004001 -0.0250000004 0.0151089415 -0.0315708708 synchronous_release_0
0.015253 -0.0250000004 0.00570040927 -0.0345326705 synchronous_release_0
0.002716 -0.0250000004 0.0316443949 -0.0149543395 synchronous_release_0
0.02276 -0.0250000004 0.0132900632 -0.0323786075 synchronous_release_0
0.022509 -0.0250000004 0.034129823 -0.00775597734 synchronous_release_0
0.022955 -0.0250000004 0.0348295086 -0.00345041012 synchronous_release_0
0.048509 -0.0250000004 9.85831464e-05 0.000995128817 synchronous_release_0
0.033615 -0.0250000004 -0.022672561 0.026663739 asynchronous_release_0
0.022646 -0.0250000004 0.0183216512 0.0298214201 synchronous_release_0
0.015989 -0.0250000004 -0.0346345592 -0.00504453269 asynchronous_release_0
0.030087 -0.0250000004 0.000602284189 -0.000798281752 synchronous_release_0
0.023119 -0.0250000004 0.032267663 -0.0135572092 synchronous_release_0
0.002702 -0.0250000004 0.0349414198 -0.00202415006 synchronous_release_0
0.035499 -0.0250000004 -0.0349988458 -0.000284243209 asynchronous_release_0
0.002691 -0.0250000004 0.0349988458 0.000284243209 synchronous_release_0
0.037068 -0.0250000004 0.00624491135 0.0344383664 synchronous_release_0
0.022747 -0.0250000004 0.0158880709 -0.0311860418 synchronous_release_0
0.027012 -0.0250000004 -0.000139989316 -0.03499972 synchronous_release_0
0.022739 -0.0250000004 0.0314915039 0.015273676 synchronous_release_0
0.035201 -0.0250000004 -0.000769829889 0.0349915327 asynchronous_release_0
0.02239 -0.0250000004 0.0318502624 -0.0145107128 synchronous_release_0
0.002584 -0.0250000004 0.0330967715 0.0113843627 synchronous_release_0
0.022548 -0.0250000004 0.0264075331 -0.0229704636 synchronous_release_0
0.022529 -0.0250000004 0.0346549124 0.00490275938 synchronous_release_1
0.031158 -0.0250000004 0.0322213001 0.0136670341 synchronous_release_0
0.022679 -0.0250000004 0.0288125403 0.0198705188 synchronous_release_1
0.028998 -0.0250000004 -0.0221660979 0.0270862345 synchronous_release_0
0.029409 -0.0250000004 -0.000923100309 0.000384559253 asynchronous_release_0
0.022197 -0.0250000004 0.0212502042 -0.0278105883 synchronous_release_0
0.023157 -0.0250000004 0.0337740803 0.00918212941 synchronous_release_0
0.029275 -0.0250000004 0.0332037952 -0.0110683326 synchronous_release_1
0.034353 -0.0250000004 -0.00416986052 0.034750716 asynchronous_release_0
0.036698 -0.0250000004 -0.000831069845 -0.000556168061 synchronous_release_0
0.022447 -0.0250000004 0.0273128818 -0.0218862169 synchronous_release_0
0.022089 -0.0250000004 0.023936257 -0.0255353794 synchronous_release_0
0.006457 -0.0250000004 9.35107848e-05 -0.0349998751 synchronous_release_0
0.042359 -0.0250000004 0.0269156024 -0.0223729825 asynchronous_release_1
0.032818 -0.0250000004 0.0165172428 -0.0308574252 synchronous_release_0
0.023443 -0.0250000004 -0.00506983024 -0.0346308652 synchronous_release_0
0.030287 -0.0250000004 -0.0280932754 0.0208750539 synchronous_release_0
0.024297 -0.0250000004 -0.0312731211 -0.0157159758 synchronous_release_0
0.024309 -0.0250000004 0.000135131167 0.000990827719 synchronous_release_0
0.032278 -0.0250000004 0.0214354309 0.0276680737 synchronous_release_1
0.002622 -0.0250000004 0.0349609867 -0.0016520927 synchronous_release_0
0.024449 -0.0250000004 0.0348858568 -0.00282435707 synchronous_release_0
0.02412 -0.0250000004 0.0300204655 -0.0179936558 synchronous_release_0
0.023687 -0.0250000004 0.0304879484 -0.0171896772 synchronous_release_1
0.005435 -0.0250000004 0.0349145204 0.00244463997 synchronous_release_0
0.02635 -0.0250000004 0.0257016739 -0.0237576084 synchronous_release_0
0.005048 -0.0250000004 0.0349241525 -0.0023029487 synchronous_release_0
0.022347 -0.0250000004 0.0239444059 -0.0255277383 synchronous_release_0
0.022761 -0.0250000004 0.0334152483 0.0104125491 synchronous_release_0
0.025211 -0.0250000004 -0.0261628 0.0232488257 synchronous_release_0
0.028627 -0.0250000004 -0.0110116941 0.0332226217 asynchronous_release_0
0.025298 -0.0250000004 0.0311599972 0.0159390896 synchronous_release_0
0.03351 -0.0250000004 0.00177634213 0.0349548939 synchronous_release_0
0.03998 -0.0250000004 0.00859043187 0.0339294044 synchronous_release_0
0.023293 -0.0250000004 0.00608679803 -0.0344666635 synchronous_release_0
0.023511 -0.0250000004 -0.0149364733 -0.0316528319 synchronous_release_0
0.022838 -0.0250000004 0.0316959249 0.0148448087 synchronous_release_1
0.024862 -0.0250000004 -0.0209408828 -0.0280442405 asynchronous_release_0
0.023698 -0.0250000004 -0.0209902494 -0.0280073103 synchronous_release_0
0.027238 -0.0250000004 0.00760395781 -0.0341640136 asynchronous_release_0
0.00962 -0.0250000004 0.0333888826 -0.0104967862 synchronous_release_0
0.022451 -0.0250000004 0.0349740852 -0.00134661197 synchronous_release_0
0.029783 -0.0250000004 0.000639387352 -0.000768884786 asynchronous_release_0
