0.00000	39.16800
0.00005	61.20000
0.00010	29.37600
0.00015	9.79200
0.00020	26.92800
0.00025	4.89600
0.00030	12.24000
0.00035	22.03200
0.00040	2.44800
0.00045	31.82400
0.00050	14.68800
0.00055	14.68800
0.00060	41.61600
0.00065	44.06400
0.00070	31.82400
0.00075	34.27200
0.00080	0.00000
0.00085	34.27200
0.00090	17.13600
0.00095	24.48000
0.00100	48.96000
0.00105	61.20000
0.00110	48.96000
0.00115	83.23200
0.00120	61.20000
0.00125	156.67200
0.00130	164.01600
0.00135	188.49600
0.00140	195.84000
0.00145	252.14400
0.00150	308.44800
0.00155	337.82400
0.00160	602.20800
0.00165	785.80800
0.00170	824.97600
0.00175	1177.48800
0.00180	1476.14400
0.00185	1909.44000
0.00190	1987.77600
0.00195	2372.11200
0.00200	2465.13600
0.00205	2883.74400
0.00210	3260.73600
0.00215	3488.40000
0.00220	3669.55200
0.00225	3341.52000
0.00230	3204.43200
0.00235	2631.60000
0.00240	3082.03200
0.00245	2822.54400
0.00250	2766.24000
0.00255	2222.78400
0.00260	1943.71200
0.00265	1559.37600
0.00270	1385.56800
0.00275	1045.29600
0.00280	1104.04800
0.00285	1040.40000
0.00290	727.05600
0.00295	795.60000
0.00300	582.62400
0.00305	621.79200
0.00310	538.56000
0.00315	514.08000
0.00320	494.49600
0.00325	518.97600
0.00330	391.68000
0.00335	619.34400
0.00340	438.19200
0.00345	455.32800
0.00350	315.79200
0.00355	335.37600
0.00360	408.81600
0.00365	541.00800
0.00370	222.76800
0.00375	359.85600
0.00380	306.00000
0.00385	308.44800
0.00390	298.65600
0.00395	310.89600
0.00400	320.68800
0.00405	308.44800
0.00410	394.12800
0.00415	281.52000
0.00420	193.39200
0.00425	337.82400
0.00430	239.90400
0.00435	301.10400
0.00440	257.04000
0.00445	146.88000
0.00450	296.20800
0.00455	220.32000
0.00460	237.45600
0.00465	156.67200
0.00470	276.62400
0.00475	281.52000
0.00480	222.76800
0.00485	200.73600
0.00490	269.28000
0.00495	156.67200
0.00500	149.32800
0.00505	235.00800
0.00510	242.35200
0.00515	171.36000
0.00520	230.11200
0.00525	156.67200
0.00530	195.84000
0.00535	205.63200
0.00540	203.18400
0.00545	225.21600
0.00550	193.39200
0.00555	141.98400
0.00560	203.18400
0.00565	173.80800
0.00570	235.00800
0.00575	107.71200
0.00580	119.95200
0.00585	127.29600
0.00590	166.46400
0.00595	212.97600
0.00600	159.12000
0.00605	168.91200
0.00610	237.45600
0.00615	222.76800
0.00620	247.24800
0.00625	166.46400
0.00630	166.46400
0.00635	144.43200
0.00640	208.08000
0.00645	149.32800
0.00650	225.21600
0.00655	159.12000
0.00660	171.36000
0.00665	146.88000
0.00670	134.64000
0.00675	134.64000
0.00680	144.43200
0.00685	95.47200
0.00690	93.02400
0.00695	100.36800
0.00700	93.02400
0.00705	110.16000
0.00710	139.53600
0.00715	93.02400
0.00720	151.77600
0.00725	112.60800
0.00730	132.19200
0.00735	119.95200
0.00740	146.88000
0.00745	107.71200
0.00750	171.36000
0.00755	146.88000
0.00760	146.88000
0.00765	227.66400
0.00770	181.15200
0.00775	80.78400
0.00780	146.88000
0.00785	166.46400
0.00790	66.09600
0.00795	102.81600
0.00800	127.29600
0.00805	139.53600
0.00810	127.29600
0.00815	100.36800
0.00820	154.22400
0.00825	115.05600
0.00830	146.88000
0.00835	127.29600
0.00840	117.50400
0.00845	88.12800
0.00850	85.68000
0.00855	171.36000
0.00860	178.70400
0.00865	144.43200
0.00870	230.11200
0.00875	225.21600
0.00880	112.60800
0.00885	97.92000
0.00890	95.47200
0.00895	102.81600
0.00900	171.36000
0.00905	137.08800
0.00910	90.57600
0.00915	83.23200
0.00920	105.26400
0.00925	129.74400
0.00930	107.71200
0.00935	119.95200
0.00940	63.64800
0.00945	149.32800
0.00950	90.57600
0.00955	80.78400
0.00960	154.22400
0.00965	100.36800
0.00970	97.92000
0.00975	134.64000
0.00980	146.88000
0.00985	93.02400
0.00990	144.43200
0.00995	115.05600
0.01000	107.71200
0.01005	105.26400
0.01010	144.43200
0.01015	110.16000
0.01020	95.47200
0.01025	139.53600
0.01030	134.64000
0.01035	134.64000
0.01040	183.60000
0.01045	112.60800
0.01050	73.44000
0.01055	97.92000
0.01060	134.64000
0.01065	132.19200
0.01070	259.48800
0.01075	129.74400
0.01080	181.15200
0.01085	137.08800
0.01090	129.74400
0.01095	149.32800
0.01100	110.16000
0.01105	88.12800
0.01110	247.24800
0.01115	95.47200
0.01120	119.95200
0.01125	151.77600
0.01130	198.28800
0.01135	149.32800
0.01140	100.36800
0.01145	124.84800
0.01150	134.64000
0.01155	171.36000
0.01160	119.95200
0.01165	97.92000
0.01170	198.28800
0.01175	225.21600
0.01180	164.01600
0.01185	70.99200
0.01190	159.12000
0.01195	183.60000
0.01200	139.53600
0.01205	173.80800
0.01210	149.32800
0.01215	75.88800
0.01220	137.08800
0.01225	117.50400
0.01230	137.08800
0.01235	85.68000
0.01240	139.53600
0.01245	88.12800
0.01250	171.36000
0.01255	58.75200
0.01260	178.70400
0.01265	124.84800
0.01270	58.75200
0.01275	100.36800
0.01280	75.88800
0.01285	139.53600
0.01290	73.44000
0.01295	66.09600
0.01300	88.12800
0.01305	34.27200
0.01310	80.78400
0.01315	93.02400
0.01320	139.53600
0.01325	80.78400
0.01330	117.50400
0.01335	51.40800
0.01340	78.33600
0.01345	58.75200
0.01350	115.05600
0.01355	75.88800
0.01360	80.78400
0.01365	100.36800
0.01370	117.50400
0.01375	70.99200
0.01380	80.78400
0.01385	102.81600
0.01390	110.16000
0.01395	102.81600
0.01400	127.29600
0.01405	73.44000
0.01410	127.29600
0.01415	68.54400
0.01420	149.32800
0.01425	73.44000
0.01430	112.60800
0.01435	115.05600
0.01440	93.02400
0.01445	117.50400
0.01450	107.71200
0.01455	83.23200
0.01460	73.44000
0.01465	56.30400
0.01470	90.57600
0.01475	117.50400
0.01480	51.40800
0.01485	61.20000
0.01490	46.51200
0.01495	78.33600
0.01500	115.05600
0.01505	154.22400
0.01510	222.76800
0.01515	95.47200
0.01520	73.44000
0.01525	56.30400
0.01530	198.28800
0.01535	112.60800
0.01540	110.16000
0.01545	132.19200
0.01550	139.53600
0.01555	90.57600
0.01560	139.53600
0.01565	112.60800
0.01570	132.19200
0.01575	70.99200
0.01580	164.01600
0.01585	34.27200
0.01590	161.56800
0.01595	107.71200
0.01600	70.99200
0.01605	178.70400
0.01610	83.23200
0.01615	97.92000
0.01620	78.33600
0.01625	193.39200
0.01630	46.51200
0.01635	164.01600
0.01640	100.36800
0.01645	34.27200
0.01650	68.54400
0.01655	90.57600
0.01660	156.67200
0.01665	63.64800
0.01670	95.47200
0.01675	117.50400
0.01680	95.47200
0.01685	88.12800
0.01690	97.92000
0.01695	88.12800
0.01700	78.33600
0.01705	78.33600
0.01710	156.67200
0.01715	44.06400
0.01720	61.20000
0.01725	193.39200
0.01730	239.90400
0.01735	115.05600
0.01740	117.50400
0.01745	173.80800
0.01750	188.49600
0.01755	122.40000
0.01760	83.23200
0.01765	85.68000
0.01770	161.56800
0.01775	144.43200
0.01780	195.84000
0.01785	66.09600
0.01790	97.92000
0.01795	168.91200
0.01800	70.99200
0.01805	146.88000
0.01810	66.09600
0.01815	68.54400
0.01820	107.71200
0.01825	36.72000
0.01830	58.75200
0.01835	85.68000
0.01840	195.84000
0.01845	159.12000
0.01850	53.85600
0.01855	102.81600
0.01860	97.92000
0.01865	144.43200
0.01870	110.16000
0.01875	75.88800
0.01880	88.12800
0.01885	53.85600
0.01890	90.57600
0.01895	107.71200
0.01900	134.64000
0.01905	51.40800
0.01910	34.27200
0.01915	90.57600
0.01920	105.26400
0.01925	83.23200
0.01930	254.59200
0.01935	46.51200
0.01940	41.61600
0.01945	100.36800
0.01950	97.92000
0.01955	70.99200
0.01960	137.08800
0.01965	93.02400
0.01970	110.16000
0.01975	102.81600
0.01980	127.29600
0.01985	56.30400
0.01990	139.53600
0.01995	36.72000
0.02000	88.12800
0.02005	68.54400
0.02010	119.95200
0.02015	83.23200
0.02020	115.05600
0.02025	80.78400
0.02030	68.54400
0.02035	80.78400
0.02040	90.57600
0.02045	26.92800
0.02050	78.33600
0.02055	29.37600
0.02060	73.44000
0.02065	156.67200
0.02070	61.20000
0.02075	58.75200
0.02080	95.47200
0.02085	97.92000
0.02090	68.54400
0.02095	29.37600
0.02100	124.84800
0.02105	105.26400
0.02110	137.08800
0.02115	139.53600
0.02120	264.38400
0.02125	308.44800
0.02130	257.04000
0.02135	323.13600
0.02140	357.40800
0.02145	411.26400
0.02150	643.82400
0.02155	560.59200
0.02160	881.28000
0.02165	1091.80800
0.02170	1388.01600
0.02175	1867.82400
0.02180	1943.71200
0.02185	2910.67200
0.02190	2905.77600
0.02195	3730.75200
0.02200	4102.84800
0.02205	3723.40800
0.02210	4315.82400
0.02215	4548.38400
0.02220	4837.24800
0.02225	4930.27200
0.02230	4509.21600
0.02235	4017.16800
0.02240	4117.53600
0.02245	4002.48000
0.02250	3373.34400
0.02255	2827.44000
0.02260	2531.23200
0.02265	2428.41600
0.02270	2452.89600
0.02275	2374.56000
0.02280	1816.41600
0.02285	1968.19200
0.02290	1696.46400
0.02295	1554.48000
0.02300	1429.63200
0.02305	1392.91200
0.02310	1226.44800
0.02315	1133.42400
0.02320	1084.46400
0.02325	1140.76800
0.02330	1116.28800
0.02335	964.51200
0.02340	744.19200
0.02345	802.94400
0.02350	687.88800
0.02355	758.88000
0.02360	653.61600
0.02365	876.38400
0.02370	648.72000
0.02375	700.12800
0.02380	700.12800
0.02385	472.46400
0.02390	543.45600
0.02395	531.21600
0.02400	594.86400
0.02405	504.28800
0.02410	526.32000
0.02415	587.52000
0.02420	871.48800
0.02425	668.30400
0.02430	722.16000
0.02435	531.21600
0.02440	323.13600
0.02445	565.48800
0.02450	587.52000
0.02455	619.34400
0.02460	594.86400
0.02465	567.93600
0.02470	452.88000
0.02475	450.43200
0.02480	521.42400
0.02485	592.41600
0.02490	433.29600
0.02495	381.88800
0.02500	496.94400
0.02505	470.01600
0.02510	342.72000
0.02515	408.81600
0.02520	303.55200
0.02525	411.26400
0.02530	447.98400
0.02535	413.71200
0.02540	421.05600
0.02545	408.81600
0.02550	462.67200
0.02555	555.69600
0.02560	455.32800
0.02565	438.19200
0.02570	452.88000
0.02575	425.95200
0.02580	460.22400
0.02585	403.92000
0.02590	379.44000
0.02595	298.65600
0.02600	560.59200
0.02605	315.79200
0.02610	379.44000
0.02615	394.12800
0.02620	381.88800
0.02625	315.79200
0.02630	425.95200
0.02635	357.40800
0.02640	340.27200
0.02645	345.16800
0.02650	298.65600
0.02655	396.57600
0.02660	465.12000
0.02665	460.22400
0.02670	350.06400
0.02675	496.94400
0.02680	342.72000
0.02685	496.94400
0.02690	381.88800
0.02695	406.36800
0.02700	296.20800
0.02705	477.36000
0.02710	306.00000
0.02715	320.68800
0.02720	501.84000
0.02725	315.79200
0.02730	430.84800
0.02735	399.02400
0.02740	237.45600
0.02745	394.12800
0.02750	413.71200
0.02755	372.09600
0.02760	452.88000
0.02765	303.55200
0.02770	394.12800
0.02775	261.93600
0.02780	286.41600
0.02785	374.54400
0.02790	291.31200
0.02795	301.10400
0.02800	418.60800
0.02805	283.96800
0.02810	259.48800
0.02815	217.87200
0.02820	386.78400
0.02825	386.78400
0.02830	450.43200
0.02835	291.31200
0.02840	254.59200
0.02845	283.96800
0.02850	323.13600
0.02855	212.97600
0.02860	320.68800
0.02865	369.64800
0.02870	235.00800
0.02875	222.76800
0.02880	379.44000
0.02885	381.88800
0.02890	350.06400
0.02895	276.62400
0.02900	235.00800
0.02905	203.18400
0.02910	308.44800
0.02915	328.03200
0.02920	156.67200
0.02925	193.39200
0.02930	276.62400
0.02935	359.85600
0.02940	372.09600
0.02945	310.89600
0.02950	220.32000
0.02955	396.57600
0.02960	457.77600
0.02965	470.01600
0.02970	401.47200
0.02975	369.64800
0.02980	269.28000
0.02985	340.27200
0.02990	266.83200
0.02995	296.20800
0.03000	293.76000
0.03005	313.34400
0.03010	310.89600
0.03015	293.76000
0.03020	269.28000
0.03025	276.62400
0.03030	205.63200
0.03035	293.76000
0.03040	367.20000
0.03045	318.24000
0.03050	264.38400
0.03055	291.31200
0.03060	315.79200
0.03065	345.16800
0.03070	374.54400
0.03075	340.27200
0.03080	257.04000
0.03085	283.96800
0.03090	237.45600
0.03095	254.59200
0.03100	274.17600
0.03105	362.30400
0.03110	330.48000
0.03115	215.42400
0.03120	230.11200
0.03125	318.24000
0.03130	210.52800
0.03135	235.00800
0.03140	200.73600
0.03145	254.59200
0.03150	301.10400
0.03155	354.96000
0.03160	283.96800
0.03165	269.28000
0.03170	242.35200
0.03175	269.28000
0.03180	313.34400
0.03185	244.80000
0.03190	237.45600
0.03195	239.90400
0.03200	149.32800
0.03205	320.68800
0.03210	354.96000
0.03215	318.24000
0.03220	235.00800
0.03225	269.28000
0.03230	374.54400
0.03235	222.76800
0.03240	200.73600
0.03245	186.04800
0.03250	252.14400
0.03255	269.28000
0.03260	237.45600
0.03265	261.93600
0.03270	347.61600
0.03275	279.07200
0.03280	281.52000
0.03285	318.24000
0.03290	171.36000
0.03295	381.88800
0.03300	320.68800
0.03305	235.00800
0.03310	271.72800
0.03315	352.51200
0.03320	203.18400
0.03325	303.55200
0.03330	203.18400
0.03335	232.56000
0.03340	261.93600
0.03345	225.21600
0.03350	193.39200
0.03355	347.61600
0.03360	181.15200
0.03365	332.92800
0.03370	193.39200
0.03375	159.12000
0.03380	205.63200
0.03385	332.92800
0.03390	313.34400
0.03395	161.56800
0.03400	178.70400
0.03405	181.15200
0.03410	217.87200
0.03415	220.32000
0.03420	283.96800
0.03425	279.07200
0.03430	249.69600
0.03435	137.08800
0.03440	195.84000
0.03445	205.63200
0.03450	200.73600
0.03455	259.48800
0.03460	217.87200
0.03465	215.42400
0.03470	350.06400
0.03475	310.89600
0.03480	376.99200
0.03485	266.83200
0.03490	235.00800
0.03495	208.08000
0.03500	259.48800
0.03505	315.79200
0.03510	296.20800
0.03515	227.66400
0.03520	271.72800
0.03525	195.84000
0.03530	335.37600
0.03535	296.20800
0.03540	318.24000
0.03545	259.48800
0.03550	254.59200
0.03555	217.87200
0.03560	264.38400
0.03565	190.94400
0.03570	222.76800
0.03575	161.56800
0.03580	296.20800
0.03585	281.52000
0.03590	325.58400
0.03595	274.17600
0.03600	249.69600
0.03605	286.41600
0.03610	301.10400
0.03615	474.91200
0.03620	318.24000
0.03625	308.44800
0.03630	222.76800
0.03635	357.40800
0.03640	281.52000
0.03645	283.96800
0.03650	293.76000
0.03655	235.00800
0.03660	298.65600
0.03665	200.73600
0.03670	247.24800
0.03675	281.52000
0.03680	220.32000
0.03685	296.20800
0.03690	274.17600
0.03695	279.07200
0.03700	190.94400
0.03705	232.56000
0.03710	249.69600
0.03715	210.52800
0.03720	342.72000
0.03725	188.49600
0.03730	164.01600
0.03735	217.87200
0.03740	396.57600
0.03745	230.11200
0.03750	350.06400
0.03755	362.30400
0.03760	227.66400
0.03765	347.61600
0.03770	210.52800
0.03775	296.20800
0.03780	283.96800
0.03785	364.75200
0.03790	406.36800
0.03795	310.89600
0.03800	222.76800
0.03805	283.96800
0.03810	288.86400
0.03815	159.12000
0.03820	357.40800
0.03825	119.95200
0.03830	291.31200
0.03835	354.96000
0.03840	310.89600
0.03845	183.60000
0.03850	242.35200
0.03855	266.83200
0.03860	212.97600
0.03865	335.37600
0.03870	345.16800
0.03875	303.55200
0.03880	232.56000
0.03885	283.96800
0.03890	247.24800
0.03895	252.14400
0.03900	220.32000
0.03905	247.24800
0.03910	212.97600
0.03915	208.08000
0.03920	281.52000
0.03925	222.76800
0.03930	249.69600
0.03935	435.74400
0.03940	220.32000
0.03945	249.69600
0.03950	320.68800
0.03955	306.00000
0.03960	357.40800
0.03965	190.94400
0.03970	208.08000
0.03975	323.13600
0.03980	230.11200
0.03985	205.63200
0.03990	264.38400
0.03995	230.11200
0.04000	247.24800
0.04005	230.11200
0.04010	291.31200
0.04015	247.24800
0.04020	293.76000
0.04025	257.04000
0.04030	235.00800
0.04035	332.92800
0.04040	203.18400
0.04045	269.28000
0.04050	261.93600
0.04055	421.05600
0.04060	217.87200
0.04065	119.95200
0.04070	203.18400
0.04075	215.42400
0.04080	247.24800
0.04085	276.62400
0.04090	276.62400
0.04095	237.45600
0.04100	210.52800
0.04105	168.91200
0.04110	237.45600
0.04115	310.89600
0.04120	154.22400
0.04125	186.04800
0.04130	244.80000
0.04135	274.17600
0.04140	261.93600
0.04145	249.69600
0.04150	325.58400
0.04155	188.49600
0.04160	217.87200
0.04165	166.46400
0.04170	271.72800
0.04175	362.30400
0.04180	303.55200
0.04185	264.38400
0.04190	173.80800
0.04195	254.59200
0.04200	247.24800
0.04205	244.80000
0.04210	279.07200
0.04215	259.48800
0.04220	244.80000
0.04225	173.80800
0.04230	164.01600
0.04235	127.29600
0.04240	281.52000
0.04245	225.21600
0.04250	237.45600
0.04255	242.35200
0.04260	178.70400
0.04265	166.46400
0.04270	271.72800
0.04275	178.70400
0.04280	318.24000
0.04285	269.28000
0.04290	190.94400
0.04295	335.37600
0.04300	242.35200
0.04305	269.28000
0.04310	306.00000
0.04315	117.50400
0.04320	323.13600
0.04325	298.65600
0.04330	222.76800
0.04335	227.66400
0.04340	306.00000
0.04345	281.52000
0.04350	237.45600
0.04355	168.91200
0.04360	232.56000
0.04365	200.73600
0.04370	166.46400
0.04375	227.66400
0.04380	296.20800
0.04385	357.40800
0.04390	242.35200
0.04395	279.07200
0.04400	259.48800
0.04405	178.70400
0.04410	230.11200
0.04415	332.92800
0.04420	357.40800
0.04425	261.93600
0.04430	249.69600
0.04435	205.63200
0.04440	225.21600
0.04445	208.08000
0.04450	239.90400
0.04455	235.00800
0.04460	342.72000
0.04465	279.07200
0.04470	318.24000
0.04475	215.42400
0.04480	259.48800
0.04485	227.66400
0.04490	193.39200
0.04495	362.30400
0.04500	325.58400
0.04505	376.99200
0.04510	225.21600
0.04515	222.76800
0.04520	220.32000
0.04525	276.62400
0.04530	215.42400
0.04535	215.42400
0.04540	271.72800
0.04545	259.48800
0.04550	205.63200
0.04555	208.08000
0.04560	212.97600
0.04565	332.92800
0.04570	283.96800
0.04575	249.69600
0.04580	134.64000
0.04585	217.87200
0.04590	254.59200
0.04595	154.22400
0.04600	506.73600
0.04605	306.00000
0.04610	264.38400
0.04615	249.69600
0.04620	205.63200
0.04625	208.08000
0.04630	303.55200
0.04635	149.32800
0.04640	208.08000
0.04645	325.58400
0.04650	227.66400
0.04655	134.64000
0.04660	249.69600
0.04665	364.75200
0.04670	254.59200
0.04675	455.32800
0.04680	286.41600
0.04685	332.92800
0.04690	403.92000
0.04695	271.72800
0.04700	210.52800
0.04705	320.68800
0.04710	328.03200
0.04715	205.63200
0.04720	203.18400
0.04725	254.59200
0.04730	215.42400
0.04735	276.62400
0.04740	511.63200
0.04745	345.16800
0.04750	237.45600
0.04755	271.72800
0.04760	269.28000
0.04765	335.37600
0.04770	239.90400
0.04775	318.24000
0.04780	210.52800
0.04785	306.00000
0.04790	328.03200
0.04795	364.75200
0.04800	271.72800
0.04805	291.31200
0.04810	242.35200
0.04815	210.52800
0.04820	325.58400
0.04825	269.28000
0.04830	264.38400
0.04835	367.20000
0.04840	288.86400
0.04845	401.47200
0.04850	151.77600
0.04855	325.58400
0.04860	266.83200
0.04865	249.69600
0.04870	301.10400
0.04875	379.44000
0.04880	183.60000
0.04885	286.41600
0.04890	291.31200
0.04895	208.08000
0.04900	200.73600
0.04905	301.10400
0.04910	164.01600
0.04915	200.73600
0.04920	217.87200
0.04925	198.28800
0.04930	220.32000
0.04935	242.35200
0.04940	421.05600
0.04945	193.39200
0.04950	146.88000
0.04955	232.56000
0.04960	178.70400
0.04965	203.18400
0.04970	122.40000
0.04975	171.36000
0.04980	166.46400
0.04985	298.65600
0.04990	323.13600
