0.00000	0.11466
0.00005	0.61152
0.00010	0.42042
0.00015	0.34398
0.00020	0.30576
0.00025	0.00000
0.00030	0.53508
0.00035	0.38220
0.00040	0.80262
0.00045	0.30576
0.00050	0.76440
0.00055	0.57330
0.00060	0.91728
0.00065	0.38220
0.00070	0.80262
0.00075	0.22932
0.00080	0.91728
0.00085	0.38220
0.00090	0.45864
0.00095	0.72618
0.00100	0.45864
0.00105	1.41414
0.00110	1.64346
0.00115	1.22304
0.00120	2.90472
0.00125	2.67540
0.00130	5.12148
0.00135	6.26808
0.00140	7.94976
0.00145	7.37646
0.00150	13.98852
0.00155	16.09062
0.00160	14.60004
0.00165	24.04038
0.00170	34.97130
0.00175	40.01634
0.00180	54.11952
0.00185	71.96826
0.00190	73.76460
0.00195	95.32068
0.00200	108.96522
0.00205	124.52076
0.00210	113.89560
0.00215	117.48828
0.00220	120.62232
0.00225	120.50766
0.00230	122.87730
0.00235	113.47518
0.00240	118.63488
0.00245	99.37200
0.00250	82.89918
0.00255	80.07090
0.00260	75.33162
0.00265	59.62320
0.00270	60.31116
0.00275	46.32264
0.00280	48.50118
0.00285	42.11844
0.00290	40.47498
0.00295	37.57026
0.00300	32.18124
0.00305	26.44824
0.00310	27.51840
0.00315	20.56236
0.00320	22.01472
0.00325	20.48592
0.00330	20.29482
0.00335	17.58120
0.00340	20.18016
0.00345	15.13512
0.00350	14.94402
0.00355	12.30684
0.00360	15.28800
0.00365	13.37700
0.00370	10.28118
0.00375	11.50422
0.00380	12.07752
0.00385	8.56128
0.00390	10.35762
0.00395	10.96914
0.00400	10.93092
0.00405	8.37018
0.00410	10.39584
0.00415	7.98798
0.00420	9.32568
0.00425	8.25552
0.00430	8.94348
0.00435	6.57384
0.00440	9.44034
0.00445	6.11520
0.00450	7.64400
0.00455	6.00054
0.00460	10.66338
0.00465	5.54190
0.00470	6.65028
0.00475	6.99426
0.00480	7.14714
0.00485	5.92410
0.00490	5.69478
0.00495	5.31258
0.00500	6.03876
0.00505	5.35080
0.00510	5.42724
0.00515	4.20420
0.00520	7.91154
0.00525	4.50996
0.00530	6.07698
0.00535	6.22986
0.00540	7.94976
0.00545	4.47174
0.00550	4.12776
0.00555	6.49740
0.00560	6.49740
0.00565	6.53562
0.00570	7.64400
0.00575	7.68222
0.00580	6.19164
0.00585	6.76494
0.00590	5.42724
0.00595	4.81572
0.00600	3.70734
0.00605	3.78378
0.00610	4.85394
0.00615	4.93038
0.00620	6.00054
0.00625	4.73928
0.00630	3.97488
0.00635	3.86022
0.00640	6.26808
0.00645	3.78378
0.00650	4.58640
0.00655	3.32514
0.00660	6.03876
0.00665	3.43980
0.00670	3.74556
0.00675	4.35708
0.00680	3.63090
0.00685	4.58640
0.00690	3.59268
0.00695	6.19164
0.00700	4.43352
0.00705	2.79006
0.00710	5.42724
0.00715	4.43352
0.00720	4.08954
0.00725	4.43352
0.00730	4.58640
0.00735	3.36336
0.00740	5.65656
0.00745	4.62462
0.00750	4.85394
0.00755	3.70734
0.00760	2.94294
0.00765	3.82200
0.00770	2.79006
0.00775	4.05132
0.00780	3.43980
0.00785	4.43352
0.00790	3.32514
0.00795	3.82200
0.00800	4.28064
0.00805	3.97488
0.00810	2.86650
0.00815	3.97488
0.00820	5.31258
0.00825	4.01310
0.00830	6.87960
0.00835	5.15970
0.00840	3.66912
0.00845	2.79006
0.00850	3.36336
0.00855	3.17226
0.00860	3.40158
0.00865	5.15970
0.00870	2.44608
0.00875	1.94922
0.00880	5.73300
0.00885	3.51624
0.00890	5.19792
0.00895	4.50996
0.00900	3.36336
0.00905	3.93666
0.00910	2.10210
0.00915	1.83456
0.00920	2.71362
0.00925	3.66912
0.00930	2.75184
0.00935	2.82828
0.00940	4.73928
0.00945	2.40786
0.00950	2.79006
0.00955	3.59268
0.00960	3.13404
0.00965	3.28692
0.00970	3.05760
0.00975	2.79006
0.00980	3.05760
0.00985	2.90472
0.00990	3.74556
0.00995	4.54818
0.01000	4.89216
0.01005	4.05132
0.01010	3.93666
0.01015	3.93666
0.01020	2.67540
0.01025	2.79006
0.01030	3.86022
0.01035	4.28064
0.01040	2.33142
0.01045	2.90472
0.01050	2.82828
0.01055	3.13404
0.01060	2.33142
0.01065	3.01938
0.01070	2.36964
0.01075	6.19164
0.01080	3.63090
0.01085	2.17854
0.01090	3.17226
0.01095	1.91100
0.01100	2.63718
0.01105	2.67540
0.01110	2.59896
0.01115	2.40786
0.01120	2.67540
0.01125	3.97488
0.01130	3.59268
0.01135	1.49058
0.01140	1.60524
0.01145	3.01938
0.01150	0.87906
0.01155	3.82200
0.01160	2.02566
0.01165	2.59896
0.01170	1.94922
0.01175	3.78378
0.01180	1.60524
0.01185	2.17854
0.01190	2.17854
0.01195	3.89844
0.01200	3.05760
0.01205	1.83456
0.01210	4.35708
0.01215	3.24870
0.01220	3.47802
0.01225	1.68168
0.01230	3.21048
0.01235	3.21048
0.01240	6.15342
0.01245	2.79006
0.01250	2.14032
0.01255	2.82828
0.01260	3.89844
0.01265	3.01938
0.01270	3.59268
0.01275	4.35708
0.01280	1.94922
0.01285	2.21676
0.01290	2.56074
0.01295	4.50996
0.01300	2.21676
0.01305	2.75184
0.01310	2.98116
0.01315	1.60524
0.01320	1.41414
0.01325	4.62462
0.01330	3.55446
0.01335	2.52252
0.01340	2.90472
0.01345	2.67540
0.01350	2.79006
0.01355	1.98744
0.01360	1.03194
0.01365	2.75184
0.01370	2.90472
0.01375	2.71362
0.01380	2.25498
0.01385	1.79634
0.01390	2.79006
0.01395	2.36964
0.01400	3.66912
0.01405	2.67540
0.01410	5.15970
0.01415	2.40786
0.01420	3.13404
0.01425	1.75812
0.01430	3.17226
0.01435	2.94294
0.01440	1.60524
0.01445	0.95550
0.01450	2.79006
0.01455	2.52252
0.01460	1.49058
0.01465	3.32514
0.01470	4.35708
0.01475	2.48430
0.01480	2.10210
0.01485	4.50996
0.01490	3.17226
0.01495	3.70734
0.01500	5.19792
0.01505	1.87278
0.01510	5.04504
0.01515	3.05760
0.01520	2.98116
0.01525	1.52880
0.01530	2.90472
0.01535	2.86650
0.01540	3.28692
0.01545	3.40158
0.01550	3.28692
0.01555	1.33770
0.01560	4.58640
0.01565	2.52252
0.01570	1.56702
0.01575	1.91100
0.01580	2.06388
0.01585	3.21048
0.01590	2.71362
0.01595	3.63090
0.01600	2.36964
0.01605	1.94922
0.01610	2.06388
0.01615	2.71362
0.01620	2.21676
0.01625	1.49058
0.01630	2.82828
0.01635	1.07016
0.01640	2.48430
0.01645	1.75812
0.01650	1.98744
0.01655	1.03194
0.01660	1.75812
0.01665	2.29320
0.01670	2.29320
0.01675	1.33770
0.01680	1.68168
0.01685	2.94294
0.01690	3.55446
0.01695	2.94294
0.01700	1.03194
0.01705	1.64346
0.01710	2.06388
0.01715	1.79634
0.01720	3.66912
0.01725	3.28692
0.01730	2.86650
0.01735	3.21048
0.01740	2.10210
0.01745	2.82828
0.01750	2.59896
0.01755	0.87906
0.01760	1.94922
0.01765	2.02566
0.01770	2.44608
0.01775	2.94294
0.01780	4.31886
0.01785	2.36964
0.01790	3.05760
0.01795	2.67540
0.01800	2.06388
0.01805	1.64346
0.01810	1.68168
0.01815	1.83456
0.01820	1.68168
0.01825	1.98744
0.01830	2.86650
0.01835	2.33142
0.01840	2.79006
0.01845	1.75812
0.01850	2.33142
0.01855	2.10210
0.01860	2.17854
0.01865	3.51624
0.01870	1.56702
0.01875	4.01310
0.01880	4.47174
0.01885	3.82200
0.01890	2.52252
0.01895	2.67540
0.01900	2.33142
0.01905	1.49058
0.01910	1.45236
0.01915	2.75184
0.01920	2.14032
0.01925	3.05760
0.01930	1.52880
0.01935	1.75812
0.01940	2.17854
0.01945	2.10210
0.01950	1.71990
0.01955	3.47802
0.01960	2.21676
0.01965	2.71362
0.01970	2.29320
0.01975	2.33142
0.01980	1.79634
0.01985	1.64346
0.01990	1.94922
0.01995	2.02566
0.02000	2.25498
0.02005	2.29320
0.02010	3.63090
0.02015	4.05132
0.02020	3.28692
0.02025	3.74556
0.02030	3.63090
0.02035	1.91100
0.02040	2.17854
0.02045	1.33770
0.02050	2.40786
0.02055	0.38220
0.02060	2.14032
0.02065	2.79006
0.02070	1.03194
0.02075	2.79006
0.02080	2.59896
0.02085	1.29948
0.02090	1.56702
0.02095	1.10838
0.02100	1.87278
0.02105	1.56702
0.02110	1.79634
0.02115	2.63718
0.02120	1.26126
0.02125	2.17854
0.02130	3.21048
0.02135	1.87278
0.02140	1.64346
0.02145	1.60524
0.02150	1.56702
0.02155	2.29320
0.02160	2.59896
0.02165	1.22304
0.02170	1.18482
0.02175	1.79634
0.02180	1.22304
0.02185	3.66912
0.02190	2.14032
0.02195	2.40786
0.02200	1.56702
0.02205	1.52880
0.02210	0.76440
0.02215	1.83456
0.02220	2.17854
0.02225	1.79634
0.02230	1.64346
0.02235	1.79634
0.02240	1.87278
0.02245	2.29320
0.02250	1.91100
0.02255	2.10210
0.02260	2.44608
0.02265	1.64346
0.02270	2.44608
0.02275	1.56702
0.02280	1.94922
0.02285	3.17226
0.02290	1.18482
0.02295	2.52252
0.02300	2.82828
0.02305	2.63718
0.02310	2.40786
0.02315	1.33770
0.02320	2.94294
0.02325	1.68168
0.02330	1.71990
0.02335	1.10838
0.02340	2.40786
0.02345	2.25498
0.02350	1.94922
0.02355	2.06388
0.02360	2.59896
0.02365	1.91100
0.02370	3.17226
0.02375	2.82828
0.02380	2.02566
0.02385	2.71362
0.02390	2.17854
0.02395	2.14032
0.02400	2.52252
0.02405	2.59896
0.02410	2.48430
0.02415	1.52880
0.02420	2.29320
0.02425	3.24870
0.02430	2.36964
0.02435	4.05132
0.02440	2.48430
0.02445	2.59896
0.02450	3.66912
0.02455	0.87906
0.02460	2.63718
0.02465	2.40786
0.02470	1.75812
0.02475	0.95550
0.02480	2.82828
0.02485	2.56074
0.02490	4.08954
0.02495	2.48430
0.02500	2.59896
0.02505	1.75812
0.02510	1.83456
0.02515	1.10838
0.02520	0.91728
0.02525	2.63718
0.02530	1.07016
0.02535	3.43980
0.02540	1.94922
0.02545	2.29320
0.02550	1.45236
0.02555	2.44608
0.02560	2.33142
0.02565	2.52252
0.02570	3.21048
0.02575	2.14032
0.02580	1.75812
0.02585	3.40158
0.02590	3.89844
0.02595	1.60524
0.02600	1.64346
0.02605	2.79006
0.02610	1.79634
0.02615	0.95550
0.02620	1.98744
0.02625	2.25498
0.02630	2.10210
0.02635	1.75812
0.02640	2.82828
0.02645	1.41414
0.02650	2.40786
0.02655	1.60524
0.02660	2.86650
0.02665	1.37592
0.02670	2.06388
0.02675	0.80262
0.02680	1.91100
0.02685	2.98116
0.02690	1.41414
0.02695	1.94922
0.02700	1.52880
0.02705	3.13404
0.02710	3.09582
0.02715	0.95550
0.02720	1.03194
0.02725	1.68168
0.02730	1.37592
0.02735	2.40786
0.02740	1.18482
0.02745	1.83456
0.02750	1.03194
0.02755	2.21676
0.02760	1.56702
0.02765	1.94922
0.02770	3.51624
0.02775	2.44608
0.02780	2.48430
0.02785	1.37592
0.02790	1.56702
0.02795	2.14032
0.02800	2.63718
0.02805	1.91100
0.02810	1.91100
0.02815	2.02566
0.02820	1.33770
0.02825	1.37592
0.02830	1.83456
0.02835	2.02566
0.02840	1.14660
0.02845	1.83456
0.02850	2.14032
0.02855	2.56074
0.02860	4.89216
0.02865	1.68168
0.02870	1.71990
0.02875	1.94922
0.02880	2.52252
0.02885	1.87278
0.02890	1.68168
0.02895	1.49058
0.02900	1.10838
0.02905	0.76440
0.02910	1.79634
0.02915	1.41414
0.02920	2.59896
0.02925	2.94294
0.02930	1.71990
0.02935	1.56702
0.02940	0.61152
0.02945	1.56702
0.02950	2.48430
0.02955	1.33770
0.02960	1.33770
0.02965	1.56702
0.02970	1.49058
0.02975	0.76440
0.02980	2.75184
0.02985	1.03194
0.02990	1.41414
0.02995	1.10838
0.03000	1.71990
0.03005	2.33142
0.03010	1.87278
0.03015	1.87278
0.03020	2.52252
0.03025	1.45236
0.03030	2.33142
0.03035	1.29948
0.03040	4.01310
0.03045	2.59896
0.03050	3.21048
0.03055	1.60524
0.03060	1.64346
0.03065	1.26126
0.03070	1.79634
0.03075	2.02566
0.03080	1.03194
0.03085	1.49058
0.03090	1.71990
0.03095	3.01938
0.03100	0.38220
0.03105	1.33770
0.03110	3.32514
0.03115	2.10210
0.03120	2.48430
0.03125	1.75812
0.03130	1.18482
0.03135	1.87278
0.03140	1.52880
0.03145	0.99372
0.03150	1.68168
0.03155	2.21676
0.03160	1.71990
0.03165	1.56702
0.03170	1.91100
0.03175	1.83456
0.03180	1.22304
0.03185	1.18482
0.03190	1.83456
0.03195	2.17854
0.03200	1.91100
0.03205	1.49058
0.03210	1.56702
0.03215	0.99372
0.03220	2.10210
0.03225	1.91100
0.03230	1.37592
0.03235	1.33770
0.03240	2.29320
0.03245	2.02566
0.03250	2.52252
0.03255	1.87278
0.03260	1.83456
0.03265	2.40786
0.03270	2.71362
0.03275	0.99372
0.03280	1.10838
0.03285	1.75812
0.03290	2.71362
0.03295	0.91728
0.03300	2.06388
0.03305	2.02566
0.03310	3.28692
0.03315	1.33770
0.03320	1.56702
0.03325	2.06388
0.03330	1.49058
0.03335	1.18482
0.03340	2.17854
0.03345	0.84084
0.03350	0.64974
0.03355	1.91100
0.03360	2.10210
0.03365	0.53508
0.03370	1.79634
0.03375	1.60524
0.03380	2.17854
0.03385	2.44608
0.03390	1.10838
0.03395	1.68168
0.03400	3.05760
0.03405	1.83456
0.03410	1.56702
0.03415	2.29320
0.03420	2.40786
0.03425	2.98116
0.03430	2.52252
0.03435	1.60524
0.03440	1.75812
0.03445	1.18482
0.03450	2.82828
0.03455	1.68168
0.03460	2.29320
0.03465	0.95550
0.03470	2.52252
0.03475	1.79634
0.03480	1.94922
0.03485	2.98116
0.03490	1.41414
0.03495	2.44608
0.03500	1.91100
0.03505	1.83456
0.03510	0.49686
0.03515	2.02566
0.03520	2.21676
0.03525	2.33142
0.03530	1.60524
0.03535	1.45236
0.03540	3.05760
0.03545	2.86650
0.03550	3.47802
0.03555	1.29948
0.03560	1.87278
0.03565	1.94922
0.03570	3.09582
0.03575	1.52880
0.03580	1.52880
0.03585	1.52880
0.03590	1.68168
0.03595	1.10838
0.03600	2.56074
0.03605	2.94294
0.03610	2.10210
0.03615	0.99372
0.03620	2.33142
0.03625	2.29320
0.03630	2.06388
0.03635	1.33770
0.03640	1.68168
0.03645	1.68168
0.03650	1.91100
0.03655	3.63090
0.03660	2.63718
0.03665	1.71990
0.03670	1.26126
0.03675	2.14032
0.03680	2.48430
0.03685	2.33142
0.03690	2.14032
0.03695	0.84084
0.03700	2.36964
0.03705	1.68168
0.03710	0.61152
0.03715	3.24870
0.03720	2.02566
0.03725	0.80262
0.03730	1.18482
0.03735	1.52880
0.03740	2.17854
0.03745	1.49058
0.03750	1.37592
0.03755	2.02566
0.03760	1.56702
0.03765	1.18482
0.03770	2.14032
0.03775	3.40158
0.03780	1.45236
0.03785	2.44608
0.03790	1.07016
0.03795	2.17854
0.03800	1.37592
0.03805	1.49058
0.03810	1.87278
0.03815	2.06388
0.03820	1.33770
0.03825	2.40786
0.03830	1.10838
0.03835	1.52880
0.03840	2.36964
0.03845	2.17854
0.03850	1.37592
0.03855	2.56074
0.03860	1.26126
0.03865	1.83456
0.03870	1.60524
0.03875	1.52880
0.03880	2.21676
0.03885	2.67540
0.03890	1.33770
0.03895	3.01938
0.03900	1.49058
0.03905	2.14032
0.03910	2.36964
0.03915	1.10838
0.03920	2.21676
0.03925	1.29948
0.03930	1.49058
0.03935	2.48430
0.03940	2.17854
0.03945	0.87906
0.03950	1.68168
0.03955	2.82828
0.03960	1.83456
0.03965	2.25498
0.03970	3.59268
0.03975	1.45236
0.03980	2.10210
0.03985	2.33142
0.03990	1.79634
0.03995	0.53508
0.04000	2.36964
0.04005	1.71990
0.04010	2.71362
0.04015	3.05760
0.04020	2.59896
0.04025	1.56702
0.04030	1.64346
0.04035	1.41414
0.04040	2.10210
0.04045	1.37592
0.04050	1.75812
0.04055	0.87906
0.04060	1.71990
0.04065	1.07016
0.04070	1.56702
0.04075	1.60524
0.04080	1.64346
0.04085	1.71990
0.04090	1.03194
0.04095	1.29948
0.04100	2.14032
0.04105	2.33142
0.04110	1.41414
0.04115	0.68796
0.04120	1.45236
0.04125	2.48430
0.04130	2.25498
0.04135	2.40786
0.04140	1.87278
0.04145	0.99372
0.04150	2.29320
0.04155	1.10838
0.04160	2.36964
0.04165	2.10210
0.04170	2.79006
0.04175	2.33142
0.04180	2.48430
0.04185	0.61152
0.04190	1.91100
0.04195	1.87278
0.04200	1.71990
0.04205	2.14032
0.04210	2.02566
0.04215	2.33142
0.04220	2.86650
0.04225	2.59896
0.04230	1.22304
0.04235	1.91100
0.04240	2.25498
0.04245	0.76440
0.04250	2.40786
0.04255	1.18482
0.04260	1.68168
0.04265	1.94922
0.04270	0.76440
0.04275	1.60524
0.04280	1.10838
0.04285	1.26126
0.04290	0.64974
0.04295	2.14032
0.04300	1.07016
0.04305	1.33770
0.04310	2.21676
0.04315	1.37592
0.04320	3.24870
0.04325	1.52880
0.04330	2.10210
0.04335	1.83456
0.04340	1.87278
0.04345	1.83456
0.04350	1.91100
0.04355	1.33770
0.04360	1.68168
0.04365	0.87906
0.04370	0.64974
0.04375	1.71990
0.04380	1.03194
0.04385	1.26126
0.04390	3.47802
0.04395	2.40786
0.04400	1.03194
0.04405	0.95550
0.04410	1.33770
0.04415	2.59896
0.04420	1.26126
0.04425	0.68796
0.04430	1.03194
0.04435	1.26126
0.04440	2.75184
0.04445	2.02566
0.04450	2.29320
0.04455	0.99372
0.04460	1.45236
0.04465	1.10838
0.04470	1.18482
0.04475	1.26126
0.04480	2.67540
0.04485	1.87278
0.04490	2.48430
0.04495	1.03194
0.04500	2.02566
0.04505	2.44608
0.04510	1.64346
0.04515	2.86650
0.04520	1.68168
0.04525	2.67540
0.04530	1.33770
0.04535	0.57330
0.04540	1.64346
0.04545	1.22304
0.04550	2.17854
0.04555	1.33770
0.04560	0.53508
0.04565	1.94922
0.04570	1.45236
0.04575	1.87278
0.04580	0.53508
0.04585	1.45236
0.04590	2.10210
0.04595	1.60524
0.04600	1.56702
0.04605	2.10210
0.04610	0.95550
0.04615	0.99372
0.04620	0.95550
0.04625	2.17854
0.04630	1.71990
0.04635	1.75812
0.04640	1.26126
0.04645	2.14032
0.04650	0.15288
0.04655	1.29948
0.04660	1.56702
0.04665	2.06388
0.04670	2.17854
0.04675	1.64346
0.04680	1.87278
0.04685	3.17226
0.04690	1.98744
0.04695	1.49058
0.04700	2.14032
0.04705	1.64346
0.04710	1.71990
0.04715	2.40786
0.04720	1.56702
0.04725	1.87278
0.04730	1.87278
0.04735	2.02566
0.04740	1.03194
0.04745	1.56702
0.04750	2.82828
0.04755	2.40786
0.04760	1.98744
0.04765	2.06388
0.04770	2.29320
0.04775	2.25498
0.04780	0.99372
0.04785	1.37592
0.04790	0.80262
0.04795	1.56702
0.04800	1.29948
0.04805	1.56702
0.04810	1.49058
0.04815	1.14660
0.04820	1.52880
0.04825	1.98744
0.04830	1.18482
0.04835	1.71990
0.04840	1.56702
0.04845	1.45236
0.04850	2.06388
0.04855	2.25498
0.04860	3.01938
0.04865	1.37592
0.04870	1.94922
0.04875	1.22304
0.04880	2.06388
0.04885	3.21048
0.04890	1.03194
0.04895	2.67540
0.04900	2.56074
0.04905	0.99372
0.04910	1.26126
0.04915	1.33770
0.04920	1.22304
0.04925	0.99372
0.04930	1.68168
0.04935	1.71990
0.04940	1.41414
0.04945	0.72618
0.04950	1.22304
0.04955	1.94922
0.04960	2.10210
0.04965	1.56702
0.04970	1.91100
0.04975	0.72618
0.04980	1.07016
0.04985	0.61152
0.04990	1.03194
0.04995	0.80262
0.05000	2.29320
0.05005	1.45236
0.05010	0.61152
0.05015	1.29948
0.05020	0.99372
0.05025	1.14660
0.05030	1.75812
0.05035	1.14660
0.05040	1.37592
0.05045	1.18482
0.05050	0.99372
0.05055	2.82828
0.05060	1.79634
0.05065	1.10838
0.05070	0.76440
0.05075	3.59268
0.05080	0.95550
0.05085	1.37592
0.05090	0.68796
0.05095	1.29948
0.05100	1.14660
0.05105	1.60524
0.05110	1.52880
0.05115	1.68168
0.05120	1.26126
0.05125	1.45236
0.05130	1.41414
0.05135	1.18482
0.05140	0.61152
0.05145	1.52880
0.05150	1.26126
0.05155	0.99372
0.05160	1.10838
0.05165	1.41414
0.05170	1.26126
0.05175	0.76440
0.05180	1.22304
0.05185	1.60524
0.05190	3.66912
0.05195	2.06388
0.05200	2.52252
0.05205	1.18482
0.05210	2.25498
0.05215	1.87278
0.05220	1.10838
0.05225	3.36336
0.05230	2.33142
0.05235	0.84084
0.05240	1.18482
0.05245	1.03194
0.05250	1.26126
0.05255	1.03194
0.05260	1.07016
0.05265	0.87906
0.05270	0.91728
0.05275	1.45236
0.05280	1.37592
0.05285	1.18482
0.05290	1.26126
0.05295	1.41414
0.05300	1.83456
0.05305	0.76440
0.05310	2.56074
0.05315	2.06388
0.05320	0.53508
0.05325	1.26126
0.05330	0.91728
0.05335	2.40786
0.05340	1.71990
0.05345	0.99372
0.05350	1.87278
0.05355	1.60524
0.05360	1.60524
0.05365	1.29948
0.05370	1.83456
0.05375	1.83456
0.05380	1.10838
0.05385	1.49058
0.05390	0.80262
0.05395	3.78378
0.05400	4.24242
0.05405	1.33770
0.05410	1.64346
0.05415	1.91100
0.05420	1.14660
0.05425	1.10838
0.05430	3.82200
0.05435	2.56074
0.05440	2.02566
0.05445	1.56702
0.05450	1.37592
0.05455	1.56702
0.05460	2.25498
0.05465	2.14032
0.05470	1.14660
0.05475	2.02566
0.05480	0.84084
0.05485	0.87906
0.05490	3.05760
0.05495	0.87906
0.05500	1.41414
0.05505	1.56702
0.05510	1.52880
0.05515	1.33770
0.05520	1.29948
0.05525	1.18482
0.05530	0.99372
0.05535	1.75812
0.05540	0.22932
0.05545	1.14660
0.05550	1.71990
0.05555	0.61152
0.05560	3.32514
0.05565	2.36964
0.05570	1.52880
0.05575	1.33770
0.05580	1.87278
0.05585	1.37592
0.05590	1.64346
0.05595	1.87278
0.05600	2.06388
0.05605	1.14660
0.05610	1.45236
0.05615	1.83456
0.05620	1.60524
0.05625	1.56702
0.05630	1.87278
0.05635	1.18482
0.05640	1.64346
0.05645	1.33770
0.05650	1.94922
0.05655	0.72618
0.05660	2.29320
0.05665	1.71990
0.05670	1.91100
0.05675	1.03194
0.05680	0.76440
0.05685	0.68796
0.05690	1.83456
0.05695	1.94922
0.05700	2.67540
0.05705	1.87278
0.05710	1.79634
0.05715	2.06388
0.05720	0.72618
0.05725	1.03194
0.05730	1.71990
0.05735	1.41414
0.05740	0.68796
0.05745	2.17854
0.05750	1.18482
0.05755	1.33770
0.05760	1.75812
0.05765	0.84084
0.05770	1.29948
0.05775	1.68168
0.05780	1.18482
0.05785	0.95550
0.05790	1.29948
0.05795	1.87278
0.05800	1.83456
0.05805	1.26126
0.05810	1.64346
0.05815	3.01938
0.05820	1.94922
0.05825	0.57330
0.05830	1.18482
0.05835	1.03194
0.05840	0.64974
0.05845	1.98744
0.05850	1.10838
0.05855	1.33770
0.05860	2.25498
0.05865	0.68796
0.05870	1.64346
0.05875	1.10838
0.05880	0.68796
0.05885	0.99372
0.05890	2.48430
0.05895	0.87906
0.05900	0.19110
0.05905	1.68168
0.05910	1.45236
0.05915	1.41414
0.05920	1.07016
0.05925	1.22304
0.05930	1.83456
0.05935	1.64346
0.05940	1.60524
0.05945	0.91728
0.05950	2.06388
0.05955	1.26126
0.05960	1.22304
0.05965	2.02566
0.05970	1.60524
0.05975	1.91100
0.05980	1.41414
0.05985	0.57330
0.05990	2.10210
0.05995	3.05760
0.06000	1.52880
0.06005	0.64974
0.06010	0.76440
0.06015	1.22304
0.06020	1.33770
0.06025	2.10210
0.06030	0.72618
0.06035	1.49058
0.06040	1.49058
0.06045	0.80262
0.06050	0.99372
0.06055	1.52880
0.06060	2.02566
0.06065	1.68168
0.06070	1.94922
0.06075	1.52880
0.06080	1.49058
0.06085	1.87278
0.06090	2.59896
0.06095	1.26126
0.06100	1.71990
0.06105	0.80262
0.06110	0.95550
0.06115	0.91728
0.06120	0.80262
0.06125	1.29948
0.06130	0.87906
0.06135	1.60524
0.06140	1.71990
0.06145	1.98744
0.06150	1.94922
0.06155	1.52880
0.06160	1.64346
0.06165	0.91728
0.06170	2.52252
0.06175	1.71990
0.06180	1.75812
0.06185	1.41414
0.06190	1.41414
0.06195	2.14032
0.06200	1.26126
0.06205	2.94294
0.06210	1.49058
0.06215	1.52880
0.06220	2.40786
0.06225	0.72618
0.06230	2.25498
0.06235	1.37592
0.06240	1.56702
0.06245	1.91100
0.06250	2.10210
0.06255	1.98744
0.06260	1.29948
0.06265	2.67540
0.06270	2.06388
0.06275	1.94922
0.06280	0.95550
0.06285	1.45236
0.06290	1.37592
0.06295	1.71990
0.06300	2.06388
0.06305	1.49058
0.06310	0.61152
0.06315	0.84084
0.06320	0.91728
0.06325	2.63718
0.06330	1.37592
0.06335	1.41414
0.06340	0.87906
0.06345	1.03194
0.06350	1.71990
0.06355	1.26126
0.06360	1.26126
0.06365	0.91728
0.06370	0.53508
0.06375	0.84084
0.06380	1.68168
0.06385	2.02566
0.06390	0.72618
0.06395	0.72618
0.06400	0.91728
0.06405	0.84084
0.06410	1.60524
0.06415	0.49686
0.06420	0.49686
0.06425	1.56702
0.06430	2.21676
0.06435	0.80262
0.06440	2.14032
0.06445	1.37592
0.06450	1.79634
0.06455	0.87906
0.06460	1.68168
0.06465	1.68168
0.06470	1.14660
0.06475	1.22304
0.06480	0.87906
0.06485	1.94922
0.06490	0.99372
0.06495	1.64346
0.06500	1.41414
0.06505	1.87278
0.06510	2.63718
0.06515	1.14660
0.06520	1.37592
0.06525	2.33142
0.06530	1.87278
0.06535	0.95550
0.06540	0.72618
0.06545	0.99372
0.06550	0.76440
0.06555	1.37592
0.06560	0.99372
0.06565	0.49686
0.06570	1.26126
0.06575	2.44608
0.06580	1.75812
0.06585	1.71990
0.06590	1.52880
0.06595	0.99372
0.06600	1.75812
0.06605	1.29948
0.06610	1.18482
0.06615	1.68168
0.06620	1.83456
0.06625	0.80262
0.06630	1.41414
0.06635	0.91728
0.06640	1.87278
0.06645	1.56702
0.06650	1.83456
0.06655	1.45236
0.06660	1.49058
0.06665	0.91728
0.06670	2.06388
0.06675	0.68796
0.06680	0.80262
0.06685	0.61152
0.06690	2.59896
0.06695	1.37592
0.06700	0.76440
0.06705	2.17854
0.06710	1.18482
0.06715	2.86650
0.06720	1.52880
0.06725	0.84084
0.06730	2.29320
0.06735	1.68168
0.06740	1.79634
0.06745	1.18482
0.06750	2.17854
0.06755	2.14032
0.06760	1.26126
0.06765	0.76440
0.06770	0.49686
0.06775	1.10838
0.06780	1.52880
0.06785	1.10838
0.06790	1.41414
0.06795	2.63718
0.06800	1.98744
0.06805	2.06388
0.06810	2.29320
0.06815	1.45236
0.06820	0.84084
0.06825	1.87278
0.06830	0.80262
0.06835	2.14032
0.06840	0.76440
0.06845	1.41414
0.06850	0.49686
0.06855	2.21676
0.06860	1.56702
0.06865	2.06388
0.06870	1.29948
0.06875	1.45236
0.06880	1.03194
0.06885	0.49686
0.06890	1.18482
0.06895	1.03194
0.06900	0.57330
0.06905	1.52880
0.06910	1.64346
0.06915	0.76440
0.06920	0.53508
0.06925	0.26754
0.06930	1.45236
0.06935	1.26126
0.06940	0.84084
0.06945	0.80262
0.06950	1.26126
0.06955	1.37592
0.06960	1.83456
0.06965	1.49058
0.06970	1.52880
0.06975	0.38220
0.06980	0.68796
0.06985	2.17854
0.06990	0.45864
0.06995	1.60524
0.07000	1.14660
0.07005	0.87906
0.07010	0.95550
0.07015	0.76440
0.07020	0.49686
0.07025	0.84084
0.07030	1.52880
0.07035	2.79006
0.07040	1.79634
0.07045	1.41414
0.07050	1.56702
0.07055	1.64346
0.07060	1.60524
0.07065	1.45236
0.07070	2.02566
0.07075	1.33770
0.07080	1.22304
0.07085	2.40786
0.07090	1.75812
0.07095	0.64974
0.07100	1.52880
0.07105	2.21676
0.07110	2.14032
0.07115	1.07016
0.07120	0.87906
0.07125	0.87906
0.07130	2.52252
0.07135	2.14032
0.07140	1.26126
0.07145	0.72618
0.07150	1.60524
0.07155	1.26126
0.07160	0.80262
0.07165	1.68168
0.07170	1.71990
0.07175	2.14032
0.07180	0.91728
0.07185	1.45236
0.07190	1.03194
0.07195	0.61152
0.07200	0.87906
0.07205	1.83456
0.07210	2.10210
0.07215	0.76440
0.07220	1.52880
0.07225	1.18482
0.07230	1.37592
0.07235	0.45864
0.07240	0.34398
0.07245	1.75812
0.07250	0.87906
0.07255	1.14660
0.07260	1.98744
0.07265	0.72618
0.07270	0.49686
0.07275	1.52880
0.07280	1.10838
0.07285	2.33142
0.07290	2.06388
0.07295	1.68168
0.07300	1.79634
0.07305	2.21676
0.07310	1.03194
0.07315	1.79634
0.07320	1.64346
0.07325	0.61152
0.07330	1.52880
0.07335	1.07016
0.07340	1.64346
0.07345	1.83456
0.07350	1.41414
0.07355	1.98744
0.07360	3.05760
0.07365	1.94922
0.07370	1.33770
0.07375	0.84084
0.07380	0.95550
0.07385	1.91100
0.07390	0.68796
0.07395	3.05760
0.07400	2.79006
0.07405	1.49058
0.07410	3.05760
0.07415	2.98116
0.07420	1.33770
0.07425	1.22304
0.07430	2.17854
0.07435	1.45236
0.07440	1.45236
0.07445	2.17854
0.07450	1.41414
0.07455	2.44608
0.07460	1.68168
0.07465	1.91100
0.07470	0.87906
0.07475	0.61152
0.07480	0.30576
0.07485	0.76440
0.07490	1.64346
0.07495	1.98744
0.07500	2.06388
0.07505	0.76440
0.07510	0.53508
0.07515	1.71990
0.07520	3.09582
0.07525	1.94922
0.07530	1.87278
0.07535	1.52880
0.07540	0.80262
0.07545	2.06388
0.07550	1.29948
0.07555	1.07016
0.07560	1.07016
0.07565	1.56702
0.07570	0.19110
0.07575	1.79634
0.07580	2.29320
0.07585	1.79634
0.07590	1.29948
0.07595	1.60524
0.07600	1.98744
0.07605	1.03194
0.07610	1.03194
0.07615	1.52880
0.07620	1.41414
0.07625	1.45236
0.07630	1.60524
0.07635	1.18482
0.07640	1.29948
0.07645	1.98744
0.07650	0.80262
0.07655	0.91728
0.07660	0.99372
0.07665	0.99372
0.07670	0.87906
0.07675	1.56702
0.07680	1.10838
0.07685	1.60524
0.07690	1.56702
0.07695	0.64974
0.07700	0.84084
0.07705	0.57330
0.07710	2.71362
0.07715	2.52252
0.07720	1.60524
0.07725	1.22304
0.07730	2.56074
0.07735	1.75812
0.07740	1.14660
0.07745	1.29948
0.07750	1.03194
0.07755	1.22304
0.07760	1.60524
0.07765	1.83456
0.07770	1.60524
0.07775	0.99372
0.07780	2.36964
0.07785	2.06388
0.07790	1.03194
0.07795	3.28692
0.07800	2.90472
0.07805	0.72618
0.07810	1.71990
0.07815	1.18482
0.07820	2.29320
0.07825	1.33770
0.07830	1.94922
0.07835	1.83456
0.07840	0.76440
0.07845	1.49058
0.07850	1.83456
0.07855	2.17854
0.07860	1.91100
0.07865	1.64346
0.07870	2.29320
0.07875	1.49058
0.07880	1.79634
0.07885	1.87278
0.07890	0.72618
0.07895	1.52880
0.07900	1.64346
0.07905	1.18482
0.07910	3.01938
0.07915	2.10210
0.07920	0.57330
0.07925	1.03194
0.07930	1.22304
0.07935	1.37592
0.07940	0.76440
0.07945	1.71990
0.07950	0.76440
0.07955	0.99372
0.07960	2.21676
0.07965	0.99372
0.07970	1.29948
0.07975	1.22304
0.07980	1.10838
0.07985	0.87906
0.07990	0.68796
0.07995	1.18482
0.08000	1.75812
0.08005	0.38220
0.08010	1.64346
0.08015	0.84084
0.08020	1.07016
0.08025	1.75812
0.08030	0.45864
0.08035	0.45864
0.08040	2.14032
0.08045	1.68168
0.08050	0.68796
0.08055	1.49058
0.08060	1.60524
0.08065	0.91728
0.08070	1.87278
0.08075	1.41414
0.08080	2.33142
0.08085	0.99372
0.08090	1.29948
0.08095	2.17854
0.08100	1.14660
0.08105	2.25498
0.08110	1.14660
0.08115	0.91728
0.08120	0.22932
0.08125	0.95550
0.08130	1.68168
0.08135	1.75812
0.08140	1.41414
0.08145	1.03194
0.08150	1.49058
0.08155	2.06388
0.08160	2.33142
0.08165	1.22304
0.08170	1.83456
0.08175	1.79634
0.08180	1.56702
0.08185	2.14032
0.08190	2.21676
0.08195	0.99372
0.08200	1.49058
0.08205	1.22304
0.08210	1.75812
0.08215	0.72618
0.08220	2.21676
0.08225	1.03194
0.08230	1.49058
0.08235	2.14032
0.08240	1.79634
0.08245	2.02566
0.08250	2.02566
0.08255	1.18482
0.08260	3.74556
0.08265	1.60524
0.08270	1.64346
0.08275	1.64346
0.08280	1.60524
0.08285	2.71362
0.08290	0.99372
0.08295	0.91728
0.08300	0.34398
0.08305	0.64974
0.08310	0.34398
0.08315	1.03194
0.08320	1.41414
0.08325	1.60524
0.08330	0.68796
0.08335	1.94922
0.08340	1.22304
0.08345	0.91728
0.08350	1.45236
0.08355	0.87906
0.08360	0.99372
0.08365	1.10838
0.08370	1.98744
0.08375	0.84084
0.08380	1.56702
0.08385	0.53508
0.08390	1.33770
0.08395	2.25498
0.08400	1.14660
0.08405	1.07016
0.08410	0.61152
0.08415	1.03194
0.08420	1.26126
0.08425	0.34398
0.08430	0.34398
0.08435	1.75812
0.08440	0.72618
0.08445	0.53508
0.08450	0.76440
0.08455	0.61152
0.08460	1.83456
0.08465	2.40786
0.08470	0.26754
0.08475	0.99372
0.08480	1.33770
0.08485	2.14032
0.08490	2.29320
0.08495	2.36964
0.08500	0.76440
0.08505	1.14660
0.08510	1.10838
0.08515	0.87906
0.08520	2.14032
0.08525	1.37592
0.08530	1.07016
0.08535	2.02566
0.08540	2.29320
0.08545	1.14660
0.08550	0.95550
0.08555	2.56074
0.08560	2.59896
0.08565	1.14660
0.08570	1.52880
0.08575	1.45236
0.08580	1.56702
0.08585	1.26126
0.08590	0.72618
0.08595	0.49686
0.08600	1.45236
0.08605	1.07016
0.08610	0.38220
0.08615	0.99372
0.08620	0.61152
0.08625	0.76440
0.08630	2.56074
0.08635	0.91728
0.08640	0.87906
0.08645	0.34398
0.08650	0.57330
0.08655	1.60524
0.08660	0.80262
0.08665	1.71990
0.08670	0.45864
0.08675	1.29948
0.08680	1.75812
0.08685	0.95550
0.08690	0.87906
0.08695	0.38220
0.08700	1.26126
0.08705	0.91728
0.08710	1.45236
0.08715	1.71990
0.08720	1.49058
0.08725	0.76440
0.08730	1.18482
0.08735	0.99372
0.08740	1.10838
0.08745	0.72618
0.08750	1.29948
0.08755	0.80262
0.08760	0.91728
0.08765	2.02566
0.08770	0.91728
0.08775	0.68796
0.08780	2.33142
0.08785	2.06388
0.08790	1.56702
0.08795	1.29948
0.08800	1.14660
0.08805	2.29320
0.08810	0.68796
0.08815	1.91100
0.08820	0.91728
0.08825	2.56074
0.08830	1.45236
0.08835	0.42042
0.08840	1.10838
0.08845	1.56702
0.08850	1.83456
0.08855	0.80262
0.08860	1.10838
0.08865	1.26126
0.08870	1.37592
0.08875	1.71990
0.08880	1.56702
0.08885	1.33770
0.08890	1.37592
0.08895	0.99372
0.08900	2.29320
0.08905	0.99372
0.08910	1.52880
0.08915	0.76440
0.08920	1.18482
0.08925	0.64974
0.08930	2.79006
0.08935	2.21676
0.08940	2.02566
0.08945	0.87906
0.08950	1.29948
0.08955	1.10838
0.08960	3.28692
0.08965	1.60524
0.08970	1.29948
0.08975	1.37592
0.08980	1.79634
0.08985	0.49686
0.08990	0.49686
0.08995	2.75184
0.09000	1.68168
0.09005	1.87278
0.09010	0.95550
0.09015	0.64974
0.09020	0.87906
0.09025	2.02566
0.09030	1.87278
0.09035	0.84084
0.09040	1.29948
0.09045	0.19110
0.09050	1.14660
0.09055	1.56702
0.09060	1.22304
0.09065	1.07016
0.09070	1.64346
0.09075	1.29948
0.09080	1.14660
0.09085	0.49686
0.09090	1.45236
0.09095	0.91728
0.09100	1.52880
0.09105	2.14032
0.09110	0.99372
0.09115	1.14660
0.09120	1.56702
0.09125	0.34398
0.09130	0.64974
0.09135	0.84084
0.09140	1.75812
0.09145	1.71990
0.09150	1.75812
0.09155	1.03194
0.09160	0.91728
0.09165	1.91100
0.09170	1.37592
0.09175	2.17854
0.09180	1.41414
0.09185	1.07016
0.09190	1.10838
0.09195	0.30576
0.09200	2.98116
0.09205	1.07016
0.09210	1.29948
0.09215	1.45236
0.09220	0.91728
0.09225	1.71990
0.09230	1.22304
0.09235	1.94922
0.09240	1.10838
0.09245	1.33770
0.09250	0.68796
0.09255	1.26126
0.09260	0.68796
0.09265	0.68796
0.09270	1.75812
0.09275	1.37592
0.09280	1.71990
0.09285	1.14660
0.09290	2.21676
0.09295	2.33142
0.09300	1.41414
0.09305	2.17854
0.09310	1.33770
0.09315	1.71990
0.09320	0.76440
0.09325	1.52880
0.09330	1.45236
0.09335	0.95550
0.09340	1.18482
0.09345	0.26754
0.09350	0.91728
0.09355	0.76440
0.09360	1.91100
0.09365	1.10838
0.09370	0.87906
0.09375	0.99372
0.09380	0.34398
0.09385	1.64346
0.09390	0.42042
0.09395	0.76440
0.09400	1.64346
0.09405	1.37592
0.09410	2.10210
0.09415	0.91728
0.09420	0.45864
0.09425	0.95550
0.09430	0.61152
0.09435	1.33770
0.09440	0.57330
0.09445	0.53508
0.09450	1.10838
0.09455	0.45864
0.09460	1.56702
0.09465	0.95550
0.09470	0.34398
0.09475	0.57330
0.09480	1.75812
0.09485	1.68168
0.09490	0.68796
0.09495	0.53508
0.09500	1.41414
0.09505	1.26126
0.09510	1.64346
0.09515	1.41414
0.09520	1.41414
0.09525	1.71990
0.09530	0.99372
0.09535	0.57330
0.09540	1.22304
0.09545	1.03194
0.09550	0.72618
0.09555	0.99372
0.09560	1.41414
0.09565	1.91100
0.09570	1.14660
0.09575	1.18482
0.09580	1.45236
0.09585	1.07016
0.09590	0.72618
0.09595	0.15288
0.09600	1.22304
0.09605	0.64974
0.09610	0.80262
0.09615	1.29948
0.09620	0.76440
0.09625	1.56702
0.09630	1.98744
0.09635	1.52880
0.09640	0.64974
0.09645	0.95550
0.09650	1.52880
0.09655	1.91100
0.09660	1.49058
0.09665	0.99372
0.09670	1.52880
0.09675	0.49686
0.09680	1.33770
0.09685	1.56702
0.09690	0.84084
0.09695	1.49058
0.09700	1.07016
0.09705	1.64346
0.09710	0.91728
0.09715	0.76440
0.09720	1.10838
0.09725	1.71990
0.09730	2.67540
0.09735	0.80262
0.09740	0.64974
0.09745	0.99372
0.09750	0.57330
0.09755	2.48430
0.09760	1.52880
0.09765	1.79634
0.09770	1.10838
0.09775	2.82828
0.09780	1.52880
0.09785	0.26754
0.09790	1.26126
0.09795	0.57330
0.09800	0.99372
0.09805	1.49058
0.09810	1.64346
0.09815	1.68168
0.09820	0.68796
0.09825	0.22932
0.09830	1.14660
0.09835	0.68796
0.09840	0.84084
0.09845	0.57330
0.09850	0.42042
0.09855	0.38220
0.09860	0.80262
0.09865	1.14660
0.09870	1.14660
0.09875	0.57330
0.09880	0.87906
0.09885	1.49058
0.09890	0.80262
0.09895	1.18482
0.09900	0.95550
0.09905	0.91728
0.09910	0.61152
0.09915	1.10838
0.09920	1.26126
0.09925	0.64974
0.09930	1.33770
0.09935	0.87906
0.09940	0.95550
0.09945	1.75812
0.09950	0.53508
0.09955	1.07016
0.09960	0.72618
0.09965	1.41414
0.09970	0.64974
0.09975	1.68168
0.09980	0.76440
0.09985	1.37592
0.09990	1.45236
0.09995	0.91728
0.10000	1.94922
0.10005	0.99372
0.10010	2.02566
0.10015	0.72618
0.10020	2.06388
0.10025	1.56702
0.10030	1.18482
0.10035	0.61152
0.10040	0.76440
0.10045	1.37592
0.10050	1.79634
0.10055	1.79634
0.10060	0.84084
0.10065	0.30576
0.10070	1.33770
0.10075	2.29320
0.10080	0.72618
0.10085	0.38220
0.10090	1.26126
0.10095	1.10838
0.10100	0.57330
0.10105	0.72618
0.10110	1.18482
0.10115	0.99372
0.10120	1.71990
0.10125	0.57330
0.10130	0.38220
0.10135	0.80262
0.10140	2.21676
0.10145	1.71990
0.10150	1.71990
0.10155	1.56702
0.10160	1.91100
0.10165	1.52880
0.10170	1.68168
0.10175	0.30576
0.10180	0.38220
0.10185	0.99372
0.10190	1.37592
0.10195	1.49058
0.10200	1.29948
0.10205	0.99372
0.10210	1.03194
0.10215	0.64974
0.10220	0.95550
0.10225	1.41414
0.10230	0.64974
0.10235	0.99372
0.10240	0.19110
0.10245	1.07016
0.10250	2.67540
0.10255	0.87906
0.10260	1.10838
0.10265	1.18482
0.10270	1.03194
0.10275	0.42042
0.10280	2.36964
0.10285	1.10838
0.10290	2.02566
0.10295	0.84084
0.10300	1.41414
0.10305	0.91728
0.10310	0.38220
0.10315	1.33770
0.10320	0.95550
0.10325	0.49686
0.10330	0.95550
0.10335	0.80262
0.10340	1.26126
0.10345	1.10838
0.10350	1.07016
0.10355	1.10838
0.10360	0.80262
0.10365	1.14660
0.10370	0.80262
0.10375	0.91728
0.10380	1.94922
0.10385	0.30576
0.10390	0.42042
0.10395	0.91728
0.10400	0.99372
0.10405	1.68168
0.10410	0.91728
0.10415	0.45864
0.10420	1.75812
0.10425	1.10838
0.10430	1.98744
0.10435	0.80262
0.10440	1.07016
0.10445	1.10838
0.10450	1.07016
0.10455	0.91728
0.10460	1.03194
0.10465	1.98744
0.10470	0.53508
0.10475	1.45236
0.10480	1.71990
0.10485	1.26126
0.10490	1.60524
0.10495	1.18482
0.10500	0.64974
0.10505	2.59896
0.10510	0.76440
0.10515	1.26126
0.10520	0.53508
0.10525	1.10838
0.10530	1.75812
0.10535	1.83456
0.10540	1.52880
0.10545	0.53508
0.10550	2.52252
0.10555	0.80262
0.10560	2.14032
0.10565	1.10838
0.10570	0.64974
0.10575	0.87906
0.10580	0.19110
0.10585	2.59896
0.10590	1.26126
0.10595	1.37592
0.10600	1.79634
0.10605	1.68168
0.10610	2.29320
0.10615	0.38220
0.10620	0.68796
0.10625	1.29948
0.10630	1.75812
0.10635	0.80262
0.10640	1.52880
0.10645	2.06388
0.10650	1.49058
0.10655	1.64346
0.10660	0.91728
0.10665	1.33770
0.10670	0.99372
0.10675	1.22304
0.10680	0.68796
0.10685	1.10838
0.10690	0.76440
0.10695	1.18482
0.10700	0.45864
0.10705	0.38220
0.10710	1.98744
0.10715	0.61152
0.10720	1.07016
0.10725	0.64974
0.10730	0.87906
0.10735	1.07016
0.10740	0.87906
0.10745	0.53508
0.10750	1.26126
0.10755	1.49058
0.10760	2.25498
0.10765	1.14660
0.10770	1.94922
0.10775	1.29948
0.10780	1.22304
0.10785	0.87906
0.10790	1.10838
0.10795	0.61152
0.10800	0.26754
0.10805	1.07016
0.10810	0.57330
0.10815	0.45864
0.10820	0.68796
0.10825	1.83456
0.10830	1.33770
0.10835	0.61152
0.10840	0.84084
0.10845	1.79634
0.10850	1.41414
0.10855	1.79634
0.10860	0.87906
0.10865	0.99372
0.10870	1.60524
0.10875	1.18482
0.10880	1.91100
0.10885	0.95550
0.10890	1.56702
0.10895	1.91100
0.10900	0.76440
0.10905	0.57330
0.10910	0.84084
0.10915	1.64346
0.10920	1.71990
0.10925	0.45864
0.10930	0.84084
0.10935	0.72618
0.10940	1.10838
0.10945	0.91728
0.10950	0.84084
0.10955	1.79634
0.10960	1.33770
0.10965	0.30576
0.10970	1.03194
0.10975	0.49686
0.10980	1.56702
0.10985	0.95550
0.10990	1.75812
0.10995	0.38220
0.11000	1.45236
0.11005	0.64974
0.11010	0.64974
0.11015	0.49686
0.11020	0.99372
0.11025	0.91728
0.11030	1.41414
0.11035	1.03194
0.11040	1.03194
0.11045	0.42042
0.11050	0.68796
0.11055	0.84084
0.11060	0.87906
0.11065	0.68796
0.11070	0.49686
0.11075	1.14660
0.11080	1.03194
0.11085	1.45236
0.11090	0.72618
0.11095	0.76440
0.11100	0.84084
0.11105	0.42042
0.11110	1.18482
0.11115	1.03194
0.11120	2.40786
0.11125	0.34398
0.11130	1.91100
0.11135	1.60524
0.11140	1.14660
0.11145	0.76440
0.11150	1.60524
0.11155	1.18482
0.11160	3.21048
0.11165	1.33770
0.11170	0.72618
0.11175	0.38220
0.11180	1.45236
0.11185	1.26126
0.11190	0.64974
0.11195	0.99372
0.11200	1.07016
0.11205	1.41414
0.11210	0.61152
0.11215	0.87906
0.11220	0.95550
0.11225	0.87906
0.11230	0.57330
0.11235	0.26754
0.11240	1.22304
0.11245	1.26126
0.11250	0.61152
0.11255	0.45864
0.11260	1.49058
0.11265	0.99372
0.11270	1.49058
0.11275	0.64974
0.11280	0.84084
0.11285	1.03194
0.11290	1.33770
0.11295	0.87906
0.11300	0.38220
0.11305	0.61152
0.11310	1.14660
0.11315	1.33770
0.11320	0.64974
0.11325	1.07016
0.11330	0.38220
0.11335	1.56702
0.11340	1.87278
0.11345	0.84084
0.11350	0.80262
0.11355	1.14660
0.11360	0.91728
0.11365	0.61152
0.11370	0.68796
0.11375	0.80262
0.11380	0.84084
0.11385	1.94922
0.11390	1.64346
0.11395	2.52252
0.11400	0.61152
0.11405	1.18482
0.11410	0.68796
0.11415	1.22304
0.11420	1.45236
0.11425	0.91728
0.11430	1.33770
0.11435	2.10210
0.11440	0.45864
0.11445	0.80262
0.11450	0.49686
0.11455	1.29948
0.11460	0.45864
0.11465	1.41414
0.11470	0.80262
0.11475	0.95550
0.11480	0.38220
0.11485	0.72618
0.11490	0.03822
0.11495	1.33770
0.11500	1.37592
0.11505	2.25498
0.11510	0.45864
0.11515	1.60524
0.11520	0.38220
0.11525	0.57330
0.11530	0.99372
0.11535	0.76440
0.11540	0.64974
0.11545	1.29948
0.11550	0.95550
0.11555	0.99372
0.11560	0.57330
0.11565	1.03194
0.11570	1.60524
0.11575	1.22304
0.11580	1.45236
0.11585	1.07016
0.11590	1.22304
0.11595	1.75812
0.11600	0.87906
0.11605	0.53508
0.11610	2.44608
0.11615	0.99372
0.11620	0.64974
0.11625	0.30576
0.11630	2.67540
0.11635	1.87278
0.11640	1.18482
0.11645	0.95550
0.11650	0.87906
0.11655	0.95550
0.11660	0.91728
0.11665	0.76440
0.11670	1.07016
0.11675	0.61152
0.11680	1.22304
0.11685	0.68796
0.11690	0.26754
0.11695	1.41414
0.11700	1.03194
0.11705	0.76440
0.11710	0.57330
0.11715	1.03194
0.11720	0.15288
0.11725	1.87278
0.11730	0.95550
0.11735	1.56702
0.11740	0.80262
0.11745	1.64346
0.11750	1.83456
0.11755	1.41414
0.11760	1.10838
0.11765	1.03194
0.11770	2.02566
0.11775	1.18482
0.11780	0.61152
0.11785	0.95550
0.11790	1.18482
0.11795	1.91100
0.11800	2.36964
0.11805	0.49686
0.11810	1.79634
0.11815	1.18482
0.11820	0.34398
0.11825	0.64974
0.11830	0.87906
0.11835	1.14660
0.11840	1.41414
0.11845	1.83456
0.11850	0.57330
0.11855	0.61152
0.11860	1.49058
0.11865	0.49686
0.11870	0.91728
0.11875	0.57330
0.11880	1.64346
0.11885	0.95550
0.11890	1.18482
0.11895	1.49058
0.11900	1.07016
0.11905	1.56702
0.11910	0.84084
0.11915	2.25498
0.11920	0.45864
0.11925	2.06388
0.11930	0.19110
0.11935	0.84084
0.11940	1.29948
0.11945	1.37592
0.11950	0.34398
0.11955	1.52880
0.11960	0.95550
0.11965	0.76440
0.11970	0.76440
0.11975	1.79634
0.11980	0.53508
0.11985	0.45864
0.11990	1.22304
0.11995	0.38220
0.12000	1.18482
0.12005	0.57330
0.12010	1.94922
0.12015	0.76440
0.12020	1.68168
0.12025	1.52880
0.12030	1.18482
0.12035	0.42042
0.12040	1.26126
0.12045	1.10838
0.12050	1.10838
0.12055	1.56702
0.12060	1.10838
0.12065	0.84084
0.12070	1.56702
0.12075	1.41414
0.12080	1.79634
0.12085	0.30576
0.12090	0.03822
0.12095	0.95550
0.12100	0.64974
0.12105	2.52252
0.12110	0.68796
0.12115	0.95550
0.12120	0.68796
0.12125	0.30576
0.12130	1.22304
0.12135	1.29948
0.12140	1.22304
0.12145	1.33770
0.12150	2.33142
0.12155	0.68796
0.12160	1.41414
0.12165	0.87906
0.12170	0.45864
0.12175	2.33142
0.12180	0.99372
0.12185	0.84084
0.12190	0.99372
0.12195	0.84084
0.12200	1.10838
0.12205	0.34398
0.12210	1.60524
0.12215	0.26754
0.12220	0.42042
0.12225	1.79634
0.12230	0.72618
0.12235	0.57330
0.12240	1.14660
0.12245	1.98744
0.12250	1.26126
0.12255	0.34398
0.12260	0.42042
0.12265	0.84084
0.12270	0.87906
0.12275	0.53508
0.12280	1.60524
0.12285	1.94922
0.12290	0.30576
0.12295	0.53508
0.12300	1.87278
0.12305	0.45864
0.12310	1.14660
0.12315	0.68796
0.12320	0.53508
0.12325	0.49686
0.12330	0.45864
0.12335	0.68796
0.12340	0.84084
0.12345	0.80262
0.12350	0.80262
0.12355	1.07016
0.12360	0.57330
0.12365	1.45236
0.12370	1.03194
0.12375	0.80262
0.12380	0.53508
0.12385	1.37592
0.12390	0.76440
0.12395	0.22932
0.12400	0.84084
0.12405	1.91100
0.12410	2.36964
0.12415	1.79634
0.12420	1.33770
0.12425	1.26126
0.12430	2.86650
0.12435	1.37592
0.12440	1.10838
0.12445	2.33142
0.12450	0.42042
0.12455	0.22932
0.12460	1.52880
0.12465	1.79634
0.12470	1.71990
0.12475	1.07016
0.12480	1.29948
0.12485	1.64346
0.12490	1.29948
0.12495	1.45236
0.12500	1.45236
0.12505	1.10838
0.12510	2.10210
0.12515	1.83456
0.12520	1.03194
0.12525	1.64346
0.12530	1.71990
0.12535	1.18482
0.12540	0.53508
0.12545	0.91728
0.12550	0.19110
0.12555	0.72618
0.12560	2.02566
0.12565	0.84084
0.12570	0.49686
0.12575	1.45236
0.12580	0.80262
0.12585	0.57330
0.12590	0.87906
0.12595	0.68796
0.12600	0.42042
0.12605	0.72618
0.12610	1.03194
0.12615	0.26754
0.12620	1.49058
0.12625	0.99372
0.12630	0.15288
0.12635	0.91728
0.12640	1.03194
0.12645	0.53508
0.12650	1.22304
0.12655	0.38220
0.12660	0.91728
0.12665	2.71362
0.12670	2.25498
0.12675	1.52880
0.12680	1.14660
0.12685	0.95550
0.12690	0.30576
0.12695	0.49686
0.12700	0.19110
0.12705	1.14660
0.12710	0.91728
0.12715	0.91728
0.12720	0.84084
0.12725	0.80262
0.12730	1.37592
0.12735	1.68168
0.12740	0.76440
0.12745	0.80262
0.12750	1.75812
0.12755	0.80262
0.12760	1.07016
0.12765	1.10838
0.12770	0.57330
0.12775	1.91100
0.12780	0.64974
0.12785	0.76440
0.12790	0.22932
0.12795	0.34398
0.12800	0.84084
0.12805	1.33770
0.12810	1.52880
0.12815	0.76440
0.12820	0.57330
0.12825	0.49686
0.12830	0.80262
0.12835	0.49686
0.12840	1.10838
0.12845	1.37592
0.12850	0.99372
0.12855	1.75812
0.12860	0.80262
0.12865	0.87906
0.12870	0.53508
0.12875	0.45864
0.12880	1.41414
0.12885	1.18482
0.12890	1.56702
0.12895	1.18482
0.12900	0.99372
0.12905	0.22932
0.12910	0.49686
0.12915	1.10838
0.12920	1.29948
0.12925	2.40786
0.12930	0.61152
0.12935	0.95550
0.12940	1.22304
0.12945	0.84084
0.12950	1.22304
0.12955	1.33770
0.12960	0.68796
0.12965	0.42042
0.12970	1.18482
0.12975	2.02566
0.12980	0.61152
0.12985	0.34398
0.12990	0.68796
0.12995	0.91728
0.13000	0.57330
0.13005	0.87906
0.13010	0.99372
0.13015	1.29948
0.13020	0.61152
0.13025	0.80262
0.13030	1.07016
0.13035	1.29948
0.13040	0.42042
0.13045	1.75812
0.13050	1.83456
0.13055	2.29320
0.13060	1.29948
0.13065	1.49058
0.13070	0.72618
0.13075	0.99372
0.13080	1.22304
0.13085	2.02566
0.13090	1.75812
0.13095	1.14660
0.13100	0.84084
0.13105	0.49686
0.13110	1.71990
0.13115	1.60524
0.13120	0.84084
0.13125	1.14660
0.13130	0.30576
0.13135	0.99372
0.13140	0.80262
0.13145	0.99372
0.13150	0.49686
0.13155	0.49686
0.13160	1.18482
0.13165	1.41414
0.13170	0.76440
0.13175	0.91728
0.13180	0.87906
0.13185	1.94922
0.13190	1.03194
0.13195	0.99372
0.13200	0.87906
0.13205	1.83456
0.13210	2.33142
0.13215	1.26126
0.13220	1.79634
0.13225	0.80262
0.13230	0.99372
0.13235	2.06388
0.13240	0.84084
0.13245	0.99372
0.13250	1.26126
0.13255	1.22304
0.13260	0.76440
0.13265	0.19110
0.13270	1.03194
0.13275	1.18482
0.13280	0.49686
0.13285	0.49686
0.13290	0.34398
0.13295	1.14660
0.13300	2.02566
0.13305	2.21676
0.13310	3.32514
0.13315	0.87906
0.13320	0.64974
0.13325	0.53508
0.13330	1.18482
0.13335	0.42042
0.13340	1.22304
0.13345	0.91728
0.13350	0.49686
0.13355	1.49058
0.13360	1.22304
0.13365	1.07016
0.13370	2.40786
0.13375	1.52880
0.13380	1.52880
0.13385	0.64974
0.13390	0.64974
0.13395	0.76440
0.13400	2.17854
0.13405	1.14660
0.13410	1.18482
0.13415	2.02566
0.13420	1.56702
0.13425	0.80262
0.13430	0.72618
0.13435	1.64346
0.13440	1.49058
0.13445	1.26126
0.13450	0.57330
0.13455	1.29948
0.13460	0.26754
0.13465	0.80262
0.13470	1.45236
0.13475	0.61152
0.13480	1.49058
0.13485	0.84084
0.13490	0.53508
0.13495	0.49686
0.13500	0.64974
0.13505	1.60524
0.13510	1.03194
0.13515	1.07016
0.13520	1.03194
0.13525	1.14660
0.13530	0.26754
0.13535	0.91728
0.13540	0.38220
0.13545	2.14032
0.13550	1.41414
0.13555	0.34398
0.13560	1.64346
0.13565	0.61152
0.13570	0.64974
0.13575	0.42042
0.13580	0.42042
0.13585	0.80262
0.13590	1.71990
0.13595	1.56702
0.13600	1.41414
0.13605	1.29948
0.13610	0.87906
0.13615	0.84084
0.13620	0.87906
0.13625	0.99372
0.13630	1.64346
0.13635	0.99372
0.13640	2.02566
0.13645	2.21676
0.13650	0.38220
0.13655	0.38220
0.13660	0.30576
0.13665	1.22304
0.13670	0.84084
0.13675	0.72618
0.13680	1.60524
0.13685	0.84084
0.13690	0.61152
0.13695	0.49686
0.13700	0.95550
0.13705	0.95550
0.13710	0.53508
0.13715	0.80262
0.13720	0.76440
0.13725	0.64974
0.13730	0.57330
0.13735	0.76440
0.13740	1.10838
0.13745	1.14660
0.13750	0.68796
0.13755	0.91728
0.13760	0.45864
0.13765	0.99372
0.13770	1.68168
0.13775	0.91728
0.13780	0.87906
0.13785	0.91728
0.13790	0.57330
0.13795	1.10838
0.13800	0.45864
0.13805	0.76440
0.13810	0.84084
0.13815	1.03194
0.13820	0.61152
0.13825	1.98744
0.13830	1.94922
0.13835	1.26126
0.13840	1.29948
0.13845	1.64346
0.13850	1.37592
0.13855	1.94922
0.13860	0.45864
0.13865	0.76440
0.13870	0.87906
0.13875	0.22932
0.13880	1.26126
0.13885	0.00000
0.13890	0.72618
0.13895	1.18482
0.13900	1.56702
0.13905	0.26754
0.13910	0.64974
0.13915	1.07016
0.13920	1.29948
0.13925	0.22932
0.13930	1.29948
0.13935	0.61152
0.13940	0.61152
0.13945	1.87278
0.13950	0.49686
0.13955	0.99372
0.13960	1.41414
0.13965	0.57330
0.13970	0.49686
0.13975	0.87906
0.13980	0.68796
0.13985	0.76440
0.13990	0.99372
0.13995	0.84084
0.14000	0.15288
0.14005	1.68168
0.14010	0.34398
0.14015	0.68796
0.14020	0.53508
0.14025	1.14660
0.14030	1.29948
0.14035	0.72618
0.14040	0.61152
0.14045	0.76440
0.14050	2.10210
0.14055	0.38220
0.14060	1.64346
0.14065	0.80262
0.14070	0.64974
0.14075	0.26754
0.14080	1.98744
0.14085	1.07016
0.14090	0.64974
0.14095	1.26126
0.14100	2.06388
0.14105	3.82200
0.14110	1.75812
0.14115	3.09582
0.14120	1.79634
0.14125	4.16598
0.14130	4.93038
0.14135	3.59268
0.14140	6.22986
0.14145	12.11574
0.14150	15.05868
0.14155	15.32622
0.14160	24.49902
0.14165	32.37234
0.14170	43.22682
0.14175	55.41900
0.14180	68.22270
0.14185	76.59288
0.14190	91.11648
0.14195	102.88824
0.14200	122.76264
0.14205	133.42602
0.14210	127.38726
0.14215	146.19150
0.14220	155.97582
0.14225	146.34438
0.14230	149.59308
0.14235	154.75278
0.14240	131.43858
0.14245	126.24066
0.14250	112.29036
0.14255	105.94584
0.14260	93.33324
0.14265	93.60078
0.14270	81.63792
0.14275	59.31744
0.14280	68.33736
0.14285	60.96090
0.14290	68.06982
0.14295	51.32946
0.14300	51.17658
0.14305	44.48808
0.14310	48.23364
0.14315	49.64778
0.14320	40.24566
0.14325	38.37288
0.14330	38.90796
0.14335	35.23884
0.14340	31.11108
0.14345	29.88804
0.14350	27.09798
0.14355	30.49956
0.14360	23.69640
0.14365	27.55662
0.14370	25.03410
0.14375	21.63252
0.14380	20.56236
0.14385	20.98278
0.14390	20.33304
0.14395	21.13566
0.14400	22.01472
0.14405	20.25660
0.14410	17.31366
0.14415	15.17334
0.14420	18.00162
0.14425	15.36444
0.14430	17.50476
0.14435	14.75292
0.14440	13.75920
0.14445	15.21156
0.14450	14.06496
0.14455	14.17962
0.14460	13.37700
0.14465	12.15396
0.14470	12.80370
0.14475	9.89898
0.14480	11.23668
0.14485	16.93146
0.14490	10.24296
0.14495	13.18590
0.14500	14.29428
0.14505	11.61888
0.14510	9.74610
0.14515	13.91208
0.14520	12.84192
0.14525	9.09636
0.14530	11.16024
0.14535	10.93092
0.14540	11.61888
0.14545	11.96286
0.14550	10.96914
0.14555	11.88642
0.14560	11.61888
0.14565	15.05868
0.14570	11.38956
0.14575	11.08380
0.14580	10.51050
0.14585	7.49112
0.14590	11.19846
0.14595	8.67594
0.14600	8.21730
0.14605	7.30002
0.14610	9.17280
0.14615	8.44662
0.14620	9.36390
0.14625	6.61206
0.14630	8.82882
0.14635	12.49794
0.14640	8.10264
0.14645	7.87332
0.14650	7.33824
0.14655	11.54244
0.14660	8.48484
0.14665	7.49112
0.14670	9.05814
0.14675	7.64400
0.14680	6.42096
0.14685	6.65028
0.14690	9.47856
0.14695	10.20474
0.14700	7.91154
0.14705	9.78432
0.14710	7.72044
0.14715	6.87960
0.14720	8.33196
0.14725	7.79688
0.14730	5.54190
0.14735	7.91154
0.14740	7.83510
0.14745	8.79060
0.14750	9.36390
0.14755	7.72044
0.14760	7.87332
0.14765	10.77804
0.14770	6.95604
0.14775	6.87960
0.14780	9.24924
0.14785	7.33824
0.14790	7.37646
0.14795	8.29374
0.14800	7.49112
0.14805	8.40840
0.14810	8.02620
0.14815	5.84766
0.14820	3.86022
0.14825	10.47228
0.14830	9.93720
0.14835	10.20474
0.14840	7.52934
0.14845	8.17908
0.14850	7.83510
0.14855	8.56128
0.14860	8.67594
0.14865	7.22358
0.14870	6.53562
0.14875	6.30630
0.14880	6.11520
0.14885	6.03876
0.14890	6.99426
0.14895	5.61834
0.14900	5.73300
0.14905	6.03876
0.14910	7.49112
0.14915	10.93092
0.14920	5.61834
0.14925	7.33824
0.14930	6.30630
0.14935	7.30002
0.14940	8.21730
0.14945	6.45918
0.14950	6.95604
0.14955	4.85394
0.14960	6.87960
0.14965	8.21730
0.14970	5.19792
0.14975	6.45918
0.14980	5.08326
0.14985	6.57384
0.14990	5.54190
0.14995	6.45918
0.15000	4.85394
0.15005	6.72672
0.15010	9.09636
0.15015	6.91782
0.15020	7.75866
0.15025	5.31258
0.15030	6.99426
0.15035	6.19164
0.15040	6.26808
0.15045	5.58012
0.15050	5.69478
0.15055	8.44662
0.15060	7.26180
0.15065	8.71416
0.15070	7.56756
0.15075	6.03876
0.15080	6.19164
0.15085	3.55446
0.15090	4.77750
0.15095	7.14714
0.15100	5.88588
0.15105	5.42724
0.15110	6.11520
0.15115	6.38274
0.15120	6.72672
0.15125	7.91154
0.15130	6.57384
0.15135	6.03876
0.15140	6.76494
0.15145	5.96232
0.15150	6.72672
0.15155	6.87960
0.15160	6.34452
0.15165	5.19792
0.15170	4.01310
0.15175	6.38274
0.15180	7.72044
0.15185	7.49112
0.15190	7.83510
0.15195	5.65656
0.15200	6.11520
0.15205	7.68222
0.15210	5.69478
0.15215	6.22986
0.15220	5.00682
0.15225	6.45918
0.15230	6.26808
0.15235	8.21730
0.15240	10.01364
0.15245	4.81572
0.15250	4.73928
0.15255	8.75238
0.15260	5.69478
0.15265	6.84138
0.15270	4.70106
0.15275	6.22986
0.15280	7.03248
0.15285	6.15342
0.15290	6.19164
0.15295	7.56756
0.15300	6.45918
0.15305	5.04504
0.15310	6.49740
0.15315	10.20474
0.15320	8.29374
0.15325	4.96860
0.15330	6.34452
0.15335	7.26180
0.15340	4.12776
0.15345	5.19792
0.15350	6.03876
0.15355	8.21730
0.15360	6.45918
0.15365	3.32514
0.15370	7.07070
0.15375	5.27436
0.15380	4.58640
0.15385	5.08326
0.15390	6.22986
0.15395	5.73300
0.15400	6.30630
0.15405	8.59950
0.15410	7.56756
0.15415	4.66284
0.15420	8.98170
0.15425	5.23614
0.15430	6.65028
0.15435	6.76494
0.15440	5.46546
0.15445	7.37646
0.15450	8.44662
0.15455	3.70734
0.15460	7.18536
0.15465	6.42096
0.15470	5.69478
0.15475	5.65656
0.15480	5.08326
0.15485	6.30630
0.15490	3.55446
0.15495	4.20420
0.15500	5.65656
0.15505	4.47174
0.15510	4.12776
0.15515	7.75866
0.15520	6.07698
0.15525	4.20420
0.15530	5.50368
0.15535	4.73928
0.15540	5.04504
0.15545	4.35708
0.15550	4.62462
0.15555	8.44662
0.15560	7.10892
0.15565	4.96860
0.15570	5.84766
0.15575	4.70106
0.15580	6.91782
0.15585	4.47174
0.15590	4.62462
0.15595	3.86022
0.15600	6.11520
0.15605	3.59268
0.15610	5.61834
0.15615	6.22986
0.15620	3.93666
0.15625	3.82200
0.15630	4.43352
0.15635	7.07070
0.15640	4.58640
0.15645	5.08326
0.15650	5.08326
0.15655	6.65028
0.15660	6.45918
0.15665	4.77750
0.15670	6.68850
0.15675	5.38902
0.15680	5.84766
0.15685	5.12148
0.15690	5.04504
0.15695	8.14086
0.15700	5.15970
0.15705	3.63090
0.15710	3.47802
0.15715	7.79688
0.15720	5.38902
0.15725	6.00054
0.15730	5.46546
0.15735	7.45290
0.15740	5.35080
0.15745	5.46546
0.15750	4.01310
0.15755	3.43980
0.15760	5.58012
0.15765	5.31258
0.15770	3.93666
0.15775	7.64400
0.15780	3.89844
0.15785	5.92410
0.15790	4.77750
0.15795	4.73928
0.15800	5.80944
0.15805	3.93666
0.15810	5.80944
0.15815	3.97488
0.15820	4.62462
0.15825	4.12776
0.15830	5.35080
0.15835	4.28064
0.15840	3.28692
0.15845	3.59268
0.15850	6.19164
0.15855	7.10892
0.15860	5.31258
0.15865	4.58640
0.15870	5.31258
0.15875	5.88588
0.15880	4.50996
0.15885	5.58012
0.15890	6.00054
0.15895	5.15970
0.15900	4.16598
0.15905	6.11520
0.15910	6.19164
0.15915	5.88588
0.15920	4.12776
0.15925	5.58012
0.15930	5.00682
0.15935	6.76494
0.15940	6.45918
0.15945	4.58640
0.15950	5.77122
0.15955	6.34452
0.15960	4.50996
0.15965	6.07698
0.15970	4.12776
0.15975	5.15970
0.15980	7.64400
0.15985	4.39530
0.15990	5.61834
0.15995	4.96860
0.16000	4.12776
0.16005	3.17226
0.16010	4.24242
0.16015	4.89216
0.16020	5.54190
0.16025	4.54818
0.16030	4.12776
0.16035	5.88588
0.16040	4.20420
0.16045	4.20420
0.16050	3.55446
0.16055	5.08326
0.16060	7.94976
0.16065	6.57384
0.16070	3.17226
0.16075	5.00682
0.16080	3.13404
0.16085	4.93038
0.16090	6.84138
0.16095	3.36336
0.16100	6.30630
0.16105	5.54190
0.16110	5.38902
0.16115	3.66912
0.16120	5.42724
0.16125	5.54190
0.16130	6.07698
0.16135	6.11520
0.16140	5.73300
0.16145	6.42096
0.16150	4.58640
0.16155	5.15970
0.16160	6.34452
0.16165	5.92410
0.16170	7.75866
0.16175	3.82200
0.16180	3.89844
0.16185	5.27436
0.16190	5.19792
0.16195	4.16598
0.16200	5.61834
0.16205	5.80944
0.16210	5.42724
0.16215	6.34452
0.16220	6.26808
0.16225	4.39530
0.16230	6.34452
0.16235	5.08326
0.16240	4.73928
0.16245	4.05132
0.16250	7.33824
0.16255	7.10892
0.16260	6.30630
0.16265	4.66284
0.16270	4.24242
0.16275	4.12776
0.16280	5.35080
0.16285	6.07698
0.16290	5.23614
0.16295	2.82828
0.16300	5.65656
0.16305	5.50368
0.16310	5.00682
0.16315	3.66912
0.16320	5.73300
0.16325	5.12148
0.16330	5.84766
0.16335	3.70734
0.16340	4.89216
0.16345	5.65656
0.16350	4.43352
0.16355	5.69478
0.16360	5.38902
0.16365	3.47802
0.16370	4.01310
0.16375	5.23614
0.16380	3.40158
0.16385	4.77750
0.16390	3.63090
0.16395	4.39530
0.16400	5.77122
0.16405	4.96860
0.16410	6.19164
0.16415	6.42096
0.16420	4.39530
0.16425	4.35708
0.16430	4.58640
0.16435	5.27436
0.16440	7.10892
0.16445	4.05132
0.16450	5.12148
0.16455	2.94294
0.16460	5.08326
0.16465	5.35080
0.16470	5.27436
0.16475	3.89844
0.16480	4.01310
0.16485	2.82828
0.16490	6.68850
0.16495	5.77122
0.16500	4.93038
0.16505	6.61206
0.16510	5.69478
0.16515	5.77122
0.16520	2.90472
0.16525	4.66284
0.16530	5.92410
0.16535	3.97488
0.16540	5.54190
0.16545	5.50368
0.16550	5.65656
0.16555	5.38902
0.16560	5.12148
0.16565	4.58640
0.16570	5.19792
0.16575	4.77750
0.16580	3.55446
0.16585	6.00054
0.16590	5.27436
0.16595	5.19792
0.16600	5.19792
0.16605	3.93666
0.16610	4.54818
0.16615	4.50996
0.16620	4.73928
0.16625	4.89216
0.16630	4.73928
0.16635	2.29320
0.16640	5.96232
0.16645	5.96232
0.16650	4.43352
0.16655	4.24242
0.16660	5.12148
0.16665	5.42724
0.16670	6.99426
0.16675	4.81572
0.16680	6.30630
0.16685	4.93038
0.16690	5.77122
0.16695	4.20420
0.16700	5.77122
0.16705	5.65656
0.16710	3.24870
0.16715	5.84766
0.16720	2.75184
0.16725	5.84766
0.16730	5.65656
0.16735	4.77750
0.16740	6.87960
0.16745	4.39530
0.16750	5.54190
0.16755	3.63090
0.16760	5.15970
0.16765	5.61834
0.16770	6.42096
0.16775	6.68850
0.16780	4.66284
0.16785	3.66912
0.16790	8.56128
0.16795	4.08954
0.16800	5.96232
0.16805	4.77750
0.16810	3.89844
0.16815	6.76494
0.16820	5.00682
0.16825	4.05132
0.16830	4.93038
0.16835	4.66284
0.16840	3.55446
0.16845	3.74556
0.16850	4.62462
0.16855	4.89216
0.16860	5.80944
0.16865	5.96232
0.16870	5.65656
0.16875	6.53562
0.16880	4.16598
0.16885	6.61206
0.16890	4.66284
0.16895	5.80944
0.16900	4.54818
0.16905	4.77750
0.16910	3.78378
0.16915	6.72672
0.16920	4.93038
0.16925	4.73928
0.16930	5.46546
0.16935	6.95604
0.16940	5.46546
0.16945	6.07698
0.16950	4.35708
0.16955	4.62462
0.16960	3.66912
0.16965	4.47174
0.16970	5.35080
0.16975	5.19792
0.16980	3.40158
0.16985	5.58012
0.16990	6.22986
