0.045173 -0.0250000004 0.0210424061 0.0279681452 asynchronous_release_0
0.043343 -0.0250000004 0.0208593279 0.028104954 asynchronous_release_0
0.028695 -0.0250000004 0.0317150052 0.014804001 asynchronous_release_3
0.038238 -0.0250000004 0.0323496618 0.0133603661 asynchronous_release_0
0.030215 -0.0250000004 0.0318398857 -0.0145334675 asynchronous_release_0
0.024326 -0.0250000004 0.0215865673 0.0275503196 asynchronous_release_0
0.042801 -0.0250000004 -0.00282825845 -0.0348855408 asynchronous_release_0
0.029515 -0.0250000004 -0.0230675879 0.0263227352 asynchronous_release_4
0.023678 -0.0250000004 0.034990866 -0.000799558246 asynchronous_release_3
0.041167 -0.0250000004 -0.0188292982 -0.0295035172 asynchronous_release_0
0.046137 -0.0250000004 0.00521251794 0.0346096758 asynchronous_release_1
0.025008 -0.0250000004 0.00252244089 0.0349089858 asynchronous_release_0
0.048382 -0.0250000004 0.0191865404 0.0292724558 asynchronous_release_0
0.029396 -0.0250000004 0.0246548151 0.0248423045 asynchronous_release_0
0.025839 -0.0250000004 0.0336554327 -0.00960790542 asynchronous_release_0
0.031342 -0.0250000004 0.00143739528 -0.0349704718 asynchronous_release_1
0.036865 -0.0250000004 0.0115951584 -0.0330235113 asynchronous_release_0
0.030984 -0.0250000004 0.000999963674 -8.52357589e-06 asynchronous_release_0
0.02575 -0.0250000004 0.0306290993 0.0169368909 asynchronous_release_0
0.043879 -0.0250000004 0.00821418904 0.0340224499 asynchronous_release_0
0.022522 -0.0250000004 0.0349602711 -0.00166716668 asynchronous_release_2
0.030551 -0.0250000004 0.0291795204 -0.0193275863 asynchronous_release_0
0.023096 -0.0250000004 0.0313279409 0.0156064128 asynchronous_release_3
0.034482 -0.0250000004 -0.000971571484 0.000236746388 asynchronous_release_0
0.047988 -0.0250000004 0.0343024912 0.00695263226 asynchronous_release_0
0.042096 -0.0250000004 -0.00606726215 -0.0344701078 asynchronous_release_0
0.044182 -0.0250000004 -0.0336935305 -0.00947343675 asynchronous_release_0
0.025784 -0.0250000004 0.00227868333 -0.0349257441 asynchronous_release_0
0.02969 -0.0250000004 0.0244462368 0.0250475849 asynchronous_release_0
0.027362 -0.0250000004 0.0349999983 1.10318038e-05 asynchronous_release_4
0.039516 -0.0250000004 0.0025009162 0.0349105345 asynchronous_release_0
0.006573 -0.0250000004 0.0344301837 -0.00628986874 asynchronous_release_0
0.021404 -0.0250000004 0.025486793 0.0239879841 asynchronous_release_0
0.018991 -0.0250000004 0.0315247692 -0.0152048981 asynchronous_release_4
0.032643 -0.0250000004 0.0239958428 0.0254793942 asynchronous_release_0
0.039647 -0.0250000004 -0.0198186074 -0.0288482721 asynchronous_release_0
0.040407 -0.0250000004 -0.0349923683 -0.000730862727 asynchronous_release_0
0.025666 -0.0250000004 -0.0221537111 -0.0270963666 asynchronous_release_1
0.045316 -0.0250000004 0.0186151299 0.0296391116 asynchronous_release_0
0.010684 -0.0250000004 -0.0187625729 0.0295459957 asynchronous_release_0
0.045142 -0.0250000004 -0.0338704061 0.00882018083 asynchronous_release_0
0.024239 -0.0250000004 -0.00242688664 0.0349157589 asynchronous_release_1
0.045834 -0.0250000004 -0.0342265568 0.00731729528 asynchronous_release_0
0.019844 -0.0250000004 0.0348543125 -0.00319012587 asynchronous_release_0
0.032349 -0.0250000004 0.000351988362 -0.000936004377 asynchronous_release_0
0.027691 -0.0250000004 0.0337905902 0.00912118473 asynchronous_release_0
0.032136 -0.0250000004 -0.0202986254 -0.0285125553 asynchronous_release_0
0.04578 -0.0250000004 -0.00094983961 0.000312737453 asynchronous_release_0
0.027059 -0.0250000004 -0.0349889679 0.00087870566 asynchronous_release_0
0.04864 -0.0250000004 0.0349955654 0.000557138993 asynchronous_release_0
0.030506 -0.0250000004 -0.0344567427 0.00614270957 asynchronous_release_0
0.046458 -0.0250000004 0.0012963273 0.0349759851 asynchronous_release_0
0.031928 -0.0250000004 0.0114323647 0.0330802212 asynchronous_release_0
0.044386 -0.0250000004 0.0306925096 0.0168217078 asynchronous_release_0
0.024323 -0.0250000004 0.0264817516 -0.0228848603 asynchronous_release_4
0.047296 -0.0250000004 -0.0235683558 -0.0258753281 asynchronous_release_0
0.041719 -0.0250000004 -0.000833383821 -0.000552694678 asynchronous_release_0
0.023339 -0.0250000004 0.0096466309 -0.0336443533 asynchronous_release_0
0.049532 -0.0250000004 0.0206958628 0.0282255427 asynchronous_release_4
0.008898 -0.0250000004 -0.000786700353 0.000617335043 asynchronous_release_4
0.011513 -0.0250000004 0.0336254438 0.00971233894 asynchronous_release_0
0.0413 -0.0250000004 0.00484916995 0.0346624516 asynchronous_release_0
0.034066 -0.0250000004 -0.0210467725 0.0279648595 asynchronous_release_0
0.024479 -0.0250000004 -0.0188732438 -0.0294754248 asynchronous_release_4
0.045762 -0.0250000004 -0.0290931463 0.0194573595 asynchronous_release_0
0.003626 -0.0250000004 0.0138300756 -0.0321516564 asynchronous_release_2
0.029438 -0.0250000004 -0.0181745674 -0.0299112872 asynchronous_release_0
0.032882 -0.0250000004 -0.00111797488 0.0349821402 asynchronous_release_0
0.037311 -0.0250000004 0.0297364346 0.0184592647 asynchronous_release_0
0.011593 -0.0250000004 0.0181376039 -0.0299337155 asynchronous_release_0
0.024053 -0.0250000004 0.0203547679 0.0284725029 asynchronous_release_0
0.00978 -0.0250000004 0.0246275043 0.0248693795 asynchronous_release_0
0.035343 -0.0250000004 0.0338512665 -0.00889335459 asynchronous_release_2
0.02062 -0.0250000004 0.033667669 -0.00956493937 asynchronous_release_4
0.02141 -0.0250000004 0.0342828096 0.00704903997 asynchronous_release_0
0.0241 -0.0250000004 -0.0329103338 -0.0119125954 asynchronous_release_0
0.040355 -0.0250000004 0.0349967857 -0.000474331307 asynchronous_release_1
0.029478 -0.0250000004 0.0244893589 -0.0250054254 asynchronous_release_3
0.040212 -0.0250000004 0.034877905 -0.0029209142 asynchronous_release_0
0.008803 -0.0250000004 0.0103603763 0.0334314613 asynchronous_release_0
0.041774 -0.0250000004 -0.0169493353 0.0306222147 asynchronous_release_0
0.013191 -0.0250000004 0.03176753 0.0146909509 asynchronous_release_0
0.039718 -0.0250000004 0.0275633843 -0.0215698828 asynchronous_release_0
0.046668 -0.0250000004 0.0349244561 -0.00229834018 asynchronous_release_0
0.046843 -0.0250000004 0.0258901718 -0.0235520488 asynchronous_release_0
0.022585 -0.0250000004 0.031104837 -0.0160464674 asynchronous_release_1
0.048344 -0.0250000004 0.000990676677 -0.000136234068 asynchronous_release_0
0.029816 -0.0250000004 0.00283290178 0.034885164 asynchronous_release_0
0.040765 -0.0250000004 0.0281201557 -0.0208388302 asynchronous_release_2
0.004397 -0.0250000004 -0.00371847567 0.03480191 asynchronous_release_0
0.015531 -0.0250000004 0.0267763564 0.0225394485 asynchronous_release_0
0.011992 -0.0250000004 0.000178406569 -0.000983956857 asynchronous_release_0
0.038544 -0.0250000004 -0.0206404568 -0.0282660847 asynchronous_release_0
0.014102 -0.0250000004 0.000507230347 -0.000861810522 asynchronous_release_0
0.045338 -0.0250000004 -0.0166439985 -0.0307892402 asynchronous_release_0
0.021778 -0.0250000004 0.00303871405 -0.0348678393 asynchronous_release_1
0.040211 -0.0250000004 -0.0184042027 0.0297705446 asynchronous_release_1
0.033415 -0.0250000004 0.0312695923 -0.0157229957 asynchronous_release_0
0.004748 -0.0250000004 0.0283671995 -0.0205012681 asynchronous_release_0
0.048504 -0.0250000004 0.0171451933 -0.0305129865 asynchronous_release_0
0.005809 -0.0250000004 0.0329471251 0.0118104593 asynchronous_release_0
0.020671 -0.0250000004 0.0349988327 0.000285849793 asynchronous_release_0
0.013694 -0.0250000004 -0.00962186977 -0.0336514431 asynchronous_release_1
0.043967 -0.0250000004 0.0122413647 0.0327894646 asynchronous_release_0
0.043771 -0.0250000004 -0.00098996137 -0.000141338194 asynchronous_release_0
0.043893 -0.0250000004 -0.00328384926 -0.0348456071 asynchronous_release_0
0.035854 -0.0250000004 -0.0278858208 -0.0211513829 asynchronous_release_0
0.041241 -0.0250000004 0.0348972136 -0.00268038794 asynchronous_release_0
0.048789 -0.0250000004 0.00152614584 -0.034966711 asynchronous_release_0
0.03222 -0.0250000004 -0.0345893847 -0.00534550904 asynchronous_release_0
0.039717 -0.0250000004 0.0167685274 0.0307215964 asynchronous_release_3
0.012449 -0.0250000004 -0.00101114521 -0.034985391 asynchronous_release_0
0.043801 -0.0250000004 -0.0282844494 0.0206152837 asynchronous_release_0
0.045491 -0.0250000004 -0.0128912977 0.0325394291 asynchronous_release_0
0.02667 -0.0250000004 -0.000297351854 0.000954767969 asynchronous_release_0
0.04981 -0.0250000004 -0.00560313401 0.0345485874 asynchronous_release_0
0.025981 -0.0250000004 0.034501083 -0.00588857111 asynchronous_release_3
0.034082 -0.0250000004 0.0163112884 -0.0309667866 asynchronous_release_0
0.018811 -0.0250000004 0.0242939697 -0.0251952979 asynchronous_release_0
0.039462 -0.0250000004 -0.00154121652 0.03496605 asynchronous_release_0
0.048745 -0.0250000004 0.000844518735 0.0349898098 asynchronous_release_0
0.044341 -0.0250000004 -0.000887172986 0.0349887543 asynchronous_release_0
0.037989 -0.0250000004 0.0236136887 -0.0258339642 asynchronous_release_0
0.03181 -0.0250000004 0.0177303716 -0.0301767116 asynchronous_release_0
0.044215 -0.0250000004 0.0249577723 -0.0245379218 asynchronous_release_0
0.025132 -0.0250000004 0.000796527248 -0.000604602633 asynchronous_release_0
0.039506 -0.0250000004 0.00509493675 -0.0346271804 asynchronous_release_0
0.038693 -0.0250000004 0.0345000327 0.00589472158 asynchronous_release_0
0.043841 -0.0250000004 -0.0320120775 0.0141501553 asynchronous_release_0
0.030772 -0.0250000004 0.0349023206 0.0026130476 asynchronous_release_0
0.037792 -0.0250000004 0.0151881947 0.0315328201 asynchronous_release_0
0.048579 -0.0250000004 -0.0170204937 0.0305827205 asynchronous_release_0
0.031623 -0.0250000004 -0.019608847 -0.0289912593 asynchronous_release_0
0.04007 -0.0250000004 0.000987779465 -0.000155858043 asynchronous_release_1
0.033388 -0.0250000004 0.0349832178 0.00108373175 asynchronous_release_4
0.041065 -0.0250000004 0.0305690259 -0.0170450771 asynchronous_release_0
0.047081 -0.0250000004 -0.0211492472 0.0278874406 asynchronous_release_0
0.049717 -0.0250000004 -0.0343472485 0.0067280398 asynchronous_release_1
0.034409 -0.0250000004 0.0320351517 0.0140978386 asynchronous_release_0
0.03649 -0.0250000004 -0.0338883528 -0.00875097378 asynchronous_release_0
0.015225 -0.0250000004 0.0349854578 0.0010088317 asynchronous_release_0
0.046559 -0.0250000004 -0.00622416656 0.0344421217 asynchronous_release_0
0.023815 -0.0250000004 -0.0263661075 -0.0230180011 asynchronous_release_0
0.04064 -0.0250000004 0.02655958 -0.0227944886 asynchronous_release_0
0.042986 -0.0250000004 0.034241895 -0.0072451794 asynchronous_release_1
0.034525 -0.0250000004 -0.0174383925 -0.0303463749 asynchronous_release_0
0.017315 -0.0250000004 0.0138980682 -0.032122324 asynchronous_release_0
0.029119 -0.0250000004 -0.0219421707 -0.0272679509 asynchronous_release_0
0.028258 -0.0250000004 0.0190128598 -0.0293855604 asynchronous_release_0
0.031328 -0.0250000004 -0.00634400351 -0.0344202501 asynchronous_release_0
0.041667 -0.0250000004 0.0349995911 0.000169177978 asynchronous_release_0
0.021882 -0.0250000004 0.000943255388 -0.000332068176 asynchronous_release_0
0.03532 -0.0250000004 0.0344021026 0.00644168763 asynchronous_release_0
0.02309 -0.0250000004 0.000991685813 -0.000128682741 asynchronous_release_3
0.012588 -0.0250000004 -4.83573781e-05 -0.000998830098 asynchronous_release_0
0.043256 -0.0250000004 -0.0349703951 0.00143925839 asynchronous_release_0
0.043673 -0.0250000004 -0.019848776 -0.0288275232 asynchronous_release_0
0.044801 -0.0250000004 -0.0348897554 0.00277578263 asynchronous_release_0
0.032004 -0.0250000004 0.000998849231 4.79605396e-05 asynchronous_release_0
0.014043 -0.0250000004 0.0143601052 0.0319184489 asynchronous_release_0
0.045528 -0.0250000004 -0.00390553335 0.0347814147 asynchronous_release_0
0.019942 -0.0250000004 0.0348814896 0.00287779163 asynchronous_release_0
0.02441 -0.0250000004 0.00355745247 0.0348187382 asynchronous_release_0
0.03218 -0.0250000004 -0.0283751856 0.0204902133 asynchronous_release_0
0.025348 -0.0250000004 0.0226000781 0.0267252029 asynchronous_release_4
0.005121 -0.0250000004 -0.0140143183 0.0320717771 asynchronous_release_0
0.020212 -0.0250000004 0.0252383707 0.0242492194 asynchronous_release_0
0.040235 -0.0250000004 -0.00706079883 0.0342803897 asynchronous_release_0
0.038728 -0.0250000004 -0.0349507486 -0.00185611823 asynchronous_release_0
0.048742 -0.0250000004 0.0341371449 -0.0077236868 asynchronous_release_0
0.017361 -0.0250000004 -0.0317739394 0.0146770832 asynchronous_release_0
0.040703 -0.0250000004 0.0348174972 -0.00356957868 asynchronous_release_0
0.047008 -0.0250000004 0.000861965856 -0.000506966333 asynchronous_release_0
0.01901 -0.0250000004 0.034919413 0.00237373045 asynchronous_release_0
0.037044 -0.0250000004 0.0304439257 0.0172675241 asynchronous_release_0
0.038743 -0.0250000004 0.0307649137 0.016688921 asynchronous_release_0
0.008497 -0.0250000004 -0.00576545387 0.0345218705 asynchronous_release_0
0.043785 -0.0250000004 -0.000915909347 -0.000401385186 asynchronous_release_4
0.013649 -0.0250000004 0.0141096399 0.0320299557 asynchronous_release_0
0.044205 -0.0250000004 -0.024865678 -0.0246312415 asynchronous_release_0
0.035953 -0.0250000004 0.000999723607 -2.35097728e-05 asynchronous_release_0
0.033592 -0.0250000004 0.0250393924 0.024454628 asynchronous_release_0
0.038995 -0.0250000004 0.0154424846 0.0314090698 asynchronous_release_0
