0.000000 0.092768
0.000050 0.103670
0.000100 0.102635
0.000150 0.103323
0.000200 0.104884
0.000250 0.130496
0.000300 0.094151
0.000350 0.111289
0.000400 0.101937
0.000450 0.108517
0.000500 0.119942
0.000550 0.095364
0.000600 0.108868
0.000650 0.104882
0.000700 0.088089
0.000750 0.103841
0.000800 0.130676
0.000850 0.114584
0.000900 0.135675
0.000950 0.117869
0.001000 0.130324
0.001050 0.130846
0.001100 0.153859
0.001150 0.180511
0.001200 0.184325
0.001250 0.215321
0.001300 0.226712
0.001350 0.281070
0.001400 0.362083
0.001450 0.446879
0.001500 0.648334
0.001550 0.889956
0.001600 1.324859
0.001650 1.676591
0.001700 2.304475
0.001750 3.125187
0.001800 4.052534
0.001850 5.009962
0.001900 6.357180
0.001950 7.764252
0.002000 9.143510
0.002050 10.369900
0.002100 11.437428
0.002150 11.896430
0.002200 12.468217
0.002250 12.417351
0.002300 12.143578
0.002350 11.150306
0.002400 10.190907
0.002450 9.199253
0.002500 7.853032
0.002550 6.789384
0.002600 5.965845
0.002650 5.172831
0.002700 4.364903
0.002750 3.876693
0.002800 3.386374
0.002850 3.097688
0.002900 2.813295
0.002950 2.587975
0.003000 2.221957
0.003050 2.011807
0.003100 1.914178
0.003150 1.847734
0.003200 1.724314
0.003250 1.594540
0.003300 1.547969
0.003350 1.467673
0.003400 1.419564
0.003450 1.373674
0.003500 1.436560
0.003550 1.269970
0.003600 1.210347
0.003650 1.238301
0.003700 1.156842
0.003750 1.196330
0.003800 1.122349
0.003850 1.106667
0.003900 1.063852
0.003950 1.035992
0.004000 1.084500
0.004050 0.950552
0.004100 1.023065
0.004150 0.956159
0.004200 0.986519
0.004250 0.997247
0.004300 0.961820
0.004350 0.935762
0.004400 0.930707
0.004450 0.964319
0.004500 0.896488
0.004550 0.855038
0.004600 0.824142
0.004650 0.891868
0.004700 0.884944
0.004750 0.918646
0.004800 0.883371
0.004850 0.872521
0.004900 0.850268
0.004950 0.868624
0.005000 0.806183
0.005050 0.748935
0.005100 0.847397
0.005150 0.749157
0.005200 0.828073
0.005250 0.820351
0.005300 0.758876
0.005350 0.833532
0.005400 0.806543
0.005450 0.734353
0.005500 0.698235
0.005550 0.768189
0.005600 0.716700
0.005650 0.730554
0.005700 0.699597
0.005750 0.720137
0.005800 0.731944
0.005850 0.671548
0.005900 0.678436
0.005950 0.708220
0.006000 0.737678
0.006050 0.659516
0.006100 0.687503
0.006150 0.654883
0.006200 0.681035
0.006250 0.744033
0.006300 0.727153
0.006350 0.676967
0.006400 0.623262
0.006450 0.668390
0.006500 0.666730
0.006550 0.664722
0.006600 0.666332
0.006650 0.661740
0.006700 0.572851
0.006750 0.600069
0.006800 0.671367
0.006850 0.651105
0.006900 0.647771
0.006950 0.633853
0.007000 0.591696
0.007050 0.679110
0.007100 0.574148
0.007150 0.598678
0.007200 0.568718
0.007250 0.636770
0.007300 0.595757
0.007350 0.616267
0.007400 0.646783
0.007450 0.583153
0.007500 0.655683
0.007550 0.621157
0.007600 0.584729
0.007650 0.538351
0.007700 0.591980
0.007750 0.604848
0.007800 0.585452
0.007850 0.568032
0.007900 0.583486
0.007950 0.571842
0.008000 0.590046
0.008050 0.551844
0.008100 0.549390
0.008150 0.519612
0.008200 0.548958
0.008250 0.578610
0.008300 0.539084
0.008350 0.512872
0.008400 0.527004
0.008450 0.529060
0.008500 0.568676
0.008550 0.551780
0.008600 0.549523
0.008650 0.561723
0.008700 0.594483
0.008750 0.565015
0.008800 0.526403
0.008850 0.513157
0.008900 0.564521
0.008950 0.515979
0.009000 0.535789
0.009050 0.482969
0.009100 0.497187
0.009150 0.566123
0.009200 0.486347
0.009250 0.537335
0.009300 0.528378
0.009350 0.517768
0.009400 0.546293
0.009450 0.468671
0.009500 0.514910
0.009550 0.496586
0.009600 0.489921
0.009650 0.490503
0.009700 0.476835
0.009750 0.530941
0.009800 0.461145
0.009850 0.489839
0.009900 0.493263
0.009950 0.492497
0.010000 0.524638
0.010050 0.510346
0.010100 0.485026
0.010150 0.474166
0.010200 0.497529
0.010250 0.468645
0.010300 0.549813
0.010350 0.457165
0.010400 0.450046
0.010450 0.496936
0.010500 0.472052
0.010550 0.466662
0.010600 0.453022
0.010650 0.460080
0.010700 0.427594
0.010750 0.401048
0.010800 0.492313
0.010850 0.443273
0.010900 0.437478
0.010950 0.480568
0.011000 0.465804
0.011050 0.424760
0.011100 0.459321
0.011150 0.411587
0.011200 0.495403
0.011250 0.397621
0.011300 0.454370
0.011350 0.426258
0.011400 0.450097
0.011450 0.495749
0.011500 0.448779
0.011550 0.469507
0.011600 0.502723
0.011650 0.433273
0.011700 0.454913
0.011750 0.439171
0.011800 0.411003
0.011850 0.417087
0.011900 0.389410
0.011950 0.438284
0.012000 0.451719
0.012050 0.455251
0.012100 0.471554
0.012150 0.397624
0.012200 0.448312
0.012250 0.417550
0.012300 0.471468
0.012350 0.405354
0.012400 0.429159
0.012450 0.428589
0.012500 0.405256
0.012550 0.428852
0.012600 0.429285
0.012650 0.425995
0.012700 0.399797
0.012750 0.403835
0.012800 0.443725
0.012850 0.399021
0.012900 0.440897
0.012950 0.414697
0.013000 0.411498
0.013050 0.396548
0.013100 0.412799
0.013150 0.419543
0.013200 0.400467
0.013250 0.413699
0.013300 0.405526
0.013350 0.403496
0.013400 0.448320
0.013450 0.404884
0.013500 0.397074
0.013550 0.394686
0.013600 0.439296
0.013650 0.369932
0.013700 0.407947
0.013750 0.385449
0.013800 0.400166
0.013850 0.378968
0.013900 0.431540
0.013950 0.421462
0.014000 0.382955
0.014050 0.370887
0.014100 0.364696
0.014150 0.411042
0.014200 0.395525
0.014250 0.404785
0.014300 0.359958
0.014350 0.400544
0.014400 0.369363
0.014450 0.395335
0.014500 0.408830
0.014550 0.416680
0.014600 0.406499
0.014650 0.395679
0.014700 0.406927
0.014750 0.386671
0.014800 0.380815
0.014850 0.370781
0.014900 0.383722
0.014950 0.390246
0.015000 0.391168
0.015050 0.380674
0.015100 0.416788
0.015150 0.365454
0.015200 0.360021
0.015250 0.372333
0.015300 0.411218
0.015350 0.380000
0.015400 0.360884
0.015450 0.440210
0.015500 0.378847
0.015550 0.382767
0.015600 0.402734
0.015650 0.398446
0.015700 0.363606
0.015750 0.384410
0.015800 0.379463
0.015850 0.359885
0.015900 0.358030
0.015950 0.314282
0.016000 0.396963
0.016050 0.388693
0.016100 0.351640
0.016150 0.379732
0.016200 0.399027
0.016250 0.409413
0.016300 0.361401
0.016350 0.319875
0.016400 0.399740
0.016450 0.404146
0.016500 0.386453
0.016550 0.389553
0.016600 0.392053
0.016650 0.379583
0.016700 0.362013
0.016750 0.333571
0.016800 0.380064
0.016850 0.354340
0.016900 0.349442
0.016950 0.397918
0.017000 0.381387
0.017050 0.297713
0.017100 0.356028
0.017150 0.404228
0.017200 0.428734
0.017250 0.359028
0.017300 0.354679
0.017350 0.320399
0.017400 0.333322
0.017450 0.356542
0.017500 0.370519
0.017550 0.333961
0.017600 0.343367
0.017650 0.342975
0.017700 0.374563
0.017750 0.355899
0.017800 0.336752
0.017850 0.362942
0.017900 0.369998
0.017950 0.359864
0.018000 0.362311
0.018050 0.334401
0.018100 0.318269
0.018150 0.366099
0.018200 0.338800
0.018250 0.415250
0.018300 0.358402
0.018350 0.340124
0.018400 0.362685
0.018450 0.366219
0.018500 0.352373
0.018550 0.348115
0.018600 0.312519
0.018650 0.396719
0.018700 0.336874
0.018750 0.311920
0.018800 0.349754
0.018850 0.331596
0.018900 0.325828
0.018950 0.354242
0.019000 0.307851
0.019050 0.357385
0.019100 0.295117
0.019150 0.307651
0.019200 0.318386
0.019250 0.363972
0.019300 0.316285
0.019350 0.341973
0.019400 0.344157
0.019450 0.314013
0.019500 0.317288
0.019550 0.315910
0.019600 0.339699
0.019650 0.336903
0.019700 0.318705
0.019750 0.279801
0.019800 0.391884
0.019850 0.318576
0.019900 0.322941
0.019950 0.310163
0.020000 0.323378
0.020050 0.324656
0.020100 0.284458
0.020150 0.378516
0.020200 0.294287
0.020250 0.349525
0.020300 0.305073
0.020350 0.283571
0.020400 0.347415
0.020450 0.360091
0.020500 0.338768
0.020550 0.326786
0.020600 0.329606
0.020650 0.362690
0.020700 0.322580
0.020750 0.326712
0.020800 0.336733
0.020850 0.310063
0.020900 0.289088
0.020950 0.337284
0.021000 0.354692
0.021050 0.360428
0.021100 0.360725
0.021150 0.434819
0.021200 0.477581
0.021250 0.552185
0.021300 0.737922
0.021350 0.746500
0.021400 0.915590
0.021450 1.140048
0.021500 1.508733
0.021550 1.988841
0.021600 2.631175
0.021650 3.498831
0.021700 4.525115
0.021750 5.737591
0.021800 7.446862
0.021850 8.931634
0.021900 10.499246
0.021950 12.369482
0.022000 14.093855
0.022050 15.432249
0.022100 16.136975
0.022150 16.788313
0.022200 17.076023
0.022250 16.995017
0.022300 16.678757
0.022350 15.368475
0.022400 13.838375
0.022450 12.434431
0.022500 11.025265
0.022550 9.840985
0.022600 8.498617
0.022650 7.476715
0.022700 6.642138
0.022750 5.899922
0.022800 5.109714
0.022850 4.665018
0.022900 4.222353
0.022950 3.917463
0.023000 3.656606
0.023050 3.334384
0.023100 3.010934
0.023150 2.803656
0.023200 2.652190
0.023250 2.695430
0.023300 2.282190
0.023350 2.212114
0.023400 2.237712
0.023450 2.172274
0.023500 1.848761
0.023550 2.007441
0.023600 1.772165
0.023650 1.775701
0.023700 1.845752
0.023750 1.569234
0.023800 1.591474
0.023850 1.546932
0.023900 1.481990
0.023950 1.577920
0.024000 1.614806
0.024050 1.516960
0.024100 1.578375
0.024150 1.381231
0.024200 1.415663
0.024250 1.300623
0.024300 1.344611
0.024350 1.369355
0.024400 1.340954
0.024450 1.409892
0.024500 1.249959
0.024550 1.260759
0.024600 1.271631
0.024650 1.260345
0.024700 1.213851
0.024750 1.178985
0.024800 1.273632
0.024850 1.178124
0.024900 1.143423
0.024950 1.053521
0.025000 1.220101
0.025050 1.146227
0.025100 1.082984
0.025150 1.093460
0.025200 1.016643
0.025250 1.050193
0.025300 1.055054
0.025350 1.110754
0.025400 1.026309
0.025450 1.080605
0.025500 0.976821
0.025550 1.047541
0.025600 0.988898
0.025650 0.977210
0.025700 1.000485
0.025750 1.008943
0.025800 0.964210
0.025850 1.021274
0.025900 0.995121
0.025950 1.011987
0.026000 0.993533
0.026050 0.980725
0.026100 0.969946
0.026150 0.922960
0.026200 0.955516
0.026250 0.986166
0.026300 0.913710
0.026350 0.955428
0.026400 1.016439
0.026450 0.961207
0.026500 0.950276
0.026550 0.916950
0.026600 0.967128
0.026650 0.878760
0.026700 0.947196
0.026750 0.864340
0.026800 0.956093
0.026850 0.892351
0.026900 0.902646
0.026950 0.786650
0.027000 0.820960
0.027050 0.888536
0.027100 0.876678
0.027150 0.875102
0.027200 0.906774
0.027250 0.811960
0.027300 0.821660
0.027350 0.876362
0.027400 0.917102
0.027450 0.788676
0.027500 0.800616
0.027550 0.796626
0.027600 0.815853
0.027650 0.758191
0.027700 0.747404
0.027750 0.804404
0.027800 0.817722
0.027850 0.756910
0.027900 0.804229
0.027950 0.836695
0.028000 0.853639
0.028050 0.788071
0.028100 0.776212
0.028150 0.798142
0.028200 0.733756
0.028250 0.722810
0.028300 0.710118
0.028350 0.759852
0.028400 0.742720
0.028450 0.672500
0.028500 0.807483
0.028550 0.712101
0.028600 0.784692
0.028650 0.731970
0.028700 0.814684
0.028750 0.760178
0.028800 0.753290
0.028850 0.766030
0.028900 0.701841
0.028950 0.684311
0.029000 0.666122
0.029050 0.669386
0.029100 0.733312
0.029150 0.655084
0.029200 0.721546
0.029250 0.711596
0.029300 0.692802
0.029350 0.738016
0.029400 0.736353
0.029450 0.695753
0.029500 0.787933
0.029550 0.694705
0.029600 0.696488
0.029650 0.676908
0.029700 0.678661
0.029750 0.695931
0.029800 0.644645
0.029850 0.665471
0.029900 0.706780
0.029950 0.713508
0.030000 0.678812
0.030050 0.640342
0.030100 0.701187
0.030150 0.702551
0.030200 0.707563
0.030250 0.656859
0.030300 0.621090
0.030350 0.675140
0.030400 0.690493
0.030450 0.678483
0.030500 0.649317
0.030550 0.707535
0.030600 0.703524
0.030650 0.592668
0.030700 0.647946
0.030750 0.659154
0.030800 0.653152
0.030850 0.684212
0.030900 0.659724
0.030950 0.675428
0.031000 0.620425
0.031050 0.676505
0.031100 0.594561
0.031150 0.638281
0.031200 0.692848
0.031250 0.634382
0.031300 0.672831
0.031350 0.664375
0.031400 0.692371
0.031450 0.673261
0.031500 0.591601
0.031550 0.548115
0.031600 0.558872
0.031650 0.609634
0.031700 0.570478
0.031750 0.576304
0.031800 0.619752
0.031850 0.634068
0.031900 0.663798
0.031950 0.623918
0.032000 0.633218
0.032050 0.635510
0.032100 0.644253
0.032150 0.647251
0.032200 0.632213
0.032250 0.538949
0.032300 0.649067
0.032350 0.581507
0.032400 0.582438
0.032450 0.630834
0.032500 0.600042
0.032550 0.582810
0.032600 0.556367
0.032650 0.625297
0.032700 0.557659
0.032750 0.568441
0.032800 0.618046
0.032850 0.563266
0.032900 0.590621
0.032950 0.550131
0.033000 0.633735
0.033050 0.571427
0.033100 0.660010
0.033150 0.604916
0.033200 0.638027
0.033250 0.560075
0.033300 0.542478
0.033350 0.572908
0.033400 0.547289
0.033450 0.559085
0.033500 0.559537
0.033550 0.531777
0.033600 0.574568
0.033650 0.587230
0.033700 0.573633
0.033750 0.552549
0.033800 0.546952
0.033850 0.546086
0.033900 0.499054
0.033950 0.580344
0.034000 0.542147
0.034050 0.577447
0.034100 0.552808
0.034150 0.577318
0.034200 0.548515
0.034250 0.599857
0.034300 0.533269
0.034350 0.559279
0.034400 0.579900
0.034450 0.559910
0.034500 0.587521
0.034550 0.557133
0.034600 0.587606
0.034650 0.558536
0.034700 0.562014
0.034750 0.568996
0.034800 0.601806
0.034850 0.579624
0.034900 0.541977
0.034950 0.523777
0.035000 0.537754
0.035050 0.574264
0.035100 0.525876
0.035150 0.517418
0.035200 0.482848
0.035250 0.598518
0.035300 0.534404
0.035350 0.489142
0.035400 0.503962
0.035450 0.511044
0.035500 0.503234
0.035550 0.498960
0.035600 0.471148
0.035650 0.486782
0.035700 0.508926
0.035750 0.536184
0.035800 0.576471
0.035850 0.545135
0.035900 0.578386
0.035950 0.481464
0.036000 0.524020
0.036050 0.512612
0.036100 0.480921
0.036150 0.471551
0.036200 0.538276
0.036250 0.461538
0.036300 0.495722
0.036350 0.501664
0.036400 0.514200
0.036450 0.473506
0.036500 0.529145
0.036550 0.504501
0.036600 0.536205
0.036650 0.540889
0.036700 0.508115
0.036750 0.508335
0.036800 0.519619
0.036850 0.467489
0.036900 0.455061
0.036950 0.526951
0.037000 0.474653
0.037050 0.537903
0.037100 0.484023
0.037150 0.510285
0.037200 0.516546
0.037250 0.517618
0.037300 0.473135
0.037350 0.536193
0.037400 0.496150
0.037450 0.511454
0.037500 0.539594
0.037550 0.524990
0.037600 0.488498
0.037650 0.523498
0.037700 0.518630
0.037750 0.534918
0.037800 0.497531
0.037850 0.510789
0.037900 0.544600
0.037950 0.535992
0.038000 0.508332
0.038050 0.513336
0.038100 0.519893
0.038150 0.518079
0.038200 0.470365
0.038250 0.464601
0.038300 0.461890
0.038350 0.490664
0.038400 0.502640
0.038450 0.473860
0.038500 0.499716
0.038550 0.494028
0.038600 0.530840
0.038650 0.472600
0.038700 0.490866
0.038750 0.552666
0.038800 0.472521
0.038850 0.483877
0.038900 0.461787
0.038950 0.454439
0.039000 0.498616
0.039050 0.506216
0.039100 0.504456
0.039150 0.465848
0.039200 0.465564
0.039250 0.487294
0.039300 0.492587
0.039350 0.464023
0.039400 0.464550
0.039450 0.435066
0.039500 0.422879
0.039550 0.493021
0.039600 0.436556
0.039650 0.490250
0.039700 0.478169
0.039750 0.484357
0.039800 0.496154
0.039850 0.441768
0.039900 0.475074
0.039950 0.453312
0.040000 0.481938
0.040050 0.485014
0.040100 0.499350
0.040150 0.458270
0.040200 0.471783
0.040250 0.427321
0.040300 0.475505
0.040350 0.449539
0.040400 0.482540
0.040450 0.507570
0.040500 0.527022
0.040550 0.479968
0.040600 0.470957
0.040650 0.455407
0.040700 0.465071
0.040750 0.478857
0.040800 0.494334
0.040850 0.426438
0.040900 0.453303
0.040950 0.479453
0.041000 0.472044
0.041050 0.467080
0.041100 0.457989
0.041150 0.466175
0.041200 0.502447
0.041250 0.471125
0.041300 0.440522
0.041350 0.454526
0.041400 0.427966
0.041450 0.398826
0.041500 0.467645
0.041550 0.491791
0.041600 0.441060
0.041650 0.457706
0.041700 0.443523
0.041750 0.436819
0.041800 0.487850
0.041850 0.423426
0.041900 0.435965
0.041950 0.456955
0.042000 0.429248
0.042050 0.435128
0.042100 0.457052
0.042150 0.437704
0.042200 0.423363
0.042250 0.451277
0.042300 0.442875
0.042350 0.433601
0.042400 0.409018
0.042450 0.437054
0.042500 0.437112
0.042550 0.441436
0.042600 0.481607
0.042650 0.452751
0.042700 0.442609
0.042750 0.459829
0.042800 0.418839
0.042850 0.404309
0.042900 0.457595
0.042950 0.436253
0.043000 0.444977
0.043050 0.413223
0.043100 0.397761
0.043150 0.487659
0.043200 0.436880
0.043250 0.435292
0.043300 0.379083
0.043350 0.458961
0.043400 0.397474
0.043450 0.460190
0.043500 0.449964
0.043550 0.422268
0.043600 0.438132
0.043650 0.472410
0.043700 0.393061
0.043750 0.406301
0.043800 0.415207
0.043850 0.385517
0.043900 0.436599
0.043950 0.425381
0.044000 0.437036
0.044050 0.430214
0.044100 0.448098
0.044150 0.413008
0.044200 0.462764
0.044250 0.396628
0.044300 0.467758
0.044350 0.397054
0.044400 0.467467
0.044450 0.452683
0.044500 0.462802
0.044550 0.449768
0.044600 0.440267
0.044650 0.414647
0.044700 0.421166
0.044750 0.408000
0.044800 0.455791
0.044850 0.387905
0.044900 0.429475
0.044950 0.405489
0.045000 0.438191
0.045050 0.479125
0.045100 0.372108
0.045150 0.371412
0.045200 0.406919
0.045250 0.427147
0.045300 0.451982
0.045350 0.420608
0.045400 0.406406
0.045450 0.382152
0.045500 0.399729
0.045550 0.376329
0.045600 0.395768
0.045650 0.423502
0.045700 0.470547
0.045750 0.379435
0.045800 0.459508
0.045850 0.412246
0.045900 0.441111
0.045950 0.413955
0.046000 0.378426
0.046050 0.423000
0.046100 0.400345
0.046150 0.394253
0.046200 0.393696
0.046250 0.381104
0.046300 0.361060
0.046350 0.407772
0.046400 0.386823
0.046450 0.449511
0.046500 0.423961
0.046550 0.402061
0.046600 0.441673
0.046650 0.389885
0.046700 0.376270
0.046750 0.401928
0.046800 0.396752
0.046850 0.405634
0.046900 0.437085
0.046950 0.412241
0.047000 0.376971
0.047050 0.443329
0.047100 0.394857
0.047150 0.402875
0.047200 0.410923
0.047250 0.395351
0.047300 0.406250
0.047350 0.387800
0.047400 0.449012
0.047450 0.470522
0.047500 0.415073
0.047550 0.378493
0.047600 0.405653
0.047650 0.340365
0.047700 0.358916
0.047750 0.378486
0.047800 0.351229
0.047850 0.370833
0.047900 0.372282
0.047950 0.416940
0.048000 0.380057
0.048050 0.392125
0.048100 0.399420
0.048150 0.389390
0.048200 0.413108
0.048250 0.458156
0.048300 0.363133
0.048350 0.416891
0.048400 0.439812
0.048450 0.391028
0.048500 0.421719
0.048550 0.382525
0.048600 0.364620
0.048650 0.377832
0.048700 0.329664
0.048750 0.386760
0.048800 0.375646
0.048850 0.363524
0.048900 0.350390
0.048950 0.399940
0.049000 0.363318
0.049050 0.364886
0.049100 0.435273
0.049150 0.396655
0.049200 0.382548
0.049250 0.422632
0.049300 0.396713
0.049350 0.397395
0.049400 0.359512
0.049450 0.407648
0.049500 0.389537
0.049550 0.386255
0.049600 0.431624
0.049650 0.371770
0.049700 0.410244
0.049750 0.392066
0.049800 0.382810
0.049850 0.390496
0.049900 0.384223
