0.038161 -0.0250000004 -0.0228489501 0.0265127418 asynchronous_release_0
0.044278 -0.0250000004 0.0324869432 0.0130229997 asynchronous_release_0
0.025294 -0.0250000004 0.0180383036 -0.0299936594 asynchronous_release_1
0.028484 -0.0250000004 0.000990916424 -0.000134479145 asynchronous_release_0
0.045049 -0.0250000004 0.0345536269 0.00557197158 asynchronous_release_0
0.023766 -0.0250000004 -0.00708521146 0.0342753523 asynchronous_release_0
0.04108 -0.0250000004 -0.0112110458 -0.0331558811 asynchronous_release_0
0.040608 -0.0250000004 0.0326889175 0.0125073847 asynchronous_release_0
0.048457 -0.0250000004 0.0320884299 -0.0139761464 asynchronous_release_0
0.013413 -0.0250000004 0.0233470639 0.0260751722 asynchronous_release_0
0.037161 -0.0250000004 0.0290955544 0.0194537583 asynchronous_release_1
0.035996 -0.0250000004 -0.00992576409 0.0335630631 asynchronous_release_1
0.023883 -0.0250000004 0.033901461 0.00870005428 asynchronous_release_0
0.048597 -0.0250000004 0.000153544005 0.000988141811 asynchronous_release_0
0.049749 -0.0250000004 -0.0214647449 0.0276453382 asynchronous_release_0
0.037934 -0.0250000004 -0.0169759765 0.0306074537 asynchronous_release_0
0.041993 -0.0250000004 0.0040097375 0.0347695557 asynchronous_release_1
0.048416 -0.0250000004 0.0149278543 -0.0316568976 asynchronous_release_0
0.028745 -0.0250000004 0.0322125205 0.0136877142 asynchronous_release_0
0.0494 -0.0250000004 -0.0347788888 -0.00392796337 asynchronous_release_0
0.010351 -0.0250000004 0.0322272582 0.0136529789 asynchronous_release_0
0.042454 -0.0250000004 -0.0234276396 0.055911946 asynchronous_release_0
0.004215 -0.0250000004 0.0112363124 -0.0331473269 asynchronous_release_0
0.017973 -0.0250000004 0.034569437 0.00547302721 asynchronous_release_0
0.049356 -0.0250000004 0.0340006137 0.00830411168 asynchronous_release_0
0.029702 -0.0250000004 0.0125475439 -0.0326735236 asynchronous_release_0
0.038138 -0.0250000004 -0.000967840225 0.000251565697 asynchronous_release_0
0.018745 -0.0250000004 -0.0192856631 -0.0292072456 asynchronous_release_0
0.038492 -0.0250000004 -0.0174360378 0.0303477279 asynchronous_release_0
0.024209 -0.0250000004 0.0232079112 -0.0261991003 asynchronous_release_0
0.025975 -0.0250000004 0.0252638005 -0.0242227245 asynchronous_release_3
0.04806 -0.0250000004 0.01610792 -0.0310730577 asynchronous_release_0
0.023898 -0.0250000004 -0.0148326152 0.0317016329 asynchronous_release_0
0.040462 -0.0250000004 0.000931345892 -0.000364135729 asynchronous_release_1
0.036929 -0.0250000004 -0.000997961242 -6.38228783e-05 asynchronous_release_1
0.024992 -0.0250000004 0.00348470381 -0.0348260942 asynchronous_release_1
0.030754 -0.0250000004 -0.000547110446 0.000837060428 asynchronous_release_0
0.024222 -0.0250000004 -0.0329251012 -0.011871719 asynchronous_release_0
0.03992 -0.0250000004 -0.0322724882 -0.0135457191 asynchronous_release_0
0.027861 -0.0250000004 0.0284469521 0.0203904614 asynchronous_release_0
0.037516 -0.0250000004 -0.00452434018 0.0347063445 asynchronous_release_0
0.037422 -0.0250000004 0.0291284095 0.0194045293 asynchronous_release_0
0.015753 -0.0250000004 0.000799164501 -0.000601112386 asynchronous_release_0
0.023257 -0.0250000004 0.0257153221 -0.023742835 asynchronous_release_0
0.018649 -0.0250000004 0.000802605288 0.0349907963 asynchronous_release_0
0.032227 -0.0250000004 0.0347758962 -0.00395437057 asynchronous_release_0
0.047362 -0.0250000004 0.00260325064 0.0349030527 asynchronous_release_0
0.048026 -0.0250000004 0.0442341428 0.0542525632 asynchronous_release_3
0.043282 -0.0250000004 -0.0146635412 0.0317801913 asynchronous_release_1
0.037895 -0.0250000004 -0.0210785312 -0.0279409292 asynchronous_release_0
0.045444 -0.0250000004 0.0245143427 0.0249809328 asynchronous_release_0
0.041982 -0.0250000004 0.0214419781 -0.0276630001 asynchronous_release_0
0.038833 -0.0250000004 0.0209781627 -0.0280163647 asynchronous_release_0
0.016661 -0.0250000004 0.00758197352 0.0341688993 asynchronous_release_0
0.023943 -0.0250000004 -0.0214250646 -0.0276761018 asynchronous_release_0
0.025297 -0.0250000004 -0.00281852766 -0.0348863283 asynchronous_release_0
0.044423 -0.0250000004 0.0304815956 -0.0172009398 asynchronous_release_0
0.03509 -0.0250000004 0.0334277394 -0.0103723786 asynchronous_release_0
0.022891 -0.0250000004 0.0237467615 -0.0257116962 asynchronous_release_2
0.033993 -0.0250000004 -0.000408183575 -0.000912899868 asynchronous_release_0
0.04408 -0.0250000004 0.0335869074 0.00984477801 asynchronous_release_0
0.031682 -0.0250000004 -0.000114999291 -0.0349998111 asynchronous_release_0
0.043574 -0.0250000004 0.0249737817 0.0245216277 asynchronous_release_0
0.045692 -0.0250000004 -0.014310445 0.0319407446 asynchronous_release_0
0.042111 -0.0250000004 0.000201832858 0.00097941998 asynchronous_release_0
0.032512 -0.0250000004 -0.021063277 -0.0279524303 asynchronous_release_0
0.047544 -0.0250000004 0.00700480051 0.0342918761 asynchronous_release_0
0.023422 -0.0250000004 0.0261952356 -0.0232122733 asynchronous_release_3
0.037902 -0.0250000004 0.000906745685 -0.000421677913 asynchronous_release_4
0.033281 -0.0250000004 0.0238060495 -0.0256568121 asynchronous_release_0
0.046994 -0.0250000004 0.0187721662 -0.0295399014 asynchronous_release_0
0.045408 -0.0250000004 0.0347939607 -0.00379213633 asynchronous_release_0
0.023431 -0.0250000004 0.0341861128 0.00750397861 asynchronous_release_1
0.01431 -0.0250000004 0.0336925942 -0.00947676598 asynchronous_release_0
0.039175 -0.0250000004 0.0326462727 0.0126182755 asynchronous_release_1
0.037593 -0.0250000004 0.0319994178 0.0141787609 asynchronous_release_0
0.043026 -0.0250000004 -0.00986349621 0.0335814151 asynchronous_release_0
0.0235 -0.0250000004 0.0332924269 0.0107988108 asynchronous_release_1
0.033929 -0.0250000004 0.0349853633 -0.00101210499 asynchronous_release_0
0.035854 -0.0250000004 -0.012323442 0.0327587054 asynchronous_release_0
0.045371 -0.0250000004 0.0168481127 -0.0306780231 asynchronous_release_0
0.044899 -0.0250000004 -0.00969752335 -0.0336297196 asynchronous_release_0
0.046821 -0.0250000004 0.0302484473 -0.0176077095 asynchronous_release_0
0.045052 -0.0250000004 0.022656816 -0.0266771192 asynchronous_release_0
0.025973 -0.0250000004 0.0201099143 -0.0286459656 asynchronous_release_0
0.047675 -0.0250000004 -0.0349833862 0.00107827943 asynchronous_release_0
0.033475 -0.0250000004 0.0203229451 -0.028495226 asynchronous_release_0
0.026331 -0.0250000004 0.032640886 0.0126322034 asynchronous_release_0
0.048063 -0.0250000004 -0.0217094015 0.0274536315 asynchronous_release_0
0.040927 -0.0250000004 0.0166202592 -0.0308020614 asynchronous_release_0
0.019006 -0.0250000004 -0.000932144088 0.000362087557 asynchronous_release_0
0.030176 -0.0250000004 0.0229782703 0.0264007404 asynchronous_release_3
0.043381 -0.0250000004 0.000199958509 -0.000979804366 asynchronous_release_0
0.0363 -0.0250000004 0.0139059083 -0.0321189308 asynchronous_release_4
0.007542 -0.0250000004 -0.0251728044 0.0243172761 asynchronous_release_0
0.02948 -0.0250000004 -0.000897599525 0.000440811857 asynchronous_release_0
0.027325 -0.0250000004 0.0291781114 -0.0193297133 asynchronous_release_0
0.030609 -0.0250000004 0.024958352 -0.024537332 asynchronous_release_0
0.018412 -0.0250000004 0.0339214654 0.00862172767 asynchronous_release_0
0.034673 -0.0250000004 0.000976441674 0.0349863768 asynchronous_release_0
0.046579 -0.0250000004 -0.02902079 -0.0195651156 asynchronous_release_0
0.044089 -0.0250000004 0.028540348 -0.0202595296 asynchronous_release_0
0.037447 -0.0250000004 0.0333039806 -0.0107631258 asynchronous_release_0
0.044589 -0.0250000004 0.033740505 0.00930474727 asynchronous_release_0
0.043223 -0.0250000004 -0.000930578884 -0.000366091438 asynchronous_release_0
0.039727 -0.0250000004 0.034269495 -0.00711348797 asynchronous_release_0
0.025012 -0.0250000004 -0.0194303765 0.0291111743 asynchronous_release_0
0.035103 -0.0250000004 0.00978094677 0.0336055513 asynchronous_release_1
0.023597 -0.0250000004 0.0314454813 -0.0153682044 asynchronous_release_1
0.032727 -0.0250000004 0.0346075755 0.00522644442 asynchronous_release_0
0.037014 -0.0250000004 -0.00824315157 -0.0340154443 asynchronous_release_0
0.049514 -0.0250000004 -0.0347956314 0.00377677601 asynchronous_release_1
0.045606 -0.0250000004 -0.000965401886 0.000260766561 asynchronous_release_0
0.04087 -0.0250000004 0.00798829296 0.0340761966 asynchronous_release_0
0.046528 -0.0250000004 0.0333081788 0.0107501266 asynchronous_release_0
0.03389 -0.0250000004 -0.0342047438 0.00741859164 asynchronous_release_0
0.047842 -0.0250000004 0.0209498034 -0.0280375773 asynchronous_release_0
0.04095 -0.0250000004 0.0156031824 0.0313295499 asynchronous_release_0
0.042527 -0.0250000004 0.0206508547 0.028258489 asynchronous_release_0
0.030242 -0.0250000004 0.0299706766 0.0180764639 asynchronous_release_0
0.039732 -0.0250000004 0.0292722393 -0.0191868707 asynchronous_release_0
0.043466 -0.0250000004 0.0184406482 -0.029747983 asynchronous_release_0
0.047511 -0.0250000004 0.0312914401 -0.0156794698 asynchronous_release_0
0.012613 -0.0250000004 0.019128902 -0.0293101537 asynchronous_release_0
0.036044 -0.0250000004 0.000718213454 -0.000695822847 asynchronous_release_0
0.045346 -0.0250000004 -0.000572929099 0.000819604934 asynchronous_release_0
0.042969 -0.0250000004 0.0245832458 -0.0249131296 asynchronous_release_0
0.035654 -0.0250000004 0.0268979175 0.0223942411 asynchronous_release_0
0.048259 -0.0250000004 0.0336386006 -0.00966667213 asynchronous_release_0
0.030932 -0.0250000004 0.0311832579 -0.0158935341 asynchronous_release_0
0.04012 -0.0250000004 0.0152075422 -0.0315234938 asynchronous_release_0
0.031824 -0.0250000004 0.0345048015 0.00586674307 asynchronous_release_0
0.026216 -0.0250000004 -0.000941560462 -0.000336844024 asynchronous_release_0
0.039434 -0.0250000004 0.0226511517 0.0266819288 asynchronous_release_0
0.039273 -0.0250000004 0.00723923553 0.0342431521 asynchronous_release_0
0.036969 -0.0250000004 0.000999276116 3.80426717e-05 asynchronous_release_0
0.049177 -0.0250000004 0.0346919224 -0.00463362938 asynchronous_release_0
0.041166 -0.0250000004 -0.00854340278 -0.0339412768 asynchronous_release_0
0.028653 -0.0250000004 -0.0229350355 0.0264383083 asynchronous_release_0
0.039455 -0.0250000004 0.000990420057 -0.00013808733 asynchronous_release_0
0.03666 -0.0250000004 -0.0154403612 -0.0314101137 asynchronous_release_0
0.026551 -0.0250000004 -0.0336557219 -0.00960689248 asynchronous_release_0
0.046488 -0.0250000004 -0.0103523455 0.0334339489 asynchronous_release_0
0.024753 -0.0250000004 0.00163672454 0.0349617095 asynchronous_release_1
0.048711 -0.0250000004 0.0056548719 0.0345401567 asynchronous_release_0
0.032637 -0.0250000004 0.0308984421 0.0164403856 asynchronous_release_0
0.017705 -0.0250000004 -0.000299559287 -0.000954077687 asynchronous_release_0
0.040856 -0.0250000004 0.000981721914 -0.000190321003 asynchronous_release_0
0.04748 -0.0250000004 0.0217286225 -0.0274384213 asynchronous_release_0
0.023944 -0.0250000004 0.0252182243 0.0551274992 asynchronous_release_0
0.034383 -0.0250000004 0.00099810592 6.15188867e-05 asynchronous_release_0
0.029777 -0.0250000004 -0.0194358807 -0.0291074997 asynchronous_release_0
0.047954 -0.0250000004 -0.0286444076 -0.0201121335 asynchronous_release_0
0.046607 -0.0250000004 -0.0288524044 0.0198125909 asynchronous_release_0
0.03978 -0.0250000004 -0.0115439352 0.0330414521 asynchronous_release_0
0.030461 -0.0250000004 0.00379529428 0.0347936164 asynchronous_release_1
0.042842 -0.0250000004 0.0260553446 0.0233691894 asynchronous_release_0
0.015183 -0.0250000004 0.011296199 -0.0331269662 asynchronous_release_0
0.030918 -0.0250000004 -0.0241812099 0.025303539 asynchronous_release_0
0.020686 -0.0250000004 0.0349056156 -0.00256865748 asynchronous_release_0
0.031513 -0.0250000004 0.0163807269 -0.0309301113 asynchronous_release_3
0.0251 -0.0250000004 0.0148948378 0.0316724455 asynchronous_release_0
0.035354 -0.0250000004 0.0342839845 -0.00704332378 asynchronous_release_0
0.033524 -0.0250000004 0.00894256714 0.0338382992 asynchronous_release_0
0.047989 -0.0250000004 0.000300110196 0.000953904539 asynchronous_release_0
0.028279 -0.0250000004 0.0343278493 0.00682632842 asynchronous_release_0
0.007655 -0.0250000004 0.0292709495 0.0191888383 asynchronous_release_0
0.0403 -0.0250000004 0.0349322398 -0.0021768379 asynchronous_release_0
0.02476 -0.0250000004 0.00876621093 -0.0338844145 asynchronous_release_0
0.034215 -0.0250000004 -0.0348673566 0.00304424714 asynchronous_release_0
0.044996 -0.0250000004 0.024901314 -0.0245952142 asynchronous_release_0
0.039125 -0.0250000004 -0.0124303047 -0.0327183057 asynchronous_release_0
0.031013 -0.0250000004 0.0342750641 0.00708660597 asynchronous_release_0
0.031697 -0.0250000004 0.0344123862 0.00638652306 asynchronous_release_0
0.029522 -0.0250000004 -0.0120172335 -0.0328722695 asynchronous_release_0
0.029806 -0.0250000004 0.0313482615 -0.0155655549 asynchronous_release_0
0.012546 -0.0250000004 -0.00526649422 0.0346015034 asynchronous_release_0
0.03624 -0.0250000004 -0.000795160951 -0.000606398434 asynchronous_release_0
0.03958 -0.0250000004 -0.00420528487 0.034746447 asynchronous_release_0
0.040177 -0.0250000004 0.00429822462 -0.0347350726 asynchronous_release_0
0.030492 -0.0250000004 0.00707159057 0.0342781652 asynchronous_release_0
0.025404 -0.0250000004 -0.0349339548 0.00214913929 asynchronous_release_0
0.045308 -0.0250000004 -0.028517036 0.02029233 asynchronous_release_0
0.041216 -0.0250000004 0.0320593693 -0.0140426793 asynchronous_release_0
0.01415 -0.0250000004 -0.00382926789 0.0347898938 asynchronous_release_0
0.029131 -0.0250000004 0.0348917881 -0.00275011352 asynchronous_release_0
0.013925 -0.0250000004 0.0167043291 0.0307565504 asynchronous_release_0
0.023289 -0.0250000004 0.0291356579 0.0193936443 asynchronous_release_1
0.039456 -0.0250000004 -0.0348572992 -0.00315732357 asynchronous_release_0
0.029561 -0.0250000004 -0.0105027814 0.0333869972 asynchronous_release_0
0.045102 -0.0250000004 0.0117096382 0.0329830922 asynchronous_release_0
0.045509 -0.0250000004 -0.0311151839 0.0160263948 asynchronous_release_1
0.042087 -0.0250000004 0.0158004711 0.0312305157 asynchronous_release_0
0.029604 -0.0250000004 0.0344255427 -0.00631522036 asynchronous_release_0
0.022457 -0.0250000004 0.0114811391 -0.0330633248 asynchronous_release_0
0.044227 -0.0250000004 -0.0341416739 -0.00770364242 asynchronous_release_0
0.025779 -0.0250000004 0.0331179946 -0.0113224747 asynchronous_release_1
0.02972 -0.0250000004 -0.00784540887 -0.0341093764 asynchronous_release_0
0.049319 -0.0250000004 -0.00875505522 -0.0338872986 asynchronous_release_0
0.027181 -0.0250000004 0.0315559697 0.0151400389 asynchronous_release_0
0.044134 -0.0250000004 0.014118215 -0.0320261769 asynchronous_release_0
0.030738 -0.0250000004 -0.0144498917 0.0318779019 asynchronous_release_0
0.032317 -0.0250000004 0.0333713449 -0.0105524092 asynchronous_release_1
0.049045 -0.0250000004 0.0193839672 0.029142097 asynchronous_release_0
0.032783 -0.0250000004 0.00438402144 -0.0347243482 asynchronous_release_0
0.044023 -0.0250000004 0.0339804364 0.00838629475 asynchronous_release_0
0.044558 -0.0250000004 0.017294207 -0.0304287759 asynchronous_release_0
0.043713 -0.0250000004 0.0307194713 -0.0167724203 asynchronous_release_1
0.026603 -0.0250000004 -0.0317948467 0.0146317369 asynchronous_release_0
0.039812 -0.0250000004 0.000972150106 0.000234359064 asynchronous_release_0
0.022925 -0.0250000004 0.0346679588 0.00480963932 asynchronous_release_0
0.009262 -0.0250000004 -0.00203484851 0.0349407984 asynchronous_release_0
0.039003 -0.0250000004 -0.0247617607 0.0247357071 asynchronous_release_0
0.017183 -0.0250000004 0.0151801639 -0.031536687 asynchronous_release_1
0.032142 -0.0250000004 -0.0174122149 -0.0303614027 asynchronous_release_0
0.049307 -0.0250000004 -0.0182770434 0.0298487803 asynchronous_release_0
0.022413 -0.0250000004 0.0241331432 -0.0253493866 asynchronous_release_2
0.028304 -0.0250000004 -0.000394370879 -0.0349977781 asynchronous_release_0
0.035151 -0.0250000004 0.0181412306 -0.0299315177 asynchronous_release_0
0.047523 -0.0250000004 -0.0335308194 -0.0100341493 asynchronous_release_0
0.046399 -0.0250000004 0.0345229801 -0.00575880564 asynchronous_release_1
0.049539 -0.0250000004 0.000780731655 0.000624866452 asynchronous_release_0
0.048955 -0.0250000004 0.0295013604 -0.0188326773 asynchronous_release_0
0.039526 -0.0250000004 -0.0290986817 0.0194490803 asynchronous_release_0
0.022651 -0.0250000004 -0.0221791222 0.0270755709 asynchronous_release_0
0.028098 -0.0250000004 -0.0191771934 0.0292785801 asynchronous_release_0
0.040279 -0.0250000004 -0.0313853478 0.0154906405 asynchronous_release_0
0.040602 -0.0250000004 -0.0182651155 -0.0298560807 asynchronous_release_0
0.041388 -0.0250000004 0.0337022678 0.0094423063 asynchronous_release_0
0.035908 -0.0250000004 0.0193061466 0.02919371 asynchronous_release_0
0.04662 -0.0250000004 -0.0154585991 -0.0314011419 asynchronous_release_0
0.046944 -0.0250000004 0.0244367997 0.0250567919 asynchronous_release_0
0.041127 -0.0250000004 0.0126061732 -0.0326509479 asynchronous_release_0
0.037024 -0.0250000004 0.000717497165 -0.000696561425 asynchronous_release_0
0.023438 -0.0250000004 0.0338875908 -0.00875392426 asynchronous_release_4
0.03411 -0.0250000004 0.0256411492 0.023822919 asynchronous_release_1
0.035084 -0.0250000004 -0.000796459695 -0.000604691619 asynchronous_release_0
0.041573 -0.0250000004 0.0314227828 0.015414562 asynchronous_release_0
0.03007 -0.0250000004 -0.00413400264 -0.034755 asynchronous_release_0
0.04477 -0.0250000004 -0.000935729483 0.000352718493 asynchronous_release_1
0.027891 -0.0250000004 -0.0200904254 0.0286596373 asynchronous_release_1
0.040484 -0.0250000004 -0.00301269565 -0.034870097 asynchronous_release_0
