0.000000 0.090622
0.000050 0.110282
0.000100 0.107307
0.000150 0.097681
0.000200 0.101563
0.000250 0.106891
0.000300 0.111386
0.000350 0.108348
0.000400 0.106060
0.000450 0.109870
0.000500 0.104737
0.000550 0.119425
0.000600 0.123432
0.000650 0.116580
0.000700 0.107931
0.000750 0.116925
0.000800 0.114164
0.000850 0.115816
0.000900 0.120543
0.000950 0.104117
0.001000 0.104329
0.001050 0.125797
0.001100 0.144259
0.001150 0.141847
0.001200 0.163388
0.001250 0.166282
0.001300 0.169962
0.001350 0.198980
0.001400 0.232542
0.001450 0.272344
0.001500 0.338395
0.001550 0.462179
0.001600 0.603471
0.001650 0.737231
0.001700 0.963584
0.001750 1.332758
0.001800 1.663318
0.001850 2.090250
0.001900 2.651015
0.001950 3.133189
0.002000 3.608074
0.002050 4.061008
0.002100 4.444422
0.002150 4.637268
0.002200 4.873848
0.002250 4.869036
0.002300 4.713979
0.002350 4.427309
0.002400 3.966388
0.002450 3.591418
0.002500 3.072064
0.002550 2.610070
0.002600 2.246079
0.002650 1.940243
0.002700 1.774624
0.002750 1.493850
0.002800 1.358960
0.002850 1.166536
0.002900 1.210659
0.002950 1.099865
0.003000 0.992689
0.003050 0.982285
0.003100 0.935731
0.003150 0.863723
0.003200 0.846287
0.003250 0.808943
0.003300 0.788417
0.003350 0.727025
0.003400 0.744923
0.003450 0.706197
0.003500 0.700608
0.003550 0.673848
0.003600 0.666765
0.003650 0.651899
0.003700 0.680560
0.003750 0.695560
0.003800 0.657895
0.003850 0.666247
0.003900 0.634465
0.003950 0.614713
0.004000 0.601714
0.004050 0.615902
0.004100 0.561242
0.004150 0.586406
0.004200 0.548556
0.004250 0.560502
0.004300 0.565440
0.004350 0.564326
0.004400 0.542705
0.004450 0.544997
0.004500 0.532511
0.004550 0.539719
0.004600 0.552411
0.004650 0.514301
0.004700 0.555433
0.004750 0.523275
0.004800 0.543713
0.004850 0.515945
0.004900 0.507263
0.004950 0.506159
0.005000 0.527275
0.005050 0.480393
0.005100 0.513292
0.005150 0.478104
0.005200 0.483251
0.005250 0.519061
0.005300 0.460521
0.005350 0.484847
0.005400 0.485287
0.005450 0.457079
0.005500 0.449121
0.005550 0.428897
0.005600 0.473259
0.005650 0.442459
0.005700 0.450764
0.005750 0.449094
0.005800 0.420826
0.005850 0.451892
0.005900 0.441980
0.005950 0.442838
0.006000 0.413565
0.006050 0.428187
0.006100 0.405135
0.006150 0.421409
0.006200 0.428039
0.006250 0.427973
0.006300 0.421241
0.006350 0.418891
0.006400 0.393711
0.006450 0.422469
0.006500 0.429023
0.006550 0.423625
0.006600 0.422129
0.006650 0.395171
0.006700 0.442562
0.006750 0.412566
0.006800 0.381783
0.006850 0.419895
0.006900 0.428000
0.006950 0.432926
0.007000 0.401156
0.007050 0.443112
0.007100 0.414597
0.007150 0.397707
0.007200 0.419313
0.007250 0.403541
0.007300 0.378016
0.007350 0.366898
0.007400 0.388169
0.007450 0.390351
0.007500 0.402969
0.007550 0.407599
0.007600 0.391322
0.007650 0.364366
0.007700 0.389079
0.007750 0.398321
0.007800 0.408636
0.007850 0.411512
0.007900 0.394192
0.007950 0.399844
0.008000 0.388315
0.008050 0.328393
0.008100 0.369009
0.008150 0.375551
0.008200 0.348157
0.008250 0.364019
0.008300 0.395131
0.008350 0.393465
0.008400 0.381716
0.008450 0.370694
0.008500 0.389489
0.008550 0.372065
0.008600 0.355284
0.008650 0.364570
0.008700 0.398777
0.008750 0.367301
0.008800 0.383153
0.008850 0.350047
0.008900 0.364072
0.008950 0.391552
0.009000 0.348795
0.009050 0.349625
0.009100 0.344506
0.009150 0.336250
0.009200 0.360679
0.009250 0.380557
0.009300 0.342668
0.009350 0.323600
0.009400 0.353816
0.009450 0.328914
0.009500 0.340548
0.009550 0.341106
0.009600 0.358723
0.009650 0.365233
0.009700 0.321205
0.009750 0.346139
0.009800 0.356154
0.009850 0.380440
0.009900 0.361173
0.009950 0.366469
0.010000 0.355820
0.010050 0.324058
0.010100 0.343441
0.010150 0.320941
0.010200 0.322970
0.010250 0.326734
0.010300 0.355863
0.010350 0.322861
0.010400 0.358821
0.010450 0.349781
0.010500 0.357118
0.010550 0.309276
0.010600 0.352181
0.010650 0.316349
0.010700 0.316826
0.010750 0.345008
0.010800 0.350195
0.010850 0.323453
0.010900 0.331208
0.010950 0.321076
0.011000 0.332288
0.011050 0.306180
0.011100 0.314551
0.011150 0.308073
0.011200 0.316628
0.011250 0.324664
0.011300 0.316052
0.011350 0.329484
0.011400 0.301915
0.011450 0.276095
0.011500 0.312351
0.011550 0.334275
0.011600 0.348834
0.011650 0.313074
0.011700 0.304856
0.011750 0.305304
0.011800 0.333289
0.011850 0.305261
0.011900 0.335470
0.011950 0.324096
0.012000 0.316711
0.012050 0.295959
0.012100 0.316538
0.012150 0.297392
0.012200 0.315775
0.012250 0.322857
0.012300 0.330553
0.012350 0.298943
0.012400 0.285657
0.012450 0.326745
0.012500 0.304356
0.012550 0.273666
0.012600 0.311712
0.012650 0.300968
0.012700 0.304918
0.012750 0.310482
0.012800 0.316399
0.012850 0.283199
0.012900 0.318018
0.012950 0.324672
0.013000 0.282363
0.013050 0.300117
0.013100 0.287597
0.013150 0.300307
0.013200 0.327766
0.013250 0.290926
0.013300 0.271318
0.013350 0.282874
0.013400 0.297279
0.013450 0.327803
0.013500 0.283626
0.013550 0.294200
0.013600 0.297547
0.013650 0.299039
0.013700 0.303323
0.013750 0.299675
0.013800 0.314848
0.013850 0.286286
0.013900 0.285618
0.013950 0.287488
0.014000 0.300643
0.014050 0.288865
0.014100 0.294814
0.014150 0.296022
0.014200 0.282731
0.014250 0.312795
0.014300 0.276901
0.014350 0.282989
0.014400 0.276448
0.014450 0.292772
0.014500 0.282516
0.014550 0.294660
0.014600 0.323945
0.014650 0.306217
0.014700 0.295407
0.014750 0.282435
0.014800 0.283905
0.014850 0.291371
0.014900 0.263352
0.014950 0.301972
0.015000 0.303676
0.015050 0.270686
0.015100 0.311925
0.015150 0.294009
0.015200 0.305824
0.015250 0.289622
0.015300 0.299988
0.015350 0.256266
0.015400 0.259413
0.015450 0.283381
0.015500 0.300759
0.015550 0.286811
0.015600 0.266486
0.015650 0.264510
0.015700 0.296869
0.015750 0.279943
0.015800 0.296792
0.015850 0.274386
0.015900 0.292298
0.015950 0.283516
0.016000 0.300348
0.016050 0.256818
0.016100 0.263286
0.016150 0.260112
0.016200 0.254326
0.016250 0.290884
0.016300 0.287575
0.016350 0.279331
0.016400 0.273001
0.016450 0.269929
0.016500 0.275120
0.016550 0.263442
0.016600 0.260998
0.016650 0.289276
0.016700 0.300069
0.016750 0.281069
0.016800 0.245063
0.016850 0.269253
0.016900 0.296047
0.016950 0.302013
0.017000 0.271558
0.017050 0.264446
0.017100 0.270663
0.017150 0.265597
0.017200 0.267746
0.017250 0.277540
0.017300 0.273553
0.017350 0.256669
0.017400 0.294446
0.017450 0.257662
0.017500 0.259185
0.017550 0.260031
0.017600 0.273606
0.017650 0.280230
0.017700 0.278758
0.017750 0.268742
0.017800 0.277932
0.017850 0.267880
0.017900 0.258833
0.017950 0.254763
0.018000 0.278469
0.018050 0.246275
0.018100 0.260653
0.018150 0.254415
0.018200 0.272593
0.018250 0.286541
0.018300 0.262447
0.018350 0.270919
0.018400 0.286852
0.018450 0.248906
0.018500 0.259635
0.018550 0.247027
0.018600 0.254844
0.018650 0.266476
0.018700 0.258338
0.018750 0.259546
0.018800 0.244941
0.018850 0.232499
0.018900 0.255596
0.018950 0.260268
0.019000 0.258892
0.019050 0.283110
0.019100 0.265399
0.019150 0.258311
0.019200 0.245788
0.019250 0.237424
0.019300 0.256096
0.019350 0.262120
0.019400 0.265478
0.019450 0.272382
0.019500 0.234775
0.019550 0.249025
0.019600 0.258679
0.019650 0.253839
0.019700 0.246602
0.019750 0.265060
0.019800 0.262627
0.019850 0.255409
0.019900 0.240166
0.019950 0.264818
0.020000 0.268813
0.020050 0.227823
0.020100 0.258673
0.020150 0.252595
0.020200 0.249721
0.020250 0.254955
0.020300 0.234596
0.020350 0.243064
0.020400 0.255694
0.020450 0.245466
0.020500 0.254489
0.020550 0.247107
0.020600 0.270655
0.020650 0.243047
0.020700 0.240562
0.020750 0.268852
0.020800 0.255655
0.020850 0.255329
0.020900 0.257104
0.020950 0.265620
0.021000 0.277152
0.021050 0.268518
0.021100 0.284787
0.021150 0.313899
0.021200 0.329624
0.021250 0.346318
0.021300 0.357584
0.021350 0.413018
0.021400 0.482573
0.021450 0.567237
0.021500 0.670163
0.021550 0.896059
0.021600 1.145168
0.021650 1.480620
0.021700 1.941040
0.021750 2.411580
0.021800 2.896674
0.021850 3.521256
0.021900 4.339689
0.021950 5.190021
0.022000 5.747475
0.022050 6.334655
0.022100 6.767509
0.022150 7.130745
0.022200 7.220791
0.022250 7.369671
0.022300 7.040168
0.022350 6.560858
0.022400 5.986101
0.022450 5.304727
0.022500 4.586180
0.022550 4.043968
0.022600 3.520692
0.022650 3.019730
0.022700 2.753340
0.022750 2.490142
0.022800 2.213728
0.022850 2.037582
0.022900 1.885025
0.022950 1.708893
0.023000 1.604878
0.023050 1.541276
0.023100 1.466124
0.023150 1.327358
0.023200 1.226734
0.023250 1.216314
0.023300 1.196940
0.023350 1.194744
0.023400 1.125454
0.023450 1.063228
0.023500 1.103272
0.023550 1.034530
0.023600 1.027777
0.023650 1.033297
0.023700 0.964269
0.023750 0.950489
0.023800 0.946633
0.023850 0.954219
0.023900 0.937418
0.023950 0.868666
0.024000 0.886059
0.024050 0.869335
0.024100 0.860231
0.024150 0.863651
0.024200 0.864664
0.024250 0.844782
0.024300 0.831592
0.024350 0.798310
0.024400 0.858709
0.024450 0.821967
0.024500 0.777141
0.024550 0.759591
0.024600 0.777922
0.024650 0.786484
0.024700 0.763417
0.024750 0.747153
0.024800 0.744706
0.024850 0.722324
0.024900 0.736234
0.024950 0.745228
0.025000 0.713695
0.025050 0.723639
0.025100 0.708493
0.025150 0.726521
0.025200 0.693147
0.025250 0.718777
0.025300 0.707042
0.025350 0.659170
0.025400 0.705690
0.025450 0.667826
0.025500 0.685439
0.025550 0.672949
0.025600 0.678342
0.025650 0.663208
0.025700 0.667557
0.025750 0.659549
0.025800 0.621510
0.025850 0.610188
0.025900 0.611259
0.025950 0.638339
0.026000 0.654116
0.026050 0.607868
0.026100 0.665433
0.026150 0.583423
0.026200 0.620120
0.026250 0.604956
0.026300 0.599721
0.026350 0.610299
0.026400 0.590787
0.026450 0.593957
0.026500 0.610423
0.026550 0.593469
0.026600 0.599341
0.026650 0.588695
0.026700 0.605812
0.026750 0.599980
0.026800 0.560824
0.026850 0.602690
0.026900 0.594666
0.026950 0.597940
0.027000 0.604481
0.027050 0.555235
0.027100 0.593685
0.027150 0.552383
0.027200 0.594786
0.027250 0.561532
0.027300 0.551072
0.027350 0.530694
0.027400 0.525580
0.027450 0.552342
0.027500 0.523603
0.027550 0.571991
0.027600 0.538249
0.027650 0.546431
0.027700 0.513036
0.027750 0.560084
0.027800 0.517156
0.027850 0.544866
0.027900 0.557636
0.027950 0.536318
0.028000 0.542939
0.028050 0.505201
0.028100 0.533136
0.028150 0.536408
0.028200 0.517666
0.028250 0.535052
0.028300 0.563874
0.028350 0.534916
0.028400 0.505239
0.028450 0.486809
0.028500 0.479135
0.028550 0.470853
0.028600 0.497485
0.028650 0.512207
0.028700 0.524135
0.028750 0.522881
0.028800 0.484119
0.028850 0.497179
0.028900 0.507416
0.028950 0.518870
0.029000 0.521091
0.029050 0.495391
0.029100 0.464898
0.029150 0.488564
0.029200 0.501241
0.029250 0.484687
0.029300 0.472161
0.029350 0.487211
0.029400 0.479371
0.029450 0.484475
0.029500 0.469515
0.029550 0.441459
0.029600 0.430462
0.029650 0.474656
0.029700 0.486948
0.029750 0.467718
0.029800 0.483021
0.029850 0.485249
0.029900 0.446161
0.029950 0.439281
0.030000 0.430568
0.030050 0.475394
0.030100 0.490298
0.030150 0.473872
0.030200 0.456158
0.030250 0.457752
0.030300 0.468463
0.030350 0.452479
0.030400 0.468088
0.030450 0.434368
0.030500 0.434702
0.030550 0.413622
0.030600 0.434127
0.030650 0.473157
0.030700 0.457032
0.030750 0.411264
0.030800 0.462146
0.030850 0.513280
0.030900 0.439628
0.030950 0.450562
0.031000 0.442302
0.031050 0.411614
0.031100 0.425015
0.031150 0.404789
0.031200 0.421345
0.031250 0.409815
0.031300 0.428957
0.031350 0.441287
0.031400 0.471292
0.031450 0.428994
0.031500 0.419941
0.031550 0.454457
0.031600 0.428373
0.031650 0.437039
0.031700 0.431780
0.031750 0.422048
0.031800 0.440302
0.031850 0.446524
0.031900 0.431692
0.031950 0.431514
0.032000 0.407622
0.032050 0.390684
0.032100 0.423182
0.032150 0.401740
0.032200 0.409872
0.032250 0.416754
0.032300 0.427554
0.032350 0.417024
0.032400 0.439548
0.032450 0.410180
0.032500 0.427552
0.032550 0.409148
0.032600 0.416130
0.032650 0.359710
0.032700 0.387530
0.032750 0.394490
0.032800 0.395573
0.032850 0.434171
0.032900 0.436704
0.032950 0.418792
0.033000 0.421293
0.033050 0.392033
0.033100 0.394468
0.033150 0.380982
0.033200 0.388054
0.033250 0.389168
0.033300 0.368947
0.033350 0.427463
0.033400 0.401283
0.033450 0.399779
0.033500 0.396259
0.033550 0.405495
0.033600 0.368339
0.033650 0.395051
0.033700 0.374636
0.033750 0.400102
0.033800 0.396574
0.033850 0.362524
0.033900 0.339191
0.033950 0.392599
0.034000 0.391086
0.034050 0.374566
0.034100 0.385297
0.034150 0.401551
0.034200 0.368560
0.034250 0.383448
0.034300 0.394283
0.034350 0.387281
0.034400 0.385075
0.034450 0.358713
0.034500 0.370245
0.034550 0.408127
0.034600 0.387272
0.034650 0.372576
0.034700 0.359905
0.034750 0.391031
0.034800 0.380475
0.034850 0.387327
0.034900 0.369747
0.034950 0.378695
0.035000 0.354037
0.035050 0.373503
0.035100 0.339628
0.035150 0.394316
0.035200 0.348426
0.035250 0.370826
0.035300 0.365045
0.035350 0.399599
0.035400 0.381128
0.035450 0.372522
0.035500 0.356062
0.035550 0.402192
0.035600 0.374368
0.035650 0.369992
0.035700 0.409931
0.035750 0.374861
0.035800 0.365459
0.035850 0.373253
0.035900 0.355199
0.035950 0.365153
0.036000 0.366500
0.036050 0.340420
0.036100 0.347493
0.036150 0.348807
0.036200 0.375505
0.036250 0.350771
0.036300 0.333935
0.036350 0.352705
0.036400 0.403632
0.036450 0.366442
0.036500 0.366383
0.036550 0.328263
0.036600 0.374285
0.036650 0.365449
0.036700 0.332325
0.036750 0.360893
0.036800 0.330621
0.036850 0.340819
0.036900 0.318546
0.036950 0.347986
0.037000 0.337535
0.037050 0.332981
0.037100 0.338814
0.037150 0.348394
0.037200 0.379621
0.037250 0.375915
0.037300 0.338582
0.037350 0.352714
0.037400 0.355671
0.037450 0.355643
0.037500 0.342100
0.037550 0.360090
0.037600 0.358577
0.037650 0.323885
0.037700 0.341153
0.037750 0.331277
0.037800 0.364514
0.037850 0.338004
0.037900 0.335680
0.037950 0.331830
0.038000 0.340144
0.038050 0.337826
0.038100 0.336265
0.038150 0.383597
0.038200 0.326313
0.038250 0.353067
0.038300 0.335443
0.038350 0.306233
0.038400 0.334587
0.038450 0.320705
0.038500 0.342238
0.038550 0.336838
0.038600 0.356929
0.038650 0.338401
0.038700 0.322904
0.038750 0.329078
0.038800 0.343826
0.038850 0.330626
0.038900 0.353212
0.038950 0.347028
0.039000 0.362691
0.039050 0.305691
0.039100 0.319728
0.039150 0.338526
0.039200 0.328354
0.039250 0.346442
0.039300 0.292985
0.039350 0.338615
0.039400 0.326036
0.039450 0.347382
0.039500 0.335590
0.039550 0.335636
0.039600 0.345201
0.039650 0.344483
0.039700 0.327070
0.039750 0.334270
0.039800 0.342297
0.039850 0.327215
0.039900 0.330456
0.039950 0.337712
0.040000 0.342595
0.040050 0.333865
0.040100 0.321090
0.040150 0.348470
0.040200 0.312360
0.040250 0.320448
0.040300 0.300324
0.040350 0.319720
0.040400 0.310067
0.040450 0.324681
0.040500 0.315022
0.040550 0.336998
0.040600 0.308652
0.040650 0.324974
0.040700 0.290829
0.040750 0.310417
0.040800 0.342335
0.040850 0.340017
0.040900 0.322951
0.040950 0.307465
0.041000 0.319839
0.041050 0.309245
0.041100 0.328243
0.041150 0.285513
0.041200 0.326780
0.041250 0.330204
0.041300 0.322065
0.041350 0.325491
0.041400 0.318984
0.041450 0.340676
0.041500 0.311758
0.041550 0.340978
0.041600 0.317827
0.041650 0.310441
0.041700 0.323071
0.041750 0.342437
0.041800 0.304122
0.041850 0.299192
0.041900 0.302637
0.041950 0.317017
0.042000 0.304539
0.042050 0.329067
0.042100 0.309849
0.042150 0.330233
0.042200 0.321962
0.042250 0.323816
0.042300 0.323138
0.042350 0.346204
0.042400 0.299736
0.042450 0.319406
0.042500 0.298300
0.042550 0.320574
0.042600 0.334399
0.042650 0.289349
0.042700 0.313398
0.042750 0.310142
0.042800 0.311162
0.042850 0.310472
0.042900 0.302910
0.042950 0.298764
0.043000 0.306660
0.043050 0.314586
0.043100 0.341528
0.043150 0.312406
0.043200 0.299620
0.043250 0.300648
0.043300 0.311219
0.043350 0.320961
0.043400 0.295110
0.043450 0.312672
0.043500 0.330297
0.043550 0.307001
0.043600 0.292357
0.043650 0.280287
0.043700 0.304053
0.043750 0.310383
0.043800 0.296566
0.043850 0.310800
0.043900 0.301352
0.043950 0.325314
0.044000 0.329097
0.044050 0.294087
0.044100 0.284567
0.044150 0.300653
0.044200 0.310601
0.044250 0.327673
0.044300 0.288924
0.044350 0.283790
0.044400 0.303533
0.044450 0.303765
0.044500 0.306673
0.044550 0.306917
0.044600 0.311629
0.044650 0.296691
0.044700 0.296025
0.044750 0.298943
0.044800 0.289315
0.044850 0.312883
0.044900 0.316754
0.044950 0.319740
0.045000 0.301114
0.045050 0.277918
0.045100 0.291670
0.045150 0.283774
0.045200 0.304814
0.045250 0.295122
0.045300 0.303540
0.045350 0.309264
0.045400 0.305919
0.045450 0.315305
0.045500 0.309237
0.045550 0.283087
0.045600 0.289721
0.045650 0.282669
0.045700 0.297556
0.045750 0.296922
0.045800 0.285284
0.045850 0.301150
0.045900 0.279391
0.045950 0.271363
0.046000 0.277126
0.046050 0.296740
0.046100 0.285038
0.046150 0.287160
0.046200 0.278191
0.046250 0.314569
0.046300 0.263002
0.046350 0.296646
0.046400 0.280235
0.046450 0.300043
0.046500 0.287332
0.046550 0.288562
0.046600 0.305659
0.046650 0.296661
0.046700 0.307271
0.046750 0.291709
0.046800 0.291091
0.046850 0.302667
0.046900 0.285173
0.046950 0.293005
0.047000 0.280162
0.047050 0.320032
0.047100 0.271389
0.047150 0.302833
0.047200 0.275789
0.047250 0.262851
0.047300 0.248927
0.047350 0.308905
0.047400 0.282716
0.047450 0.278296
0.047500 0.262452
0.047550 0.263696
0.047600 0.321173
0.047650 0.302513
0.047700 0.275201
0.047750 0.284133
0.047800 0.295009
0.047850 0.291551
0.047900 0.283289
0.047950 0.252923
0.048000 0.290695
0.048050 0.272791
0.048100 0.288538
0.048150 0.280236
0.048200 0.275770
0.048250 0.257768
0.048300 0.269689
0.048350 0.292297
0.048400 0.272341
0.048450 0.282395
0.048500 0.295395
0.048550 0.288025
0.048600 0.280634
0.048650 0.281014
0.048700 0.259947
0.048750 0.274929
0.048800 0.263580
0.048850 0.278604
0.048900 0.282907
0.048950 0.264685
0.049000 0.289573
0.049050 0.280169
0.049100 0.273687
0.049150 0.260299
0.049200 0.284302
0.049250 0.289646
0.049300 0.316722
0.049350 0.297446
0.049400 0.261300
0.049450 0.298306
0.049500 0.281912
0.049550 0.298206
0.049600 0.267880
0.049650 0.253368
0.049700 0.279609
0.049750 0.269079
0.049800 0.253534
0.049850 0.283852
0.049900 0.265312
