0.023661 -0.0250000004 -0.0285622399 0.0202286542 synchronous_release_0
0.021901 -0.0250000004 -0.000185595207 -0.0349995079 synchronous_release_0
0.033447 -0.0250000004 0.000938750523 0.0349874084 synchronous_release_0
0.022328 -0.0250000004 0.0329288702 -0.0118612607 synchronous_release_0
0.024844 -0.0250000004 0.0287845975 -0.0199109755 synchronous_release_0
0.003729 -0.0250000004 0.00094506349 0.00032688683 synchronous_release_0
0.03406 -0.0250000004 -0.021614915 0.0275280848 synchronous_release_1
0.029139 -0.0250000004 0.00279953168 0.0348878578 synchronous_release_1
0.049481 -0.0250000004 0.0344308683 0.00628612027 synchronous_release_0
0.028338 -0.0250000004 0.0213178039 -0.0277588046 synchronous_release_0
0.027679 -0.0250000004 0.0335096846 -0.0101045059 synchronous_release_0
0.026373 -0.0250000004 0.0341089749 0.00784715422 synchronous_release_1
0.025343 -0.0250000004 0.0151984252 -0.0315278904 synchronous_release_0
0.023508 -0.0250000004 -0.00453170169 0.034705384 synchronous_release_0
0.024556 -0.0250000004 0.0287868858 0.0199076671 synchronous_release_0
0.028431 -0.0250000004 0.000874813111 -0.000484460547 synchronous_release_0
0.024245 -0.0250000004 0.0336684781 -0.00956209085 synchronous_release_0
0.033248 -0.0250000004 0.0340061796 0.00828128915 synchronous_release_1
0.02311 -0.0250000004 0.0323889429 0.013264855 synchronous_release_0
0.02622 -0.0250000004 0.0346095359 0.00521344628 synchronous_release_0
0.033537 -0.0250000004 0.0141434839 -0.0320150256 synchronous_release_1
0.03551 -0.0250000004 0.0280593886 -0.020920581 synchronous_release_0
0.027705 -0.0250000004 0.017510343 0.0303049153 synchronous_release_0
0.029936 -0.0250000004 0.0280538011 0.0209280731 synchronous_release_0
0.026882 -0.0250000004 -0.00551274582 -0.0345631253 synchronous_release_0
0.010989 -0.0250000004 -0.0345423417 -0.00564150947 synchronous_release_0
0.02653 -0.0250000004 0.000726149227 0.000687537126 synchronous_release_0
0.027849 -0.0250000004 0.0167623447 0.0307249703 synchronous_release_0
0.0246 -0.0250000004 0.0129996381 0.0324962984 synchronous_release_0
0.026205 -0.0250000004 0.034121731 0.0077915002 synchronous_release_0
0.025117 -0.0250000004 0.0281479128 0.0208013222 synchronous_release_0
0.026631 -0.0250000004 -0.0183000261 0.0298346953 synchronous_release_0
0.023385 -0.0250000004 0.0150941228 0.0315779584 synchronous_release_0
0.02304 -0.0250000004 0.0298473335 0.018279406 synchronous_release_0
0.022982 -0.0250000004 -0.00424550392 -0.0347415558 synchronous_release_0
0.02734 -0.0250000004 0.0279643179 -0.0210474921 synchronous_release_0
0.022726 -0.0250000004 0.0320070044 0.0141616266 synchronous_release_0
0.0382 -0.0250000004 -0.00373917383 -0.0347996922 synchronous_release_0
0.023976 -0.0250000004 0.0334363603 0.0103445545 synchronous_release_0
0.033119 -0.0250000004 -0.0334363603 -0.0103445545 synchronous_release_0
0.025964 -0.0250000004 -0.0339312499 0.00858313947 synchronous_release_0
0.029644 -0.0250000004 0.0108729504 0.0332682875 synchronous_release_0
0.029331 -0.0250000004 -0.0342476573 -0.00721789251 synchronous_release_1
0.022499 -0.0250000004 0.0323773458 0.0132931365 synchronous_release_1
0.031052 -0.0250000004 0.0342982329 0.0069736086 synchronous_release_0
0.033328 -0.0250000004 0.0268306128 0.0224748352 synchronous_release_0
0.023197 -0.0250000004 0.0349886426 -0.000891565945 synchronous_release_0
0.028111 -0.0250000004 0.0299298455 -0.0181439894 synchronous_release_0
0.04223 -0.0250000004 0.0306780785 0.0168480118 synchronous_release_1
0.026198 -0.0250000004 -0.0013589228 -0.034973609 synchronous_release_0
0.023232 -0.0250000004 0.0184297195 0.0297547549 synchronous_release_0
0.027361 -0.0250000004 0.0277440582 0.0213369921 synchronous_release_0
0.022421 -0.0250000004 0.00225610253 0.03492721 synchronous_release_0
0.029248 -0.0250000004 0.0345849634 -0.00537404018 synchronous_release_0
0.02617 -0.0250000004 -0.0315377991 0.0151778532 synchronous_release_0
0.02288 -0.0250000004 0.0347162421 -0.00444775607 synchronous_release_0
0.023252 -0.0250000004 0.0311526147 0.0159535136 synchronous_release_0
0.035748 -0.0250000004 0.0293924554 -0.019002199 synchronous_release_0
0.026187 -0.0250000004 0.033756762 -0.00924559446 synchronous_release_0
0.028385 -0.0250000004 0.0281140312 -0.0208470921 synchronous_release_0
0.028392 -0.0250000004 0.0342196845 -0.00734936705 synchronous_release_0
0.03117 -0.0250000004 -0.000194760557 0.000980850817 synchronous_release_0
0.02339 -0.0250000004 -0.00354369676 0.0348201409 synchronous_release_0
0.028023 -0.0250000004 0.0332528992 0.0109199218 synchronous_release_0
0.034189 -0.0250000004 0.000688291027 -0.000725434671 synchronous_release_0
0.025956 -0.0250000004 0.0317581093 -0.0147113049 synchronous_release_0
0.043092 -0.0250000004 0.0297723492 -0.0184012831 synchronous_release_1
0.033667 -0.0250000004 -0.0320217827 -0.0141281787 synchronous_release_0
0.0236 -0.0250000004 -0.0212745755 0.0277919491 synchronous_release_0
0.025268 -0.0250000004 0.0064756494 0.034395726 synchronous_release_0
0.027768 -0.0250000004 0.0265497478 -0.0228059399 synchronous_release_0
0.034858 -0.0250000004 0.000129477243 0.000991582394 synchronous_release_0
0.004597 -0.0250000004 0.03295572 -0.0117864549 synchronous_release_0
0.03025 -0.0250000004 -0.0247924245 -0.0247049729 synchronous_release_0
0.028819 -0.0250000004 0.0320661603 0.0140271652 synchronous_release_0
0.035974 -0.0250000004 0.00388519873 0.034783692 synchronous_release_0
0.012535 -0.0250000004 0.0117496352 -0.0329688652 synchronous_release_0
0.025531 -0.0250000004 0.0247475101 0.0247499645 synchronous_release_0
0.031737 -0.0250000004 -0.000707141844 0.000707071717 synchronous_release_0
0.038296 -0.0250000004 0.0243933428 -0.0250991002 synchronous_release_0
0.027253 -0.0250000004 -0.0349983428 0.000340593808 synchronous_release_0
0.034223 -0.0250000004 -0.0268589215 0.0224409968 synchronous_release_0
0.03492 -0.0250000004 -0.00346303224 -0.0348282559 synchronous_release_0
0.023991 -0.0250000004 0.0340112696 -0.00826035956 synchronous_release_0
0.022718 -0.0250000004 -0.000970829346 -0.000239771517 synchronous_release_0
0.03076 -0.0250000004 -0.0336227022 0.0097218257 synchronous_release_0
0.023655 -0.0250000004 0.0336241027 -0.00971698074 synchronous_release_0
0.023876 -0.0250000004 0.0188356537 -0.0294994602 synchronous_release_0
0.044514 -0.0250000004 0.0299550138 0.0181024072 synchronous_release_0
0.026227 -0.0250000004 0.00093103139 0.000364939106 synchronous_release_0
0.026647 -0.0250000004 0.034005531 -0.00828395199 synchronous_release_0
0.032335 -0.0250000004 0.00982865264 -0.0335916297 synchronous_release_0
0.024702 -0.0250000004 -0.000361654977 0.000932312007 synchronous_release_0
0.022688 -0.0250000004 0.0343123212 -0.0069039563 synchronous_release_0
0.031649 -0.0250000004 -0.0111771591 0.03316732 synchronous_release_1
0.03163 -0.0250000004 0.000757880028 -0.000652393948 synchronous_release_0
0.03665 -0.0250000004 0.0456675763 0.053051602 synchronous_release_0
0.024926 -0.0250000004 -0.021849293 0.0273424285 synchronous_release_0
0.030668 -0.0250000004 0.0261154332 -0.0233020203 synchronous_release_0
0.02995 -0.0250000004 -0.00805175117 -0.0340612581 synchronous_release_0
0.049952 -0.0250000004 0.027474344 -0.021683183 synchronous_release_0
0.026826 -0.0250000004 0.000884736366 0.000466091796 synchronous_release_0
0.030209 -0.0250000004 0.000959012249 0.000283364618 synchronous_release_0
0.022824 -0.0250000004 0.0341021717 -0.00787666714 synchronous_release_0
0.030247 -0.0250000004 -0.034569437 -0.00547302721 synchronous_release_0
0.02751 -0.0250000004 0.000480885404 -0.000876783455 synchronous_release_0
0.03691 -0.0250000004 0.0349792912 -0.00120382276 synchronous_release_1
0.024415 -0.0250000004 0.0136283442 -0.0322376835 synchronous_release_0
0.025356 -0.0250000004 -0.00980873516 -0.033597451 synchronous_release_0
0.02967 -0.0250000004 0.00980873516 0.033597451 synchronous_release_0
0.033599 -0.0250000004 0.0342560662 -0.0071778776 synchronous_release_0
0.036111 -0.0250000004 -0.0347231119 -0.00439380268 synchronous_release_0
0.022789 -0.0250000004 0.0246322825 0.0248646468 synchronous_release_0
0.03463 -0.0250000004 -0.000214989124 -0.000976616443 synchronous_release_0
0.028056 -0.0250000004 -0.0249339682 0.0245621096 synchronous_release_0
0.032442 -0.0250000004 0.0310125204 -0.0162241665 synchronous_release_0
0.024722 -0.0250000004 -0.000861276874 -0.0349894013 synchronous_release_0
0.023905 -0.0250000004 -0.00389024755 -0.0347831277 synchronous_release_0
0.027128 -0.0250000004 -0.000593160488 -0.000805084242 synchronous_release_0
0.023106 -0.0250000004 -0.000925564217 0.00037859065 synchronous_release_0
0.023244 -0.0250000004 0.069864528 0.00435289834 synchronous_release_0
0.028191 -0.0250000004 0.0241229944 0.0253590446 synchronous_release_0
0.022629 -0.0250000004 -0.00340169919 -0.0348342998 synchronous_release_0
0.028174 -0.0250000004 0.0318682381 0.014471192 synchronous_release_0
0.027958 -0.0250000004 0.0243478067 -0.0251432756 synchronous_release_0
0.027798 -0.0250000004 0.013989221 -0.0320827321 synchronous_release_0
0.022713 -0.0250000004 0.0335701931 0.00990162275 synchronous_release_1
0.023177 -0.0250000004 0.0349944649 0.000622435249 synchronous_release_0
0.025861 -0.0250000004 -0.0219083723 -0.0272951135 synchronous_release_0
0.004376 -0.0250000004 0.0159967213 -0.0311304498 synchronous_release_0
0.023122 -0.0250000004 0.0220485917 0.027181972 synchronous_release_1
0.024174 -0.0250000004 0.0330263471 0.011587079 synchronous_release_0
0.026797 -0.0250000004 0.0233928141 -0.0260341362 synchronous_release_0
0.022416 -0.0250000004 0.0266637771 0.0226725162 synchronous_release_0
0.024919 -0.0250000004 0.0180972659 -0.0299581202 synchronous_release_0
0.023333 -0.0250000004 -0.0272900737 -0.0219146498 synchronous_release_0
0.025274 -0.0250000004 0.0338607917 0.00885701916 synchronous_release_0
0.027262 -0.0250000004 0.0276894928 -0.0214077554 synchronous_release_0
0.02553 -0.0250000004 0.0314815236 0.0152942365 synchronous_release_0
0.024649 -0.0250000004 0.0238994492 0.0255698324 synchronous_release_0
0.028475 -0.0250000004 -0.0343365413 0.00678247242 synchronous_release_0
0.024442 -0.0250000004 0.0166242275 0.0307999198 synchronous_release_0
0.024448 -0.0250000004 -0.0199994043 -0.028723228 synchronous_release_0
0.026195 -0.0250000004 0.0171882894 0.0304887309 synchronous_release_0
0.023751 -0.0250000004 0.0349933879 0.000680295714 synchronous_release_1
0.029764 -0.0250000004 0.0197662645 -0.0288841616 synchronous_release_0
0.023589 -0.0250000004 -0.00377507124 -0.0347958164 synchronous_release_0
0.026469 -0.0250000004 0.0320215965 0.0141286006 synchronous_release_0
0.022683 -0.0250000004 0.0170564471 -0.0305626833 synchronous_release_0
0.022692 -0.0250000004 -0.000745166397 0.00066687858 synchronous_release_0
0.006736 -0.0250000004 -0.0126310977 -0.0326413139 synchronous_release_0
0.032858 -0.0250000004 0.0268175572 0.0224904119 synchronous_release_0
0.004897 -0.0250000004 0.034997806 0.000391884348 synchronous_release_0
0.024527 -0.0250000004 0.0173818874 0.0303787753 synchronous_release_0
0.022487 -0.0250000004 0.0251280983 0.0243634701 synchronous_release_0
0.03627 -0.0250000004 0.0349294376 -0.00222134892 synchronous_release_0
0.036237 -0.0250000004 0.000175446824 0.0349995603 synchronous_release_0
0.033942 -0.0250000004 0.0215087189 0.0276111393 synchronous_release_0
0.025795 -0.0250000004 0.000960057534 0.000279802665 synchronous_release_0
0.022526 -0.0250000004 0.0322724882 0.0135457191 synchronous_release_0
0.024854 -0.0250000004 0.000979463877 0.000201619724 synchronous_release_0
0.024116 -0.0250000004 0.00452434018 -0.0347063445 synchronous_release_0
0.025505 -0.0250000004 -0.026480036 0.0228868454 synchronous_release_1
0.025426 -0.0250000004 0.000729789422 0.000683671997 synchronous_release_0
0.027256 -0.0250000004 -0.0239285199 0.0255426298 synchronous_release_1
0.022815 -0.0250000004 0.00247868531 0.0349121199 synchronous_release_0
0.029921 -0.0250000004 0.0313330368 0.0155961792 synchronous_release_0
0.026194 -0.0250000004 0.0318453981 -0.0145213849 synchronous_release_0
0.038893 -0.0250000004 -0.0284985873 -0.0203182313 synchronous_release_0
0.024538 -0.0250000004 -0.000992394868 0.000123095187 synchronous_release_0
0.029669 -0.0250000004 0.0348214662 -0.00353065069 synchronous_release_0
0.02401 -0.0250000004 0.00610999735 0.0344625584 synchronous_release_1
0.03212 -0.0250000004 0.0331383816 0.0112626669 synchronous_release_0
0.024721 -0.0250000004 0.00681543519 0.0343300137 synchronous_release_1
0.032444 -0.0250000004 0.0228289936 -0.0265299274 synchronous_release_0
0.034785 -0.0250000004 0.0347428533 -0.00423487214 synchronous_release_0
0.03698 -0.0250000004 0.0349630181 0.00160852923 synchronous_release_1
0.028004 -0.0250000004 0.0326487688 -0.0126118156 synchronous_release_0
0.028447 -0.0250000004 0.0218559801 0.0273370835 synchronous_release_0
0.022773 -0.0250000004 0.0333875398 -0.0105010563 synchronous_release_0
0.037177 -0.0250000004 -0.0159498009 0.0311545158 synchronous_release_0
0.036297 -0.0250000004 0.0161702063 -0.0310406899 synchronous_release_0
0.027394 -0.0250000004 0.0218690562 -0.027326624 synchronous_release_0
0.025324 -0.0250000004 0.0137382596 0.032190996 synchronous_release_0
0.029083 -0.0250000004 0.0270579645 -0.0222005981 synchronous_release_1
0.03207 -0.0250000004 0.000999742245 -2.27033673e-05 synchronous_release_0
0.037369 -0.0250000004 0.0012298613 0.0349783853 synchronous_release_0
0.049953 -0.0250000004 -0.0311627637 0.0159336801 synchronous_release_1
0.00242 -0.0250000004 0.0345948277 -0.00531016904 synchronous_release_0
0.025339 -0.0250000004 0.0231945816 -0.026210902 synchronous_release_0
0.024458 -0.0250000004 -0.0265981857 -0.0227494289 synchronous_release_0
0.026043 -0.0250000004 -0.0281517342 0.0207961502 synchronous_release_0
0.025686 -0.0250000004 -0.0266483545 0.0226906413 synchronous_release_0
0.023504 -0.0250000004 0.024464149 -0.0250300902 synchronous_release_0
0.009554 -0.0250000004 0.034989038 -0.000875911311 synchronous_release_0
0.025575 -0.0250000004 0.0245203748 -0.0249750119 synchronous_release_0
0.040662 -0.0250000004 0.00956861477 0.0336666246 synchronous_release_0
0.022899 -0.0250000004 -0.000861117509 0.000508405975 synchronous_release_0
0.029225 -0.0250000004 0.0177942091 0.0301391128 synchronous_release_0
0.032174 -0.0250000004 0.0205582967 -0.0283258969 synchronous_release_0
0.025593 -0.0250000004 0.0338912937 -0.00873957711 synchronous_release_0
0.006223 -0.0250000004 0.0132820224 0.0323819067 synchronous_release_0
0.022822 -0.0250000004 0.0348058514 -0.00368140071 synchronous_release_1
0.007745 -0.0250000004 0.0167177535 -0.0307492556 synchronous_release_0
0.025207 -0.0250000004 0.000956884859 0.000290467497 synchronous_release_0
0.02357 -0.0250000004 -0.00826510276 0.0340101173 synchronous_release_0
0.027607 -0.0250000004 0.00319666301 0.0348537135 synchronous_release_1
0.023539 -0.0250000004 0.0349316801 -0.00218580096 synchronous_release_0
0.027823 -0.0250000004 0.00087224483 0.00048906948 synchronous_release_0
0.041325 -0.0250000004 -0.0272219044 -0.0219992709 synchronous_release_0
0.026871 -0.0250000004 0.0245063139 -0.024988809 synchronous_release_0
0.039622 -0.0250000004 0.0330964416 -0.011385322 synchronous_release_0
0.03326 -0.0250000004 0.000508496179 -0.000861064246 synchronous_release_0
0.022397 -0.0250000004 0.0344264374 -0.00631034116 synchronous_release_1
0.023653 -0.0250000004 -0.00613289235 -0.0344584914 synchronous_release_0
0.025745 -0.0250000004 0.0287206993 0.0200030356 synchronous_release_0
0.041147 -0.0250000004 -0.0287206993 -0.0200030356 synchronous_release_0
0.023637 -0.0250000004 0.0299952001 0.0180357415 synchronous_release_0
0.025695 -0.0250000004 -0.0191523339 -0.0292948478 synchronous_release_0
0.027406 -0.0250000004 0.000825711759 0.000564092271 synchronous_release_0
0.023535 -0.0250000004 0.0307083579 -0.0167927591 synchronous_release_0
0.030926 -0.0250000004 0.0346152388 -0.00517544615 synchronous_release_0
0.028094 -0.0250000004 0.0222877922 0.0269861875 synchronous_release_0
0.024385 -0.0250000004 -0.000897032809 -0.000441963956 synchronous_release_0
0.024168 -0.0250000004 0.034995625 -0.000553378351 synchronous_release_0
0.034581 -0.0250000004 0.0170185728 -0.0305837895 synchronous_release_1
0.022737 -0.0250000004 0.0332256299 0.0110026141 synchronous_release_0
0.02331 -0.0250000004 -0.0245407055 -0.0249550351 synchronous_release_0
0.029436 -0.0250000004 0.0293004524 0.0191437585 synchronous_release_0
0.040908 -0.0250000004 0.0312292074 -0.0158030569 synchronous_release_0
0.028762 -0.0250000004 0.0307310932 0.0167511167 synchronous_release_0
0.033933 -0.0250000004 -0.000697783723 0.0349930436 synchronous_release_0
0.024639 -0.0250000004 0.00119148417 0.0349797136 synchronous_release_0
0.042366 -0.0250000004 0.0279425984 -0.0210763183 synchronous_release_0
0.048193 -0.0250000004 0.0319316587 0.0143307073 synchronous_release_1
0.02548 -0.0250000004 0.023399719 0.0260279302 synchronous_release_0
0.027231 -0.0250000004 0.000158542865 -0.0349996409 synchronous_release_0
0.024886 -0.0250000004 0.0298052477 -0.0183479484 synchronous_release_0
0.02328 -0.0250000004 0.0205882912 0.0283041033 synchronous_release_0
0.023706 -0.0250000004 -0.000763821471 0.000645427579 synchronous_release_0
0.022398 -0.0250000004 0.0118834469 -0.0329208701 synchronous_release_0
0.039022 -0.0250000004 0.0193078854 0.02919256 synchronous_release_0
0.02608 -0.0250000004 0.0349354413 -0.00212483926 synchronous_release_1
0.023193 -0.0250000004 0.0345770536 0.00542469955 synchronous_release_0
0.034272 -0.0250000004 0.0314297969 -0.0154002553 synchronous_release_1
0.036739 -0.0250000004 0.0265349402 0.0228231669 synchronous_release_0
0.042303 -0.0250000004 0.0138845551 -0.0321281672 synchronous_release_0
0.024149 -0.0250000004 0.014310445 -0.0319407446 synchronous_release_0
0.02759 -0.0250000004 0.00969182461 -0.0336313624 synchronous_release_0
0.003184 -0.0250000004 0.0333869063 0.0105030705 synchronous_release_0
0.023488 -0.0250000004 0.0240440907 0.0254338692 synchronous_release_0
0.028924 -0.0250000004 -0.000231595966 -0.000972812062 synchronous_release_0
0.028165 -0.0250000004 -0.0321993097 0.0137187628 synchronous_release_0
0.033626 -0.0250000004 0.0316237227 0.0149980053 synchronous_release_0
0.022514 -0.0250000004 0.0325295489 0.0129162088 synchronous_release_0
0.034693 -0.0250000004 0.000973513887 -0.000228627888 synchronous_release_0
0.026541 -0.0250000004 -0.0113368112 0.0331130898 synchronous_release_0
0.049858 -0.0250000004 -0.0174315321 -0.0303503161 synchronous_release_0
0.023955 -0.0250000004 0.0306672607 -0.0168676946 synchronous_release_0
0.023645 -0.0250000004 -0.00089833778 0.000439305397 synchronous_release_1
0.030824 -0.0250000004 0.0293025216 0.0191405911 synchronous_release_0
0.02623 -0.0250000004 0.0239518632 0.0255207415 synchronous_release_0
0.03299 -0.0250000004 0.000957236937 0.000289305111 synchronous_release_0
0.025229 -0.0250000004 0.00736515221 0.0342162905 synchronous_release_0
0.030908 -0.0250000004 0.0333147529 0.0107297363 synchronous_release_0
0.022483 -0.0250000004 0.0295587294 0.0187425056 synchronous_release_0
0.030684 -0.0250000004 0.00166158786 -0.0349605367 synchronous_release_0
0.0234 -0.0250000004 0.0283066124 0.0205848414 synchronous_release_0
0.022816 -0.0250000004 0.0194479647 -0.0290994273 synchronous_release_0
0.025036 -0.0250000004 0.032727235 -0.0124067758 synchronous_release_0
0.023284 -0.0250000004 0.0204595675 0.0283972903 synchronous_release_0
0.024743 -0.0250000004 0.00734462113 -0.0342207034 synchronous_release_0
0.027505 -0.0250000004 0.033308309 -0.0107497232 synchronous_release_0
0.028616 -0.0250000004 0.0333016298 -0.0107703972 synchronous_release_0
0.022474 -0.0250000004 0.0349509782 -0.00185179001 synchronous_release_0
0.030859 -0.0250000004 -0.0182262797 -0.0298798047 synchronous_release_0
0.02887 -0.0250000004 0.0333191364 0.0107161163 synchronous_release_0
0.025285 -0.0250000004 0.0346743912 0.00476304505 synchronous_release_0
0.008044 -0.0250000004 0.0233387432 0.02608262 synchronous_release_1
0.02569 -0.0250000004 0.0189718854 -0.0294120309 synchronous_release_0
0.032246 -0.0250000004 -0.0189718854 0.0294120309 synchronous_release_0
0.030426 -0.0250000004 0.0244547499 -0.0250392733 synchronous_release_1
0.044659 -0.0250000004 0.0228778108 0.0264878419 synchronous_release_1
0.026966 -0.0250000004 0.0225948128 -0.0267296546 synchronous_release_1
0.032766 -0.0250000004 0.0074171319 0.0342050604 synchronous_release_0
0.037678 -0.0250000004 -0.0259138853 0.0235259548 synchronous_release_0
0.030298 -0.0250000004 0.0349426377 0.00200301483 synchronous_release_0
0.023249 -0.0250000004 0.0113859958 0.0330962097 synchronous_release_0
0.022523 -0.0250000004 -0.0287440385 0.0199694829 synchronous_release_0
0.032316 -0.0250000004 0.0321371048 0.0138638557 synchronous_release_0
0.024806 -0.0250000004 0.014419039 0.0318918691 synchronous_release_0
0.004338 -0.0250000004 0.0321277623 0.0138854921 synchronous_release_0
0.026214 -0.0250000004 0.0154251543 -0.0314175845 synchronous_release_0
0.022321 -0.0250000004 0.034723964 0.00438706347 synchronous_release_0
0.02522 -0.0250000004 -0.0123987321 -0.0327302833 synchronous_release_0
0.022451 -0.0250000004 0.0349563821 0.00174681144 synchronous_release_0
0.023639 -0.0250000004 0.0333603862 0.0105870029 synchronous_release_0
0.031402 -0.0250000004 -0.0277584067 0.0213183221 synchronous_release_0
0.026036 -0.0250000004 0.0348843683 0.00284268326 synchronous_release_1
0.023565 -0.0250000004 0.00986349621 -0.0335814151 synchronous_release_0
0.02339 -0.0250000004 0.0333391304 -0.0106537499 synchronous_release_0
0.034619 -0.0250000004 0.0109220879 0.0332521878 synchronous_release_0
0.024535 -0.0250000004 0.0346522661 0.00492142822 synchronous_release_1
0.024768 -0.0250000004 0.0349989071 -0.000276587546 synchronous_release_0
0.026137 -0.0250000004 0.0157649577 -0.0312484577 synchronous_release_0
0.036586 -0.0250000004 0.0159957254 -0.0311309616 synchronous_release_1
0.028601 -0.0250000004 0.0349419431 -0.00201509591 synchronous_release_0
0.022242 -0.0250000004 0.0342099916 -0.00739435418 synchronous_release_0
0.026801 -0.0250000004 -0.0154853202 0.0313879731 synchronous_release_0
0.009238 -0.0250000004 0.00669649088 -0.0343534134 synchronous_release_0
0.028596 -0.0250000004 -0.00171144642 0.0349581314 synchronous_release_1
0.032732 -0.0250000004 0.0339729532 0.00841655823 synchronous_release_0
0.024273 -0.0250000004 0.00764446123 0.0341549735 synchronous_release_0
0.02452 -0.0250000004 0.0303729474 0.0173920691 synchronous_release_0
0.02327 -0.0250000004 -0.0255556971 -0.0239145634 synchronous_release_0
0.024087 -0.0250000004 0.0153911717 0.0314342462 synchronous_release_0
0.025534 -0.0250000004 -0.00379936277 0.0347931724 synchronous_release_0
0.006163 -0.0250000004 0.0181915817 0.0299009424 synchronous_release_1
0.025686 -0.0250000004 0.0159548392 -0.0311519359 synchronous_release_1
0.003332 -0.0250000004 -0.0285776378 0.0202068953 synchronous_release_0
0.029779 -0.0250000004 0.00431535795 -0.0347329481 synchronous_release_0
0.027915 -0.0250000004 0.0487588591 -0.0360218497 synchronous_release_0
0.03744 -0.0250000004 -0.0343773836 -0.00657232827 synchronous_release_0
0.03037 -0.0250000004 0.0179273126 -0.0300601308 synchronous_release_0
0.011637 -0.0250000004 0.0010419015 -0.0349844886 synchronous_release_0
0.03952 -0.0250000004 -0.0297765051 -0.0183945575 synchronous_release_0
0.023738 -0.0250000004 0.000213503579 -0.0349993488 synchronous_release_0
0.023903 -0.0250000004 0.0306831034 0.0168388588 synchronous_release_0
0.039537 -0.0250000004 -0.000633462361 0.000773773505 synchronous_release_0
0.031695 -0.0250000004 0.0246881299 -0.0248091967 synchronous_release_0
0.022523 -0.0250000004 0.0146774452 0.0317737722 synchronous_release_0
0.029461 -0.0250000004 -0.0146774452 -0.0317737722 synchronous_release_0
0.024803 -0.0250000004 -0.0349716795 -0.00140770504 synchronous_release_0
0.026066 -0.0250000004 0.0342886636 -0.00702050902 synchronous_release_0
0.025705 -0.0250000004 -0.00278846015 0.0348887445 synchronous_release_1
0.023188 -0.0250000004 0.0280939661 0.0208741244 synchronous_release_1
0.028377 -0.0250000004 0.0349451688 -0.00195836096 synchronous_release_1
0.035598 -0.0250000004 -0.0149547024 0.0316442234 synchronous_release_0
0.024963 -0.0250000004 0.0345396868 0.00565774104 synchronous_release_0
0.024153 -0.0250000004 0.0347611793 -0.00408171742 synchronous_release_0
0.036911 -0.0250000004 -0.000801805874 0.000597584589 synchronous_release_0
0.027567 -0.0250000004 -0.00715521994 -0.034260806 synchronous_release_0
0.022327 -0.0250000004 0.0127031322 -0.0326133475 synchronous_release_0
0.025499 -0.0250000004 -0.0146674139 0.0317784041 synchronous_release_0
0.024235 -0.0250000004 0.0333179755 -0.0107197251 synchronous_release_0
0.028753 -0.0250000004 -0.025942542 -0.0234943507 synchronous_release_0
0.034275 -0.0250000004 -0.000888388112 0.000459093196 synchronous_release_0
0.023195 -0.0250000004 0.0347934729 -0.00379660957 synchronous_release_0
0.039563 -0.0250000004 -0.0265245116 0.0228352859 synchronous_release_1
0.022694 -0.0250000004 0.0300533859 -0.0179386175 synchronous_release_0
0.024151 -0.0250000004 -0.0137102932 -0.032202917 synchronous_release_0
0.027669 -0.0250000004 0.034551723 0.00558376565 synchronous_release_0
0.043471 -0.0250000004 -0.00655277138 -0.0343811167 synchronous_release_0
0.004876 -0.0250000004 0.0312423798 -0.0157769992 synchronous_release_0
0.025745 -0.0250000004 0.0237316745 0.025725622 synchronous_release_0
0.021844 -0.0250000004 0.000733351477 -0.0349923162 synchronous_release_0
0.023725 -0.0250000004 -0.00160812271 -0.0349630368 synchronous_release_0
0.026194 -0.0250000004 0.0332100149 0.0110496567 synchronous_release_0
0.023942 -0.0250000004 -0.0333428839 -0.0106419967 synchronous_release_0
0.036407 -0.0250000004 0.0183255493 -0.0298190248 synchronous_release_0
0.024367 -0.0250000004 0.00139067752 0.0349723607 synchronous_release_0
0.029757 -0.0250000004 0.0185859949 -0.0296573902 synchronous_release_0
0.02774 -0.0250000004 -0.000841440187 -0.000540350268 synchronous_release_0
0.026535 -0.0250000004 0.0258117469 -0.0236379721 synchronous_release_0
0.02809 -0.0250000004 0.0137272245 -0.0321957032 synchronous_release_0
0.023685 -0.0250000004 0.0256839265 -0.0237767937 synchronous_release_0
0.034199 -0.0250000004 0.0341145785 -0.00782275726 synchronous_release_0
0.024342 -0.0250000004 0.0131460123 0.0324373606 synchronous_release_0
0.022603 -0.0250000004 0.00094547008 0.000325708961 synchronous_release_0
0.017226 -0.0250000004 0.0297566146 -0.0184267167 synchronous_release_0
0.023087 -0.0250000004 0.0187114383 -0.0295784056 synchronous_release_0
0.027813 -0.0250000004 0.0165568666 0.0308361828 synchronous_release_0
0.022605 -0.0250000004 0.0243873941 0.0251048802 synchronous_release_0
0.030539 -0.0250000004 -0.00710003411 0.0342722849 synchronous_release_0
0.024241 -0.0250000004 0.0267483541 0.0225726727 synchronous_release_0
0.035177 -0.0250000004 0.0241299366 -0.025352439 synchronous_release_0
0.036899 -0.0250000004 -0.0324389094 0.0131421901 synchronous_release_0
0.022584 -0.0250000004 -0.00144795603 -0.0349700361 synchronous_release_1
0.010935 -0.0250000004 -0.000897717583 -0.000440571381 synchronous_release_0
0.024808 -0.0250000004 -0.0227243191 0.0266196417 synchronous_release_0
0.031006 -0.0250000004 0.0151370279 0.0315574141 synchronous_release_1
0.033978 -0.0250000004 -0.0116347937 0.0330095679 synchronous_release_0
0.023841 -0.0250000004 0.0335001745 -0.0101359906 synchronous_release_0
0.027022 -0.0250000004 -0.0113129106 0.0331212628 synchronous_release_0
0.030659 -0.0250000004 0.00453627303 0.0347047868 synchronous_release_0
0.030372 -0.0250000004 0.000972851112 0.000231431876 synchronous_release_0
0.023223 -0.0250000004 0.0345823953 -0.00539054137 synchronous_release_0
0.024693 -0.0250000004 -0.00053225008 0.000846587179 synchronous_release_0
0.027881 -0.0250000004 0.0348261051 0.00348459552 synchronous_release_0
0.024815 -0.0250000004 0.0347687641 -0.00401659553 synchronous_release_1
0.023592 -0.0250000004 -0.0079217552 -0.0340917262 synchronous_release_1
0.022546 -0.0250000004 0.0349774717 -0.00125557696 synchronous_release_1
0.025966 -0.0250000004 0.0336457811 0.00964165002 synchronous_release_0
0.011473 -0.0250000004 -0.00120151444 0.0349793705 synchronous_release_0
0.024818 -0.0250000004 0.0136380965 0.032233559 synchronous_release_0
0.022837 -0.0250000004 0.00734125886 -0.0342214248 synchronous_release_0
0.023332 -0.0250000004 0.0341582184 -0.00762994866 synchronous_release_0
0.02338 -0.0250000004 0.0190050411 0.0293906177 synchronous_release_0
0.031733 -0.0250000004 0.0341004961 -0.00788391833 synchronous_release_0
0.041814 -0.0250000004 -0.0323847575 0.01327507 synchronous_release_0
0.031184 -0.0250000004 0.0327509142 -0.0123441331 synchronous_release_0
0.003711 -0.0250000004 0.0146830065 -0.0317712027 synchronous_release_0
0.024614 -0.0250000004 0.034985155 0.00101927785 synchronous_release_0
0.028082 -0.0250000004 0.0176763233 -0.0302084027 synchronous_release_0
0.02812 -0.0250000004 0.0327354914 -0.012384975 synchronous_release_1
0.026576 -0.0250000004 0.0274532995 -0.0217098214 synchronous_release_0
0.029394 -0.0250000004 -0.000822982466 -0.000568066775 synchronous_release_0
0.023208 -0.0250000004 0.034400211 -0.00645178162 synchronous_release_0
0.00287 -0.0250000004 0.0348196061 0.00354894744 synchronous_release_0
0.028621 -0.0250000004 0.0349396683 0.00205416225 synchronous_release_0
0.026691 -0.0250000004 -0.0264136692 0.0229634074 synchronous_release_0
0.023568 -0.0250000004 -0.0059757962 0.0344860821 synchronous_release_0
0.023893 -0.0250000004 0.0325725425 -0.0128073993 synchronous_release_0
0.028024 -0.0250000004 0.0175262324 -0.0302957287 synchronous_release_0
0.022954 -0.0250000004 0.0334414981 0.0103279331 synchronous_release_0
0.005064 -0.0250000004 0.0267362473 -0.0225870113 synchronous_release_0
0.022176 -0.0250000004 0.0160920332 0.0310812881 synchronous_release_0
0.023524 -0.0250000004 0.00877077686 0.0338832329 synchronous_release_0
0.026275 -0.0250000004 0.013157572 -0.0324326733 synchronous_release_0
0.030212 -0.0250000004 0.00566930448 0.0345377907 synchronous_release_1
0.038848 -0.0250000004 0.0338140912 0.00903367237 synchronous_release_1
0.024033 -0.0250000004 -0.010630597 -0.0333465202 synchronous_release_0
0.002602 -0.0250000004 0.0265469169 0.0228092351 synchronous_release_0
0.036748 -0.0250000004 0.000882648714 -0.000470033241 synchronous_release_1
0.023263 -0.0250000004 0.0185971429 -0.029650401 synchronous_release_0
0.023384 -0.0250000004 0.0291048153 0.0194399003 synchronous_release_0
0.023721 -0.0250000004 0.000997145651 7.55019935e-05 synchronous_release_0
0.007203 -0.0250000004 0.00954058261 0.0336745792 synchronous_release_0
0.03635 -0.0250000004 -0.0276339712 -0.021479377 synchronous_release_0
0.025338 -0.0250000004 -0.0274036785 -0.021772423 synchronous_release_0
0.027893 -0.0250000004 0.0274036785 0.021772423 synchronous_release_0
0.028494 -0.0250000004 0.0320328927 -0.0141029708 synchronous_release_0
0.01121 -0.0250000004 0.0158508361 -0.0312049835 synchronous_release_0
0.02585 -0.0250000004 -0.0220907455 -0.0271477248 synchronous_release_1
0.023703 -0.0250000004 0.0104058821 -0.0334173251 synchronous_release_0
0.026349 -0.0250000004 0.0349969021 -0.000465665479 synchronous_release_0
0.026044 -0.0250000004 0.000510665583 0.000859779427 synchronous_release_0
0.025308 -0.0250000004 -0.00514491603 0.0346197897 synchronous_release_0
0.026448 -0.0250000004 0.0349999923 2.32621656e-05 synchronous_release_0
0.027116 -0.0250000004 -0.0347451543 0.00421595226 synchronous_release_0
0.030139 -0.0250000004 0.0344618345 -0.00611407907 synchronous_release_0
0.026673 -0.0250000004 0.0348773182 -0.00292791282 synchronous_release_0
0.046494 -0.0250000004 0.0149030122 -0.0316686 synchronous_release_0
0.023184 -0.0250000004 0.000756297815 -0.000654227495 synchronous_release_0
0.02682 -0.0250000004 -0.00563697541 -0.0345430819 synchronous_release_0
0.024341 -0.0250000004 0.034381672 -0.00654985708 synchronous_release_0
0.027184 -0.0250000004 -0.028540348 0.0202595296 synchronous_release_1
0.023852 -0.0250000004 0.00012491207 0.000992167816 synchronous_release_0
0.025753 -0.0250000004 -0.0345024778 0.00588039328 synchronous_release_0
0.023016 -0.0250000004 0.000150329235 -0.00098863599 synchronous_release_0
0.022685 -0.0250000004 0.0299474686 0.0181148868 synchronous_release_1
0.02492 -0.0250000004 0.0307896469 0.0166432462 synchronous_release_0
0.028976 -0.0250000004 0.0330523579 0.011512673 synchronous_release_0
0.02953 -0.0250000004 -0.0125738962 -0.0326633914 synchronous_release_0
0.022777 -0.0250000004 -0.00785032397 -0.0341082455 synchronous_release_0
0.036075 -0.0250000004 -0.0260803664 0.0233412615 synchronous_release_0
0.034426 -0.0250000004 0.000961935287 -0.00027327734 synchronous_release_0
0.00718 -0.0250000004 0.0347543046 -0.00413984404 synchronous_release_0
0.032643 -0.0250000004 0.00197904273 0.0349440036 synchronous_release_0
0.022738 -0.0250000004 0.0122873786 0.0327722494 synchronous_release_0
0.023031 -0.0250000004 0.0560836185 -0.0230136424 synchronous_release_1
0.030055 -0.0250000004 -8.1897699e-05 -0.000996640741 synchronous_release_0
0.004737 -0.0250000004 0.0349052615 -0.0025734645 synchronous_release_0
0.023936 -0.0250000004 0.0247526911 -0.0247447829 synchronous_release_0
0.023621 -0.0250000004 0.000967785946 -0.000251774428 synchronous_release_0
0.005884 -0.0250000004 0.018851898 -0.0294890817 synchronous_release_0
0.022574 -0.0250000004 0.0314463442 0.0153664387 synchronous_release_0
0.032315 -0.0250000004 0.0342923302 -0.00700257726 synchronous_release_1
0.028082 -0.0250000004 0.000570524682 -0.000821280456 synchronous_release_0
0.005024 -0.0250000004 0.000710165871 0.0007040344 synchronous_release_0
0.026874 -0.0250000004 0.0315843656 0.0150807112 synchronous_release_0
0.027047 -0.0250000004 -0.000661440275 -0.000749997841 synchronous_release_0
0.024137 -0.0250000004 0.0342878491 -0.00702448625 synchronous_release_0
0.025054 -0.0250000004 0.0294318206 -0.0189411705 synchronous_release_0
0.023749 -0.0250000004 0.0340164813 0.00823887134 synchronous_release_0
0.026258 -0.0250000004 0.0241433125 -0.0253397013 synchronous_release_0
0.024753 -0.0250000004 0.027720715 -0.0213673106 synchronous_release_0
0.028865 -0.0250000004 0.0161360863 0.0310584404 synchronous_release_0
0.024674 -0.0250000004 0.00795141679 -0.0340848202 synchronous_release_0
0.047848 -0.0250000004 0.0270104211 -0.0222584176 synchronous_release_0
0.037716 -0.0250000004 -0.00548082426 0.0345682017 synchronous_release_0
0.025516 -0.0250000004 0.03366689 -0.00956768078 synchronous_release_0
0.024206 -0.0250000004 0.000822451114 0.000568835798 synchronous_release_0
0.023538 -0.0250000004 0.0109866581 -0.0332309095 synchronous_release_0
0.033241 -0.0250000004 -0.0126503919 -0.0326338411 synchronous_release_0
0.024272 -0.0250000004 0.000242691752 0.000970103455 synchronous_release_0
0.029927 -0.0250000004 -0.00096589377 -0.000258938651 synchronous_release_0
0.033263 -0.0250000004 0.0341931011 0.0074720707 synchronous_release_0
0.023089 -0.0250000004 0.0341478194 -0.00767635506 synchronous_release_0
0.040456 -0.0250000004 0.0349929362 0.00070314609 synchronous_release_0
0.024182 -0.0250000004 0.000730061016 -0.000683381967 synchronous_release_0
0.011417 -0.0250000004 0.0211669683 0.0278739924 synchronous_release_1
0.0337 -0.0250000004 0.0349330576 0.00216367417 synchronous_release_0
0.031215 -0.0250000004 0.0292574336 -0.0192094399 synchronous_release_0
0.023249 -0.0250000004 -0.00107712421 0.0349834218 synchronous_release_0
0.030389 -0.0250000004 0.0297579699 0.0184245278 synchronous_release_0
0.022484 -0.0250000004 0.0124851402 -0.03269742 synchronous_release_0
0.00289 -0.0250000004 0.03499977 -0.00012687593 synchronous_release_0
0.034055 -0.0250000004 0.0173900072 -0.0303741279 synchronous_release_0
0.002813 -0.0250000004 -0.0124362615 -0.0327160419 synchronous_release_0
0.02322 -0.0250000004 0.0344961494 0.00591740454 synchronous_release_0
0.03771 -0.0250000004 0.0345245513 -0.00574937894 synchronous_release_0
0.026791 -0.0250000004 0.0313021661 0.0156580459 synchronous_release_1
0.043997 -0.0250000004 0.000965319544 -0.000261071212 synchronous_release_0
0.028067 -0.0250000004 0.0285419127 0.0202573251 synchronous_release_1
0.039715 -0.0250000004 0.0304001389 0.0173444963 synchronous_release_0
0.033271 -0.0250000004 -0.000867129202 -0.000498083273 synchronous_release_0
0.023057 -0.0250000004 -0.0141270317 0.0320222887 synchronous_release_0
0.034817 -0.0250000004 -0.0206685997 -0.0282455127 synchronous_release_0
0.02279 -0.0250000004 0.0231458119 0.0262539786 synchronous_release_0
0.014312 -0.0250000004 0.0172260763 -0.0304673973 synchronous_release_0
0.043552 -0.0250000004 0.0263659854 -0.023018141 synchronous_release_0
0.023627 -0.0250000004 0.0348539555 -0.00319402364 synchronous_release_0
0.005117 -0.0250000004 0.0176846079 0.0302035535 synchronous_release_0
0.023279 -0.0250000004 0.00776575441 0.0341275997 synchronous_release_0
0.032558 -0.0250000004 -0.0282149197 -0.0207103429 synchronous_release_0
0.024228 -0.0250000004 -0.0211008555 0.0279240738 synchronous_release_0
0.013161 -0.0250000004 -0.0108325774 0.0332814553 synchronous_release_0
0.023104 -0.0250000004 0.0303067649 -0.0175071414 synchronous_release_0
0.005285 -0.0250000004 0.00099123479 0.000132112036 synchronous_release_0
0.026513 -0.0250000004 -0.000259060527 0.000965861089 synchronous_release_1
0.029088 -0.0250000004 0.024754924 -0.0247425492 synchronous_release_1
0.035126 -0.0250000004 0.0338051381 0.00906711844 synchronous_release_1
0.025768 -0.0250000004 0.0057490965 -0.0345245983 synchronous_release_0
0.023197 -0.0250000004 0.00749807371 0.0341874084 synchronous_release_0
0.002314 -0.0250000004 0.0238200725 -0.0256437935 synchronous_release_0
0.026734 -0.0250000004 0.000998116094 6.13535884e-05 synchronous_release_0
0.029473 -0.0250000004 0.0021473756 -0.0349340633 synchronous_release_0
0.031984 -0.0250000004 -0.0172352726 -0.0304621959 synchronous_release_0
0.02273 -0.0250000004 0.0345104302 0.00583354143 synchronous_release_0
0.025221 -0.0250000004 0.0206342742 0.0282705983 synchronous_release_0
0.024918 -0.0250000004 -0.000656272779 -0.000754523717 synchronous_release_0
0.035437 -0.0250000004 -0.00563641226 -0.0345431738 synchronous_release_0
0.037238 -0.0250000004 0.000835860436 0.000548942011 synchronous_release_0
0.022719 -0.0250000004 0.0236873679 0.0257664239 synchronous_release_0
0.02958 -0.0250000004 -0.0148956143 -0.0316720804 synchronous_release_0
0.036688 -0.0250000004 -0.0199810191 0.0287360206 synchronous_release_0
0.005882 -0.0250000004 0.0287268162 -0.0199942499 synchronous_release_0
0.022697 -0.0250000004 0.0344323201 -0.00627816333 synchronous_release_0
0.025609 -0.0250000004 0.030567542 0.0170477382 synchronous_release_0
0.024315 -0.0250000004 0.033381076 0.0105215856 synchronous_release_0
0.016542 -0.0250000004 -0.000868183891 0.000496242613 synchronous_release_0
0.026036 -0.0250000004 0.0342491626 -0.00721074637 synchronous_release_0
0.020569 -0.0250000004 0.0349702702 -0.00144229014 synchronous_release_0
0.031848 -0.0250000004 0.0162360752 -0.0310062875 synchronous_release_0
0.033398 -0.0250000004 0.018734195 0.0295639973 synchronous_release_1
0.024361 -0.0250000004 0.00182658098 0.0349523047 synchronous_release_0
0.044199 -0.0250000004 -0.00209666525 0.0349371435 synchronous_release_0
0.041972 -0.0250000004 0.0342607451 -0.00715551168 synchronous_release_0
0.027173 -0.0250000004 0.0288313534 -0.019843212 synchronous_release_0
0.039712 -0.0250000004 -0.0328397248 0.0121058861 synchronous_release_0
0.031783 -0.0250000004 0.0221233944 -0.027121125 synchronous_release_0
0.028208 -0.0250000004 -0.00838067789 -0.0339818222 synchronous_release_0
0.031274 -0.0250000004 0.0259701959 -0.023463779 synchronous_release_1
0.024197 -0.0250000004 0.0135965408 0.0322511097 synchronous_release_0
0.023699 -0.0250000004 0.0212498855 -0.0278108318 synchronous_release_0
0.023015 -0.0250000004 0.00302290407 -0.0348692135 synchronous_release_0
0.035461 -0.0250000004 -0.0317090767 0.014816695 synchronous_release_1
0.024181 -0.0250000004 0.0269668288 0.0223112112 synchronous_release_0
0.032425 -0.0250000004 0.00936232796 -0.0337245729 synchronous_release_1
0.02465 -0.0250000004 0.0313433229 0.0155754972 synchronous_release_0
0.028536 -0.0250000004 0.0223397706 -0.0269431745 synchronous_release_1
0.022833 -0.0250000004 0.034337672 -0.0067767456 synchronous_release_0
0.033816 -0.0250000004 0.000721620553 0.000692288796 synchronous_release_0
0.033117 -0.0250000004 0.0339021756 0.00869726896 synchronous_release_1
0.035358 -0.0250000004 -0.0335461433 -0.00998279865 synchronous_release_0
0.029881 -0.0250000004 0.0266844295 0.0226482057 synchronous_release_0
0.038246 -0.0250000004 0.0329561363 -0.011785291 synchronous_release_0
0.025083 -0.0250000004 -0.00609463421 0.0344652787 synchronous_release_1
0.024841 -0.0250000004 0.0338668548 0.008833807 synchronous_release_0
0.027634 -0.0250000004 -0.000955585434 0.00029471423 synchronous_release_0
0.033758 -0.0250000004 0.000990561246 0.000137070853 synchronous_release_0
0.013625 -0.0250000004 0.0284116033 0.0204396869 synchronous_release_0
0.031959 -0.0250000004 0.0161908302 -0.0310299374 synchronous_release_0
0.031483 -0.0250000004 -0.0343080831 0.00692498622 synchronous_release_0
0.027492 -0.0250000004 0.0231512555 0.0262491784 synchronous_release_1
0.023684 -0.0250000004 0.0345018562 0.0058840392 synchronous_release_0
0.030555 -0.0250000004 0.0235386796 0.0259023273 synchronous_release_0
0.022668 -0.0250000004 0.0502199706 0.0487642753 synchronous_release_0
0.024573 -0.0250000004 0.0168876835 -0.0306562579 synchronous_release_1
0.026533 -0.0250000004 0.0319612963 -0.0142644852 synchronous_release_0
0.02831 -0.0250000004 0.0276016187 -0.021520935 synchronous_release_0
0.03319 -0.0250000004 -0.030869087 -0.0164954378 synchronous_release_1
0.025727 -0.0250000004 0.000548573659 0.000836102231 synchronous_release_1
0.029011 -0.0250000004 0.0289459462 0.0196756752 synchronous_release_1
0.032379 -0.0250000004 0.0169712976 -0.0306100483 synchronous_release_1
0.024542 -0.0250000004 0.00110630815 -0.0349825111 synchronous_release_0
0.03358 -0.0250000004 0.011242883 -0.0331450989 synchronous_release_0
0.025298 -0.0250000004 0.0258170793 0.0236321479 synchronous_release_0
0.028685 -0.0250000004 0.0235036566 -0.0259341113 synchronous_release_0
0.031115 -0.0250000004 0.0111418151 0.0331792097 synchronous_release_0
0.0429 -0.0250000004 0.000239660508 0.000970856756 synchronous_release_0
0.026438 -0.0250000004 -0.0343483999 -0.00672215932 synchronous_release_0
0.023918 -0.0250000004 -0.0240967921 0.0253839439 synchronous_release_0
0.022666 -0.0250000004 0.034240228 0.00725305349 synchronous_release_1
0.026561 -0.0250000004 0.0150112295 -0.0316174476 synchronous_release_0
0.025943 -0.0250000004 0.0319063773 0.0143869067 synchronous_release_0
0.006364 -0.0250000004 0.0207375945 -0.0281948962 synchronous_release_0
0.025903 -0.0250000004 0.0173638821 0.0303890704 synchronous_release_0
0.032017 -0.0250000004 0.0309602467 0.0163236982 synchronous_release_0
0.022866 -0.0250000004 0.0349877257 0.000926851104 synchronous_release_0
0.027711 -0.0250000004 -0.0253065288 0.024178081 synchronous_release_0
0.024024 -0.0250000004 0.0121716522 0.0328154062 synchronous_release_0
0.023563 -0.0250000004 0.0349968843 0.00046700156 synchronous_release_0
0.041983 -0.0250000004 0.0170940069 0.0305416916 synchronous_release_0
0.022796 -0.0250000004 0.0343650636 0.00663644526 synchronous_release_0
0.029758 -0.0250000004 0.0344343052 -0.00626726622 synchronous_release_0
0.028389 -0.0250000004 0.0193046716 -0.0291946854 synchronous_release_0
0.02286 -0.0250000004 -0.0270284563 0.0222365139 synchronous_release_0
0.027898 -0.0250000004 0.000668312513 0.000743880626 synchronous_release_0
0.027454 -0.0250000004 0.0343925402 -0.00649254768 synchronous_release_0
0.02273 -0.0250000004 0.0243758607 0.0251160788 synchronous_release_0
0.036502 -0.0250000004 0.000262338037 -0.000964976038 synchronous_release_1
0.040466 -0.0250000004 0.0349934995 -0.000674530262 synchronous_release_1
0.023657 -0.0250000004 0.0133331204 -0.0323609008 synchronous_release_0
0.026336 -0.0250000004 0.0336657093 0.00957183454 synchronous_release_0
0.0311 -0.0250000004 -0.000999890827 -1.47761431e-05 synchronous_release_0
0.023766 -0.0250000004 0.0114287289 0.0330814775 synchronous_release_0
0.042229 -0.0250000004 -0.0343637644 -0.00664316922 synchronous_release_0
0.026282 -0.0250000004 -0.0169503366 -0.0306216605 synchronous_release_0
0.028404 -0.0250000004 0.0293749498 -0.0190292492 synchronous_release_0
0.022824 -0.0250000004 0.0297034225 -0.018512339 synchronous_release_0
0.027409 -0.0250000004 -0.00494777905 -0.0346485134 synchronous_release_0
0.022515 -0.0250000004 0.000777621666 -0.0349913604 synchronous_release_0
0.023559 -0.0250000004 0.0345965148 -0.00529916664 synchronous_release_0
0.026241 -0.0250000004 -0.00800821279 0.0340715208 synchronous_release_0
0.031291 -0.0250000004 -0.0174134187 -0.0303607123 synchronous_release_0
0.044674 -0.0250000004 0.0343812994 0.00655181272 synchronous_release_0
0.02223 -0.0250000004 0.0272404867 -0.0219762573 synchronous_release_0
0.023968 -0.0250000004 0.0349624951 -0.00161985774 synchronous_release_0
0.031241 -0.0250000004 -0.0292279811 0.0192542234 synchronous_release_0
0.02875 -0.0250000004 -0.0333712487 0.0105527133 synchronous_release_0
0.027603 -0.0250000004 0.00692714753 0.0343076468 synchronous_release_0
0.036292 -0.0250000004 -0.000671671726 -0.0007408489 synchronous_release_0
0.025374 -0.0250000004 0.000971048836 -0.000238881054 synchronous_release_1
0.027825 -0.0250000004 0.0347395539 0.00426185333 synchronous_release_0
0.033425 -0.0250000004 0.0347870475 -0.00385503925 synchronous_release_0
0.044387 -0.0250000004 -0.000110143979 -0.000993915642 synchronous_release_0
0.024425 -0.0250000004 -0.0347870475 0.00385503925 synchronous_release_1
0.022401 -0.0250000004 0.0321226997 0.0138971998 synchronous_release_0
0.022738 -0.0250000004 0.0223013323 -0.0269749991 synchronous_release_0
0.022712 -0.0250000004 0.0274456147 -0.0217195357 synchronous_release_0
0.037888 -0.0250000004 0.033865544 0.00883883067 synchronous_release_0
0.02453 -0.0250000004 0.033457864 -0.0102747913 synchronous_release_0
0.027314 -0.0250000004 0.0105165165 0.0333826734 synchronous_release_0
0.027533 -0.0250000004 0.0327400891 0.0123728156 synchronous_release_0
0.028134 -0.0250000004 0.00727004177 -0.034236625 synchronous_release_0
0.033213 -0.0250000004 0.0349789731 -0.00121302896 synchronous_release_0
0.028615 -0.0250000004 0.0340929026 0.00791669067 synchronous_release_0
0.034371 -0.0250000004 0.0285230504 0.0202838753 synchronous_release_0
0.023463 -0.0250000004 0.0135259486 0.0322807793 synchronous_release_0
0.030661 -0.0250000004 0.0341088939 0.00784750643 synchronous_release_0
0.025988 -0.0250000004 0.0226429744 0.0266888687 synchronous_release_0
0.022836 -0.0250000004 0.0323110038 0.0134535881 synchronous_release_0
0.026517 -0.0250000004 0.00450435281 0.0347089442 synchronous_release_0
0.03699 -0.0250000004 0.027806651 -0.021255356 synchronous_release_1
0.044013 -0.0250000004 0.00769746725 0.0341430666 synchronous_release_0
0.026102 -0.0250000004 0.0338172574 -0.00902181246 synchronous_release_0
0.024626 -0.0250000004 0.0343998146 0.00645389437 synchronous_release_0
0.03875 -0.0250000004 -0.0116106708 -0.0330180605 synchronous_release_0
0.030591 -0.0250000004 0.000661631939 -0.0349937458 synchronous_release_0
0.046946 -0.0250000004 0.0606109456 0.00114598013 synchronous_release_0
0.025931 -0.0250000004 0.000946013625 -0.000324126861 synchronous_release_0
0.023347 -0.0250000004 0.0335436144 -0.009991293 synchronous_release_0
0.023177 -0.0250000004 0.0229252407 -0.0264468021 synchronous_release_0
0.023041 -0.0250000004 0.0220412771 0.0271879036 synchronous_release_2
0.02293 -0.0250000004 0.0322036014 0.0137086853 synchronous_release_0
0.014531 -0.0250000004 -0.000831642849 0.000555310878 synchronous_release_0
0.022129 -0.0250000004 0.0349543407 0.00178719442 synchronous_release_0
0.02537 -0.0250000004 -0.0299506613 0.0181096077 synchronous_release_0
0.012197 -0.0250000004 0.00181024211 0.0349531547 synchronous_release_0
0.030896 -0.0250000004 -0.00181024211 -0.0349531547 synchronous_release_0
0.03575 -0.0250000004 0.0257813758 0.0236710934 synchronous_release_1
0.022747 -0.0250000004 0.030232869 -0.0176344445 synchronous_release_0
0.025647 -0.0250000004 -0.000155442408 -0.0349996548 synchronous_release_0
0.040297 -0.0250000004 0.0349693844 0.00146360967 synchronous_release_0
0.026803 -0.0250000004 0.0187945987 -0.0295256339 synchronous_release_1
0.030232 -0.0250000004 0.0259398303 -0.0234973446 synchronous_release_0
0.022773 -0.0250000004 0.021229424 -0.0278264543 synchronous_release_0
0.023319 -0.0250000004 0.00823199631 -0.0340181457 synchronous_release_0
0.02449 -0.0250000004 -0.000909702916 -0.000415259683 synchronous_release_0
0.034853 -0.0250000004 -0.0134347496 -0.0323188413 synchronous_release_0
0.025533 -0.0250000004 0.0286444076 0.0201121335 synchronous_release_1
0.027408 -0.0250000004 0.0234184531 -0.0260110756 synchronous_release_1
0.033985 -0.0250000004 -0.0234184531 0.0260110756 synchronous_release_1
0.023547 -0.0250000004 0.00099016906 -0.000139875777 synchronous_release_0
0.037479 -0.0250000004 0.0313771527 -0.0155072335 synchronous_release_0
0.022345 -0.0250000004 0.0333437507 -0.0106392806 synchronous_release_0
0.023544 -0.0250000004 0.0294815587 -0.0188636607 synchronous_release_0
0.022726 -0.0250000004 0.0133710336 0.0323452541 synchronous_release_1
0.025537 -0.0250000004 0.0292032781 -0.0192916705 synchronous_release_1
0.034757 -0.0250000004 0.0349748647 0.00132621343 synchronous_release_0
0.033382 -0.0250000004 0.00839987282 0.0339770825 synchronous_release_0
0.028227 -0.0250000004 0.00884971058 -0.0338627025 synchronous_release_0
0.040645 -0.0250000004 0.0337508159 -0.00926727709 synchronous_release_0
0.044134 -0.0250000004 0.00898683881 0.0338265684 synchronous_release_1
0.027997 -0.0250000004 0.000240170483 -0.000970730724 synchronous_release_0
0.027642 -0.0250000004 0.0201706025 -0.0286032655 synchronous_release_0
0.023527 -0.0250000004 0.0347173817 -0.00443885184 synchronous_release_0
0.023258 -0.0250000004 0.0195578959 -0.029025656 synchronous_release_0
0.022713 -0.0250000004 0.0349994835 -0.000190144946 synchronous_release_0
0.027796 -0.0250000004 0.000431147454 -0.000902281482 synchronous_release_0
0.0261 -0.0250000004 0.0338197465 -0.00901247709 synchronous_release_0
0.023042 -0.0250000004 0.00606237607 0.0344709674 synchronous_release_0
0.042128 -0.0250000004 -0.032238041 -0.0136274984 synchronous_release_0
0.024488 -0.0250000004 -0.03336709 -0.0105658557 synchronous_release_0
0.024168 -0.0250000004 -0.029209507 0.0192822379 synchronous_release_0
0.011886 -0.0250000004 0.0282345085 -0.0206836295 synchronous_release_0
0.02585 -0.0250000004 0.0341698383 0.00757774058 synchronous_release_0
0.03266 -0.0250000004 -0.00255403904 0.0349066883 synchronous_release_1
0.04609 -0.0250000004 0.0249423529 -0.0245535951 synchronous_release_0
0.027537 -0.0250000004 0.00879286061 0.0338775088 synchronous_release_1
0.023373 -0.0250000004 0.0348722907 -0.00298719619 synchronous_release_0
0.032791 -0.0250000004 0.0200231331 0.0287066915 synchronous_release_0
0.022762 -0.0250000004 0.0285312926 -0.0202722802 synchronous_release_0
0.02285 -0.0250000004 0.0215291518 -0.0275952101 synchronous_release_1
0.00817 -0.0250000004 0.0323983361 0.0132418964 synchronous_release_0
0.022924 -0.0250000004 0.0348531075 0.00320326319 synchronous_release_0
0.006377 -0.0250000004 0.0237755532 -0.0256850749 synchronous_release_0
0.022658 -0.0250000004 0.0247495162 0.0247479585 synchronous_release_0
0.028767 -0.0250000004 0.0329403404 0.0118293691 synchronous_release_0
0.028669 -0.0250000004 0.0324956462 -0.0130012683 synchronous_release_0
0.026819 -0.0250000004 0.0200746518 0.0286706881 synchronous_release_0
0.034864 -0.0250000004 -0.0147922183 0.0317205025 synchronous_release_0
0.023079 -0.0250000004 -0.0342944563 -0.00699215749 synchronous_release_0
0.022627 -0.0250000004 0.0349872922 -0.000943070575 synchronous_release_0
0.028546 -0.0250000004 0.0298356009 0.0182985497 synchronous_release_0
0.024589 -0.0250000004 0.0232777326 -0.0261370841 synchronous_release_0
0.022948 -0.0250000004 0.0153693337 -0.0314449294 synchronous_release_0
0.023956 -0.0250000004 0.0325962577 -0.0127469204 synchronous_release_0
0.024909 -0.0250000004 -0.000265289573 0.000964168783 synchronous_release_0
0.027519 -0.0250000004 0.000472615747 -0.000881268606 synchronous_release_0
0.024289 -0.0250000004 0.000999494299 -3.17985349e-05 synchronous_release_0
0.02925 -0.0250000004 0.0111543764 -0.0331749889 synchronous_release_0
0.024387 -0.0250000004 0.0349766256 -0.00127892998 synchronous_release_0
0.026701 -0.0250000004 0.0160493053 -0.0311033728 synchronous_release_0
0.03021 -0.0250000004 -0.0223867202 0.0269041773 synchronous_release_0
0.03471 -0.0250000004 0.00076869078 0.000639620578 synchronous_release_1
0.025329 -0.0250000004 -0.0193470926 -0.0291665906 synchronous_release_0
0.025872 -0.0250000004 0.00890822151 0.0338473572 synchronous_release_0
0.027325 -0.0250000004 0.0248585604 -0.0246384247 synchronous_release_0
0.031201 -0.0250000004 0.000712474074 -0.000701698435 synchronous_release_0
0.004492 -0.0250000004 0.0125197814 0.0326841716 synchronous_release_0
0.027123 -0.0250000004 0.0142238563 0.0319793982 synchronous_release_0
0.022732 -0.0250000004 0.0299916613 -0.0180416255 synchronous_release_0
0.02306 -0.0250000004 -0.000973100791 0.000230379798 synchronous_release_0
0.038597 -0.0250000004 0.034999523 -0.000182737366 synchronous_release_0
0.031746 -0.0250000004 0.0191112323 0.029321678 synchronous_release_0
0.041645 -0.0250000004 0.0349489342 -0.00188997371 synchronous_release_0
0.024471 -0.0250000004 0.000948927525 0.00031549414 synchronous_release_0
0.026375 -0.0250000004 0.033226344 0.0110004575 synchronous_release_0
0.031565 -0.0250000004 0.0226099738 -0.0267168315 synchronous_release_0
0.025289 -0.0250000004 -0.000704675426 -0.000709529804 synchronous_release_0
0.030576 -0.0250000004 0.0312930902 0.0156761765 synchronous_release_0
0.024873 -0.0250000004 0.00759672254 -0.0341656232 synchronous_release_0
0.023783 -0.0250000004 0.0284964081 0.0203212874 synchronous_release_0
0.023204 -0.0250000004 0.0317502486 -0.0147282624 synchronous_release_0
0.028487 -0.0250000004 -0.00200386244 -0.0349425891 synchronous_release_0
0.021914 -0.0250000004 0.000555386057 -0.000831592645 synchronous_release_0
0.004551 -0.0250000004 -0.0294204812 0.0189587786 synchronous_release_0
0.043455 -0.0250000004 -0.0231502848 -0.0262500346 synchronous_release_0
0.022863 -0.0250000004 0.0342776346 0.00707416197 synchronous_release_0
0.022872 -0.0250000004 -0.00586950912 -0.0345043311 synchronous_release_0
0.026032 -0.0250000004 0.00230726007 0.0349238679 synchronous_release_0
0.025929 -0.0250000004 0.0122872641 0.0327722923 synchronous_release_0
0.033852 -0.0250000004 0.0336248384 0.0097144349 synchronous_release_0
0.026435 -0.0250000004 -0.0301467562 0.0177812567 synchronous_release_0
0.027559 -0.0250000004 0.0302414754 -0.0176196812 synchronous_release_0
0.02467 -0.0250000004 -0.0311917984 0.0158767665 synchronous_release_0
0.023245 -0.0250000004 0.0338706425 -0.00881927309 synchronous_release_0
0.022738 -0.0250000004 0.019759788 -0.0288885925 synchronous_release_0
0.023677 -0.0250000004 -0.00590563417 0.0344981664 synchronous_release_0
0.035947 -0.0250000004 0.0243047594 -0.0251848898 synchronous_release_1
0.034728 -0.0250000004 -0.0309721656 -0.0163010724 synchronous_release_0
0.025945 -0.0250000004 -0.027482801 0.021672463 synchronous_release_0
0.003774 -0.0250000004 0.0337629568 0.00922294677 synchronous_release_0
0.030028 -0.0250000004 0.0248687846 -0.0246281049 synchronous_release_0
0.022423 -0.0250000004 0.0261503518 0.0232628266 synchronous_release_1
0.023867 -0.0250000004 0.0256520407 0.0238111908 synchronous_release_0
0.010808 -0.0250000004 0.00050188059 0.000864936918 synchronous_release_0
0.02669 -0.0250000004 0.0302727921 -0.0175658207 synchronous_release_0
0.025521 -0.0250000004 0.0200700737 0.028673893 synchronous_release_0
0.024264 -0.0250000004 0.0276132541 0.0215060037 synchronous_release_0
0.027108 -0.0250000004 -0.0126137343 0.0326480276 synchronous_release_0
0.026189 -0.0250000004 0.0335129466 -0.0100936818 synchronous_release_0
0.02312 -0.0250000004 -0.0344165673 -0.00636395295 synchronous_release_0
0.026233 -0.0250000004 0.00220015561 0.0349307789 synchronous_release_0
0.02246 -0.0250000004 0.0348386862 -0.00335647763 synchronous_release_0
0.048566 -0.0250000004 0.0230085139 0.0263743869 synchronous_release_0
0.027777 -0.0250000004 0.0311342208 0.0159893808 synchronous_release_0
0.029835 -0.0250000004 -0.0306278348 0.0169391775 synchronous_release_1
0.025259 -0.0250000004 0.0341934136 0.00747064024 synchronous_release_0
0.038803 -0.0250000004 0.0303643896 0.0174070056 synchronous_release_0
0.022789 -0.0250000004 0.0251577376 -0.0243328633 synchronous_release_0
0.033153 -0.0250000004 6.39479128e-06 0.000999979553 synchronous_release_0
0.023313 -0.0250000004 0.0305654701 -0.0170514526 synchronous_release_0
0.024189 -0.0250000004 -0.0305654701 0.0170514526 synchronous_release_1
0.023557 -0.0250000004 0.0316491496 -0.0149442742 synchronous_release_0
0.024176 -0.0250000004 0.000399980104 0.0349977144 synchronous_release_0
0.024096 -0.0250000004 0.00963000528 -0.0336491159 synchronous_release_0
0.035141 -0.0250000004 0.0339559918 -0.00848472872 synchronous_release_1
0.023743 -0.0250000004 -0.0342285191 -0.0073081107 synchronous_release_0
0.022589 -0.0250000004 0.0176856018 -0.0302029715 synchronous_release_0
0.026378 -0.0250000004 0.0341288373 0.00776031328 synchronous_release_0
0.026109 -0.0250000004 0.0196597988 -0.0289567317 synchronous_release_0
0.023035 -0.0250000004 0.0308277723 -0.016572521 synchronous_release_0
0.029623 -0.0250000004 6.20247265e-05 0.000998074613 synchronous_release_1
0.042017 -0.0250000004 0.0126034489 -0.0326519996 synchronous_release_1
0.026762 -0.0250000004 -0.00897971066 -0.0338284613 synchronous_release_0
0.02549 -0.0250000004 0.0219479283 0.0272633168 synchronous_release_0
0.026406 -0.0250000004 0.0325990281 -0.0127398339 synchronous_release_0
0.022696 -0.0250000004 0.0318666472 0.0144746951 synchronous_release_0
0.024668 -0.0250000004 0.0348734665 -0.00297343802 synchronous_release_0
0.024517 -0.0250000004 0.034834882 -0.00339573234 synchronous_release_0
0.009476 -0.0250000004 0.0178159604 -0.0301262602 synchronous_release_0
0.022626 -0.0250000004 0.0193297302 -0.0291781002 synchronous_release_0
0.031099 -0.0250000004 0.0586341276 0.0153960737 synchronous_release_0
0.024669 -0.0250000004 -0.0334002722 -0.0104604882 synchronous_release_0
0.032638 -0.0250000004 0.0257591847 -0.0236952402 synchronous_release_0
0.034605 -0.0250000004 0.0274450704 0.0217202235 synchronous_release_1
0.029447 -0.0250000004 0.0348014785 0.00372251175 synchronous_release_0
0.023403 -0.0250000004 -0.0121250782 0.0328326435 synchronous_release_0
0.006333 -0.0250000004 0.0336540122 -0.00961288013 synchronous_release_0
0.030139 -0.0250000004 0.0328528442 -0.0120702372 synchronous_release_0
0.023551 -0.0250000004 0.0313273712 -0.0156075563 synchronous_release_0
0.026139 -0.0250000004 0.0347526531 -0.00415368551 synchronous_release_0
0.045894 -0.0250000004 0.0229310449 -0.0264417696 synchronous_release_0
0.023523 -0.0250000004 0.030115634 0.0178339168 synchronous_release_0
0.024264 -0.0250000004 -0.0340476538 0.00810908562 synchronous_release_0
0.024956 -0.0250000004 0.00246141783 -0.0349133416 synchronous_release_0
0.023151 -0.0250000004 0.0293895578 -0.0190066802 synchronous_release_0
0.024423 -0.0250000004 0.00176548899 0.0349554438 synchronous_release_0
0.031437 -0.0250000004 -0.0293895578 0.0190066802 synchronous_release_0
0.034218 -0.0250000004 -0.00176548899 -0.0349554438 synchronous_release_0
0.024037 -0.0250000004 0.0340512112 -0.00809413471 synchronous_release_0
0.028829 -0.0250000004 0.0196463556 -0.0289658542 synchronous_release_0
0.024224 -0.0250000004 -0.0201015807 0.0286518141 synchronous_release_0
0.032948 -0.0250000004 0.0201015807 -0.0286518141 synchronous_release_0
0.0303 -0.0250000004 0.0321979034 0.013722063 synchronous_release_1
0.026396 -0.0250000004 0.0128060858 0.0325730589 synchronous_release_0
0.022602 -0.0250000004 -0.0128060858 -0.0325730589 synchronous_release_1
0.011549 -0.0250000004 0.000651751014 0.000758433 synchronous_release_0
0.033726 -0.0250000004 0.0330277302 0.0115831359 synchronous_release_0
0.022879 -0.0250000004 -0.00178028475 -0.0349546933 synchronous_release_0
0.023431 -0.0250000004 0.0170111758 0.0305879044 synchronous_release_1
0.022995 -0.0250000004 0.0325276849 0.0129209021 synchronous_release_1
0.023878 -0.0250000004 0.0349671344 0.0015164151 synchronous_release_0
0.029162 -0.0250000004 -0.0187968212 0.0295242191 synchronous_release_0
0.025098 -0.0250000004 0.0325518235 -0.0128599684 synchronous_release_0
0.02639 -0.0250000004 -0.027412971 -0.0217607219 synchronous_release_0
0.022238 -0.0250000004 -0.00209730133 0.0349371053 synchronous_release_0
0.005245 -0.0250000004 0.0349745641 -0.00133411553 synchronous_release_0
0.031778 -0.0250000004 0.00587372788 -0.0345036132 synchronous_release_0
0.044838 -0.0250000004 0.0269441416 0.0223386041 synchronous_release_0
0.02235 -0.0250000004 0.0263706336 0.0230128156 synchronous_release_0
0.029505 -0.0250000004 0.0182837894 -0.0298446485 synchronous_release_0
0.024433 -0.0250000004 0.030983291 0.0162799164 synchronous_release_0
0.034287 -0.0250000004 0.000478542571 -0.000878064353 synchronous_release_0
0.02438 -0.0250000004 0.0140082052 0.0320744476 synchronous_release_1
0.022757 -0.0250000004 0.019371515 -0.0291503757 synchronous_release_0
0.00322 -0.0250000004 0.0242604642 -0.0252275618 synchronous_release_0
0.022695 -0.0250000004 0.0339779415 0.0083963974 synchronous_release_0
0.026105 -0.0250000004 0.0342055135 -0.00741504188 synchronous_release_0
0.025877 -0.0250000004 0.0340881694 -0.00793704639 synchronous_release_2
0.026848 -0.0250000004 -0.00556697585 0.0345544321 synchronous_release_0
0.025368 -0.0250000004 -0.0164914864 -0.0308711981 synchronous_release_0
0.024263 -0.0250000004 0.0349740883 -0.00134653212 synchronous_release_0
0.025678 -0.0250000004 0.029263851 0.0191996622 synchronous_release_0
0.023916 -0.0250000004 0.000440076105 0.000897960479 synchronous_release_0
0.044857 -0.0250000004 -0.0296127774 0.0186569938 synchronous_release_1
0.02374 -0.0250000004 0.0161152831 -0.0310692396 synchronous_release_0
0.035482 -0.0250000004 0.0349643923 -0.00157837524 synchronous_release_0
0.033453 -0.0250000004 -0.0342349895 0.00727773957 synchronous_release_0
0.025458 -0.0250000004 0.0325904047 -0.0127618778 synchronous_release_0
0.032759 -0.0250000004 0.0040661333 -0.0347630056 synchronous_release_0
0.049763 -0.0250000004 0.0321387126 -0.0138601281 synchronous_release_0
0.030441 -0.0250000004 -0.00565325599 0.0345404212 synchronous_release_0
0.035384 -0.0250000004 -0.0134846864 0.0322980376 synchronous_release_0
0.027282 -0.0250000004 0.00581887596 0.034512906 synchronous_release_0
0.041525 -0.0250000004 -0.000349061675 0.000937099753 synchronous_release_0
0.029447 -0.0250000004 0.000966894394 -0.000255176863 synchronous_release_1
0.022598 -0.0250000004 0.0250931313 -0.0243994828 synchronous_release_0
0.032836 -0.0250000004 0.0336771376 0.00953154774 synchronous_release_0
0.028654 -0.0250000004 0.0269089121 0.0223810288 synchronous_release_0
0.029001 -0.0250000004 0.0059280835 -0.0344943159 synchronous_release_0
0.02703 -0.0250000004 0.0102736817 0.0334582047 synchronous_release_1
0.030548 -0.0250000004 -0.000402076007 0.000915606293 synchronous_release_0
0.02281 -0.0250000004 0.0272065136 0.0220183018 synchronous_release_0
0.028551 -0.0250000004 0.0346609272 0.00486005391 synchronous_release_0
0.021883 -0.0250000004 0.0336072589 -0.00977507786 synchronous_release_0
0.029779 -0.0250000004 0.0297688284 0.0184069784 synchronous_release_0
0.044063 -0.0250000004 -0.00099954431 -3.01856207e-05 synchronous_release_0
0.02229 -0.0250000004 0.0284186989 0.0204298202 synchronous_release_0
0.025875 -0.0250000004 0.0285404343 0.020259408 synchronous_release_0
0.030177 -0.0250000004 0.0228931097 0.0264746205 synchronous_release_0
0.02517 -0.0250000004 0.0157886128 -0.0312365124 synchronous_release_1
0.013801 -0.0250000004 0.0341416739 0.00770364242 synchronous_release_1
0.024036 -0.0250000004 0.0270694513 -0.0221865907 synchronous_release_1
0.005787 -0.0250000004 -0.000934556837 0.000355813881 synchronous_release_0
0.022145 -0.0250000004 -0.0190221566 0.0293795432 synchronous_release_0
0.022615 -0.0250000004 0.0266251099 -0.022717912 synchronous_release_0
0.032719 -0.0250000004 0.000983342215 -0.000181763827 synchronous_release_1
0.024018 -0.0250000004 0.0335847433 0.00985215789 synchronous_release_0
0.028384 -0.0250000004 0.03489647 -0.00269005182 synchronous_release_0
0.007803 -0.0250000004 0.0334686207 0.0102396987 synchronous_release_1
0.026681 -0.0250000004 0.0316294921 0.0149858343 synchronous_release_1
0.03011 -0.0250000004 -0.0277091477 0.0213823089 synchronous_release_1
0.022374 -0.0250000004 0.0135331101 -0.0322777777 synchronous_release_1
0.022978 -0.0250000004 0.0348967812 0.00268601219 synchronous_release_0
0.025747 -0.0250000004 0.0346598968 -0.00486739678 synchronous_release_1
0.027385 -0.0250000004 -0.000976227194 0.000216749779 synchronous_release_0
0.022969 -0.0250000004 0.00366983406 -0.0348070728 synchronous_release_0
0.033831 -0.0250000004 0.0282857066 -0.0206135587 synchronous_release_0
0.024104 -0.0250000004 -0.00363770667 0.0348104451 synchronous_release_0
0.023742 -0.0250000004 0.0319655831 -0.0142548762 synchronous_release_1
0.026699 -0.0250000004 0.0349265058 0.00226697851 synchronous_release_0
0.036182 -0.0250000004 -0.0313050316 -0.0156523159 synchronous_release_0
0.035667 -0.0250000004 0.0204674375 -0.0283916185 synchronous_release_0
0.026951 -0.0250000004 0.0330868901 0.0114130498 synchronous_release_0
0.010903 -0.0250000004 0.0196400627 -0.0289701215 synchronous_release_0
0.02243 -0.0250000004 0.034556703 0.00555286186 synchronous_release_1
0.023873 -0.0250000004 0.0253828367 -0.0240979584 synchronous_release_0
0.022452 -0.0250000004 0.0168798102 -0.0306605937 synchronous_release_0
0.030848 -0.0250000004 0.0183375123 -0.0298116696 synchronous_release_0
0.023506 -0.0250000004 0.0303979791 -0.0173482813 synchronous_release_1
0.023993 -0.0250000004 0.0206683968 0.0282456612 synchronous_release_0
0.035983 -0.0250000004 -0.0306094181 0.0169724342 synchronous_release_1
0.023652 -0.0250000004 0.000353038353 -0.000935608851 synchronous_release_0
0.004849 -0.0250000004 -0.0182198704 -0.0298837133 synchronous_release_0
0.02446 -0.0250000004 0.033086858 0.0114131427 synchronous_release_0
0.004514 -0.0250000004 0.0349999191 7.52409955e-05 synchronous_release_0
0.002893 -0.0250000004 -0.000428121145 0.000903721354 synchronous_release_0
0.026185 -0.0250000004 0.0295866264 0.0186984368 synchronous_release_0
0.023512 -0.0250000004 0.0335680177 -0.00990899527 synchronous_release_0
0.025697 -0.0250000004 0.00983806062 -0.0335888756 synchronous_release_0
0.022505 -0.0250000004 -0.0299009797 0.0181915203 synchronous_release_0
0.022896 -0.0250000004 -0.000982997819 -0.000183617231 synchronous_release_0
0.029767 -0.0250000004 0.0265822364 0.0227680634 synchronous_release_0
0.003094 -0.0250000004 0.00337323945 0.0348370673 synchronous_release_0
0.023103 -0.0250000004 0.000414206359 -0.000910182999 synchronous_release_0
0.036999 -0.0250000004 0.000735877686 -0.000677114489 synchronous_release_0
0.034165 -0.0250000004 1.40255539e-05 -0.000999901637 synchronous_release_0
0.023386 -0.0250000004 -0.0236716616 0.0257808541 synchronous_release_0
0.02981 -0.0250000004 0.0105627705 -0.0333680668 synchronous_release_1
0.028224 -0.0250000004 0.0235084664 -0.0259297514 synchronous_release_0
0.032313 -0.0250000004 0.0329627412 -0.0117668047 synchronous_release_1
0.024672 -0.0250000004 0.0349618343 -0.00163405803 synchronous_release_0
0.026989 -0.0250000004 0.0295267889 0.0187927842 synchronous_release_0
0.025133 -0.0250000004 0.00171871169 0.034957775 synchronous_release_0
0.035983 -0.0250000004 -0.00736152076 0.0342170719 synchronous_release_0
0.031189 -0.0250000004 0.000779678483 -0.000626180056 synchronous_release_0
0.031865 -0.0250000004 0.004831026 -0.034664985 synchronous_release_0
0.022675 -0.0250000004 0.0209864935 0.0280101248 synchronous_release_0
0.024932 -0.0250000004 -0.0137642328 0.0321798989 synchronous_release_0
0.029271 -0.0250000004 -0.000119136404 -0.000992877896 synchronous_release_0
0.049014 -0.0250000004 -0.00984438006 -0.033587024 synchronous_release_0
0.02982 -0.0250000004 0.0257393947 -0.0237167358 synchronous_release_0
0.026498 -0.0250000004 0.0331009986 0.0113720664 synchronous_release_0
0.024683 -0.0250000004 0.0312368113 0.0157880214 synchronous_release_0
0.04024 -0.0250000004 0.0294836886 0.0188603316 synchronous_release_1
0.027651 -0.0250000004 0.00325403038 0.0348484044 synchronous_release_0
0.045372 -0.0250000004 -0.0264816885 0.0228849334 synchronous_release_2
0.030193 -0.0250000004 0.0139732103 -0.0320897085 synchronous_release_0
0.030678 -0.0250000004 -0.017692081 -0.0301991766 synchronous_release_0
0.023218 -0.0250000004 0.0321792341 0.0137657872 synchronous_release_0
0.0226 -0.0250000004 0.02283839 0.026521839 synchronous_release_0
0.024527 -0.0250000004 0.0239780827 0.0254961086 synchronous_release_0
0.024444 -0.0250000004 -0.0146805417 -0.0317723417 synchronous_release_0
0.025192 -0.0250000004 0.0236954604 -0.025758982 synchronous_release_0
0.028907 -0.0250000004 0.0342334643 -0.00728491064 synchronous_release_0
0.023082 -0.0250000004 -0.0227299712 0.0266148156 synchronous_release_0
0.029586 -0.0250000004 -0.0029804061 0.0348728717 synchronous_release_1
0.024669 -0.0250000004 0.032633991 -0.0126500051 synchronous_release_0
0.029234 -0.0250000004 0.0174122149 0.0303614027 synchronous_release_0
0.031598 -0.0250000004 0.0328318317 -0.0121272762 synchronous_release_0
0.038339 -0.0250000004 0.0244798084 -0.0250147753 synchronous_release_1
0.007836 -0.0250000004 0.0128191082 -0.0325679361 synchronous_release_0
0.028523 -0.0250000004 0.00575160966 -0.0345241797 synchronous_release_0
0.025019 -0.0250000004 0.0257665071 0.0236872774 synchronous_release_0
0.006759 -0.0250000004 0.0181117597 0.0299493599 synchronous_release_0
0.00398 -0.0250000004 0.0188121733 -0.0295144394 synchronous_release_0
0.026374 -0.0250000004 -0.0188121733 0.0295144394 synchronous_release_0
0.037434 -0.0250000004 0.0337560099 0.00924834029 synchronous_release_0
0.02611 -0.0250000004 -0.00947603124 -0.0336928009 synchronous_release_0
0.024904 -0.0250000004 0.0295043768 -0.0188279513 synchronous_release_0
0.030454 -0.0250000004 0.0327380169 0.0123782976 synchronous_release_1
0.032583 -0.0250000004 0.000941192916 0.000337869642 synchronous_release_0
0.023773 -0.0250000004 -0.0203855114 -0.0284504995 synchronous_release_0
0.024047 -0.0250000004 -0.0206342096 0.0282706455 synchronous_release_0
0.032815 -0.0250000004 -0.0318183028 -0.0145806586 synchronous_release_0
0.024608 -0.0250000004 -0.0139365937 -0.0321056281 synchronous_release_0
0.030371 -0.0250000004 0.000902854688 -0.0349883531 synchronous_release_0
0.025935 -0.0250000004 0.0168904893 0.030654712 synchronous_release_0
0.022634 -0.0250000004 0.034993004 0.000699763162 synchronous_release_1
0.025167 -0.0250000004 -0.000505148193 -0.00086303262 synchronous_release_0
0.024424 -0.0250000004 -0.0303866963 -0.0173680363 synchronous_release_0
0.028306 -0.0250000004 0.0287209094 -0.0200027339 synchronous_release_0
0.034247 -0.0250000004 -0.032278059 0.013532439 synchronous_release_0
0.027803 -0.0250000004 -0.00497824494 0.0346441493 synchronous_release_0
0.025162 -0.0250000004 0.0324048757 0.013225885 synchronous_release_0
0.023602 -0.0250000004 0.034952 0.00183240158 synchronous_release_0
0.028348 -0.0250000004 0.0190629063 -0.0293531191 synchronous_release_0
0.022641 -0.0250000004 0.0303967983 -0.0173503502 synchronous_release_0
0.022609 -0.0250000004 0.026764629 -0.022553373 synchronous_release_0
0.033225 -0.0250000004 -0.0222487621 -0.027018375 synchronous_release_0
0.040789 -0.0250000004 -0.0310483983 0.0161554005 synchronous_release_0
0.035555 -0.0250000004 0.0164682507 0.0308835995 synchronous_release_1
0.044529 -0.0250000004 0.0346854801 0.00468160975 synchronous_release_0
0.022449 -0.0250000004 0.0338343843 -0.00895736793 synchronous_release_0
0.02257 -0.0250000004 0.0262076591 0.0231982457 synchronous_release_1
0.023439 -0.0250000004 0.0329153629 -0.0118986927 synchronous_release_0
0.026968 -0.0250000004 0.0596776144 0.0106575014 synchronous_release_0
0.02283 -0.0250000004 0.0245711015 -0.0249251073 synchronous_release_0
0.026611 -0.0250000004 0.0304250611 0.0173007416 synchronous_release_1
0.023588 -0.0250000004 0.019221141 -0.0292497477 synchronous_release_0
0.023341 -0.0250000004 0.00908923343 -0.0337991987 synchronous_release_0
0.002729 -0.0250000004 0.0176146693 -0.030244395 synchronous_release_0
0.027653 -0.0250000004 0.00547677349 0.0345688437 synchronous_release_0
0.022741 -0.0250000004 0.0345761599 -0.00543039301 synchronous_release_0
0.049427 -0.0250000004 0.000777961037 -0.000628312521 synchronous_release_1
0.027118 -0.0250000004 -0.0163383957 -0.030952493 synchronous_release_1
0.023106 -0.0250000004 0.0273358359 0.0218575405 synchronous_release_1
0.023801 -0.0250000004 -0.000997478716 -7.09662695e-05 synchronous_release_0
0.026691 -0.0250000004 0.00629009251 -0.0344301428 synchronous_release_0
0.022783 -0.0250000004 0.0258788573 -0.0235644805 synchronous_release_1
0.028194 -0.0250000004 0.00746801009 0.0341939881 synchronous_release_1
0.028947 -0.0250000004 0.0338043989 -0.00906987418 synchronous_release_0
0.049214 -0.0250000004 0.000893362602 -0.000449336467 synchronous_release_0
0.025119 -0.0250000004 -0.0316457536 0.0149514641 synchronous_release_0
0.03018 -0.0250000004 0.000413682836 0.000910421063 synchronous_release_0
0.023613 -0.0250000004 0.0345873702 -0.00535852789 synchronous_release_0
0.02467 -0.0250000004 0.00280598456 -0.0348873394 synchronous_release_0
0.022699 -0.0250000004 0.0325724732 0.0128075754 synchronous_release_0
0.025926 -0.0250000004 0.0347292497 0.00434502169 synchronous_release_0
0.024221 -0.0250000004 0.0535573857 0.0284008176 synchronous_release_0
0.022868 -0.0250000004 -0.000419080411 0.000907949123 synchronous_release_0
0.022503 -0.0250000004 0.00415796967 -0.0347521408 synchronous_release_0
0.027066 -0.0250000004 0.000995770981 -9.18703023e-05 synchronous_release_0
0.026674 -0.0250000004 0.0349770371 0.00126762685 synchronous_release_0
0.023156 -0.0250000004 0.0273936898 -0.0217849892 synchronous_release_0
0.008511 -0.0250000004 0.0248807744 0.0246159921 synchronous_release_0
0.032682 -0.0250000004 -0.0337584617 0.00923938661 synchronous_release_0
0.024674 -0.0250000004 -1.77432411e-05 0.000999842576 synchronous_release_1
0.01004 -0.0250000004 0.0348179873 0.00356479505 synchronous_release_0
0.043192 -0.0250000004 0.0143217906 0.031935659 synchronous_release_0
0.022377 -0.0250000004 0.0246503412 0.0248467438 synchronous_release_0
0.039193 -0.0250000004 0.0327534667 0.0123373586 synchronous_release_0
0.038604 -0.0250000004 0.0339637787 -0.00845350434 synchronous_release_0
0.036031 -0.0250000004 0.0311214929 -0.01601414 synchronous_release_0
0.023818 -0.0250000004 0.0293931153 0.0190011781 synchronous_release_0
0.024979 -0.0250000004 0.0311520606 -0.0159545955 synchronous_release_0
0.023978 -0.0250000004 -6.50383001e-05 -0.000997882768 synchronous_release_1
0.033334 -0.0250000004 0.000693520014 0.00072043736 synchronous_release_0
0.024038 -0.0250000004 0.0342544334 -0.00718566562 synchronous_release_0
0.023897 -0.0250000004 0.00899286197 -0.0338249676 synchronous_release_0
0.002618 -0.0250000004 0.0141576157 -0.0320087788 synchronous_release_0
0.026232 -0.0250000004 -0.0152829792 -0.0314869901 synchronous_release_0
0.041763 -0.0250000004 0.0289360658 0.019690203 synchronous_release_1
0.003481 -0.0250000004 0.0201963123 -0.028585118 synchronous_release_0
0.030209 -0.0250000004 0.0606208299 0.000339091905 synchronous_release_0
0.037602 -0.0250000004 0.0302125275 0.0176692722 synchronous_release_0
0.013425 -0.0250000004 0.0328340849 -0.0121211743 synchronous_release_0
0.043919 -0.0250000004 0.0269142874 0.0223745645 synchronous_release_0
0.023099 -0.0250000004 0.0174545599 0.0303370786 synchronous_release_0
0.008421 -0.0250000004 0.0170742936 0.0305527167 synchronous_release_0
0.02598 -0.0250000004 -0.0164537577 0.0308913234 synchronous_release_0
0.033829 -0.0250000004 0.0132737603 -0.0323852943 synchronous_release_0
0.024336 -0.0250000004 0.0241672168 0.0253169041 synchronous_release_0
0.028945 -0.0250000004 -0.0346171289 -0.00516278872 synchronous_release_0
0.023309 -0.0250000004 0.0337661625 -0.00921120343 synchronous_release_0
0.034109 -0.0250000004 0.0094814185 -0.0336912853 synchronous_release_0
0.029007 -0.0250000004 -0.0145337634 0.0318397507 synchronous_release_1
0.036726 -0.0250000004 -0.0267795822 0.0225356157 synchronous_release_0
0.014213 -0.0250000004 -0.0254539645 -0.0240228161 synchronous_release_0
0.007378 -0.0250000004 0.0259970626 -0.0234340081 synchronous_release_0
0.023476 -0.0250000004 -0.000998304791 5.82026205e-05 synchronous_release_0
0.030986 -0.0250000004 0.00257092465 0.0349054487 synchronous_release_0
0.024407 -0.0250000004 0.0265429506 0.0228138504 synchronous_release_1
0.025239 -0.0250000004 -0.000378831259 -0.000925465762 synchronous_release_0
0.024174 -0.0250000004 -0.0209920192 -0.0280059838 synchronous_release_0
0.026085 -0.0250000004 -0.000841818472 -0.000539760744 synchronous_release_1
0.032032 -0.0250000004 -0.0254549306 -0.0240217924 synchronous_release_0
0.025171 -0.0250000004 0.000953399449 -0.00030171094 synchronous_release_0
0.027318 -0.0250000004 0.0349874181 -0.000938388057 synchronous_release_0
0.023059 -0.0250000004 0.0332904547 0.0108048889 synchronous_release_0
0.006807 -0.0250000004 -0.0254654632 -0.0240106265 synchronous_release_0
0.023668 -0.0250000004 0.0112216852 -0.0331522817 synchronous_release_0
0.022788 -0.0250000004 0.0159824157 0.0311377968 synchronous_release_1
0.025327 -0.0250000004 0.0315115035 -0.0152323718 synchronous_release_0
0.025238 -0.0250000004 0.0313814813 0.0154984719 synchronous_release_1
0.024947 -0.0250000004 0.0217520395 -0.027419861 synchronous_release_0
0.022404 -0.0250000004 0.0343349335 0.00679060693 synchronous_release_1
0.02918 -0.0250000004 0.034911726 -0.00248422783 synchronous_release_0
0.022886 -0.0250000004 0.0319274004 0.0143401918 synchronous_release_0
0.026864 -0.0250000004 0.00329476859 -0.0348445763 synchronous_release_0
0.029679 -0.0250000004 0.00397011414 -0.0347741023 synchronous_release_0
0.025848 -0.0250000004 0.0305175943 -0.0171369903 synchronous_release_0
0.024081 -0.0250000004 0.0311067833 -0.016042694 synchronous_release_0
0.042886 -0.0250000004 -0.00166001106 0.0349606116 synchronous_release_0
0.015922 -0.0250000004 0.0283019009 -0.0205913186 synchronous_release_0
0.026993 -0.0250000004 0.0122102861 0.0328010505 synchronous_release_0
0.026066 -0.0250000004 -0.0166251253 0.0307994352 synchronous_release_0
0.005634 -0.0250000004 0.0302577685 0.0175916869 synchronous_release_0
0.026333 -0.0250000004 0.0346616926 0.00485459223 synchronous_release_0
