0.021806 -0.0250000004 0.00039260886 -0.000919705541 asynchronous_release_1
0.033532 -0.0250000004 -0.00372159534 0.0348015765 asynchronous_release_0
0.038677 -0.0250000004 0.0347788948 -0.00392791 asynchronous_release_0
0.037317 -0.0250000004 -0.0202103737 0.0285751779 asynchronous_release_0
0.046897 -0.0250000004 -0.0314999306 0.0152562896 asynchronous_release_0
0.022375 -0.0250000004 -0.000561474152 0.000827494276 asynchronous_release_3
0.011572 -0.0250000004 0.0166817387 0.0307688088 asynchronous_release_0
0.010377 -0.0250000004 -0.000179485377 -0.000983760641 asynchronous_release_0
0.048906 -0.0250000004 -0.00546183761 -0.0345712067 asynchronous_release_0
0.0317 -0.0250000004 -0.0348737166 -0.00297050398 asynchronous_release_0
0.042798 -0.0250000004 0.00511323307 -0.0346244834 asynchronous_release_0
0.045317 -0.0250000004 -0.0312144636 -0.0158321591 asynchronous_release_0
0.045298 -0.0250000004 0.000827200729 0.000561906535 asynchronous_release_0
0.001939 -0.0250000004 -0.000988025894 0.000154288147 asynchronous_release_1
0.042356 -0.0250000004 0.0158323649 -0.0312143592 asynchronous_release_0
0.009678 -0.0250000004 -0.000336557289 -0.000941662992 asynchronous_release_0
0.041505 -0.0250000004 -0.000646823593 -0.000762639652 asynchronous_release_0
0.042998 -0.0250000004 -0.0031416271 0.0348587174 asynchronous_release_0
0.032963 -0.0250000004 -0.0286177213 -0.0201500876 asynchronous_release_1
0.008778 -0.0250000004 0.0317500929 -0.014728598 asynchronous_release_4
0.03664 -0.0250000004 0.0339555547 0.00848647774 asynchronous_release_0
0.046232 -0.0250000004 -0.0231028301 -0.0262918094 asynchronous_release_0
0.009092 -0.0250000004 0.025136142 0.0243551712 asynchronous_release_4
0.019802 -0.0250000004 -0.0187843765 0.0295321384 asynchronous_release_1
0.003607 -0.0250000004 0.0289318999 -0.0196963237 asynchronous_release_2
0.046619 -0.0250000004 -0.0125127422 0.0326868671 asynchronous_release_0
0.047316 -0.0250000004 0.0337378758 -0.00931427612 asynchronous_release_1
0.007771 -0.0250000004 -0.00139003682 -0.0349723862 asynchronous_release_0
0.017285 -0.0250000004 0.00315029419 -0.0348579352 asynchronous_release_1
0.022469 -0.0250000004 0.026668484 0.0226669796 asynchronous_release_1
0.008105 -0.0250000004 0.0311405223 0.0159771046 asynchronous_release_0
0.045982 -0.0250000004 -0.000490104789 0.0349965684 asynchronous_release_0
0.005037 -0.0250000004 0.000863835408 0.000503774143 asynchronous_release_1
0.037913 -0.0250000004 -0.0340578852 -0.00806600622 asynchronous_release_0
0.028677 -0.0250000004 0.00121077996 0.034979051 asynchronous_release_3
0.044208 -0.0250000004 -0.000924035594 0.000382306449 asynchronous_release_0
0.048363 -0.0250000004 -0.0124386149 -0.0327151472 asynchronous_release_0
0.037058 -0.0250000004 -0.0250596916 0.0244338261 asynchronous_release_4
0.003344 -0.0250000004 0.0274704472 0.0216881196 asynchronous_release_3
0.026747 -0.0250000004 -0.0170363649 -0.0305738822 asynchronous_release_0
0.026964 -0.0250000004 -0.010200914 -0.0334804623 asynchronous_release_0
0.018455 -0.0250000004 0.0349874586 -0.000936879109 asynchronous_release_0
0.0458 -0.0250000004 0.031359781 -0.0155423337 asynchronous_release_0
0.044374 -0.0250000004 -0.0342820494 -0.00705273632 asynchronous_release_3
0.031434 -0.0250000004 0.00053930858 -0.000842108221 asynchronous_release_0
0.046208 -0.0250000004 -0.0153201942 0.0314688997 asynchronous_release_0
0.042754 -0.0250000004 -0.000684020657 -0.000729462639 asynchronous_release_0
0.038996 -0.0250000004 0.0347554007 0.00413063249 asynchronous_release_0
0.002652 -0.0250000004 -0.000800964104 -0.000598712372 asynchronous_release_1
0.039083 -0.0250000004 0.0338697537 -0.00882268559 asynchronous_release_2
0.004484 -0.0250000004 -0.0277712892 0.0213015374 asynchronous_release_0
0.034798 -0.0250000004 -0.00456202794 -0.0347014106 asynchronous_release_0
0.029384 -0.0250000004 -0.015780381 -0.0312406718 asynchronous_release_2
0.037971 -0.0250000004 -0.00481634096 0.0346670284 asynchronous_release_3
0.031034 -0.0250000004 0.0345836181 0.005382691 asynchronous_release_4
0.040598 -0.0250000004 0.00804004409 0.0340640234 asynchronous_release_4
0.020658 -0.0250000004 -0.0347245583 -0.0043823571 asynchronous_release_0
0.005479 -0.0250000004 -0.00446305629 -0.0347142785 asynchronous_release_0
0.043395 -0.0250000004 0.0108500408 -0.0332757662 asynchronous_release_0
0.045493 -0.0250000004 -0.000194388617 -0.0349994602 asynchronous_release_3
0.04983 -0.0250000004 0.0328258018 0.0121435882 asynchronous_release_0
0.020129 -0.0250000004 0.0139956861 0.0320799123 asynchronous_release_0
0.044824 -0.0250000004 -0.033607262 -0.00977506739 asynchronous_release_0
0.027903 -0.0250000004 -0.00563831306 0.0345428636 asynchronous_release_4
0.048171 -0.0250000004 0.00817250267 0.0340324874 asynchronous_release_0
0.005533 -0.0250000004 -0.00919903354 -0.03376948 asynchronous_release_0
0.045059 -0.0250000004 -0.0213034366 0.0277698324 asynchronous_release_0
0.04784 -0.0250000004 -0.000991790346 0.000127874584 asynchronous_release_0
0.022289 -0.0250000004 0.0270197141 0.0222471358 asynchronous_release_1
0.021579 -0.0250000004 0.0262926642 -0.0231018572 asynchronous_release_0
0.034198 -0.0250000004 -0.022562765 0.026756712 asynchronous_release_4
0.043964 -0.0250000004 0.00695296916 -0.0343024229 asynchronous_release_0
0.035756 -0.0250000004 9.26849265e-05 -0.000995695488 asynchronous_release_0
0.037366 -0.0250000004 0.0214922067 0.0276239941 asynchronous_release_0
0.042227 -0.0250000004 -1.36307399e-05 -0.000999907097 asynchronous_release_0
0.016338 -0.0250000004 -0.00381184218 -0.0347918074 asynchronous_release_0
0.018179 -0.0250000004 0.0334429686 0.0103231707 asynchronous_release_0
0.032474 -0.0250000004 -0.0340480364 -0.0081074792 asynchronous_release_0
0.036878 -0.0250000004 0.0198207006 -0.0288468339 asynchronous_release_3
0.033332 -0.0250000004 -0.0338492158 0.00890115655 asynchronous_release_3
0.013408 -0.0250000004 -0.00329796731 0.0348442737 asynchronous_release_4
0.019534 -0.0250000004 0.0349108775 -0.00249612378 asynchronous_release_0
0.037463 -0.0250000004 0.0104322103 -0.0334091153 asynchronous_release_0
0.022936 -0.0250000004 0.00109286901 -0.0349829335 asynchronous_release_4
0.036515 -0.0250000004 -0.0229496029 0.0264256642 asynchronous_release_3
0.045508 -0.0250000004 -0.0183131728 -0.0298266274 asynchronous_release_0
0.046694 -0.0250000004 -0.0296849333 0.0185419722 asynchronous_release_0
0.021625 -0.0250000004 0.0348789795 -0.00290805565 asynchronous_release_0
0.04693 -0.0250000004 -0.000466319005 -0.000884616632 asynchronous_release_0
0.046857 -0.0250000004 0.00735593022 -0.0342182742 asynchronous_release_3
0.012914 -0.0250000004 -0.000999959091 -9.04522048e-06 asynchronous_release_0
0.014834 -0.0250000004 -0.0214995699 0.0276182638 asynchronous_release_0
0.030854 -0.0250000004 0.000137429767 -0.000990511514 asynchronous_release_0
0.039544 -0.0250000004 0.00781656788 0.0341159972 asynchronous_release_0
