0.000000 0.075632
0.000050 0.100352
0.000100 0.055562
0.000150 0.072450
0.000200 0.054584
0.000250 0.072940
0.000300 0.080033
0.000350 0.104519
0.000400 0.095945
0.000450 0.075383
0.000500 0.072701
0.000550 0.141227
0.000600 0.079544
0.000650 0.108428
0.000700 0.098405
0.000750 0.092759
0.000800 0.102072
0.000850 0.113812
0.000900 0.129973
0.000950 0.111119
0.001000 0.161550
0.001050 0.157142
0.001100 0.149779
0.001150 0.211473
0.001200 0.258966
0.001250 0.293964
0.001300 0.305712
0.001350 0.444238
0.001400 0.654494
0.001450 0.861822
0.001500 1.325382
0.001550 1.911606
0.001600 2.928615
0.001650 4.004061
0.001700 5.466561
0.001750 7.376439
0.001800 9.717836
0.001850 12.588706
0.001900 15.301131
0.001950 18.605443
0.002000 20.989721
0.002050 24.178695
0.002100 25.840687
0.002150 26.956069
0.002200 27.749323
0.002250 27.372393
0.002300 27.072283
0.002350 24.959765
0.002400 22.608591
0.002450 20.274263
0.002500 17.900047
0.002550 15.788183
0.002600 13.981916
0.002650 12.582062
0.002700 10.808237
0.002750 9.809405
0.002800 8.677847
0.002850 8.242179
0.002900 7.296882
0.002950 6.649992
0.003000 5.890690
0.003050 5.552492
0.003100 5.221059
0.003150 4.759147
0.003200 4.366372
0.003250 4.195504
0.003300 3.824898
0.003350 3.551298
0.003400 3.350025
0.003450 3.302155
0.003500 3.075395
0.003550 2.929089
0.003600 2.638550
0.003650 2.523260
0.003700 2.467241
0.003750 2.358589
0.003800 2.345020
0.003850 2.150272
0.003900 2.101788
0.003950 2.109856
0.004000 1.926080
0.004050 1.996028
0.004100 1.837200
0.004150 1.756360
0.004200 1.787317
0.004250 1.799751
0.004300 1.641107
0.004350 1.624269
0.004400 1.674694
0.004450 1.627874
0.004500 1.648976
0.004550 1.510728
0.004600 1.368970
0.004650 1.655074
0.004700 1.554922
0.004750 1.415770
0.004800 1.430883
0.004850 1.479877
0.004900 1.386299
0.004950 1.382921
0.005000 1.372161
0.005050 1.494289
0.005100 1.331721
0.005150 1.186625
0.005200 1.510429
0.005250 1.384347
0.005300 1.388134
0.005350 1.367186
0.005400 1.306119
0.005450 1.279859
0.005500 1.297210
0.005550 1.217908
0.005600 1.140343
0.005650 1.279135
0.005700 1.161184
0.005750 1.185922
0.005800 1.260973
0.005850 1.106075
0.005900 1.223108
0.005950 1.118372
0.006000 1.121671
0.006050 1.092409
0.006100 1.210891
0.006150 1.171897
0.006200 1.078957
0.006250 1.099675
0.006300 1.187903
0.006350 1.082541
0.006400 0.979963
0.006450 1.086863
0.006500 1.083269
0.006550 1.060865
0.006600 1.121457
0.006650 1.061027
0.006700 1.158982
0.006750 1.011614
0.006800 1.023844
0.006850 1.051494
0.006900 1.006012
0.006950 1.022026
0.007000 0.976930
0.007050 1.002290
0.007100 1.059621
0.007150 0.999295
0.007200 0.920064
0.007250 1.064068
0.007300 1.014965
0.007350 0.950915
0.007400 0.948551
0.007450 1.059941
0.007500 0.951216
0.007550 0.859360
0.007600 0.971972
0.007650 0.977338
0.007700 1.023099
0.007750 0.972683
0.007800 0.876805
0.007850 0.953617
0.007900 0.857878
0.007950 0.996872
0.008000 0.929398
0.008050 0.820344
0.008100 0.806759
0.008150 0.942351
0.008200 0.858343
0.008250 0.823733
0.008300 0.866620
0.008350 0.915948
0.008400 0.875845
0.008450 0.903789
0.008500 0.870227
0.008550 0.935375
0.008600 0.859156
0.008650 0.776244
0.008700 0.789053
0.008750 0.769551
0.008800 0.786724
0.008850 0.861688
0.008900 0.801687
0.008950 0.860885
0.009000 0.818950
0.009050 0.725666
0.009100 0.945726
0.009150 0.827650
0.009200 0.808368
0.009250 0.787934
0.009300 0.695821
0.009350 0.887317
0.009400 0.809416
0.009450 0.817532
0.009500 0.774636
0.009550 0.775264
0.009600 0.787132
0.009650 0.798824
0.009700 0.758259
0.009750 0.761569
0.009800 0.828960
0.009850 0.843518
0.009900 0.939666
0.009950 0.767832
0.010000 0.819090
0.010050 0.832092
0.010100 0.684258
0.010150 0.761028
0.010200 0.768977
0.010250 0.731659
0.010300 0.702006
0.010350 0.819946
0.010400 0.828741
0.010450 0.819293
0.010500 0.785338
0.010550 0.778136
0.010600 0.685731
0.010650 0.744487
0.010700 0.696238
0.010750 0.809404
0.010800 0.754103
0.010850 0.720125
0.010900 0.746414
0.010950 0.773134
0.011000 0.657957
0.011050 0.757055
0.011100 0.680717
0.011150 0.766695
0.011200 0.798751
0.011250 0.733187
0.011300 0.719445
0.011350 0.704413
0.011400 0.717379
0.011450 0.709841
0.011500 0.732255
0.011550 0.742217
0.011600 0.672166
0.011650 0.773208
0.011700 0.672984
0.011750 0.708590
0.011800 0.674023
0.011850 0.726357
0.011900 0.696410
0.011950 0.677830
0.012000 0.765763
0.012050 0.622451
0.012100 0.703806
0.012150 0.683176
0.012200 0.711259
0.012250 0.727351
0.012300 0.756195
0.012350 0.718383
0.012400 0.723636
0.012450 0.703650
0.012500 0.699683
0.012550 0.667891
0.012600 0.599481
0.012650 0.666851
0.012700 0.647494
0.012750 0.637570
0.012800 0.731803
0.012850 0.697291
0.012900 0.716944
0.012950 0.740902
0.013000 0.670306
0.013050 0.721946
0.013100 0.676778
0.013150 0.736070
0.013200 0.680665
0.013250 0.628253
0.013300 0.623475
0.013350 0.610771
0.013400 0.764333
0.013450 0.621693
0.013500 0.620707
0.013550 0.674543
0.013600 0.666888
0.013650 0.591076
0.013700 0.716986
0.013750 0.634666
0.013800 0.707547
0.013850 0.664607
0.013900 0.619951
0.013950 0.662599
0.014000 0.555515
0.014050 0.655827
0.014100 0.606232
0.014150 0.663886
0.014200 0.604870
0.014250 0.557094
0.014300 0.636383
0.014350 0.602881
0.014400 0.644592
0.014450 0.677590
0.014500 0.707276
0.014550 0.617090
0.014600 0.665568
0.014650 0.630880
0.014700 0.622806
0.014750 0.677230
0.014800 0.578186
0.014850 0.516702
0.014900 0.620369
0.014950 0.609403
0.015000 0.674599
0.015050 0.486883
0.015100 0.609505
0.015150 0.607305
0.015200 0.533523
0.015250 0.648237
0.015300 0.645691
0.015350 0.622593
0.015400 0.565388
0.015450 0.621196
0.015500 0.625718
0.015550 0.659094
0.015600 0.591797
0.015650 0.536517
0.015700 0.643039
0.015750 0.581939
0.015800 0.590733
0.015850 0.623245
0.015900 0.651380
0.015950 0.594438
0.016000 0.617950
0.016050 0.554518
0.016100 0.593305
0.016150 0.572287
0.016200 0.519645
0.016250 0.568651
0.016300 0.577004
0.016350 0.548136
0.016400 0.529625
0.016450 0.634129
0.016500 0.522872
0.016550 0.578022
0.016600 0.567163
0.016650 0.560637
0.016700 0.556151
0.016750 0.601105
0.016800 0.621947
0.016850 0.557545
0.016900 0.584184
0.016950 0.598224
0.017000 0.541884
0.017050 0.539166
0.017100 0.655529
0.017150 0.563841
0.017200 0.597700
0.017250 0.659960
0.017300 0.570505
0.017350 0.624771
0.017400 0.534748
0.017450 0.584726
0.017500 0.559044
0.017550 0.612418
0.017600 0.503943
0.017650 0.533387
0.017700 0.576648
0.017750 0.529570
0.017800 0.522509
0.017850 0.499353
0.017900 0.556493
0.017950 0.594025
0.018000 0.587538
0.018050 0.500340
0.018100 0.608871
0.018150 0.534551
0.018200 0.523560
0.018250 0.466432
0.018300 0.539924
0.018350 0.593848
0.018400 0.488502
0.018450 0.489664
0.018500 0.552119
0.018550 0.521031
0.018600 0.566222
0.018650 0.532554
0.018700 0.540304
0.018750 0.498548
0.018800 0.473864
0.018850 0.516332
0.018900 0.495530
0.018950 0.533526
0.019000 0.565027
0.019050 0.536481
0.019100 0.584370
0.019150 0.606582
0.019200 0.530850
0.019250 0.505536
0.019300 0.568707
0.019350 0.566467
0.019400 0.569712
0.019450 0.528578
0.019500 0.559909
0.019550 0.490793
0.019600 0.466791
0.019650 0.524615
0.019700 0.535932
0.019750 0.515314
0.019800 0.521193
0.019850 0.576921
0.019900 0.518211
0.019950 0.523911
0.020000 0.507251
0.020050 0.476449
0.020100 0.468844
0.020150 0.454772
0.020200 0.477504
0.020250 0.581658
0.020300 0.522206
0.020350 0.494188
0.020400 0.531045
0.020450 0.468593
0.020500 0.471904
0.020550 0.511546
0.020600 0.532942
0.020650 0.543364
0.020700 0.449329
0.020750 0.474469
0.020800 0.496921
0.020850 0.546335
0.020900 0.583162
0.020950 0.564018
0.021000 0.562884
0.021050 0.675726
0.021100 0.744153
0.021150 0.979737
0.021200 1.080600
0.021250 1.170702
0.021300 1.576590
0.021350 2.005468
0.021400 2.204414
0.021450 2.933216
0.021500 3.929139
0.021550 5.324215
0.021600 7.343772
0.021650 9.261332
0.021700 11.663512
0.021750 14.616124
0.021800 17.722028
0.021850 21.136620
0.021900 25.130318
0.021950 28.389510
0.022000 31.120279
0.022050 33.106803
0.022100 34.674436
0.022150 35.990666
0.022200 36.260596
0.022250 35.920750
0.022300 35.464951
0.022350 32.839007
0.022400 30.708149
0.022450 28.324103
0.022500 26.159656
0.022550 22.958084
0.022600 21.812940
0.022650 19.145534
0.022700 18.054271
0.022750 16.357983
0.022800 14.913789
0.022850 13.949333
0.022900 12.853831
0.022950 11.918759
0.023000 11.020646
0.023050 10.843628
0.023100 9.767945
0.023150 9.081333
0.023200 8.697928
0.023250 8.290916
0.023300 7.720484
0.023350 7.328300
0.023400 6.974751
0.023450 6.740559
0.023500 6.249489
0.023550 5.626341
0.023600 5.455597
0.023650 5.320679
0.023700 5.229499
0.023750 4.627893
0.023800 4.646360
0.023850 4.665864
0.023900 4.403803
0.023950 4.265345
0.024000 4.163511
0.024050 3.770371
0.024100 3.828782
0.024150 3.611180
0.024200 3.688066
0.024250 3.527766
0.024300 3.233029
0.024350 3.385919
0.024400 3.144639
0.024450 3.169907
0.024500 2.890914
0.024550 2.957572
0.024600 2.975840
0.024650 2.780326
0.024700 2.811828
0.024750 2.664974
0.024800 2.475993
0.024850 2.580205
0.024900 2.398140
0.024950 2.388498
0.025000 2.558178
0.025050 2.518056
0.025100 2.503868
0.025150 2.375206
0.025200 2.381137
0.025250 2.202941
0.025300 2.269098
0.025350 2.149236
0.025400 2.197169
0.025450 2.356591
0.025500 2.258921
0.025550 2.141243
0.025600 1.986989
0.025650 2.124325
0.025700 2.024562
0.025750 1.842716
0.025800 2.073441
0.025850 2.112841
0.025900 2.157686
0.025950 1.965696
0.026000 1.842437
0.026050 1.981063
0.026100 2.109534
0.026150 1.900790
0.026200 1.992226
0.026250 2.014782
0.026300 1.797709
0.026350 1.906259
0.026400 2.016515
0.026450 1.759075
0.026500 1.831017
0.026550 1.885309
0.026600 1.662244
0.026650 1.863016
0.026700 1.907124
0.026750 1.758548
0.026800 1.614538
0.026850 1.658054
0.026900 1.651719
0.026950 1.627021
0.027000 1.709336
0.027050 1.675610
0.027100 1.736753
0.027150 1.696537
0.027200 1.623429
0.027250 1.727945
0.027300 1.763051
0.027350 1.557259
0.027400 1.696788
0.027450 1.717762
0.027500 1.768634
0.027550 1.623852
0.027600 1.639787
0.027650 1.673567
0.027700 1.768610
0.027750 1.631232
0.027800 1.619579
0.027850 1.523077
0.027900 1.554656
0.027950 1.517556
0.028000 1.622782
0.028050 1.479074
0.028100 1.474252
0.028150 1.667400
0.028200 1.571762
0.028250 1.454136
0.028300 1.507150
0.028350 1.514468
0.028400 1.544615
0.028450 1.500281
0.028500 1.510559
0.028550 1.507193
0.028600 1.627607
0.028650 1.551225
0.028700 1.397421
0.028750 1.485339
0.028800 1.517200
0.028850 1.521512
0.028900 1.565826
0.028950 1.454958
0.029000 1.330181
0.029050 1.325845
0.029100 1.217161
0.029150 1.475285
0.029200 1.449288
0.029250 1.521634
0.029300 1.485784
0.029350 1.409206
0.029400 1.404123
0.029450 1.408483
0.029500 1.372706
0.029550 1.433864
0.029600 1.208349
0.029650 1.272187
0.029700 1.363749
0.029750 1.362231
0.029800 1.337451
0.029850 1.471643
0.029900 1.362744
0.029950 1.496926
0.030000 1.317484
0.030050 1.521850
0.030100 1.352197
0.030150 1.300713
0.030200 1.372421
0.030250 1.399669
0.030300 1.286862
0.030350 1.199668
0.030400 1.364198
0.030450 1.362428
0.030500 1.169433
0.030550 1.294369
0.030600 1.379489
0.030650 1.218225
0.030700 1.260994
0.030750 1.331720
0.030800 1.251653
0.030850 1.250327
0.030900 1.242832
0.030950 1.240288
0.031000 1.299238
0.031050 1.316826
0.031100 1.305867
0.031150 1.311105
0.031200 1.323894
0.031250 1.253512
0.031300 1.319504
0.031350 1.311106
0.031400 1.372512
0.031450 1.217516
0.031500 1.420845
0.031550 1.283887
0.031600 1.139972
0.031650 1.241392
0.031700 1.192189
0.031750 1.254715
0.031800 1.163408
0.031850 1.267562
0.031900 1.157528
0.031950 1.215962
0.032000 1.217006
0.032050 1.216154
0.032100 1.160025
0.032150 1.101083
0.032200 1.185082
0.032250 1.293400
0.032300 1.256024
0.032350 1.326066
0.032400 1.256272
0.032450 1.194628
0.032500 1.214098
0.032550 1.171742
0.032600 1.121379
0.032650 1.091737
0.032700 1.156959
0.032750 1.189049
0.032800 1.231822
0.032850 1.256390
0.032900 1.252756
0.032950 1.200948
0.033000 1.108606
0.033050 1.019178
0.033100 1.216448
0.033150 1.216100
0.033200 1.238383
0.033250 1.086297
0.033300 1.160328
0.033350 1.093100
0.033400 1.166752
0.033450 1.165048
0.033500 1.102969
0.033550 1.116571
0.033600 1.133622
0.033650 1.138640
0.033700 1.076878
0.033750 1.137220
0.033800 1.090887
0.033850 1.176581
0.033900 1.131630
0.033950 1.127982
0.034000 1.052835
0.034050 0.994429
0.034100 1.178937
0.034150 1.150187
0.034200 1.094617
0.034250 1.053917
0.034300 1.147026
0.034350 1.038980
0.034400 1.106868
0.034450 1.087444
0.034500 1.117018
0.034550 1.171654
0.034600 1.042210
0.034650 1.131530
0.034700 1.059323
0.034750 1.097489
0.034800 1.118416
0.034850 1.135266
0.034900 1.040369
0.034950 1.227885
0.035000 1.055912
0.035050 1.069252
0.035100 1.096027
0.035150 1.064505
0.035200 1.116764
0.035250 1.042186
0.035300 1.050030
0.035350 1.051556
0.035400 1.087141
0.035450 1.069647
0.035500 1.099736
0.035550 1.060908
0.035600 1.019797
0.035650 1.008521
0.035700 1.063713
0.035750 1.084789
0.035800 0.962573
0.035850 0.918845
0.035900 1.017317
0.035950 1.049261
0.036000 1.060449
0.036050 1.070259
0.036100 0.986139
0.036150 1.087757
0.036200 1.106441
0.036250 1.044635
0.036300 1.053838
0.036350 1.100226
0.036400 1.046222
0.036450 1.094214
0.036500 1.084673
0.036550 1.046563
0.036600 0.999519
0.036650 1.129929
0.036700 0.999231
0.036750 1.048337
0.036800 1.116824
0.036850 0.987824
0.036900 1.030504
0.036950 1.151076
0.037000 1.017992
0.037050 1.113664
0.037100 0.902139
0.037150 1.064753
0.037200 0.970272
0.037250 1.021644
0.037300 0.976878
0.037350 0.997026
0.037400 0.918405
0.037450 1.012737
0.037500 1.092445
0.037550 0.980729
0.037600 1.022949
0.037650 1.037457
0.037700 0.914630
0.037750 0.960676
0.037800 1.093978
0.037850 0.981476
0.037900 0.960384
0.037950 0.908826
0.038000 1.019936
0.038050 0.928048
0.038100 1.005964
0.038150 0.876396
0.038200 1.009496
0.038250 0.966956
0.038300 0.947276
0.038350 0.985904
0.038400 0.953183
0.038450 0.883391
0.038500 1.023827
0.038550 0.934771
0.038600 0.904133
0.038650 0.920607
0.038700 0.892212
0.038750 0.861396
0.038800 0.990540
0.038850 0.879020
0.038900 0.949372
0.038950 0.772752
0.039000 0.982845
0.039050 0.973239
0.039100 0.931509
0.039150 1.057411
0.039200 1.037801
0.039250 0.918309
0.039300 1.011653
0.039350 0.965105
0.039400 1.043057
0.039450 1.015461
0.039500 0.985402
0.039550 0.925148
0.039600 0.865474
0.039650 0.896106
0.039700 0.946745
0.039750 0.999183
0.039800 0.906780
0.039850 0.995988
0.039900 0.945722
0.039950 0.976882
0.040000 0.911253
0.040050 0.969703
0.040100 0.891877
0.040150 0.948847
0.040200 0.947280
0.040250 0.881242
0.040300 0.909392
0.040350 0.924734
0.040400 0.897271
0.040450 0.871341
0.040500 0.951571
0.040550 0.913561
0.040600 0.921766
0.040650 0.943040
0.040700 1.024717
0.040750 0.909237
0.040800 0.897922
0.040850 0.938932
0.040900 0.937519
0.040950 0.887735
0.041000 0.937124
0.041050 0.814088
0.041100 0.870854
0.041150 0.866042
0.041200 0.960227
0.041250 0.825141
0.041300 0.926927
0.041350 0.846109
0.041400 0.870295
0.041450 0.849763
0.041500 0.874045
0.041550 0.818557
0.041600 0.861177
0.041650 0.851423
0.041700 0.890078
0.041750 0.984062
0.041800 0.956195
0.041850 0.903939
0.041900 0.936248
0.041950 0.808246
0.042000 0.795017
0.042050 0.893741
0.042100 0.898415
0.042150 0.833067
0.042200 0.863830
0.042250 0.879488
0.042300 0.922319
0.042350 1.049267
0.042400 0.923675
0.042450 0.842701
0.042500 0.893359
0.042550 0.913537
0.042600 0.909915
0.042650 0.838827
0.042700 0.942777
0.042750 0.853649
0.042800 0.798501
0.042850 0.881311
0.042900 0.798637
0.042950 0.839527
0.043000 0.870241
0.043050 0.894179
0.043100 0.825872
0.043150 0.760796
0.043200 0.773357
0.043250 0.840533
0.043300 0.886280
0.043350 0.926990
0.043400 0.933962
0.043450 0.853970
0.043500 0.912203
0.043550 0.843337
0.043600 0.860673
0.043650 0.926151
0.043700 0.976991
0.043750 0.831793
0.043800 0.821167
0.043850 0.792957
0.043900 0.843773
0.043950 0.753095
0.044000 0.797794
0.044050 0.836484
0.044100 0.884148
0.044150 0.769330
0.044200 0.782459
0.044250 0.769951
0.044300 0.832808
0.044350 0.895002
0.044400 0.838292
0.044450 0.862392
0.044500 0.845599
0.044550 0.887633
0.044600 0.845878
0.044650 0.772704
0.044700 0.791481
0.044750 0.832733
0.044800 0.895663
0.044850 0.817829
0.044900 0.839535
0.044950 0.795625
0.045000 0.770501
0.045050 0.795817
0.045100 0.902499
0.045150 0.792587
0.045200 0.896806
0.045250 0.879072
0.045300 0.854941
0.045350 0.828017
0.045400 0.858282
0.045450 0.805848
0.045500 0.855284
0.045550 0.831022
0.045600 0.887035
0.045650 0.681839
0.045700 0.879495
0.045750 0.804843
0.045800 0.842748
0.045850 0.820200
0.045900 0.740611
0.045950 0.802453
0.046000 0.698728
0.046050 0.770778
0.046100 0.855073
0.046150 0.752081
0.046200 0.850415
0.046250 0.780547
0.046300 0.812433
0.046350 0.749777
0.046400 0.918250
0.046450 0.845478
0.046500 0.847892
0.046550 0.793472
0.046600 0.758480
0.046650 0.778492
0.046700 0.792969
0.046750 0.822479
0.046800 0.823047
0.046850 0.793611
0.046900 0.760335
0.046950 0.806863
0.047000 0.797090
0.047050 0.745848
0.047100 0.877395
0.047150 0.770539
0.047200 0.780533
0.047250 0.790569
0.047300 0.788336
0.047350 0.818338
0.047400 0.809536
0.047450 0.828266
0.047500 0.730092
0.047550 0.813450
0.047600 0.774144
0.047650 0.672714
0.047700 0.908090
0.047750 0.851680
0.047800 0.686004
0.047850 0.795722
0.047900 0.713994
0.047950 0.780820
0.048000 0.786361
0.048050 0.835219
0.048100 0.769642
0.048150 0.684590
0.048200 0.825093
0.048250 0.880069
0.048300 0.766000
0.048350 0.707730
0.048400 0.804329
0.048450 0.721787
0.048500 0.839025
0.048550 0.808891
0.048600 0.855540
0.048650 0.778644
0.048700 0.953070
0.048750 0.814746
0.048800 0.841118
0.048850 0.716968
0.048900 0.802931
0.048950 0.729427
0.049000 0.787161
0.049050 0.798927
0.049100 0.827449
0.049150 0.750779
0.049200 0.602964
0.049250 0.631202
0.049300 0.811534
0.049350 0.688120
0.049400 0.640493
0.049450 0.766971
0.049500 0.788796
0.049550 0.773000
0.049600 0.788941
0.049650 0.771143
0.049700 0.762255
0.049750 0.723469
0.049800 0.762341
0.049850 0.741459
0.049900 0.688555
