0.00000	15.30000
0.00005	1.22400
0.00010	8.56800
0.00015	3.06000
0.00020	4.89600
0.00025	2.44800
0.00030	8.56800
0.00035	16.52400
0.00040	3.06000
0.00045	7.95600
0.00050	6.73200
0.00055	9.79200
0.00060	5.50800
0.00065	15.91200
0.00070	2.44800
0.00075	6.73200
0.00080	3.67200
0.00085	12.24000
0.00090	4.89600
0.00095	25.09200
0.00100	20.80800
0.00105	12.85200
0.00110	15.91200
0.00115	31.21200
0.00120	18.97200
0.00125	62.42400
0.00130	43.45200
0.00135	39.78000
0.00140	99.14400
0.00145	123.01200
0.00150	116.89200
0.00155	212.97600
0.00160	313.95600
0.00165	342.10800
0.00170	482.25600
0.00175	726.44400
0.00180	932.68800
0.00185	974.91600
0.00190	1211.76000
0.00195	1435.75200
0.00200	1411.27200
0.00205	1906.38000
0.00210	1922.29200
0.00215	1993.28400
0.00220	2037.34800
0.00225	2076.51600
0.00230	1865.98800
0.00235	2020.21200
0.00240	1820.70000
0.00245	1460.23200
0.00250	1374.55200
0.00255	1174.42800
0.00260	1124.24400
0.00265	1004.90400
0.00270	952.27200
0.00275	798.66000
0.00280	722.77200
0.00285	614.44800
0.00290	581.40000
0.00295	512.85600
0.00300	438.80400
0.00305	495.72000
0.00310	476.74800
0.00315	344.55600
0.00320	406.36800
0.00325	354.96000
0.00330	323.74800
0.00335	395.35200
0.00340	276.62400
0.00345	269.28000
0.00350	268.05600
0.00355	238.06800
0.00360	234.39600
0.00365	231.33600
0.00370	202.57200
0.00375	137.70000
0.00380	186.04800
0.00385	178.70400
0.00390	147.49200
0.00395	121.78800
0.00400	149.32800
0.00405	135.86400
0.00410	197.06400
0.00415	116.28000
0.00420	121.17600
0.00425	144.43200
0.00430	152.38800
0.00435	114.44400
0.00440	127.90800
0.00445	160.95600
0.00450	84.45600
0.00455	117.50400
0.00460	105.87600
0.00465	116.89200
0.00470	117.50400
0.00475	117.50400
0.00480	125.46000
0.00485	116.89200
0.00490	134.64000
0.00495	118.72800
0.00500	116.28000
0.00505	109.54800
0.00510	113.22000
0.00515	96.69600
0.00520	99.75600
0.00525	86.29200
0.00530	62.42400
0.00535	75.88800
0.00540	86.29200
0.00545	92.41200
0.00550	104.04000
0.00555	84.45600
0.00560	96.08400
0.00565	104.04000
0.00570	111.99600
0.00575	59.97600
0.00580	102.81600
0.00585	72.21600
0.00590	67.93200
0.00595	67.93200
0.00600	68.54400
0.00605	92.41200
0.00610	85.68000
0.00615	86.90400
0.00620	45.90000
0.00625	61.81200
0.00630	88.12800
0.00635	77.11200
0.00640	80.17200
0.00645	70.99200
0.00650	76.50000
0.00655	50.79600
0.00660	66.70800
0.00665	102.20400
0.00670	65.48400
0.00675	55.69200
0.00680	64.87200
0.00685	61.20000
0.00690	91.80000
0.00695	60.58800
0.00700	82.00800
0.00705	57.52800
0.00710	76.50000
0.00715	56.30400
0.00720	59.36400
0.00725	87.51600
0.00730	64.87200
0.00735	47.12400
0.00740	58.14000
0.00745	59.36400
0.00750	63.03600
0.00755	53.85600
0.00760	59.97600
0.00765	81.39600
0.00770	60.58800
0.00775	46.51200
0.00780	66.09600
0.00785	70.38000
0.00790	63.64800
0.00795	56.30400
0.00800	77.72400
0.00805	70.99200
0.00810	49.57200
0.00815	51.40800
0.00820	68.54400
0.00825	64.87200
0.00830	92.41200
0.00835	76.50000
0.00840	51.40800
0.00845	61.20000
0.00850	55.69200
0.00855	39.16800
0.00860	62.42400
0.00865	61.81200
0.00870	56.30400
0.00875	70.38000
0.00880	80.17200
0.00885	42.84000
0.00890	62.42400
0.00895	75.88800
0.00900	56.30400
0.00905	57.52800
0.00910	68.54400
0.00915	36.72000
0.00920	92.41200
0.00925	66.09600
0.00930	75.27600
0.00935	64.26000
0.00940	68.54400
0.00945	69.15600
0.00950	54.46800
0.00955	56.30400
0.00960	58.75200
0.00965	46.51200
0.00970	59.36400
0.00975	45.90000
0.00980	42.84000
0.00985	58.14000
0.00990	74.05200
0.00995	84.45600
0.01000	75.27600
0.01005	46.51200
0.01010	33.66000
0.01015	39.78000
0.01020	37.94400
0.01025	42.22800
0.01030	50.18400
0.01035	55.08000
0.01040	34.88400
0.01045	47.12400
0.01050	63.64800
0.01055	73.44000
0.01060	60.58800
0.01065	52.63200
0.01070	31.21200
0.01075	77.11200
0.01080	47.73600
0.01085	45.28800
0.01090	76.50000
0.01095	29.98800
0.01100	42.84000
0.01105	65.48400
0.01110	58.14000
0.01115	74.66400
0.01120	55.69200
0.01125	42.22800
0.01130	44.67600
0.01135	42.22800
0.01140	72.21600
0.01145	66.09600
0.01150	55.69200
0.01155	64.87200
0.01160	64.26000
0.01165	64.26000
0.01170	58.14000
0.01175	69.15600
0.01180	67.32000
0.01185	62.42400
0.01190	57.52800
0.01195	56.91600
0.01200	62.42400
0.01205	50.79600
0.01210	91.80000
0.01215	45.90000
0.01220	61.20000
0.01225	85.06800
0.01230	43.45200
0.01235	39.16800
0.01240	67.32000
0.01245	72.21600
0.01250	56.30400
0.01255	44.67600
0.01260	64.26000
0.01265	31.21200
0.01270	58.75200
0.01275	42.22800
0.01280	32.43600
0.01285	45.28800
0.01290	25.70400
0.01295	52.63200
0.01300	51.40800
0.01305	41.61600
0.01310	48.34800
0.01315	73.44000
0.01320	59.36400
0.01325	42.22800
0.01330	23.25600
0.01335	49.57200
0.01340	66.09600
0.01345	34.27200
0.01350	31.82400
0.01355	47.73600
0.01360	54.46800
0.01365	63.64800
0.01370	54.46800
0.01375	37.33200
0.01380	83.23200
0.01385	64.87200
0.01390	77.72400
0.01395	62.42400
0.01400	53.24400
0.01405	69.76800
0.01410	28.76400
0.01415	33.04800
0.01420	41.61600
0.01425	26.92800
0.01430	50.18400
0.01435	62.42400
0.01440	78.94800
0.01445	56.30400
0.01450	44.06400
0.01455	50.79600
0.01460	38.55600
0.01465	59.97600
0.01470	46.51200
0.01475	66.09600
0.01480	58.75200
0.01485	40.39200
0.01490	33.66000
0.01495	34.88400
0.01500	73.44000
0.01505	31.21200
0.01510	40.39200
0.01515	28.15200
0.01520	37.33200
0.01525	47.73600
0.01530	55.69200
0.01535	57.52800
0.01540	59.97600
0.01545	36.10800
0.01550	77.72400
0.01555	28.15200
0.01560	26.92800
0.01565	44.67600
0.01570	41.61600
0.01575	31.21200
0.01580	46.51200
0.01585	58.14000
0.01590	76.50000
0.01595	26.31600
0.01600	64.26000
0.01605	40.39200
0.01610	28.15200
0.01615	61.81200
0.01620	37.33200
0.01625	33.04800
0.01630	62.42400
0.01635	57.52800
0.01640	23.86800
0.01645	47.12400
0.01650	36.10800
0.01655	45.90000
0.01660	46.51200
0.01665	48.96000
0.01670	61.81200
0.01675	53.85600
0.01680	36.72000
0.01685	31.21200
0.01690	39.16800
0.01695	76.50000
0.01700	58.75200
0.01705	45.28800
0.01710	59.36400
0.01715	48.34800
0.01720	74.66400
0.01725	40.39200
0.01730	19.58400
0.01735	33.04800
0.01740	49.57200
0.01745	58.14000
0.01750	59.36400
0.01755	58.75200
0.01760	33.66000
0.01765	58.75200
0.01770	63.64800
0.01775	36.10800
0.01780	44.06400
0.01785	18.36000
0.01790	48.34800
0.01795	41.00400
0.01800	31.21200
0.01805	52.02000
0.01810	36.10800
0.01815	43.45200
0.01820	50.79600
0.01825	48.34800
0.01830	59.36400
0.01835	45.28800
0.01840	46.51200
0.01845	70.38000
0.01850	58.75200
0.01855	52.02000
0.01860	42.22800
0.01865	43.45200
0.01870	50.79600
0.01875	45.28800
0.01880	31.82400
0.01885	66.09600
0.01890	18.36000
0.01895	46.51200
0.01900	30.60000
0.01905	40.39200
0.01910	61.20000
0.01915	71.60400
0.01920	56.30400
0.01925	47.12400
0.01930	39.16800
0.01935	40.39200
0.01940	29.37600
0.01945	47.12400
0.01950	58.14000
0.01955	36.10800
0.01960	39.16800
0.01965	47.12400
0.01970	31.21200
0.01975	29.37600
0.01980	52.02000
0.01985	61.81200
0.01990	29.98800
0.01995	33.04800
0.02000	29.37600
0.02005	44.06400
0.02010	44.67600
0.02015	48.34800
0.02020	38.55600
0.02025	29.37600
0.02030	42.22800
0.02035	28.15200
0.02040	26.31600
0.02045	39.16800
0.02050	40.39200
0.02055	39.78000
0.02060	60.58800
0.02065	44.67600
0.02070	34.88400
0.02075	22.64400
0.02080	45.90000
0.02085	43.45200
0.02090	36.72000
0.02095	23.25600
0.02100	20.80800
0.02105	37.94400
0.02110	39.78000
0.02115	73.44000
0.02120	54.46800
0.02125	65.48400
0.02130	48.96000
0.02135	43.45200
0.02140	36.10800
0.02145	54.46800
0.02150	44.06400
0.02155	43.45200
0.02160	38.55600
0.02165	41.61600
0.02170	106.48800
0.02175	70.38000
0.02180	53.85600
0.02185	71.60400
0.02190	51.40800
0.02195	31.21200
0.02200	23.25600
0.02205	42.22800
0.02210	52.63200
0.02215	42.84000
0.02220	22.64400
0.02225	59.36400
0.02230	47.12400
0.02235	48.96000
0.02240	29.37600
0.02245	48.34800
0.02250	31.21200
0.02255	64.87200
0.02260	47.73600
0.02265	29.37600
0.02270	41.00400
0.02275	39.16800
0.02280	47.12400
0.02285	64.87200
0.02290	37.94400
0.02295	52.02000
0.02300	43.45200
0.02305	23.86800
0.02310	33.66000
0.02315	26.31600
0.02320	33.04800
0.02325	36.10800
0.02330	40.39200
0.02335	35.49600
0.02340	31.21200
0.02345	36.10800
0.02350	39.78000
0.02355	39.16800
0.02360	31.21200
0.02365	32.43600
0.02370	34.88400
0.02375	31.21200
0.02380	66.09600
0.02385	41.61600
0.02390	30.60000
0.02395	23.25600
0.02400	22.03200
0.02405	41.00400
0.02410	23.25600
0.02415	40.39200
0.02420	37.94400
0.02425	28.76400
0.02430	20.80800
0.02435	33.66000
0.02440	32.43600
0.02445	15.91200
0.02450	37.94400
0.02455	23.25600
0.02460	23.86800
0.02465	33.66000
0.02470	42.22800
0.02475	59.36400
0.02480	37.33200
0.02485	26.31600
0.02490	27.54000
0.02495	52.63200
0.02500	20.80800
0.02505	55.69200
0.02510	27.54000
0.02515	34.88400
0.02520	53.24400
0.02525	34.88400
0.02530	23.25600
0.02535	36.72000
0.02540	52.63200
0.02545	50.79600
0.02550	49.57200
0.02555	34.27200
0.02560	37.94400
0.02565	39.16800
0.02570	50.79600
0.02575	54.46800
0.02580	34.27200
0.02585	25.09200
0.02590	33.04800
0.02595	50.18400
0.02600	36.72000
0.02605	28.15200
0.02610	34.88400
0.02615	37.94400
0.02620	36.72000
0.02625	47.12400
0.02630	26.31600
0.02635	30.60000
0.02640	46.51200
0.02645	50.79600
0.02650	37.33200
0.02655	27.54000
0.02660	52.02000
0.02665	25.09200
0.02670	25.09200
0.02675	23.25600
0.02680	42.22800
0.02685	42.22800
0.02690	20.80800
0.02695	20.19600
0.02700	44.06400
0.02705	49.57200
0.02710	36.10800
0.02715	30.60000
0.02720	11.62800
0.02725	31.21200
0.02730	45.90000
0.02735	45.28800
0.02740	37.94400
0.02745	53.24400
0.02750	32.43600
0.02755	34.27200
0.02760	23.25600
0.02765	44.67600
0.02770	36.10800
0.02775	52.63200
0.02780	32.43600
0.02785	27.54000
0.02790	25.70400
0.02795	43.45200
0.02800	38.55600
0.02805	20.80800
0.02810	39.16800
0.02815	39.78000
0.02820	32.43600
0.02825	36.72000
0.02830	39.16800
0.02835	31.82400
0.02840	22.64400
0.02845	52.02000
0.02850	42.22800
0.02855	18.97200
0.02860	33.66000
0.02865	30.60000
0.02870	36.10800
0.02875	28.76400
0.02880	29.37600
0.02885	29.98800
0.02890	28.15200
0.02895	28.76400
0.02900	20.80800
0.02905	33.04800
0.02910	45.28800
0.02915	29.98800
0.02920	33.04800
0.02925	36.10800
0.02930	47.12400
0.02935	24.48000
0.02940	39.16800
0.02945	33.66000
0.02950	37.33200
0.02955	22.03200
0.02960	42.22800
0.02965	19.58400
0.02970	22.03200
0.02975	31.82400
0.02980	17.74800
0.02985	40.39200
0.02990	41.00400
0.02995	46.51200
0.03000	64.87200
0.03005	45.90000
0.03010	36.72000
0.03015	28.15200
0.03020	40.39200
0.03025	44.67600
0.03030	42.22800
0.03035	10.40400
0.03040	19.58400
0.03045	22.64400
0.03050	33.04800
0.03055	17.74800
0.03060	29.98800
0.03065	17.13600
0.03070	26.31600
0.03075	26.31600
0.03080	34.27200
0.03085	18.97200
0.03090	48.96000
0.03095	59.36400
0.03100	34.88400
0.03105	46.51200
0.03110	25.70400
0.03115	22.64400
0.03120	40.39200
0.03125	34.27200
0.03130	40.39200
0.03135	61.81200
0.03140	33.66000
0.03145	36.10800
0.03150	46.51200
0.03155	47.12400
0.03160	33.04800
0.03165	33.04800
0.03170	31.82400
0.03175	16.52400
0.03180	24.48000
0.03185	25.70400
0.03190	39.16800
0.03195	42.84000
0.03200	49.57200
0.03205	17.13600
0.03210	28.15200
0.03215	29.98800
0.03220	39.78000
0.03225	32.43600
0.03230	39.78000
0.03235	33.04800
0.03240	42.22800
0.03245	22.03200
0.03250	45.90000
0.03255	38.55600
0.03260	23.25600
0.03265	23.86800
0.03270	37.33200
0.03275	50.79600
0.03280	35.49600
0.03285	23.25600
0.03290	41.00400
0.03295	31.82400
0.03300	67.32000
0.03305	46.51200
0.03310	41.00400
0.03315	28.15200
0.03320	20.80800
0.03325	36.72000
0.03330	27.54000
0.03335	21.42000
0.03340	25.09200
0.03345	23.25600
0.03350	27.54000
0.03355	21.42000
0.03360	39.16800
0.03365	58.75200
0.03370	40.39200
0.03375	36.72000
0.03380	30.60000
0.03385	34.27200
0.03390	27.54000
0.03395	44.06400
0.03400	14.07600
0.03405	29.37600
0.03410	48.34800
0.03415	33.04800
0.03420	36.10800
0.03425	19.58400
0.03430	32.43600
0.03435	38.55600
0.03440	12.24000
0.03445	33.66000
0.03450	50.18400
0.03455	32.43600
0.03460	31.21200
0.03465	20.80800
0.03470	42.22800
0.03475	37.94400
0.03480	29.98800
0.03485	55.69200
0.03490	43.45200
0.03495	48.96000
0.03500	29.37600
0.03505	64.87200
0.03510	39.16800
0.03515	64.87200
0.03520	46.51200
0.03525	23.25600
0.03530	42.22800
0.03535	19.58400
0.03540	21.42000
0.03545	33.66000
0.03550	34.27200
0.03555	22.64400
0.03560	25.70400
0.03565	33.04800
0.03570	25.09200
0.03575	44.06400
0.03580	29.98800
0.03585	31.21200
0.03590	29.37600
0.03595	29.98800
0.03600	16.52400
0.03605	39.78000
0.03610	56.91600
0.03615	31.82400
0.03620	35.49600
0.03625	26.31600
0.03630	17.13600
0.03635	26.31600
0.03640	49.57200
0.03645	45.90000
0.03650	59.97600
0.03655	42.22800
0.03660	37.33200
0.03665	33.66000
0.03670	35.49600
0.03675	27.54000
0.03680	32.43600
0.03685	25.09200
0.03690	31.82400
0.03695	44.06400
0.03700	13.46400
0.03705	28.76400
0.03710	18.97200
0.03715	44.67600
0.03720	26.31600
0.03725	33.04800
0.03730	28.15200
0.03735	51.40800
0.03740	27.54000
0.03745	29.98800
0.03750	38.55600
0.03755	21.42000
0.03760	26.92800
0.03765	25.09200
0.03770	39.78000
0.03775	34.88400
0.03780	56.91600
0.03785	30.60000
0.03790	32.43600
0.03795	43.45200
0.03800	15.30000
0.03805	35.49600
0.03810	17.13600
0.03815	20.19600
0.03820	27.54000
0.03825	22.64400
0.03830	28.15200
0.03835	26.31600
0.03840	53.24400
0.03845	26.92800
0.03850	33.66000
0.03855	16.52400
0.03860	33.66000
0.03865	36.72000
0.03870	26.92800
0.03875	50.79600
0.03880	44.67600
0.03885	18.36000
0.03890	49.57200
0.03895	47.12400
0.03900	33.66000
0.03905	33.66000
0.03910	21.42000
0.03915	31.82400
0.03920	18.36000
0.03925	38.55600
0.03930	38.55600
0.03935	39.16800
0.03940	40.39200
0.03945	22.03200
0.03950	26.31600
0.03955	48.34800
0.03960	37.33200
0.03965	40.39200
0.03970	58.14000
0.03975	44.67600
0.03980	40.39200
0.03985	44.67600
0.03990	34.27200
0.03995	27.54000
0.04000	26.31600
0.04005	21.42000
0.04010	44.06400
0.04015	48.34800
0.04020	40.39200
0.04025	47.12400
0.04030	35.49600
0.04035	48.34800
0.04040	36.10800
0.04045	23.86800
0.04050	41.00400
0.04055	43.45200
0.04060	25.70400
0.04065	50.79600
0.04070	72.82800
0.04075	22.03200
0.04080	26.92800
0.04085	47.12400
0.04090	20.80800
0.04095	30.60000
0.04100	22.64400
0.04105	19.58400
0.04110	22.64400
0.04115	42.22800
0.04120	19.58400
0.04125	39.78000
0.04130	48.96000
0.04135	26.92800
0.04140	21.42000
0.04145	50.79600
0.04150	70.99200
0.04155	48.34800
0.04160	38.55600
0.04165	34.88400
0.04170	16.52400
0.04175	26.92800
0.04180	39.16800
0.04185	33.66000
0.04190	19.58400
0.04195	23.86800
0.04200	39.78000
0.04205	18.97200
0.04210	39.78000
0.04215	23.25600
0.04220	22.64400
0.04225	25.70400
0.04230	28.76400
0.04235	39.16800
0.04240	48.34800
0.04245	35.49600
0.04250	12.24000
0.04255	33.66000
0.04260	38.55600
0.04265	34.88400
0.04270	11.62800
0.04275	20.19600
0.04280	20.80800
0.04285	47.12400
0.04290	27.54000
0.04295	41.00400
0.04300	28.76400
0.04305	31.21200
0.04310	17.74800
0.04315	23.25600
0.04320	16.52400
0.04325	22.64400
0.04330	39.16800
0.04335	21.42000
0.04340	19.58400
0.04345	21.42000
0.04350	12.85200
0.04355	29.98800
0.04360	28.15200
0.04365	21.42000
0.04370	42.22800
0.04375	48.96000
0.04380	39.16800
0.04385	64.87200
0.04390	22.03200
0.04395	24.48000
0.04400	22.64400
0.04405	36.10800
0.04410	51.40800
0.04415	42.84000
0.04420	22.64400
0.04425	39.16800
0.04430	31.82400
0.04435	38.55600
0.04440	26.92800
0.04445	31.82400
0.04450	15.91200
0.04455	20.80800
0.04460	41.00400
0.04465	49.57200
0.04470	35.49600
0.04475	47.73600
0.04480	21.42000
0.04485	45.90000
0.04490	30.60000
0.04495	33.66000
0.04500	20.80800
0.04505	25.09200
0.04510	32.43600
0.04515	26.31600
0.04520	34.27200
0.04525	60.58800
0.04530	23.86800
0.04535	48.96000
0.04540	54.46800
0.04545	12.24000
0.04550	9.79200
0.04555	43.45200
0.04560	32.43600
0.04565	21.42000
0.04570	25.09200
0.04575	24.48000
0.04580	44.06400
0.04585	7.95600
0.04590	19.58400
0.04595	39.16800
0.04600	48.34800
0.04605	26.92800
0.04610	33.04800
0.04615	22.03200
0.04620	39.78000
0.04625	38.55600
0.04630	31.82400
0.04635	41.61600
0.04640	22.03200
0.04645	33.04800
0.04650	21.42000
0.04655	51.40800
0.04660	28.76400
0.04665	22.64400
0.04670	23.25600
0.04675	39.16800
0.04680	34.27200
0.04685	20.19600
0.04690	18.36000
0.04695	56.91600
0.04700	32.43600
0.04705	39.16800
0.04710	42.84000
0.04715	22.03200
0.04720	27.54000
0.04725	33.04800
0.04730	22.64400
0.04735	22.64400
0.04740	24.48000
0.04745	47.12400
0.04750	50.79600
0.04755	23.25600
0.04760	38.55600
0.04765	10.40400
0.04770	29.98800
0.04775	34.88400
0.04780	29.37600
0.04785	64.87200
0.04790	36.72000
0.04795	23.86800
0.04800	26.92800
0.04805	28.76400
0.04810	59.36400
0.04815	40.39200
0.04820	26.92800
0.04825	22.64400
0.04830	41.61600
0.04835	27.54000
0.04840	28.15200
0.04845	18.36000
0.04850	28.15200
0.04855	39.78000
0.04860	31.21200
0.04865	50.18400
0.04870	9.79200
0.04875	25.09200
0.04880	26.92800
0.04885	26.92800
0.04890	31.21200
0.04895	31.21200
0.04900	16.52400
0.04905	7.34400
0.04910	40.39200
0.04915	10.40400
0.04920	52.02000
0.04925	26.92800
0.04930	32.43600
0.04935	37.33200
0.04940	23.86800
0.04945	36.10800
0.04950	37.33200
0.04955	41.61600
0.04960	30.60000
0.04965	22.03200
0.04970	24.48000
0.04975	30.60000
0.04980	44.67600
0.04985	37.33200
0.04990	14.68800
0.04995	16.52400
0.05000	26.92800
0.05005	12.85200
0.05010	19.58400
0.05015	45.90000
0.05020	27.54000
0.05025	29.98800
0.05030	25.70400
0.05035	16.52400
0.05040	21.42000
0.05045	31.21200
0.05050	15.91200
0.05055	8.56800
0.05060	12.24000
0.05065	32.43600
0.05070	48.34800
0.05075	23.25600
0.05080	12.24000
0.05085	13.46400
0.05090	28.15200
0.05095	42.22800
0.05100	36.72000
0.05105	25.70400
0.05110	14.68800
0.05115	18.97200
0.05120	20.19600
0.05125	36.72000
0.05130	29.98800
0.05135	23.25600
0.05140	37.33200
0.05145	18.97200
0.05150	18.97200
0.05155	30.60000
0.05160	18.36000
0.05165	43.45200
0.05170	22.03200
0.05175	33.04800
0.05180	39.78000
0.05185	19.58400
0.05190	24.48000
0.05195	52.63200
0.05200	34.88400
0.05205	41.00400
0.05210	25.70400
0.05215	27.54000
0.05220	23.25600
0.05225	47.12400
0.05230	17.74800
0.05235	47.73600
0.05240	39.78000
0.05245	24.48000
0.05250	29.98800
0.05255	48.34800
0.05260	36.10800
0.05265	29.37600
0.05270	28.15200
0.05275	39.16800
0.05280	39.78000
0.05285	36.72000
0.05290	31.82400
0.05295	22.64400
0.05300	34.88400
0.05305	27.54000
0.05310	22.03200
0.05315	22.64400
0.05320	8.56800
0.05325	23.86800
0.05330	8.56800
0.05335	14.68800
0.05340	17.13600
0.05345	59.36400
0.05350	14.68800
0.05355	35.49600
0.05360	40.39200
0.05365	30.60000
0.05370	31.21200
0.05375	7.34400
0.05380	22.64400
0.05385	36.10800
0.05390	40.39200
0.05395	20.80800
0.05400	13.46400
0.05405	24.48000
0.05410	54.46800
0.05415	39.78000
0.05420	30.60000
0.05425	22.03200
0.05430	30.60000
0.05435	33.04800
0.05440	13.46400
0.05445	36.72000
0.05450	21.42000
0.05455	30.60000
0.05460	30.60000
0.05465	31.21200
0.05470	42.22800
0.05475	39.16800
0.05480	20.19600
0.05485	34.88400
0.05490	26.92800
0.05495	23.25600
0.05500	30.60000
0.05505	22.64400
0.05510	49.57200
0.05515	28.76400
0.05520	28.15200
0.05525	22.03200
0.05530	28.15200
0.05535	39.16800
0.05540	33.04800
0.05545	37.33200
0.05550	26.31600
0.05555	14.68800
0.05560	31.82400
0.05565	22.03200
0.05570	36.10800
0.05575	14.07600
0.05580	22.64400
0.05585	19.58400
0.05590	21.42000
0.05595	21.42000
0.05600	33.66000
0.05605	3.67200
0.05610	22.03200
0.05615	28.76400
0.05620	10.40400
0.05625	56.91600
0.05630	32.43600
0.05635	18.97200
0.05640	20.19600
0.05645	22.64400
0.05650	23.86800
0.05655	32.43600
0.05660	21.42000
0.05665	46.51200
0.05670	44.67600
0.05675	17.74800
0.05680	9.18000
0.05685	27.54000
0.05690	23.25600
0.05695	22.03200
0.05700	24.48000
0.05705	45.28800
0.05710	28.76400
0.05715	26.31600
0.05720	42.22800
0.05725	22.64400
0.05730	25.70400
0.05735	20.80800
0.05740	29.37600
0.05745	32.43600
0.05750	31.21200
0.05755	28.15200
0.05760	50.18400
0.05765	22.03200
0.05770	20.19600
0.05775	34.88400
0.05780	28.15200
0.05785	26.31600
0.05790	25.09200
0.05795	23.86800
0.05800	25.09200
0.05805	31.82400
0.05810	26.92800
0.05815	13.46400
0.05820	20.19600
0.05825	22.03200
0.05830	13.46400
0.05835	28.76400
0.05840	34.27200
0.05845	22.64400
0.05850	35.49600
0.05855	21.42000
0.05860	15.30000
0.05865	38.55600
0.05870	31.82400
0.05875	25.09200
0.05880	31.82400
0.05885	32.43600
0.05890	37.33200
0.05895	18.97200
0.05900	23.25600
0.05905	13.46400
0.05910	14.07600
0.05915	23.25600
0.05920	37.94400
0.05925	13.46400
0.05930	26.31600
0.05935	33.04800
0.05940	23.86800
0.05945	6.73200
0.05950	22.03200
0.05955	18.36000
0.05960	29.37600
0.05965	22.03200
0.05970	23.25600
0.05975	20.80800
0.05980	25.70400
0.05985	47.12400
0.05990	39.78000
0.05995	27.54000
0.06000	11.01600
0.06005	45.28800
0.06010	33.66000
0.06015	17.74800
0.06020	20.19600
0.06025	22.03200
0.06030	17.13600
0.06035	26.92800
0.06040	11.01600
0.06045	22.03200
0.06050	22.03200
0.06055	45.90000
0.06060	28.15200
0.06065	14.68800
0.06070	38.55600
0.06075	29.37600
0.06080	33.04800
0.06085	29.98800
0.06090	13.46400
0.06095	10.40400
0.06100	33.04800
0.06105	14.07600
0.06110	18.36000
0.06115	26.92800
0.06120	20.80800
0.06125	39.78000
0.06130	34.88400
0.06135	42.22800
0.06140	25.70400
0.06145	67.32000
0.06150	12.85200
0.06155	24.48000
0.06160	28.76400
0.06165	12.24000
0.06170	26.31600
0.06175	18.97200
0.06180	29.37600
0.06185	29.37600
0.06190	41.00400
0.06195	23.86800
0.06200	14.68800
0.06205	24.48000
0.06210	34.88400
0.06215	38.55600
0.06220	25.09200
0.06225	16.52400
0.06230	14.68800
0.06235	33.66000
0.06240	21.42000
0.06245	39.16800
0.06250	24.48000
0.06255	16.52400
0.06260	15.30000
0.06265	32.43600
0.06270	35.49600
0.06275	40.39200
0.06280	57.52800
0.06285	12.24000
0.06290	22.64400
0.06295	31.21200
0.06300	15.91200
0.06305	11.62800
0.06310	33.66000
0.06315	30.60000
0.06320	37.33200
0.06325	39.78000
0.06330	47.12400
0.06335	47.73600
0.06340	28.76400
0.06345	34.88400
0.06350	15.30000
0.06355	32.43600
0.06360	31.21200
0.06365	15.30000
0.06370	16.52400
0.06375	19.58400
0.06380	42.22800
0.06385	27.54000
0.06390	44.67600
0.06395	7.34400
0.06400	37.33200
0.06405	31.82400
0.06410	43.45200
0.06415	37.94400
0.06420	56.91600
0.06425	17.13600
0.06430	50.18400
0.06435	20.19600
0.06440	39.16800
0.06445	36.10800
0.06450	33.04800
0.06455	21.42000
0.06460	28.15200
0.06465	34.88400
0.06470	39.16800
0.06475	34.27200
0.06480	39.78000
0.06485	6.12000
0.06490	70.99200
0.06495	11.01600
0.06500	49.57200
0.06505	27.54000
0.06510	58.75200
0.06515	27.54000
0.06520	14.07600
0.06525	29.37600
0.06530	25.70400
0.06535	31.21200
0.06540	33.66000
0.06545	45.28800
0.06550	38.55600
0.06555	25.09200
0.06560	32.43600
0.06565	13.46400
0.06570	37.94400
0.06575	32.43600
0.06580	39.16800
0.06585	45.28800
0.06590	38.55600
0.06595	27.54000
0.06600	47.73600
0.06605	32.43600
0.06610	28.76400
0.06615	33.04800
0.06620	28.15200
0.06625	34.88400
0.06630	14.68800
0.06635	55.08000
0.06640	23.86800
0.06645	35.49600
0.06650	47.12400
0.06655	25.09200
0.06660	26.31600
0.06665	48.96000
0.06670	42.84000
0.06675	55.69200
0.06680	30.60000
0.06685	29.37600
0.06690	62.42400
0.06695	65.48400
0.06700	23.25600
0.06705	46.51200
0.06710	24.48000
0.06715	24.48000
0.06720	23.86800
0.06725	33.04800
0.06730	24.48000
0.06735	18.97200
0.06740	59.36400
0.06745	18.97200
0.06750	30.60000
0.06755	41.61600
0.06760	60.58800
0.06765	16.52400
0.06770	26.92800
0.06775	35.49600
0.06780	38.55600
0.06785	12.85200
0.06790	61.20000
0.06795	52.02000
0.06800	24.48000
0.06805	26.92800
0.06810	42.22800
0.06815	37.94400
0.06820	40.39200
0.06825	29.37600
0.06830	18.36000
0.06835	36.72000
0.06840	11.01600
0.06845	25.09200
0.06850	14.07600
0.06855	27.54000
0.06860	16.52400
0.06865	36.72000
0.06870	58.75200
0.06875	9.18000
0.06880	36.10800
0.06885	36.72000
0.06890	25.70400
0.06895	28.76400
0.06900	27.54000
0.06905	34.27200
0.06910	15.91200
0.06915	41.00400
0.06920	48.96000
0.06925	33.04800
0.06930	27.54000
0.06935	25.70400
0.06940	35.49600
0.06945	23.25600
0.06950	21.42000
0.06955	27.54000
0.06960	18.97200
0.06965	35.49600
0.06970	20.80800
0.06975	12.24000
0.06980	41.00400
0.06985	32.43600
0.06990	23.86800
0.06995	39.16800
0.07000	17.13600
0.07005	18.36000
0.07010	13.46400
0.07015	15.30000
0.07020	36.10800
0.07025	16.52400
0.07030	31.82400
0.07035	10.40400
0.07040	31.82400
0.07045	23.25600
0.07050	23.25600
0.07055	27.54000
0.07060	13.46400
0.07065	33.04800
0.07070	20.80800
0.07075	27.54000
0.07080	20.80800
0.07085	41.61600
0.07090	23.25600
0.07095	31.82400
0.07100	31.82400
0.07105	23.25600
0.07110	24.48000
0.07115	23.25600
0.07120	26.31600
0.07125	33.04800
0.07130	29.98800
0.07135	32.43600
0.07140	35.49600
0.07145	45.28800
0.07150	28.76400
0.07155	14.07600
0.07160	23.86800
0.07165	24.48000
0.07170	15.30000
0.07175	41.00400
0.07180	33.66000
0.07185	13.46400
0.07190	27.54000
0.07195	31.21200
0.07200	20.19600
0.07205	22.03200
0.07210	25.09200
0.07215	15.91200
0.07220	36.10800
0.07225	36.72000
0.07230	44.06400
0.07235	21.42000
0.07240	33.66000
0.07245	20.80800
0.07250	15.91200
0.07255	21.42000
0.07260	7.34400
0.07265	24.48000
0.07270	30.60000
0.07275	23.25600
0.07280	19.58400
0.07285	25.70400
0.07290	7.34400
0.07295	22.03200
0.07300	18.36000
0.07305	14.68800
0.07310	17.13600
0.07315	42.84000
0.07320	28.76400
0.07325	18.36000
0.07330	15.30000
0.07335	8.56800
0.07340	43.45200
0.07345	22.03200
0.07350	37.94400
0.07355	33.66000
0.07360	26.92800
0.07365	11.62800
0.07370	31.21200
0.07375	20.80800
0.07380	10.40400
0.07385	34.27200
0.07390	34.88400
0.07395	26.92800
0.07400	39.78000
0.07405	12.85200
0.07410	35.49600
0.07415	33.66000
0.07420	16.52400
0.07425	28.76400
0.07430	33.66000
0.07435	41.00400
0.07440	20.19600
0.07445	45.90000
0.07450	22.03200
0.07455	21.42000
0.07460	22.03200
0.07465	23.86800
0.07470	29.37600
0.07475	17.74800
0.07480	53.85600
0.07485	17.74800
0.07490	31.21200
0.07495	47.12400
0.07500	23.86800
0.07505	22.64400
0.07510	42.22800
0.07515	22.03200
0.07520	29.98800
0.07525	47.12400
0.07530	12.85200
0.07535	33.66000
0.07540	38.55600
0.07545	19.58400
0.07550	27.54000
0.07555	36.72000
0.07560	17.74800
0.07565	22.03200
0.07570	33.66000
0.07575	49.57200
0.07580	14.07600
0.07585	25.09200
0.07590	37.33200
0.07595	68.54400
0.07600	19.58400
0.07605	31.82400
0.07610	41.61600
0.07615	47.73600
0.07620	22.03200
0.07625	25.09200
0.07630	11.01600
0.07635	18.97200
0.07640	23.86800
0.07645	24.48000
0.07650	29.98800
0.07655	20.80800
0.07660	20.19600
0.07665	10.40400
0.07670	19.58400
0.07675	27.54000
0.07680	12.85200
0.07685	29.98800
0.07690	18.97200
0.07695	21.42000
0.07700	25.09200
0.07705	17.74800
0.07710	45.28800
0.07715	33.66000
0.07720	28.76400
0.07725	29.98800
0.07730	12.24000
0.07735	29.98800
0.07740	34.27200
0.07745	33.66000
0.07750	25.09200
0.07755	14.07600
0.07760	22.03200
0.07765	25.09200
0.07770	17.13600
0.07775	28.15200
0.07780	47.12400
0.07785	31.82400
0.07790	23.86800
0.07795	27.54000
0.07800	42.22800
0.07805	41.00400
0.07810	24.48000
0.07815	15.91200
0.07820	23.86800
0.07825	4.28400
0.07830	17.13600
0.07835	39.78000
0.07840	25.70400
0.07845	14.68800
0.07850	24.48000
0.07855	25.70400
0.07860	20.19600
0.07865	18.36000
0.07870	26.92800
0.07875	10.40400
0.07880	14.68800
0.07885	24.48000
0.07890	21.42000
0.07895	44.06400
0.07900	12.85200
0.07905	30.60000
0.07910	19.58400
0.07915	25.70400
0.07920	17.74800
0.07925	13.46400
0.07930	8.56800
0.07935	37.94400
0.07940	26.31600
0.07945	46.51200
0.07950	17.13600
0.07955	37.33200
0.07960	13.46400
0.07965	28.15200
0.07970	14.07600
0.07975	20.19600
0.07980	17.13600
0.07985	24.48000
0.07990	11.01600
0.07995	23.86800
0.08000	33.04800
0.08005	21.42000
0.08010	14.07600
0.08015	34.88400
0.08020	35.49600
0.08025	30.60000
0.08030	15.91200
0.08035	10.40400
0.08040	37.33200
0.08045	36.10800
0.08050	37.94400
0.08055	11.62800
0.08060	23.86800
0.08065	13.46400
0.08070	25.70400
0.08075	26.31600
0.08080	25.70400
0.08085	31.21200
0.08090	18.36000
0.08095	42.22800
0.08100	3.67200
0.08105	22.64400
0.08110	20.19600
0.08115	34.88400
0.08120	27.54000
0.08125	15.91200
0.08130	33.66000
0.08135	41.61600
0.08140	27.54000
0.08145	36.10800
0.08150	33.04800
0.08155	26.31600
0.08160	20.19600
0.08165	30.60000
0.08170	35.49600
0.08175	21.42000
0.08180	29.37600
0.08185	55.08000
0.08190	16.52400
0.08195	41.61600
0.08200	23.86800
0.08205	35.49600
0.08210	23.25600
0.08215	34.27200
0.08220	58.14000
0.08225	22.64400
0.08230	6.73200
0.08235	31.21200
0.08240	43.45200
0.08245	26.92800
0.08250	42.84000
0.08255	36.72000
0.08260	16.52400
0.08265	34.88400
0.08270	19.58400
0.08275	38.55600
0.08280	28.76400
0.08285	22.03200
0.08290	29.37600
0.08295	23.86800
0.08300	14.07600
0.08305	39.16800
0.08310	25.70400
0.08315	26.31600
0.08320	38.55600
0.08325	32.43600
0.08330	23.86800
0.08335	28.76400
0.08340	32.43600
0.08345	41.61600
0.08350	27.54000
0.08355	25.70400
0.08360	14.68800
0.08365	23.25600
0.08370	42.22800
0.08375	26.31600
0.08380	23.86800
0.08385	23.86800
0.08390	31.82400
0.08395	22.64400
0.08400	22.64400
0.08405	20.19600
0.08410	26.92800
0.08415	25.70400
0.08420	18.36000
0.08425	17.74800
0.08430	33.66000
0.08435	29.98800
0.08440	23.86800
0.08445	35.49600
0.08450	30.60000
0.08455	32.43600
0.08460	27.54000
0.08465	34.27200
0.08470	46.51200
0.08475	23.25600
0.08480	22.03200
0.08485	14.68800
0.08490	29.98800
0.08495	41.61600
0.08500	15.91200
0.08505	20.80800
0.08510	30.60000
0.08515	29.98800
0.08520	63.03600
0.08525	40.39200
0.08530	36.10800
0.08535	23.25600
0.08540	25.70400
0.08545	34.27200
0.08550	17.74800
0.08555	31.82400
0.08560	38.55600
0.08565	29.98800
0.08570	26.31600
0.08575	28.15200
0.08580	18.97200
0.08585	49.57200
0.08590	21.42000
0.08595	39.16800
0.08600	24.48000
0.08605	37.33200
0.08610	45.28800
0.08615	39.16800
0.08620	18.97200
0.08625	22.03200
0.08630	23.25600
0.08635	42.84000
0.08640	18.36000
0.08645	62.42400
0.08650	41.00400
0.08655	40.39200
0.08660	31.82400
0.08665	27.54000
0.08670	23.86800
0.08675	47.73600
0.08680	28.15200
0.08685	26.31600
0.08690	24.48000
0.08695	13.46400
0.08700	25.70400
0.08705	14.68800
0.08710	15.30000
0.08715	23.25600
0.08720	14.68800
0.08725	29.98800
0.08730	37.94400
0.08735	20.19600
0.08740	34.88400
0.08745	23.86800
0.08750	28.15200
0.08755	7.34400
0.08760	25.70400
0.08765	36.72000
0.08770	26.31600
0.08775	38.55600
0.08780	18.97200
0.08785	31.82400
0.08790	55.69200
0.08795	26.31600
0.08800	29.37600
0.08805	25.09200
0.08810	18.36000
0.08815	15.91200
0.08820	22.03200
0.08825	15.91200
0.08830	18.97200
0.08835	16.52400
0.08840	24.48000
0.08845	28.15200
0.08850	17.13600
0.08855	23.25600
0.08860	11.01600
0.08865	23.86800
0.08870	28.15200
0.08875	53.85600
0.08880	22.03200
0.08885	42.84000
0.08890	28.76400
0.08895	37.94400
0.08900	17.13600
0.08905	20.19600
0.08910	23.25600
0.08915	47.12400
0.08920	28.15200
0.08925	26.92800
0.08930	17.13600
0.08935	29.98800
0.08940	16.52400
0.08945	11.01600
0.08950	29.98800
0.08955	23.25600
0.08960	35.49600
0.08965	26.92800
0.08970	31.82400
0.08975	42.84000
0.08980	33.04800
0.08985	43.45200
0.08990	24.48000
0.08995	35.49600
0.09000	18.36000
0.09005	22.03200
0.09010	17.74800
0.09015	44.67600
0.09020	30.60000
0.09025	31.82400
0.09030	28.76400
0.09035	48.34800
0.09040	39.16800
0.09045	30.60000
0.09050	22.03200
0.09055	25.70400
0.09060	23.25600
0.09065	25.09200
0.09070	18.97200
0.09075	39.78000
0.09080	45.28800
0.09085	26.31600
0.09090	37.33200
0.09095	26.92800
0.09100	36.10800
0.09105	21.42000
0.09110	6.12000
0.09115	15.30000
0.09120	32.43600
0.09125	17.74800
0.09130	36.10800
0.09135	41.61600
0.09140	60.58800
0.09145	31.82400
0.09150	16.52400
0.09155	24.48000
0.09160	29.37600
0.09165	56.30400
0.09170	13.46400
0.09175	40.39200
0.09180	22.64400
0.09185	22.64400
0.09190	40.39200
0.09195	33.04800
0.09200	26.31600
0.09205	18.97200
0.09210	28.15200
0.09215	25.70400
0.09220	31.82400
0.09225	23.25600
0.09230	22.64400
0.09235	30.60000
0.09240	24.48000
0.09245	23.25600
0.09250	29.98800
0.09255	29.37600
0.09260	23.86800
0.09265	36.10800
0.09270	26.31600
0.09275	26.92800
0.09280	28.15200
0.09285	54.46800
0.09290	24.48000
0.09295	14.68800
0.09300	44.06400
0.09305	37.94400
0.09310	33.04800
0.09315	42.22800
0.09320	33.04800
0.09325	24.48000
0.09330	25.09200
0.09335	33.66000
0.09340	17.13600
0.09345	14.07600
0.09350	43.45200
0.09355	35.49600
0.09360	31.21200
0.09365	32.43600
0.09370	23.25600
0.09375	20.19600
0.09380	8.56800
0.09385	22.64400
0.09390	22.64400
0.09395	19.58400
0.09400	18.36000
0.09405	29.37600
0.09410	33.04800
0.09415	30.60000
0.09420	22.03200
0.09425	27.54000
0.09430	35.49600
0.09435	17.13600
0.09440	17.74800
0.09445	28.15200
0.09450	25.09200
0.09455	19.58400
0.09460	24.48000
0.09465	28.15200
0.09470	25.09200
0.09475	11.62800
0.09480	22.03200
0.09485	52.63200
0.09490	16.52400
0.09495	36.10800
0.09500	42.22800
0.09505	34.88400
0.09510	34.88400
0.09515	15.30000
0.09520	31.21200
0.09525	33.66000
0.09530	22.64400
0.09535	15.91200
0.09540	26.31600
0.09545	25.70400
0.09550	28.15200
0.09555	22.64400
0.09560	53.85600
0.09565	37.94400
0.09570	26.31600
0.09575	32.43600
0.09580	21.42000
0.09585	63.03600
0.09590	40.39200
0.09595	28.15200
0.09600	25.09200
0.09605	12.85200
0.09610	31.21200
0.09615	31.82400
0.09620	30.60000
0.09625	36.72000
0.09630	22.03200
0.09635	15.30000
0.09640	16.52400
0.09645	9.18000
0.09650	24.48000
0.09655	25.09200
0.09660	48.96000
0.09665	46.51200
0.09670	17.74800
0.09675	24.48000
0.09680	20.80800
0.09685	33.04800
0.09690	16.52400
0.09695	18.97200
0.09700	23.25600
0.09705	34.27200
0.09710	26.31600
0.09715	18.36000
0.09720	53.24400
0.09725	15.30000
0.09730	19.58400
0.09735	26.31600
0.09740	40.39200
0.09745	26.92800
0.09750	16.52400
0.09755	28.76400
0.09760	27.54000
0.09765	44.67600
0.09770	36.72000
0.09775	23.25600
0.09780	18.97200
0.09785	31.82400
0.09790	25.09200
0.09795	8.56800
0.09800	14.07600
0.09805	6.73200
0.09810	16.52400
0.09815	27.54000
0.09820	23.86800
0.09825	9.79200
0.09830	41.61600
0.09835	7.95600
0.09840	18.36000
0.09845	6.12000
0.09850	17.74800
0.09855	36.10800
0.09860	14.68800
0.09865	25.70400
0.09870	26.92800
0.09875	10.40400
0.09880	22.64400
0.09885	27.54000
0.09890	41.61600
0.09895	23.25600
0.09900	26.31600
0.09905	36.72000
0.09910	16.52400
0.09915	29.37600
0.09920	34.88400
0.09925	22.03200
0.09930	26.92800
0.09935	15.30000
0.09940	42.84000
0.09945	33.04800
0.09950	40.39200
0.09955	20.80800
0.09960	40.39200
0.09965	34.88400
0.09970	13.46400
0.09975	26.92800
0.09980	14.07600
0.09985	17.13600
0.09990	35.49600
0.09995	9.18000
0.10000	16.52400
0.10005	25.09200
0.10010	20.80800
0.10015	36.72000
0.10020	30.60000
0.10025	15.91200
0.10030	25.70400
0.10035	27.54000
0.10040	22.64400
0.10045	12.85200
0.10050	29.98800
0.10055	14.68800
0.10060	10.40400
0.10065	10.40400
0.10070	21.42000
0.10075	14.68800
0.10080	23.25600
0.10085	7.95600
0.10090	25.70400
0.10095	21.42000
0.10100	33.66000
0.10105	29.98800
0.10110	18.97200
0.10115	18.97200
0.10120	29.37600
0.10125	10.40400
0.10130	12.85200
0.10135	15.91200
0.10140	6.73200
0.10145	24.48000
0.10150	34.88400
0.10155	45.90000
0.10160	26.92800
0.10165	16.52400
0.10170	18.97200
0.10175	8.56800
0.10180	15.91200
0.10185	36.10800
0.10190	19.58400
0.10195	23.86800
0.10200	9.18000
0.10205	18.36000
0.10210	11.01600
0.10215	11.62800
0.10220	14.68800
0.10225	33.04800
0.10230	26.31600
0.10235	29.98800
0.10240	26.92800
0.10245	18.36000
0.10250	18.36000
0.10255	23.86800
0.10260	31.21200
0.10265	23.86800
0.10270	39.16800
0.10275	40.39200
0.10280	20.19600
0.10285	8.56800
0.10290	11.62800
0.10295	13.46400
0.10300	28.76400
0.10305	11.01600
0.10310	14.68800
0.10315	19.58400
0.10320	37.33200
0.10325	22.03200
0.10330	20.19600
0.10335	22.03200
0.10340	20.19600
0.10345	30.60000
0.10350	36.10800
0.10355	15.91200
0.10360	12.24000
0.10365	24.48000
0.10370	23.25600
0.10375	25.70400
0.10380	29.37600
0.10385	31.82400
0.10390	32.43600
0.10395	52.02000
0.10400	20.19600
0.10405	21.42000
0.10410	16.52400
0.10415	33.66000
0.10420	23.25600
0.10425	18.36000
0.10430	29.98800
0.10435	47.12400
0.10440	26.31600
0.10445	46.51200
0.10450	18.97200
0.10455	25.70400
0.10460	19.58400
0.10465	32.43600
0.10470	22.64400
0.10475	29.98800
0.10480	12.24000
0.10485	14.68800
0.10490	16.52400
0.10495	24.48000
0.10500	19.58400
0.10505	15.91200
0.10510	46.51200
0.10515	45.28800
0.10520	36.72000
0.10525	35.49600
0.10530	28.15200
0.10535	29.37600
0.10540	31.21200
0.10545	15.30000
0.10550	26.92800
0.10555	35.49600
0.10560	47.12400
0.10565	36.72000
0.10570	28.76400
0.10575	20.19600
0.10580	20.80800
0.10585	32.43600
0.10590	33.66000
0.10595	23.86800
0.10600	22.03200
0.10605	14.68800
0.10610	29.37600
0.10615	9.79200
0.10620	9.79200
0.10625	13.46400
0.10630	22.64400
0.10635	32.43600
0.10640	9.18000
0.10645	14.07600
0.10650	21.42000
0.10655	17.13600
0.10660	39.78000
0.10665	41.61600
0.10670	42.22800
0.10675	26.92800
0.10680	31.21200
0.10685	30.60000
0.10690	14.07600
0.10695	18.36000
0.10700	31.82400
0.10705	29.37600
0.10710	27.54000
0.10715	41.00400
0.10720	14.07600
0.10725	24.48000
0.10730	27.54000
0.10735	31.21200
0.10740	20.19600
0.10745	26.92800
0.10750	34.88400
0.10755	26.31600
0.10760	28.76400
0.10765	30.60000
0.10770	53.24400
0.10775	16.52400
0.10780	37.94400
0.10785	22.03200
0.10790	36.10800
0.10795	39.16800
0.10800	33.66000
0.10805	39.16800
0.10810	20.80800
0.10815	21.42000
0.10820	20.19600
0.10825	18.97200
0.10830	38.55600
0.10835	30.60000
0.10840	36.72000
0.10845	20.80800
0.10850	15.91200
0.10855	29.37600
0.10860	36.72000
0.10865	15.30000
0.10870	25.09200
0.10875	17.74800
0.10880	18.36000
0.10885	50.79600
0.10890	23.86800
0.10895	20.80800
0.10900	20.80800
0.10905	21.42000
0.10910	20.80800
0.10915	34.88400
0.10920	17.13600
0.10925	20.19600
0.10930	17.74800
0.10935	23.25600
0.10940	18.36000
0.10945	24.48000
0.10950	17.13600
0.10955	20.19600
0.10960	34.88400
0.10965	13.46400
0.10970	31.82400
0.10975	20.19600
0.10980	13.46400
0.10985	23.86800
0.10990	25.09200
0.10995	11.62800
0.11000	24.48000
0.11005	35.49600
0.11010	17.13600
0.11015	18.97200
0.11020	39.16800
0.11025	17.74800
0.11030	25.70400
0.11035	24.48000
0.11040	10.40400
0.11045	25.70400
0.11050	56.91600
0.11055	20.80800
0.11060	25.09200
0.11065	23.86800
0.11070	15.91200
0.11075	33.04800
0.11080	25.70400
0.11085	22.64400
0.11090	32.43600
0.11095	33.04800
0.11100	33.66000
0.11105	25.09200
0.11110	31.82400
0.11115	47.73600
0.11120	40.39200
0.11125	25.09200
0.11130	36.10800
0.11135	34.88400
0.11140	29.98800
0.11145	33.66000
0.11150	33.04800
0.11155	31.21200
0.11160	28.15200
0.11165	19.58400
0.11170	31.21200
0.11175	35.49600
0.11180	23.25600
0.11185	21.42000
0.11190	23.86800
0.11195	26.92800
0.11200	14.68800
0.11205	54.46800
0.11210	20.80800
0.11215	24.48000
0.11220	23.86800
0.11225	20.80800
0.11230	17.74800
0.11235	33.04800
0.11240	37.94400
0.11245	28.76400
0.11250	36.10800
0.11255	36.72000
0.11260	57.52800
0.11265	27.54000
0.11270	26.92800
0.11275	31.82400
0.11280	30.60000
0.11285	33.66000
0.11290	20.19600
0.11295	22.64400
0.11300	23.25600
0.11305	45.90000
0.11310	12.85200
0.11315	37.94400
0.11320	17.13600
0.11325	29.37600
0.11330	20.19600
0.11335	35.49600
0.11340	29.98800
0.11345	26.31600
0.11350	22.64400
0.11355	21.42000
0.11360	36.72000
0.11365	52.63200
0.11370	26.31600
0.11375	37.33200
0.11380	45.90000
0.11385	28.76400
0.11390	27.54000
0.11395	16.52400
0.11400	29.37600
0.11405	42.22800
0.11410	18.36000
0.11415	36.10800
0.11420	14.68800
0.11425	18.36000
0.11430	23.86800
0.11435	18.97200
0.11440	36.10800
0.11445	47.12400
0.11450	22.03200
0.11455	26.31600
0.11460	27.54000
0.11465	23.86800
0.11470	40.39200
0.11475	36.10800
0.11480	17.13600
0.11485	39.16800
0.11490	22.03200
0.11495	53.85600
0.11500	43.45200
0.11505	34.88400
0.11510	55.69200
0.11515	25.09200
0.11520	36.72000
0.11525	36.72000
0.11530	47.12400
0.11535	42.84000
0.11540	15.91200
0.11545	39.78000
0.11550	35.49600
0.11555	15.30000
0.11560	25.09200
0.11565	24.48000
0.11570	37.94400
0.11575	28.76400
0.11580	45.90000
0.11585	57.52800
0.11590	30.60000
0.11595	25.70400
0.11600	25.09200
0.11605	28.76400
0.11610	25.70400
0.11615	29.98800
0.11620	30.60000
0.11625	29.37600
0.11630	39.16800
0.11635	56.91600
0.11640	32.43600
0.11645	27.54000
0.11650	29.98800
0.11655	28.15200
0.11660	23.25600
0.11665	19.58400
0.11670	45.28800
0.11675	39.78000
0.11680	43.45200
0.11685	25.70400
0.11690	16.52400
0.11695	28.76400
0.11700	25.09200
0.11705	26.92800
0.11710	31.21200
0.11715	25.70400
0.11720	25.09200
0.11725	38.55600
0.11730	37.33200
0.11735	22.03200
0.11740	22.03200
0.11745	17.13600
0.11750	33.66000
0.11755	31.21200
0.11760	22.64400
0.11765	22.03200
0.11770	24.48000
0.11775	15.30000
0.11780	31.82400
0.11785	21.42000
0.11790	40.39200
0.11795	20.19600
0.11800	25.70400
0.11805	37.33200
0.11810	38.55600
0.11815	22.03200
0.11820	22.03200
0.11825	26.31600
0.11830	35.49600
0.11835	27.54000
0.11840	26.31600
0.11845	17.13600
0.11850	17.74800
0.11855	28.76400
0.11860	39.16800
0.11865	26.31600
0.11870	32.43600
0.11875	26.31600
0.11880	22.03200
0.11885	23.25600
0.11890	38.55600
0.11895	30.60000
0.11900	32.43600
0.11905	21.42000
0.11910	20.19600
0.11915	22.03200
0.11920	29.98800
0.11925	36.10800
0.11930	23.86800
0.11935	30.60000
0.11940	45.28800
0.11945	21.42000
0.11950	31.82400
0.11955	47.73600
0.11960	31.82400
0.11965	29.98800
0.11970	26.92800
0.11975	31.21200
0.11980	25.09200
0.11985	42.22800
0.11990	27.54000
0.11995	54.46800
0.12000	23.86800
0.12005	28.15200
0.12010	18.97200
0.12015	21.42000
0.12020	16.52400
0.12025	22.03200
0.12030	16.52400
0.12035	29.37600
0.12040	37.33200
0.12045	26.92800
0.12050	18.36000
0.12055	22.03200
0.12060	25.09200
0.12065	29.98800
0.12070	12.24000
0.12075	30.60000
0.12080	37.94400
0.12085	33.66000
0.12090	14.68800
0.12095	20.80800
0.12100	18.97200
0.12105	17.13600
0.12110	24.48000
0.12115	5.50800
0.12120	22.03200
0.12125	44.67600
0.12130	18.97200
0.12135	23.25600
0.12140	30.60000
0.12145	33.04800
0.12150	12.85200
0.12155	37.94400
0.12160	23.86800
0.12165	18.36000
0.12170	23.25600
0.12175	26.92800
0.12180	40.39200
0.12185	34.27200
0.12190	16.52400
0.12195	38.55600
0.12200	52.63200
0.12205	26.92800
0.12210	40.39200
0.12215	33.66000
0.12220	38.55600
0.12225	20.19600
0.12230	27.54000
0.12235	26.31600
0.12240	43.45200
0.12245	29.98800
0.12250	7.34400
0.12255	17.13600
0.12260	21.42000
0.12265	13.46400
0.12270	26.31600
0.12275	20.19600
0.12280	31.82400
0.12285	42.22800
0.12290	25.70400
0.12295	19.58400
0.12300	28.15200
0.12305	15.30000
0.12310	15.30000
0.12315	17.74800
0.12320	41.00400
0.12325	25.09200
0.12330	40.39200
0.12335	28.15200
0.12340	25.09200
0.12345	32.43600
0.12350	29.37600
0.12355	39.78000
0.12360	36.72000
0.12365	33.66000
0.12370	41.61600
0.12375	26.31600
0.12380	48.34800
0.12385	40.39200
0.12390	14.07600
0.12395	55.69200
0.12400	41.61600
0.12405	36.10800
0.12410	37.94400
0.12415	44.06400
0.12420	29.37600
0.12425	26.92800
0.12430	28.76400
0.12435	22.03200
0.12440	26.92800
0.12445	25.09200
0.12450	34.27200
0.12455	24.48000
0.12460	6.73200
0.12465	34.88400
0.12470	18.36000
0.12475	41.61600
0.12480	16.52400
0.12485	22.64400
0.12490	27.54000
0.12495	18.97200
0.12500	29.37600
0.12505	39.16800
0.12510	39.78000
0.12515	33.04800
0.12520	37.33200
0.12525	22.64400
0.12530	37.33200
0.12535	34.27200
0.12540	9.18000
0.12545	37.33200
0.12550	28.76400
0.12555	26.31600
0.12560	67.32000
0.12565	20.80800
0.12570	45.28800
0.12575	31.21200
0.12580	31.82400
0.12585	17.74800
0.12590	21.42000
0.12595	20.80800
0.12600	23.25600
0.12605	47.12400
0.12610	35.49600
0.12615	26.31600
0.12620	25.09200
0.12625	21.42000
0.12630	12.24000
0.12635	14.68800
0.12640	9.79200
0.12645	17.74800
0.12650	38.55600
0.12655	28.76400
0.12660	44.06400
0.12665	37.94400
0.12670	18.97200
0.12675	38.55600
0.12680	27.54000
0.12685	7.34400
0.12690	23.25600
0.12695	18.97200
0.12700	26.92800
0.12705	24.48000
0.12710	17.13600
0.12715	25.09200
0.12720	16.52400
0.12725	36.72000
0.12730	21.42000
0.12735	22.64400
0.12740	34.88400
0.12745	24.48000
0.12750	20.80800
0.12755	26.92800
0.12760	29.98800
0.12765	35.49600
0.12770	45.28800
0.12775	27.54000
0.12780	23.86800
0.12785	28.76400
0.12790	29.98800
0.12795	37.33200
0.12800	20.19600
0.12805	12.85200
0.12810	20.80800
0.12815	16.52400
0.12820	22.64400
0.12825	21.42000
0.12830	32.43600
0.12835	31.82400
0.12840	34.88400
0.12845	31.21200
0.12850	45.90000
0.12855	52.02000
0.12860	15.91200
0.12865	17.74800
0.12870	15.91200
0.12875	46.51200
0.12880	25.09200
0.12885	20.80800
0.12890	37.94400
0.12895	9.79200
0.12900	18.36000
0.12905	25.09200
0.12910	23.86800
0.12915	22.64400
0.12920	27.54000
0.12925	21.42000
0.12930	37.33200
0.12935	16.52400
0.12940	21.42000
0.12945	20.19600
0.12950	29.98800
0.12955	37.94400
0.12960	37.94400
0.12965	17.13600
0.12970	35.49600
0.12975	30.60000
0.12980	32.43600
0.12985	15.30000
0.12990	55.08000
0.12995	36.72000
0.13000	37.94400
0.13005	40.39200
0.13010	25.70400
0.13015	15.30000
0.13020	23.86800
0.13025	41.00400
0.13030	51.40800
0.13035	26.92800
0.13040	26.31600
0.13045	45.28800
0.13050	18.36000
0.13055	24.48000
0.13060	24.48000
0.13065	28.15200
0.13070	25.70400
0.13075	44.67600
0.13080	33.04800
0.13085	22.64400
0.13090	26.31600
0.13095	26.31600
0.13100	15.91200
0.13105	15.91200
0.13110	37.33200
0.13115	29.37600
0.13120	56.91600
0.13125	8.56800
0.13130	19.58400
0.13135	48.96000
0.13140	28.76400
0.13145	26.92800
0.13150	21.42000
0.13155	31.21200
0.13160	25.09200
0.13165	59.97600
0.13170	37.33200
0.13175	39.78000
0.13180	28.15200
0.13185	28.76400
0.13190	15.30000
0.13195	29.37600
0.13200	58.14000
0.13205	39.78000
0.13210	33.66000
0.13215	36.72000
0.13220	29.37600
0.13225	37.94400
0.13230	18.36000
0.13235	14.68800
0.13240	30.60000
0.13245	16.52400
0.13250	28.15200
0.13255	32.43600
0.13260	23.25600
0.13265	9.18000
0.13270	21.42000
0.13275	23.25600
0.13280	52.63200
0.13285	17.74800
0.13290	29.37600
0.13295	39.16800
0.13300	26.31600
0.13305	32.43600
0.13310	15.91200
0.13315	42.22800
0.13320	34.88400
0.13325	28.76400
0.13330	39.78000
0.13335	31.82400
0.13340	21.42000
0.13345	55.08000
0.13350	42.84000
0.13355	14.07600
0.13360	17.13600
0.13365	23.25600
0.13370	30.60000
0.13375	34.88400
0.13380	36.72000
0.13385	32.43600
0.13390	42.22800
0.13395	42.84000
0.13400	23.86800
0.13405	14.07600
0.13410	27.54000
0.13415	20.80800
0.13420	19.58400
0.13425	33.66000
0.13430	24.48000
0.13435	12.24000
0.13440	34.88400
0.13445	35.49600
0.13450	18.97200
0.13455	36.72000
0.13460	52.63200
0.13465	50.79600
0.13470	36.10800
0.13475	29.98800
0.13480	23.25600
0.13485	36.10800
0.13490	64.87200
0.13495	32.43600
0.13500	41.00400
0.13505	41.00400
0.13510	32.43600
0.13515	39.16800
0.13520	15.91200
0.13525	48.96000
0.13530	33.66000
0.13535	31.21200
0.13540	31.82400
0.13545	34.27200
0.13550	21.42000
0.13555	26.92800
0.13560	16.52400
0.13565	53.24400
0.13570	24.48000
0.13575	52.02000
0.13580	38.55600
0.13585	25.70400
0.13590	20.19600
0.13595	44.67600
0.13600	52.63200
0.13605	31.21200
0.13610	26.92800
0.13615	25.09200
0.13620	34.88400
0.13625	45.90000
0.13630	17.74800
0.13635	33.04800
0.13640	17.13600
0.13645	34.88400
0.13650	34.88400
0.13655	31.82400
0.13660	26.31600
0.13665	47.12400
0.13670	15.30000
0.13675	42.84000
0.13680	35.49600
0.13685	30.60000
0.13690	22.64400
0.13695	18.36000
0.13700	42.84000
0.13705	13.46400
0.13710	32.43600
0.13715	35.49600
0.13720	9.79200
0.13725	32.43600
0.13730	25.09200
0.13735	26.31600
0.13740	23.25600
0.13745	26.31600
0.13750	33.04800
0.13755	31.82400
0.13760	25.09200
0.13765	25.09200
0.13770	28.76400
0.13775	41.00400
0.13780	28.76400
0.13785	38.55600
0.13790	38.55600
0.13795	12.85200
0.13800	37.33200
0.13805	34.88400
0.13810	17.74800
0.13815	20.80800
0.13820	25.09200
0.13825	37.33200
0.13830	33.04800
0.13835	11.62800
0.13840	29.98800
0.13845	14.68800
0.13850	25.70400
0.13855	23.86800
0.13860	17.74800
0.13865	28.15200
0.13870	44.06400
0.13875	40.39200
0.13880	29.37600
0.13885	42.84000
0.13890	28.76400
0.13895	34.88400
0.13900	20.80800
0.13905	32.43600
0.13910	34.27200
0.13915	31.82400
0.13920	22.03200
0.13925	31.21200
0.13930	15.91200
0.13935	53.85600
0.13940	22.03200
0.13945	25.70400
0.13950	29.37600
0.13955	34.88400
0.13960	36.10800
0.13965	55.69200
0.13970	32.43600
0.13975	31.21200
0.13980	26.31600
0.13985	29.98800
0.13990	18.36000
0.13995	40.39200
0.14000	28.15200
0.14005	25.70400
0.14010	20.19600
0.14015	29.37600
0.14020	30.60000
0.14025	31.21200
0.14030	27.54000
0.14035	17.74800
0.14040	18.97200
0.14045	18.97200
0.14050	26.31600
0.14055	14.68800
0.14060	31.21200
0.14065	11.62800
0.14070	47.12400
0.14075	43.45200
0.14080	15.30000
0.14085	39.16800
0.14090	60.58800
0.14095	43.45200
0.14100	12.24000
0.14105	51.40800
0.14110	37.33200
0.14115	66.70800
0.14120	90.57600
0.14125	88.74000
0.14130	90.57600
0.14135	118.72800
0.14140	113.22000
0.14145	242.35200
0.14150	248.47200
0.14155	302.94000
0.14160	440.02800
0.14165	549.57600
0.14170	771.73200
0.14175	843.33600
0.14180	1118.12400
0.14185	1277.24400
0.14190	1527.55200
0.14195	1746.03600
0.14200	2030.00400
0.14205	2426.58000
0.14210	2364.15600
0.14215	2287.04400
0.14220	2502.46800
0.14225	2534.29200
0.14230	2319.48000
0.14235	2355.58800
0.14240	2250.93600
0.14245	2056.93200
0.14250	1938.20400
0.14255	1790.10000
0.14260	1440.64800
0.14265	1398.42000
0.14270	1456.56000
0.14275	1190.34000
0.14280	1098.54000
0.14285	1119.34800
0.14290	1050.19200
0.14295	980.42400
0.14300	918.61200
0.14305	728.89200
0.14310	667.69200
0.14315	772.34400
0.14320	616.28400
0.14325	630.36000
0.14330	675.03600
0.14335	570.38400
0.14340	581.40000
0.14345	624.24000
0.14350	491.43600
0.14355	473.68800
0.14360	553.86000
0.14365	413.71200
0.14370	394.74000
0.14375	410.04000
0.14380	376.99200
0.14385	382.50000
0.14390	346.39200
0.14395	397.80000
0.14400	362.91600
0.14405	318.85200
0.14410	306.61200
0.14415	391.06800
0.14420	296.82000
0.14425	347.00400
0.14430	301.71600
0.14435	291.92400
0.14440	337.21200
0.14445	303.55200
0.14450	274.17600
0.14455	299.26800
0.14460	257.65200
0.14465	310.89600
0.14470	282.74400
0.14475	298.65600
0.14480	290.70000
0.14485	269.28000
0.14490	266.22000
0.14495	230.11200
0.14500	218.48400
0.14505	253.98000
0.14510	231.33600
0.14515	284.58000
0.14520	287.02800
0.14525	309.67200
0.14530	201.34800
0.14535	227.05200
0.14540	202.57200
0.14545	206.24400
0.14550	249.69600
0.14555	222.15600
0.14560	287.64000
0.14565	231.33600
0.14570	211.14000
0.14575	200.12400
0.14580	243.57600
0.14585	187.88400
0.14590	190.94400
0.14595	194.00400
0.14600	175.64400
0.14605	239.90400
0.14610	192.16800
0.14615	158.50800
0.14620	182.98800
0.14625	137.08800
0.14630	171.36000
0.14635	148.10400
0.14640	160.34400
0.14645	201.96000
0.14650	198.90000
0.14655	162.18000
0.14660	166.46400
0.14665	181.15200
0.14670	246.63600
0.14675	233.78400
0.14680	174.42000
0.14685	149.94000
0.14690	173.19600
0.14695	202.57200
0.14700	119.34000
0.14705	176.86800
0.14710	164.01600
0.14715	135.25200
0.14720	184.82400
0.14725	148.71600
0.14730	149.32800
0.14735	175.64400
0.14740	171.36000
0.14745	160.34400
0.14750	142.59600
0.14755	182.98800
0.14760	160.34400
0.14765	116.89200
0.14770	167.68800
0.14775	124.23600
0.14780	139.53600
0.14785	165.24000
0.14790	143.82000
0.14795	176.86800
0.14800	122.40000
0.14805	143.82000
0.14810	169.52400
0.14815	179.31600
0.14820	135.25200
0.14825	150.55200
0.14830	182.37600
0.14835	129.13200
0.14840	133.41600
0.14845	118.72800
0.14850	149.32800
0.14855	181.76400
0.14860	154.22400
0.14865	162.18000
0.14870	162.79200
0.14875	121.78800
0.14880	136.47600
0.14885	126.07200
0.14890	148.10400
0.14895	97.30800
0.14900	137.70000
0.14905	132.19200
0.14910	105.87600
0.14915	129.74400
0.14920	138.31200
0.14925	134.64000
0.14930	187.27200
0.14935	120.56400
0.14940	158.50800
0.14945	165.24000
0.14950	203.79600
0.14955	178.70400
0.14960	157.89600
0.14965	170.74800
0.14970	89.35200
0.14975	146.88000
0.14980	191.55600
0.14985	119.95200
0.14990	141.37200
0.14995	113.22000
0.15000	130.35600
0.15005	208.08000
0.15010	100.98000
0.15015	171.36000
0.15020	85.68000
0.15025	149.94000
0.15030	167.68800
0.15035	108.93600
0.15040	101.59200
0.15045	110.77200
0.15050	168.91200
0.15055	136.47600
0.15060	121.78800
0.15065	137.70000
0.15070	125.46000
0.15075	154.22400
0.15080	175.03200
0.15085	88.12800
0.15090	157.28400
0.15095	140.14800
0.15100	135.86400
0.15105	160.95600
0.15110	105.87600
0.15115	178.70400
0.15120	148.10400
0.15125	118.11600
0.15130	116.89200
0.15135	129.13200
0.15140	156.67200
0.15145	119.34000
0.15150	129.74400
0.15155	105.87600
0.15160	127.90800
0.15165	124.84800
0.15170	129.13200
0.15175	129.13200
0.15180	159.12000
0.15185	132.19200
0.15190	137.08800
0.15195	165.85200
0.15200	135.25200
0.15205	124.84800
0.15210	124.23600
0.15215	127.29600
0.15220	123.62400
0.15225	111.38400
0.15230	134.64000
0.15235	149.94000
0.15240	172.58400
0.15245	154.22400
0.15250	126.07200
0.15255	129.13200
0.15260	110.77200
0.15265	124.84800
0.15270	149.94000
0.15275	129.13200
0.15280	128.52000
0.15285	119.34000
0.15290	129.74400
0.15295	139.53600
0.15300	138.31200
0.15305	156.06000
0.15310	91.18800
0.15315	116.28000
0.15320	109.54800
0.15325	141.98400
0.15330	85.68000
0.15335	105.87600
0.15340	134.02800
0.15345	118.11600
0.15350	129.74400
0.15355	153.61200
0.15360	115.66800
0.15365	133.41600
0.15370	135.86400
0.15375	107.10000
0.15380	133.41600
0.15385	158.50800
0.15390	148.10400
0.15395	85.68000
0.15400	140.76000
0.15405	148.71600
0.15410	134.02800
0.15415	104.65200
0.15420	77.11200
0.15425	115.66800
0.15430	110.16000
0.15435	151.77600
0.15440	126.07200
0.15445	126.68400
0.15450	78.94800
0.15455	123.01200
0.15460	118.11600
0.15465	102.81600
0.15470	99.75600
0.15475	99.75600
0.15480	152.38800
0.15485	172.58400
0.15490	86.90400
0.15495	103.42800
0.15500	151.16400
0.15505	123.01200
0.15510	110.77200
0.15515	96.69600
0.15520	107.71200
0.15525	134.64000
0.15530	169.52400
0.15535	124.23600
0.15540	93.63600
0.15545	118.11600
0.15550	115.66800
0.15555	123.62400
0.15560	159.12000
0.15565	148.10400
0.15570	134.64000
0.15575	121.17600
0.15580	100.36800
0.15585	116.89200
0.15590	118.11600
0.15595	153.00000
0.15600	102.81600
0.15605	135.86400
0.15610	130.35600
0.15615	145.04400
0.15620	159.12000
0.15625	140.14800
0.15630	109.54800
0.15635	138.31200
0.15640	117.50400
0.15645	141.98400
0.15650	121.78800
0.15655	107.10000
0.15660	129.13200
0.15665	119.34000
0.15670	154.22400
0.15675	113.83200
0.15680	115.66800
0.15685	132.80400
0.15690	127.29600
0.15695	96.69600
0.15700	102.81600
0.15705	129.74400
0.15710	143.82000
0.15715	133.41600
0.15720	135.86400
0.15725	80.17200
0.15730	156.67200
0.15735	107.71200
0.15740	97.92000
0.15745	123.62400
0.15750	134.64000
0.15755	112.60800
0.15760	100.98000
0.15765	173.80800
0.15770	93.63600
0.15775	94.24800
0.15780	94.24800
0.15785	63.64800
0.15790	125.46000
0.15795	116.89200
0.15800	138.31200
0.15805	147.49200
0.15810	142.59600
0.15815	195.84000
0.15820	108.93600
0.15825	137.08800
0.15830	100.36800
0.15835	83.23200
0.15840	124.23600
0.15845	186.04800
0.15850	138.92400
0.15855	127.90800
0.15860	111.99600
0.15865	138.92400
0.15870	134.64000
0.15875	114.44400
0.15880	124.23600
0.15885	141.37200
0.15890	109.54800
0.15895	119.34000
0.15900	160.95600
0.15905	116.28000
0.15910	97.92000
0.15915	104.65200
0.15920	132.19200
0.15925	141.37200
0.15930	122.40000
0.15935	127.29600
0.15940	140.76000
0.15945	190.94400
0.15950	118.72800
0.15955	130.35600
0.15960	115.66800
0.15965	131.58000
0.15970	95.47200
0.15975	112.60800
0.15980	127.29600
0.15985	110.77200
0.15990	168.91200
0.15995	107.71200
0.16000	136.47600
0.16005	103.42800
0.16010	127.90800
0.16015	152.38800
0.16020	124.84800
0.16025	104.04000
0.16030	112.60800
0.16035	97.30800
0.16040	134.64000
0.16045	118.11600
0.16050	180.54000
0.16055	112.60800
0.16060	113.22000
0.16065	104.65200
0.16070	126.68400
0.16075	111.99600
0.16080	176.25600
0.16085	152.38800
0.16090	133.41600
0.16095	142.59600
0.16100	129.74400
0.16105	120.56400
0.16110	137.08800
0.16115	121.78800
0.16120	126.07200
0.16125	197.06400
0.16130	121.78800
0.16135	114.44400
0.16140	129.74400
0.16145	105.87600
0.16150	89.96400
0.16155	124.23600
0.16160	128.52000
0.16165	115.05600
0.16170	123.62400
0.16175	156.67200
0.16180	105.26400
0.16185	99.14400
0.16190	132.80400
0.16195	150.55200
0.16200	152.38800
0.16205	104.04000
0.16210	141.37200
0.16215	144.43200
0.16220	100.98000
0.16225	132.80400
0.16230	129.13200
0.16235	108.32400
0.16240	160.95600
0.16245	137.70000
0.16250	133.41600
0.16255	113.22000
0.16260	107.10000
0.16265	98.53200
0.16270	99.75600
0.16275	127.29600
0.16280	129.13200
0.16285	116.28000
0.16290	152.38800
0.16295	160.95600
0.16300	169.52400
0.16305	115.05600
0.16310	183.60000
0.16315	166.46400
0.16320	158.50800
0.16325	141.37200
0.16330	105.26400
0.16335	116.89200
0.16340	116.28000
0.16345	138.31200
0.16350	169.52400
0.16355	105.87600
0.16360	136.47600
0.16365	93.02400
0.16370	153.61200
0.16375	154.22400
0.16380	137.08800
0.16385	156.06000
0.16390	123.01200
0.16395	129.13200
0.16400	119.95200
0.16405	132.80400
0.16410	130.35600
0.16415	119.34000
0.16420	145.04400
0.16425	130.96800
0.16430	159.73200
0.16435	94.24800
0.16440	138.31200
0.16445	148.71600
0.16450	161.56800
0.16455	92.41200
0.16460	151.16400
0.16465	148.71600
0.16470	132.19200
0.16475	89.35200
0.16480	118.11600
0.16485	126.68400
0.16490	120.56400
0.16495	113.83200
0.16500	152.38800
0.16505	154.83600
0.16510	135.25200
0.16515	88.74000
0.16520	179.31600
0.16525	170.13600
0.16530	72.21600
0.16535	94.86000
0.16540	135.86400
0.16545	157.89600
0.16550	146.88000
0.16555	158.50800
0.16560	171.36000
0.16565	140.14800
0.16570	109.54800
0.16575	115.05600
0.16580	100.36800
0.16585	111.38400
0.16590	134.02800
0.16595	113.83200
0.16600	129.74400
0.16605	140.14800
0.16610	99.14400
0.16615	142.59600
0.16620	127.90800
0.16625	140.76000
0.16630	140.14800
0.16635	143.20800
0.16640	102.81600
0.16645	139.53600
0.16650	104.04000
0.16655	107.10000
0.16660	175.64400
0.16665	145.04400
0.16670	110.77200
0.16675	154.83600
0.16680	102.81600
0.16685	156.06000
0.16690	115.66800
0.16695	99.14400
0.16700	99.75600
0.16705	151.16400
0.16710	123.01200
0.16715	121.17600
0.16720	80.17200
0.16725	147.49200
0.16730	92.41200
0.16735	117.50400
0.16740	102.81600
0.16745	97.30800
0.16750	115.05600
0.16755	117.50400
0.16760	100.36800
0.16765	91.80000
0.16770	120.56400
0.16775	119.34000
0.16780	93.02400
0.16785	148.71600
0.16790	101.59200
0.16795	93.02400
0.16800	89.35200
0.16805	111.99600
0.16810	130.96800
0.16815	130.96800
0.16820	129.74400
0.16825	124.84800
0.16830	115.66800
0.16835	120.56400
0.16840	129.74400
0.16845	116.28000
0.16850	102.81600
0.16855	130.35600
0.16860	126.68400
0.16865	116.89200
0.16870	100.36800
0.16875	113.22000
0.16880	115.05600
0.16885	156.06000
0.16890	124.84800
0.16895	135.86400
0.16900	118.11600
0.16905	85.06800
0.16910	108.32400
0.16915	99.14400
0.16920	132.19200
0.16925	99.75600
0.16930	154.22400
0.16935	137.70000
0.16940	135.25200
0.16945	124.23600
0.16950	124.23600
0.16955	113.83200
0.16960	161.56800
0.16965	118.72800
0.16970	140.14800
0.16975	218.48400
0.16980	143.20800
0.16985	120.56400
0.16990	120.56400
