0.052247 -0.0250000004 0.0349744528 -0.00133703099 asynchronous_release_0
0.063734 -0.0250000004 0.0349431524 -0.00199401609 asynchronous_release_0
0.014455 -0.0250000004 0.025470085 -0.0240057237 asynchronous_release_0
0.038198 -0.0250000004 0.00711246311 -0.0342697077 asynchronous_release_0
0.106241 -0.0250000004 0.021439585 0.0276648549 asynchronous_release_2
0.123522 -0.0250000004 0.000593567923 -0.000804783897 asynchronous_release_0
0.075355 -0.0250000004 -0.0201365192 0.0286272701 asynchronous_release_0
0.120321 -0.0250000004 0.00329742139 0.0348443254 asynchronous_release_0
0.110706 -0.0250000004 -0.0049722759 -0.0346450065 asynchronous_release_0
0.126648 -0.0250000004 0.0275173178 -0.0216286205 asynchronous_release_0
0.028964 -0.0250000004 -0.0170627566 -0.0305591613 asynchronous_release_0
0.119751 -0.0250000004 0.0313059681 -0.0156504429 asynchronous_release_0
0.128236 -0.0250000004 -0.0242759175 0.0252126919 asynchronous_release_0
0.11985 -0.0250000004 -0.0292017792 -0.0192939392 asynchronous_release_0
0.042771 -0.0250000004 -0.0169928227 0.0305981041 asynchronous_release_0
0.072969 -0.0250000004 -0.0258164244 -0.0236328633 asynchronous_release_0
0.120051 -0.0250000004 0.000879882117 -0.000475192024 asynchronous_release_0
0.019463 -0.0250000004 0.0121512846 -0.0328229536 asynchronous_release_0
0.113787 -0.0250000004 0.0151733574 0.0315399624 asynchronous_release_0
0.063928 -0.0250000004 0.00092011114 0.000391657362 asynchronous_release_0
0.096465 -0.0250000004 0.0297721847 -0.0184015494 asynchronous_release_1
0.122131 -0.0250000004 -0.0298884984 -0.0182120198 asynchronous_release_0
0.016135 -0.0250000004 0.00132410867 -0.0349749444 asynchronous_release_0
0.005579 -0.0250000004 -0.00423676983 0.034742622 asynchronous_release_1
0.054802 -0.0250000004 0.026455361 -0.0229153632 asynchronous_release_0
0.129221 -0.0250000004 0.000995796413 9.15942393e-05 asynchronous_release_0
0.034801 -0.0250000004 0.0145292612 0.0318418054 asynchronous_release_0
0.071758 -0.0250000004 0.0348404429 0.00333819344 asynchronous_release_0
0.104707 -0.0250000004 -0.013658976 -0.0322247168 asynchronous_release_0
0.106138 -0.0250000004 0.0139532385 -0.0320983977 asynchronous_release_4
0.085993 -0.0250000004 -0.0241824837 -0.0253023217 asynchronous_release_0
0.111447 -0.0250000004 -0.0098212115 0.033593806 asynchronous_release_0
0.109975 -0.0250000004 -0.0088207536 -0.033870257 asynchronous_release_0
0.100041 -0.0250000004 -2.76970514e-05 -0.000999616363 asynchronous_release_0
0.127351 -0.0250000004 -0.00753181309 -0.0341799911 asynchronous_release_0
0.104165 -0.0250000004 -0.00625244026 0.0344370003 asynchronous_release_0
0.127929 -0.0250000004 0.0308409967 -0.0165478979 asynchronous_release_0
0.100271 -0.0250000004 -0.0325439579 0.0128798605 asynchronous_release_0
0.076509 -0.0250000004 -0.0210122583 -0.027990802 asynchronous_release_0
0.024126 -0.0250000004 0.0323346564 0.0133966412 asynchronous_release_0
0.110554 -0.0250000004 -0.0200521098 0.0286864583 asynchronous_release_0
0.02413 -0.0250000004 -0.032406395 0.0132221618 asynchronous_release_0
0.116256 -0.0250000004 0.0131199612 -0.0324479062 asynchronous_release_2
0.059639 -0.0250000004 0.0325056996 -0.0129761124 asynchronous_release_0
0.104118 -0.0250000004 -0.0325056996 0.0129761124 asynchronous_release_0
0.126787 -0.0250000004 -0.0293327178 -0.0190942835 asynchronous_release_0
0.077986 -0.0250000004 -0.000874437083 -0.0349890749 asynchronous_release_0
0.079716 -0.0250000004 -0.000631809739 0.000775123508 asynchronous_release_0
0.070232 -0.0250000004 0.0185883427 -0.0296559187 asynchronous_release_0
0.054514 -0.0250000004 -0.00298381512 0.0348725802 asynchronous_release_0
0.093357 -0.0250000004 0.0347608562 -0.00408446773 asynchronous_release_0
0.049253 -0.0250000004 0.0221801847 0.0270747005 asynchronous_release_0
0.1163 -0.0250000004 0.0321474401 0.0138398735 asynchronous_release_0
0.029876 -0.0250000004 -0.00624336651 -0.0344386465 asynchronous_release_0
0.085839 -0.0250000004 0.000330502846 0.000943804995 asynchronous_release_0
0.112841 -0.0250000004 0.0206151517 -0.0282845456 asynchronous_release_4
0.128401 -0.0250000004 -0.0338111645 0.00904462024 asynchronous_release_1
0.128049 -0.0250000004 -0.00511178028 -0.0346246979 asynchronous_release_0
0.079242 -0.0250000004 0.00270092749 0.03489563 asynchronous_release_0
0.051453 -0.0250000004 0.00757391393 0.0341706867 asynchronous_release_0
0.093509 -0.0250000004 -0.0331394615 -0.0112594891 asynchronous_release_0
0.126959 -0.0250000004 0.0168454804 0.0306794685 asynchronous_release_0
0.127701 -0.0250000004 -0.0333978751 -0.0104681392 asynchronous_release_0
0.090688 -0.0250000004 0.0313132165 -0.0156359353 asynchronous_release_0
0.121449 -0.0250000004 -0.0229235138 0.0264482989 asynchronous_release_0
0.126978 -0.0250000004 0.000431257107 0.000902229077 asynchronous_release_0
0.120841 -0.0250000004 0.031237943 -0.0157857821 asynchronous_release_0
0.110636 -0.0250000004 -0.0337470994 -0.00928080169 asynchronous_release_1
0.118105 -0.0250000004 -0.0349903448 -0.000822054224 asynchronous_release_0
0.111611 -0.0250000004 -0.0238564649 0.0256099411 asynchronous_release_0
0.048856 -0.0250000004 0.0338181746 0.009018374 asynchronous_release_0
0.102682 -0.0250000004 -0.00070440057 -0.000709802674 asynchronous_release_1
0.013934 -0.0250000004 0.0188624808 0.0294823137 asynchronous_release_0
0.117517 -0.0250000004 0.0281678469 -0.0207743208 asynchronous_release_0
0.118655 -0.0250000004 -0.0341187374 -0.00780459869 asynchronous_release_0
0.117374 -0.0250000004 -0.0585104576 0.0384255951 asynchronous_release_1
0.065234 -0.0250000004 0.0107940068 0.0332939847 asynchronous_release_0
0.023634 -0.0250000004 0.0137578472 0.0321826295 asynchronous_release_0
0.092868 -0.0250000004 -0.0348191949 0.00355298027 asynchronous_release_0
0.056519 -0.0250000004 0.0133776462 0.0323425197 asynchronous_release_0
0.023892 -0.0250000004 -0.0201105738 -0.0286455026 asynchronous_release_0
0.050734 -0.0250000004 0.0120570523 -0.0328576854 asynchronous_release_0
0.075947 -0.0250000004 -0.000938791011 -0.00034448721 asynchronous_release_0
0.079531 -0.0250000004 -0.027645838 0.0214641012 asynchronous_release_0
0.054697 -0.0250000004 0.0307422464 -0.0167306391 asynchronous_release_0
0.038056 -0.0250000004 0.00575956694 -0.0345228531 asynchronous_release_0
0.109371 -0.0250000004 -0.0309121934 -0.0164145149 asynchronous_release_0
0.044786 -0.0250000004 -0.0331897816 0.0111102834 asynchronous_release_0
0.123574 -0.0250000004 0.0331897816 -0.0111102834 asynchronous_release_0
0.080483 -0.0250000004 0.00021838147 0.000975863481 asynchronous_release_1
0.059952 -0.0250000004 -0.0322062409 -0.0137024833 asynchronous_release_0
0.129581 -0.0250000004 0.0333265 0.0106931941 asynchronous_release_0
0.127732 -0.0250000004 0.0336709451 0.00955340016 asynchronous_release_0
0.106115 -0.0250000004 0.0223839836 -0.0269064542 asynchronous_release_2
0.052989 -0.0250000004 0.0240724089 -0.0254070685 asynchronous_release_0
0.116897 -0.0250000004 0.00996696225 0.0335508519 asynchronous_release_0
0.112126 -0.0250000004 -0.020186603 -0.0285919754 asynchronous_release_0
0.116397 -0.0250000004 -0.0313396934 0.0155827988 asynchronous_release_0
0.127734 -0.0250000004 -0.0277368246 -0.0213463946 asynchronous_release_3
0.050722 -0.0250000004 0.00326756147 -0.0348471382 asynchronous_release_0
0.04825 -0.0250000004 0.0340525851 -0.00808835278 asynchronous_release_0
0.015815 -0.0250000004 0.0164285168 0.0309047542 asynchronous_release_0
0.111569 -0.0250000004 0.0343316483 -0.00680719637 asynchronous_release_0
0.079311 -0.0250000004 -0.0177508022 0.0301646982 asynchronous_release_0
0.044742 -0.0250000004 0.0345410573 0.00564936802 asynchronous_release_0
0.120271 -0.0250000004 -0.00077396426 -0.000633229282 asynchronous_release_0
0.123954 -0.0250000004 -0.0349911824 0.000785590763 asynchronous_release_0
0.129151 -0.0250000004 -0.0246642647 0.0248329226 asynchronous_release_0
0.042302 -0.0250000004 -0.00767776504 0.0341475025 asynchronous_release_0
0.107642 -0.0250000004 -0.0164878643 0.0308731328 asynchronous_release_1
0.111509 -0.0250000004 0.00494745012 -0.0346485604 asynchronous_release_0
0.026086 -0.0250000004 0.000230859863 -0.000972987011 asynchronous_release_0
0.019878 -0.0250000004 -0.032901369 0.011937333 asynchronous_release_0
0.113132 -0.0250000004 -0.0160336281 0.0311114572 asynchronous_release_0
0.111547 -0.0250000004 0.0331251863 0.0113014172 asynchronous_release_0
0.083131 -0.0250000004 -0.0194113194 0.029123885 asynchronous_release_0
0.068312 -0.0250000004 -0.0157540045 -0.0312539812 asynchronous_release_0
0.056943 -0.0250000004 0.0337074418 0.00942381921 asynchronous_release_0
0.055274 -0.0250000004 0.0349090013 -0.0025222273 asynchronous_release_0
0.083344 -0.0250000004 0.0343953896 0.00647743586 asynchronous_release_0
0.123479 -0.0250000004 -0.0335234806 -0.0100586405 asynchronous_release_0
0.025499 -0.0250000004 -0.000661432982 -0.000750004273 asynchronous_release_0
0.125943 -0.0250000004 0.0309639141 0.0163167406 asynchronous_release_4
0.125357 -0.0250000004 0.00473281952 0.0346785297 asynchronous_release_0
0.048617 -0.0250000004 0.0278192505 0.021238863 asynchronous_release_0
0.100103 -0.0250000004 -0.000489928961 -0.00087176236 asynchronous_release_0
0.129338 -0.0250000004 0.0321134674 0.0139185204 asynchronous_release_0
0.043696 -0.0250000004 0.0348893848 0.00278043643 asynchronous_release_0
0.104334 -0.0250000004 0.000823567867 0.000567217743 asynchronous_release_0
0.104771 -0.0250000004 -0.000634710288 -0.000772750187 asynchronous_release_0
0.059328 -0.0250000004 0.0299811057 -0.0180591611 asynchronous_release_0
0.028996 -0.0250000004 0.0248219432 0.0246753143 asynchronous_release_1
0.03079 -0.0250000004 0.0345730978 0.00544985376 asynchronous_release_0
0.110812 -0.0250000004 0.000777607261 0.000628750306 asynchronous_release_0
0.106392 -0.0250000004 0.0199210098 0.028777654 asynchronous_release_4
0.109628 -0.0250000004 0.00402075615 0.0347682832 asynchronous_release_4
0.125233 -0.0250000004 0.0264892184 0.0228762171 asynchronous_release_0
0.122497 -0.0250000004 -0.0290784921 0.0531924929 asynchronous_release_1
0.060528 -0.0250000004 0.0329303008 0.0118572883 asynchronous_release_0
0.087636 -0.0250000004 0.00910562301 0.033794787 asynchronous_release_0
0.048038 -0.0250000004 0.0313167377 0.0156288816 asynchronous_release_0
0.115679 -0.0250000004 0.000446539473 -0.000894763935 asynchronous_release_0
0.105773 -0.0250000004 0.0140025666 -0.0320769096 asynchronous_release_0
0.125601 -0.0250000004 0.0347807019 -0.00391187641 asynchronous_release_0
0.082661 -0.0250000004 0.00762285477 0.0341598022 asynchronous_release_0
0.079684 -0.0250000004 0.0131752541 0.0324254943 asynchronous_release_0
0.099242 -0.0250000004 0.00648326892 0.0343942906 asynchronous_release_0
0.061601 -0.0250000004 0.0289564804 -0.0196601689 asynchronous_release_0
0.103522 -0.0250000004 -0.0300654376 0.0179184112 asynchronous_release_0
0.069571 -0.0250000004 0.000662710406 0.000748875769 asynchronous_release_0
0.1022 -0.0250000004 -0.0187431027 -0.0295583508 asynchronous_release_0
0.057886 -0.0250000004 -0.00167779325 -0.0349597627 asynchronous_release_0
0.015452 -0.0250000004 0.000104189131 -0.000994557502 asynchronous_release_0
0.108641 -0.0250000004 0.0176148711 0.0302442774 asynchronous_release_0
0.041434 -0.0250000004 0.0347302198 0.0043372613 asynchronous_release_0
0.118954 -0.0250000004 0.00675219471 -0.0343425082 asynchronous_release_4
0.024499 -0.0250000004 0.0337898312 -0.00912399631 asynchronous_release_0
0.047173 -0.0250000004 0.0289114498 0.0197263294 asynchronous_release_0
0.104466 -0.0250000004 0.0222016651 -0.027057089 asynchronous_release_3
0.115567 -0.0250000004 0.026581746 0.0227686359 asynchronous_release_0
0.105295 -0.0250000004 0.000517219789 -0.00085585261 asynchronous_release_0
0.118157 -0.0250000004 -0.000950729781 0.000310020779 asynchronous_release_0
0.117542 -0.0250000004 0.028637806 0.0201215325 asynchronous_release_0
0.12949 -0.0250000004 0.000882842249 -0.000469669633 asynchronous_release_0
0.094432 -0.0250000004 0.00251097478 0.0349098125 asynchronous_release_0
0.102717 -0.0250000004 0.0312808769 -0.0157005331 asynchronous_release_4
0.095785 -0.0250000004 0.0316299778 -0.0149848091 asynchronous_release_0
0.091912 -0.0250000004 -0.0349049225 -0.00257805842 asynchronous_release_1
0.121496 -0.0250000004 -0.0303818705 -0.0173764767 asynchronous_release_0
0.1246 -0.0250000004 0.0143225545 -0.0319353164 asynchronous_release_0
0.025236 -0.0250000004 -0.0107246746 0.0333163827 asynchronous_release_0
0.029435 -0.0250000004 0.000741315199 -0.000671157042 asynchronous_release_0
0.123189 -0.0250000004 0.0216164894 -0.0275268485 asynchronous_release_0
0.107772 -0.0250000004 0.00349387607 0.0348251752 asynchronous_release_0
0.117074 -0.0250000004 7.18957198e-05 0.000997412154 asynchronous_release_0
0.016558 -0.0250000004 0.000577499272 -0.0008163912 asynchronous_release_0
0.016518 -0.0250000004 -0.000631861294 0.000775081483 asynchronous_release_0
0.024765 -0.0250000004 0.0283970526 0.0204598974 asynchronous_release_0
0.032366 -0.0250000004 -0.0243631614 -0.0251283976 asynchronous_release_0
0.051317 -0.0250000004 0.018760407 0.029547371 asynchronous_release_0
0.017568 -0.0250000004 -0.00429248612 -0.0347357822 asynchronous_release_0
0.028211 -0.0250000004 0.0279358267 -0.0210852931 asynchronous_release_0
0.052241 -0.0250000004 0.000390013973 -0.000920808938 asynchronous_release_0
0.031043 -0.0250000004 -0.0207556458 -0.0281816105 asynchronous_release_0
0.076871 -0.0250000004 -0.0168857373 0.0306573299 asynchronous_release_0
0.129673 -0.0250000004 -0.0321974728 -0.0137230734 asynchronous_release_0
0.119985 -0.0250000004 -0.0328381409 0.0121101817 asynchronous_release_0
0.039252 -0.0250000004 -0.000971395118 -0.000237468999 asynchronous_release_0
0.113642 -0.0250000004 0.00196571154 -0.0349447561 asynchronous_release_0
0.088834 -0.0250000004 0.0342016931 0.00743264327 asynchronous_release_0
0.126846 -0.0250000004 0.0339467757 -0.00852152672 asynchronous_release_0
0.035112 -0.0250000004 0.0307548188 0.0167075169 asynchronous_release_0
0.114738 -0.0250000004 0.000908275338 0.0349882128 asynchronous_release_0
0.048466 -0.0250000004 0.0276442796 0.0214661083 asynchronous_release_0
0.019722 -0.0250000004 0.0320246983 -0.0141215686 asynchronous_release_0
0.107726 -0.0250000004 0.0196503021 -0.0289631771 asynchronous_release_0
0.074015 -0.0250000004 -0.0286266832 -0.0201373536 asynchronous_release_0
0.09938 -0.0250000004 -0.000947353113 0.000320190693 asynchronous_release_0
0.022261 -0.0250000004 -0.0134866344 0.0322972242 asynchronous_release_0
0.109591 -0.0250000004 0.0230351154 0.0263511567 asynchronous_release_4
0.092448 -0.0250000004 -0.00046107865 -0.000887359273 asynchronous_release_0
0.12654 -0.0250000004 0.0349291954 -0.00222515385 asynchronous_release_0
0.01087 -0.0250000004 -0.000658894482 0.000752235376 asynchronous_release_0
0.030048 -0.0250000004 -0.0284976534 0.0203195411 asynchronous_release_0
0.125641 -0.0250000004 0.000998827703 4.84068163e-05 asynchronous_release_0
0.119038 -0.0250000004 0.0344257221 -0.00631424256 asynchronous_release_0
0.127925 -0.0250000004 0.0070107407 -0.0342906622 asynchronous_release_0
0.105272 -0.0250000004 0.0257483478 -0.0237070156 asynchronous_release_2
0.104678 -0.0250000004 0.0309613642 -0.0163215786 asynchronous_release_0
0.043147 -0.0250000004 -0.0321351882 -0.0138682976 asynchronous_release_0
0.042532 -0.0250000004 0.0343174174 -0.00687858009 asynchronous_release_0
0.016567 -0.0250000004 -0.0303186024 0.0174866334 asynchronous_release_0
0.026808 -0.0250000004 -0.0322431476 -0.0136154116 asynchronous_release_0
0.060425 -0.0250000004 -0.0214046083 0.0276919256 asynchronous_release_0
0.108414 -0.0250000004 -0.0346842152 -0.00469097176 asynchronous_release_0
0.115969 -0.0250000004 0.000526610718 0.000850106553 asynchronous_release_0
0.074157 -0.0250000004 0.0327321074 -0.0123939156 asynchronous_release_0
0.128661 -0.0250000004 0.0286416705 0.0201160312 asynchronous_release_0
0.129365 -0.0250000004 -0.0347645388 -0.004053004 asynchronous_release_0
0.026931 -0.0250000004 -0.0203141877 -0.0285014697 asynchronous_release_0
0.118582 -0.0250000004 0.0167140423 0.030751273 asynchronous_release_0
0.039251 -0.0250000004 -0.00447887996 0.0347122404 asynchronous_release_0
0.112369 -0.0250000004 0.00262122669 -0.0605650821 asynchronous_release_0
0.102365 -0.0250000004 0.0281229799 -0.0208350186 asynchronous_release_0
0.042353 -0.0250000004 0.025768472 0.0236851399 asynchronous_release_0
0.081543 -0.0250000004 -0.0182122928 0.029888332 asynchronous_release_0
0.092675 -0.0250000004 0.0141392449 0.0320168979 asynchronous_release_0
0.053587 -0.0250000004 0.0296300696 0.0186295189 asynchronous_release_0
0.051651 -0.0250000004 0.0108405748 0.0332788512 asynchronous_release_0
0.089941 -0.0250000004 -0.000986465978 -0.000163966076 asynchronous_release_0
0.115066 -0.0250000004 -0.0177192784 -0.0301832267 asynchronous_release_4
0.043076 -0.0250000004 6.29128773e-05 -0.0349999435 asynchronous_release_0
0.128798 -0.0250000004 -0.0340836803 -0.00795630152 asynchronous_release_0
0.107071 -0.0250000004 -0.0247463221 0.0247511524 asynchronous_release_0
0.09453 -0.0250000004 -0.0234538228 0.0259791877 asynchronous_release_0
0.013722 -0.0250000004 -0.000999206049 -3.98405832e-05 asynchronous_release_3
0.032675 -0.0250000004 0.000990271169 0.000139151039 asynchronous_release_0
0.064663 -0.0250000004 0.0346636032 0.00484093106 asynchronous_release_0
0.123344 -0.0250000004 -0.00182043971 -0.0349526251 asynchronous_release_0
0.061478 -0.0250000004 -0.0275047142 0.0216446459 asynchronous_release_0
0.05321 -0.0250000004 -0.000511720809 -0.000859151799 asynchronous_release_0
0.082009 -0.0250000004 -0.030070313 0.0179102283 asynchronous_release_0
0.092099 -0.0250000004 -0.0311287815 0.0159999675 asynchronous_release_0
0.110754 -0.0250000004 -0.00045714193 -0.000889393758 asynchronous_release_0
0.118718 -0.0250000004 0.0294207691 0.0189583318 asynchronous_release_0
0.120038 -0.0250000004 -0.0302725063 -0.0175663134 asynchronous_release_0
0.006542 -0.0250000004 -0.0170292548 0.030577843 asynchronous_release_0
0.089381 -0.0250000004 0.0129228344 0.0325269173 asynchronous_release_0
0.052386 -0.0250000004 -0.0344676544 0.00608118428 asynchronous_release_0
0.122976 -0.0250000004 0.0344676544 -0.00608118428 asynchronous_release_0
0.056625 -0.0250000004 -0.0283762308 -0.0204887659 asynchronous_release_0
0.029666 -0.0250000004 0.0339585977 -0.00847429293 asynchronous_release_0
0.00609 -0.0250000004 0.00579923908 -0.0345162111 asynchronous_release_0
0.042952 -0.0250000004 0.0269922961 0.0222803939 asynchronous_release_0
0.128649 -0.0250000004 -0.0339222978 -0.00861845194 asynchronous_release_0
0.01747 -0.0250000004 0.0285809647 -0.0202021894 asynchronous_release_0
0.059611 -0.0250000004 0.000995798177 -9.15750552e-05 asynchronous_release_0
0.115318 -0.0250000004 0.000101081895 -0.000994878108 asynchronous_release_0
0.118552 -0.0250000004 0.0214866824 -0.0276282913 asynchronous_release_0
0.016475 -0.0250000004 0.000265544222 0.000964098681 asynchronous_release_0
0.054587 -0.0250000004 -0.00027728174 0.000960788654 asynchronous_release_0
0.127312 -0.0250000004 -0.0249733046 -0.0245221136 asynchronous_release_0
0.054016 -0.0250000004 0.00724568482 -0.0342417881 asynchronous_release_0
0.12523 -0.0250000004 -0.0277808099 0.0212891193 asynchronous_release_0
0.013998 -0.0250000004 -0.0165138023 -0.0308592666 asynchronous_release_0
0.12151 -0.0250000004 -0.0149578016 -0.0316427586 asynchronous_release_0
0.059605 -0.0250000004 0.000997520776 -7.03725943e-05 asynchronous_release_0
0.126404 -0.0250000004 -0.0024630408 -0.0349132271 asynchronous_release_0
0.125025 -0.0250000004 0.0197549718 0.0288918862 asynchronous_release_0
0.10784 -0.0250000004 0.0249952584 0.0244997359 asynchronous_release_0
0.066216 -0.0250000004 0.0304194331 -0.0173106351 asynchronous_release_0
0.103466 -0.0250000004 -0.0348332961 0.00341196223 asynchronous_release_0
0.0105 -0.0250000004 0.00157156306 -0.0349646992 asynchronous_release_0
0.104624 -0.0250000004 0.0310660993 -0.0161213361 asynchronous_release_0
0.124834 -0.0250000004 0.000915136279 0.034988034 asynchronous_release_0
0.128072 -0.0250000004 0.029618755 0.0186475026 asynchronous_release_0
0.119145 -0.0250000004 0.00872638296 0.0338946934 asynchronous_release_0
0.116296 -0.0250000004 0.0321250365 -0.0138917971 asynchronous_release_0
0.032729 -0.0250000004 -0.0340866551 -0.00794354729 asynchronous_release_0
0.003978 -0.0250000004 0.0318461577 -0.014519719 asynchronous_release_1
0.043594 -0.0250000004 0.0278150685 0.0212443396 asynchronous_release_0
0.122287 -0.0250000004 0.00248407114 -0.0349117371 asynchronous_release_0
0.126366 -0.0250000004 0.00136222137 0.0349734807 asynchronous_release_0
0.031019 -0.0250000004 0.00502833957 0.0346369139 asynchronous_release_0
0.126853 -0.0250000004 -0.00553358435 -0.0345597952 asynchronous_release_0
0.077889 -0.0250000004 0.0232591298 0.0261536399 asynchronous_release_0
0.119573 -0.0250000004 -0.0296410402 0.018612059 asynchronous_release_0
0.044448 -0.0250000004 0.000924914324 -0.000380175608 asynchronous_release_0
0.12965 -0.0250000004 -8.68545864e-05 -0.0349998922 asynchronous_release_0
0.026885 -0.0250000004 0.0121239977 -0.0328330425 asynchronous_release_0
0.128065 -0.0250000004 -0.031984406 0.0142125921 asynchronous_release_0
0.055673 -0.0250000004 -0.0287647298 0.0199396669 asynchronous_release_0
0.051435 -0.0250000004 -0.000158780151 0.0349996398 asynchronous_release_0
0.054608 -0.0250000004 0.0348015028 -0.00372228466 asynchronous_release_0
0.040578 -0.0250000004 0.034099732 -0.00788722243 asynchronous_release_0
0.044986 -0.0250000004 0.0229761807 -0.026402559 asynchronous_release_0
0.104826 -0.0250000004 0.0192852124 -0.0292075432 asynchronous_release_0
0.120687 -0.0250000004 0.023228258 0.0261810624 asynchronous_release_0
0.03764 -0.0250000004 0.0349672585 0.00151354965 asynchronous_release_0
0.121982 -0.0250000004 6.74916991e-05 0.000997719836 asynchronous_release_0
0.055343 -0.0250000004 -0.00612144037 -0.0344605277 asynchronous_release_0
0.119282 -0.0250000004 0.0244901506 0.02500465 asynchronous_release_0
0.11373 -0.0250000004 -0.0341518384 -0.00765845523 asynchronous_release_0
0.008317 -0.0250000004 0.0327737415 0.0122833981 asynchronous_release_0
0.093696 -0.0250000004 -0.0348004758 0.00373187384 asynchronous_release_0
0.06181 -0.0250000004 0.0082953505 -0.0340027522 asynchronous_release_0
0.032576 -0.0250000004 -0.000170361484 0.0349995854 asynchronous_release_0
0.076327 -0.0250000004 0.005447717 0.0345734346 asynchronous_release_0
0.068726 -0.0250000004 0.0111408754 0.0331795252 asynchronous_release_0
0.113805 -0.0250000004 0.0343047494 0.0069414815 asynchronous_release_0
0.021367 -0.0250000004 0.0209548116 0.0280338344 asynchronous_release_0
0.039544 -0.0250000004 -0.0138006069 0.0321643164 asynchronous_release_0
0.128841 -0.0250000004 0.0330149227 -0.0116195903 asynchronous_release_0
0.087553 -0.0250000004 -0.0187192963 0.0295734331 asynchronous_release_0
0.128097 -0.0250000004 -0.000931262873 0.000364347994 asynchronous_release_0
0.111782 -0.0250000004 -0.000974120881 -0.000226027673 asynchronous_release_0
0.098846 -0.0250000004 0.0106140846 -0.0333517797 asynchronous_release_0
0.042845 -0.0250000004 0.0349818387 0.00112737036 asynchronous_release_0
0.124409 -0.0250000004 -0.016514588 -0.0308588461 asynchronous_release_0
0.092504 -0.0250000004 -0.000750721631 0.000660618674 asynchronous_release_0
0.127094 -0.0250000004 0.00492694971 0.0346514814 asynchronous_release_2
0.087002 -0.0250000004 -0.0326886403 -0.0125081092 asynchronous_release_0
0.128251 -0.0250000004 0.00783663948 0.0341113923 asynchronous_release_0
0.107964 -0.0250000004 -0.0238828175 -0.0255853675 asynchronous_release_0
0.044102 -0.0250000004 -0.0179223449 0.0300630929 asynchronous_release_0
