0.000000 0.091542
0.000050 0.077956
0.000100 0.113450
0.000150 0.106104
0.000200 0.114548
0.000250 0.079060
0.000300 0.100351
0.000350 0.096197
0.000400 0.100839
0.000450 0.094353
0.000500 0.103171
0.000550 0.111977
0.000600 0.107215
0.000650 0.116747
0.000700 0.106110
0.000750 0.082476
0.000800 0.099502
0.000850 0.096440
0.000900 0.115775
0.000950 0.092767
0.001000 0.112467
0.001050 0.142575
0.001100 0.119200
0.001150 0.158978
0.001200 0.144525
0.001250 0.176585
0.001300 0.257617
0.001350 0.266925
0.001400 0.336408
0.001450 0.477420
0.001500 0.557577
0.001550 0.794247
0.001600 1.125192
0.001650 1.605900
0.001700 2.148784
0.001750 2.828360
0.001800 3.800546
0.001850 4.889294
0.001900 6.001223
0.001950 7.240837
0.002000 8.435179
0.002050 9.736051
0.002100 10.525597
0.002150 11.222881
0.002200 11.476837
0.002250 11.596915
0.002300 11.368540
0.002350 10.605688
0.002400 9.858260
0.002450 8.986712
0.002500 8.045624
0.002550 6.869176
0.002600 6.246134
0.002650 5.499552
0.002700 4.917784
0.002750 4.476742
0.002800 4.185454
0.002850 3.820396
0.002900 3.631298
0.002950 3.149280
0.003000 3.025619
0.003050 2.809039
0.003100 2.710404
0.003150 2.494974
0.003200 2.483894
0.003250 2.328442
0.003300 2.272231
0.003350 2.111977
0.003400 2.059132
0.003450 2.096398
0.003500 1.926665
0.003550 1.956069
0.003600 1.801295
0.003650 1.715181
0.003700 1.724365
0.003750 1.597227
0.003800 1.473107
0.003850 1.548757
0.003900 1.588828
0.003950 1.444896
0.004000 1.399946
0.004050 1.432338
0.004100 1.374963
0.004150 1.386921
0.004200 1.347877
0.004250 1.324323
0.004300 1.243907
0.004350 1.250957
0.004400 1.263369
0.004450 1.280869
0.004500 1.287233
0.004550 1.183733
0.004600 1.205105
0.004650 1.149175
0.004700 1.206949
0.004750 1.152079
0.004800 1.153286
0.004850 1.158426
0.004900 1.104259
0.004950 1.070645
0.005000 1.048437
0.005050 1.071241
0.005100 1.058310
0.005150 0.957652
0.005200 0.962330
0.005250 1.060960
0.005300 1.052787
0.005350 1.007987
0.005400 1.032549
0.005450 0.881097
0.005500 0.970977
0.005550 0.882945
0.005600 1.007615
0.005650 0.970789
0.005700 0.917539
0.005750 0.941149
0.005800 0.945781
0.005850 0.879649
0.005900 0.873490
0.005950 0.840436
0.006000 0.884724
0.006050 0.899484
0.006100 0.855525
0.006150 0.819231
0.006200 0.898491
0.006250 0.869457
0.006300 0.846723
0.006350 0.809757
0.006400 0.886857
0.006450 0.812601
0.006500 0.830637
0.006550 0.838353
0.006600 0.837803
0.006650 0.797765
0.006700 0.836927
0.006750 0.817433
0.006800 0.869861
0.006850 0.814289
0.006900 0.775143
0.006950 0.814099
0.007000 0.792401
0.007050 0.839501
0.007100 0.741266
0.007150 0.742136
0.007200 0.705421
0.007250 0.789943
0.007300 0.772801
0.007350 0.803907
0.007400 0.744803
0.007450 0.731941
0.007500 0.708895
0.007550 0.761577
0.007600 0.736535
0.007650 0.736729
0.007700 0.752589
0.007750 0.734747
0.007800 0.675886
0.007850 0.715740
0.007900 0.716909
0.007950 0.753273
0.008000 0.672432
0.008050 0.770988
0.008100 0.649650
0.008150 0.713134
0.008200 0.778226
0.008250 0.712296
0.008300 0.731924
0.008350 0.665134
0.008400 0.706063
0.008450 0.682863
0.008500 0.724304
0.008550 0.687250
0.008600 0.691299
0.008650 0.742631
0.008700 0.697601
0.008750 0.693725
0.008800 0.689825
0.008850 0.643177
0.008900 0.644644
0.008950 0.679294
0.009000 0.733922
0.009050 0.658802
0.009100 0.652541
0.009150 0.660915
0.009200 0.615975
0.009250 0.617373
0.009300 0.630213
0.009350 0.631047
0.009400 0.633975
0.009450 0.658607
0.009500 0.651724
0.009550 0.633774
0.009600 0.623632
0.009650 0.635624
0.009700 0.660261
0.009750 0.639779
0.009800 0.621117
0.009850 0.633421
0.009900 0.632544
0.009950 0.591214
0.010000 0.635249
0.010050 0.613443
0.010100 0.628615
0.010150 0.618461
0.010200 0.659967
0.010250 0.670093
0.010300 0.616544
0.010350 0.605828
0.010400 0.625405
0.010450 0.663045
0.010500 0.585099
0.010550 0.632103
0.010600 0.606639
0.010650 0.647929
0.010700 0.611025
0.010750 0.613043
0.010800 0.638002
0.010850 0.613510
0.010900 0.650341
0.010950 0.596059
0.011000 0.639056
0.011050 0.561324
0.011100 0.598616
0.011150 0.598004
0.011200 0.608975
0.011250 0.595347
0.011300 0.531029
0.011350 0.612349
0.011400 0.581273
0.011450 0.571747
0.011500 0.563361
0.011550 0.557759
0.011600 0.613006
0.011650 0.556284
0.011700 0.579305
0.011750 0.591397
0.011800 0.594264
0.011850 0.576084
0.011900 0.608440
0.011950 0.536420
0.012000 0.614218
0.012050 0.649282
0.012100 0.602494
0.012150 0.615970
0.012200 0.548116
0.012250 0.568816
0.012300 0.537497
0.012350 0.618231
0.012400 0.553372
0.012450 0.548314
0.012500 0.621846
0.012550 0.623012
0.012600 0.618958
0.012650 0.589026
0.012700 0.555248
0.012750 0.557504
0.012800 0.522603
0.012850 0.542071
0.012900 0.532063
0.012950 0.556599
0.013000 0.534779
0.013050 0.575141
0.013100 0.571070
0.013150 0.539834
0.013200 0.495861
0.013250 0.500409
0.013300 0.599604
0.013350 0.509174
0.013400 0.519750
0.013450 0.503788
0.013500 0.571460
0.013550 0.539586
0.013600 0.572128
0.013650 0.519334
0.013700 0.541927
0.013750 0.554623
0.013800 0.545640
0.013850 0.520222
0.013900 0.493478
0.013950 0.526152
0.014000 0.550813
0.014050 0.543653
0.014100 0.540723
0.014150 0.506015
0.014200 0.521731
0.014250 0.515081
0.014300 0.477426
0.014350 0.509998
0.014400 0.527077
0.014450 0.580063
0.014500 0.560323
0.014550 0.502765
0.014600 0.533156
0.014650 0.522756
0.014700 0.513190
0.014750 0.465694
0.014800 0.489349
0.014850 0.522539
0.014900 0.512764
0.014950 0.530844
0.015000 0.472403
0.015050 0.523963
0.015100 0.495492
0.015150 0.484422
0.015200 0.486410
0.015250 0.484798
0.015300 0.555674
0.015350 0.541670
0.015400 0.527576
0.015450 0.553692
0.015500 0.539989
0.015550 0.443519
0.015600 0.534593
0.015650 0.463625
0.015700 0.528104
0.015750 0.465582
0.015800 0.494124
0.015850 0.503586
0.015900 0.487025
0.015950 0.483793
0.016000 0.423438
0.016050 0.529360
0.016100 0.474817
0.016150 0.460633
0.016200 0.548737
0.016250 0.487739
0.016300 0.486714
0.016350 0.502778
0.016400 0.487447
0.016450 0.471357
0.016500 0.442915
0.016550 0.522157
0.016600 0.480613
0.016650 0.496515
0.016700 0.461010
0.016750 0.456474
0.016800 0.493052
0.016850 0.489098
0.016900 0.504470
0.016950 0.483296
0.017000 0.447309
0.017050 0.433957
0.017100 0.502504
0.017150 0.455762
0.017200 0.483858
0.017250 0.444074
0.017300 0.470952
0.017350 0.450772
0.017400 0.469193
0.017450 0.450359
0.017500 0.500546
0.017550 0.438206
0.017600 0.469619
0.017650 0.478679
0.017700 0.458740
0.017750 0.457890
0.017800 0.514901
0.017850 0.492233
0.017900 0.497049
0.017950 0.476377
0.018000 0.412244
0.018050 0.536574
0.018100 0.453244
0.018150 0.510122
0.018200 0.455811
0.018250 0.519667
0.018300 0.492695
0.018350 0.483195
0.018400 0.412393
0.018450 0.436505
0.018500 0.479024
0.018550 0.442682
0.018600 0.460161
0.018650 0.441159
0.018700 0.468909
0.018750 0.467583
0.018800 0.494173
0.018850 0.443891
0.018900 0.433032
0.018950 0.467336
0.019000 0.466888
0.019050 0.434758
0.019100 0.531857
0.019150 0.437361
0.019200 0.480751
0.019250 0.467379
0.019300 0.459347
0.019350 0.474947
0.019400 0.402391
0.019450 0.538341
0.019500 0.456405
0.019550 0.421295
0.019600 0.417775
0.019650 0.402829
0.019700 0.510641
0.019750 0.410211
0.019800 0.437671
0.019850 0.456211
0.019900 0.442198
0.019950 0.479704
0.020000 0.402830
0.020050 0.431130
0.020100 0.420979
0.020150 0.431381
0.020200 0.396120
0.020250 0.413402
0.020300 0.461362
0.020350 0.432588
0.020400 0.428983
0.020450 0.468015
0.020500 0.455981
0.020550 0.452121
0.020600 0.440408
0.020650 0.433600
0.020700 0.457890
0.020750 0.434122
0.020800 0.446066
0.020850 0.502426
0.020900 0.429322
0.020950 0.473734
0.021000 0.399342
0.021050 0.470874
0.021100 0.415614
0.021150 0.460470
0.021200 0.404940
0.021250 0.392916
0.021300 0.353928
0.021350 0.430248
0.021400 0.400734
0.021450 0.450154
0.021500 0.461581
0.021550 0.434659
0.021600 0.436147
0.021650 0.442005
0.021700 0.373538
0.021750 0.412310
0.021800 0.393249
0.021850 0.418315
0.021900 0.411526
0.021950 0.433750
0.022000 0.412486
0.022050 0.429108
0.022100 0.393145
0.022150 0.394697
0.022200 0.428764
0.022250 0.435874
0.022300 0.437686
0.022350 0.467752
0.022400 0.441912
0.022450 0.455966
0.022500 0.404285
0.022550 0.415105
0.022600 0.440964
0.022650 0.427968
0.022700 0.486338
0.022750 0.445246
0.022800 0.404813
0.022850 0.431457
0.022900 0.379804
0.022950 0.432710
0.023000 0.434808
0.023050 0.399976
0.023100 0.423735
0.023150 0.405441
0.023200 0.414945
0.023250 0.431983
0.023300 0.441675
0.023350 0.431789
0.023400 0.376831
0.023450 0.411777
0.023500 0.478049
0.023550 0.431007
0.023600 0.461725
0.023650 0.413969
0.023700 0.396800
0.023750 0.435230
0.023800 0.431465
0.023850 0.361249
0.023900 0.390239
0.023950 0.428547
0.024000 0.388226
0.024050 0.464312
0.024100 0.388259
0.024150 0.366439
0.024200 0.388149
0.024250 0.430907
0.024300 0.425731
0.024350 0.392721
0.024400 0.421625
0.024450 0.416421
0.024500 0.347860
0.024550 0.420098
0.024600 0.379895
0.024650 0.377005
0.024700 0.346392
0.024750 0.376616
0.024800 0.397595
0.024850 0.416225
0.024900 0.412526
0.024950 0.376818
0.025000 0.433093
0.025050 0.404881
0.025100 0.397136
0.025150 0.357102
0.025200 0.415823
0.025250 0.423295
0.025300 0.395841
0.025350 0.396177
0.025400 0.391947
0.025450 0.383625
0.025500 0.437609
0.025550 0.422803
0.025600 0.386889
0.025650 0.399607
0.025700 0.351127
0.025750 0.411769
0.025800 0.376615
0.025850 0.374939
0.025900 0.384684
0.025950 0.393978
0.026000 0.404380
0.026050 0.458180
0.026100 0.431759
0.026150 0.384237
0.026200 0.373729
0.026250 0.406831
0.026300 0.444350
0.026350 0.440382
0.026400 0.428996
0.026450 0.395826
0.026500 0.398587
0.026550 0.369987
0.026600 0.445705
0.026650 0.362729
0.026700 0.416257
0.026750 0.378977
0.026800 0.403791
0.026850 0.358815
0.026900 0.407385
0.026950 0.419517
0.027000 0.367889
0.027050 0.372353
0.027100 0.350246
0.027150 0.367196
0.027200 0.443656
0.027250 0.351834
0.027300 0.391891
0.027350 0.394915
0.027400 0.334282
0.027450 0.362428
0.027500 0.368699
0.027550 0.402063
0.027600 0.400227
0.027650 0.382325
0.027700 0.353236
0.027750 0.358472
0.027800 0.377115
0.027850 0.393637
0.027900 0.329203
0.027950 0.375873
0.028000 0.370631
0.028050 0.374363
0.028100 0.399519
0.028150 0.384211
0.028200 0.394256
0.028250 0.409458
0.028300 0.362947
0.028350 0.380951
0.028400 0.385973
0.028450 0.396161
0.028500 0.359019
0.028550 0.365735
0.028600 0.378799
0.028650 0.397107
0.028700 0.381595
0.028750 0.363131
0.028800 0.367083
0.028850 0.369331
0.028900 0.392444
0.028950 0.372766
0.029000 0.400056
0.029050 0.365222
0.029100 0.368695
0.029150 0.379787
0.029200 0.405570
0.029250 0.382270
0.029300 0.431647
0.029350 0.365449
0.029400 0.369012
0.029450 0.390892
0.029500 0.358520
0.029550 0.375720
0.029600 0.353285
0.029650 0.385393
0.029700 0.370072
0.029750 0.405342
0.029800 0.402590
0.029850 0.404616
0.029900 0.379705
0.029950 0.379277
0.030000 0.343997
0.030050 0.374769
0.030100 0.341785
0.030150 0.366629
0.030200 0.338970
0.030250 0.370570
0.030300 0.336172
0.030350 0.387340
0.030400 0.333412
0.030450 0.371946
0.030500 0.312918
0.030550 0.372336
0.030600 0.387305
0.030650 0.376567
0.030700 0.381774
0.030750 0.358678
0.030800 0.382986
0.030850 0.358598
0.030900 0.332242
0.030950 0.383886
0.031000 0.384245
0.031050 0.380881
0.031100 0.313962
0.031150 0.361544
0.031200 0.361863
0.031250 0.350923
0.031300 0.289151
0.031350 0.418003
0.031400 0.360037
0.031450 0.364801
0.031500 0.396728
0.031550 0.351710
0.031600 0.379280
0.031650 0.363242
0.031700 0.359200
0.031750 0.348786
0.031800 0.395023
0.031850 0.373219
0.031900 0.366655
0.031950 0.343427
0.032000 0.342532
0.032050 0.346134
0.032100 0.338829
0.032150 0.387525
0.032200 0.355185
0.032250 0.360169
0.032300 0.373594
0.032350 0.323584
0.032400 0.346037
0.032450 0.382901
0.032500 0.367211
0.032550 0.319507
0.032600 0.364969
0.032650 0.421111
0.032700 0.353067
0.032750 0.333917
0.032800 0.355420
0.032850 0.392820
0.032900 0.367133
0.032950 0.345955
0.033000 0.333280
0.033050 0.327836
0.033100 0.370773
0.033150 0.379383
0.033200 0.350798
0.033250 0.349396
0.033300 0.349328
0.033350 0.313862
0.033400 0.344474
0.033450 0.371210
0.033500 0.334998
0.033550 0.338950
0.033600 0.323409
0.033650 0.332069
0.033700 0.347524
0.033750 0.338718
0.033800 0.359667
0.033850 0.380037
0.033900 0.311554
0.033950 0.340694
0.034000 0.366564
0.034050 0.354362
0.034100 0.359187
0.034150 0.370195
0.034200 0.350432
0.034250 0.344308
0.034300 0.353277
0.034350 0.339587
0.034400 0.336178
0.034450 0.394860
0.034500 0.352917
0.034550 0.303185
0.034600 0.335017
0.034650 0.396835
0.034700 0.330351
0.034750 0.319265
0.034800 0.387595
0.034850 0.327793
0.034900 0.317368
0.034950 0.409804
0.035000 0.372957
0.035050 0.326129
0.035100 0.352218
0.035150 0.327032
0.035200 0.363079
0.035250 0.361161
0.035300 0.344393
0.035350 0.333931
0.035400 0.345409
0.035450 0.339191
0.035500 0.352149
0.035550 0.338823
0.035600 0.337567
0.035650 0.348449
0.035700 0.337932
0.035750 0.307328
0.035800 0.340414
0.035850 0.365028
0.035900 0.363866
0.035950 0.320224
0.036000 0.328317
0.036050 0.334283
0.036100 0.275932
0.036150 0.318704
0.036200 0.329759
0.036250 0.366275
0.036300 0.325158
0.036350 0.342844
0.036400 0.354776
0.036450 0.351432
0.036500 0.311529
0.036550 0.353451
0.036600 0.388953
0.036650 0.325515
0.036700 0.336057
0.036750 0.349591
0.036800 0.334442
0.036850 0.334734
0.036900 0.366809
0.036950 0.343519
0.037000 0.342369
0.037050 0.312281
0.037100 0.346717
0.037150 0.339633
0.037200 0.331035
0.037250 0.306741
0.037300 0.296547
0.037350 0.343913
0.037400 0.374247
0.037450 0.366457
0.037500 0.325596
0.037550 0.333456
0.037600 0.339846
0.037650 0.312336
0.037700 0.337571
0.037750 0.314527
0.037800 0.335302
0.037850 0.365260
0.037900 0.320200
0.037950 0.302326
0.038000 0.304172
0.038050 0.328128
0.038100 0.362865
0.038150 0.316759
0.038200 0.315611
0.038250 0.309867
0.038300 0.312542
0.038350 0.341344
0.038400 0.331813
0.038450 0.357669
0.038500 0.340454
0.038550 0.333212
0.038600 0.292707
0.038650 0.338737
0.038700 0.330700
0.038750 0.368420
0.038800 0.307611
0.038850 0.310367
0.038900 0.351309
0.038950 0.326113
0.039000 0.348465
0.039050 0.306001
0.039100 0.329933
0.039150 0.326521
0.039200 0.319175
0.039250 0.309447
0.039300 0.346119
0.039350 0.335655
0.039400 0.299907
0.039450 0.273507
0.039500 0.315037
0.039550 0.355145
0.039600 0.308972
0.039650 0.298358
0.039700 0.320303
0.039750 0.341539
0.039800 0.378799
0.039850 0.322837
0.039900 0.348965
0.039950 0.331195
0.040000 0.306153
0.040050 0.313903
0.040100 0.327307
0.040150 0.327901
0.040200 0.347016
0.040250 0.319458
0.040300 0.357168
0.040350 0.353814
0.040400 0.330226
0.040450 0.337334
0.040500 0.342850
0.040550 0.341894
0.040600 0.319800
0.040650 0.356236
0.040700 0.367545
0.040750 0.318515
0.040800 0.335485
0.040850 0.349249
0.040900 0.377809
0.040950 0.355637
0.041000 0.286590
0.041050 0.310180
0.041100 0.351966
0.041150 0.300796
0.041200 0.365768
0.041250 0.331860
0.041300 0.301140
0.041350 0.331584
0.041400 0.311573
0.041450 0.322203
0.041500 0.351988
0.041550 0.375228
0.041600 0.385227
0.041650 0.344391
0.041700 0.334306
0.041750 0.347596
0.041800 0.326620
0.041850 0.301382
0.041900 0.301227
0.041950 0.389275
0.042000 0.326261
0.042050 0.348909
0.042100 0.300829
0.042150 0.314193
0.042200 0.300568
0.042250 0.284360
0.042300 0.326541
0.042350 0.312907
0.042400 0.329792
0.042450 0.316140
0.042500 0.359460
0.042550 0.304104
0.042600 0.310825
0.042650 0.318427
0.042700 0.329479
0.042750 0.342285
0.042800 0.321716
0.042850 0.270190
0.042900 0.306105
0.042950 0.289689
0.043000 0.299049
0.043050 0.309307
0.043100 0.323919
0.043150 0.291929
0.043200 0.313461
0.043250 0.321215
0.043300 0.325531
0.043350 0.306429
0.043400 0.315941
0.043450 0.344629
0.043500 0.314191
0.043550 0.341203
0.043600 0.285376
0.043650 0.310642
0.043700 0.285248
0.043750 0.298314
0.043800 0.265824
0.043850 0.341220
0.043900 0.292059
0.043950 0.303453
0.044000 0.284054
0.044050 0.276058
0.044100 0.329848
0.044150 0.291888
0.044200 0.306017
0.044250 0.300705
0.044300 0.345937
0.044350 0.338933
0.044400 0.335464
0.044450 0.304396
0.044500 0.311539
0.044550 0.315141
0.044600 0.303577
0.044650 0.333995
0.044700 0.307238
0.044750 0.307274
0.044800 0.275918
0.044850 0.306422
0.044900 0.327142
0.044950 0.296634
0.045000 0.319186
0.045050 0.299422
0.045100 0.309394
0.045150 0.293186
0.045200 0.351137
0.045250 0.306905
0.045300 0.307879
0.045350 0.286159
0.045400 0.300730
0.045450 0.277132
0.045500 0.319962
0.045550 0.317336
0.045600 0.285488
0.045650 0.328486
0.045700 0.281043
0.045750 0.315887
0.045800 0.341678
0.045850 0.348278
0.045900 0.320899
0.045950 0.292513
0.046000 0.333112
0.046050 0.312072
0.046100 0.306657
0.046150 0.327099
0.046200 0.320785
0.046250 0.308897
0.046300 0.250623
0.046350 0.323939
0.046400 0.314814
0.046450 0.291712
0.046500 0.264814
0.046550 0.331032
0.046600 0.307898
0.046650 0.301504
0.046700 0.274522
0.046750 0.309232
0.046800 0.316883
0.046850 0.293607
0.046900 0.293734
0.046950 0.288224
0.047000 0.310929
0.047050 0.279073
0.047100 0.322558
0.047150 0.289720
0.047200 0.312535
0.047250 0.272043
0.047300 0.310026
0.047350 0.314004
0.047400 0.298068
0.047450 0.314384
0.047500 0.282253
0.047550 0.292863
0.047600 0.293026
0.047650 0.309410
0.047700 0.302928
0.047750 0.294516
0.047800 0.280338
0.047850 0.297732
0.047900 0.299839
0.047950 0.278915
0.048000 0.279070
0.048050 0.310974
0.048100 0.284237
0.048150 0.322971
0.048200 0.301998
0.048250 0.312840
0.048300 0.309213
0.048350 0.301705
0.048400 0.285455
0.048450 0.276917
0.048500 0.270297
0.048550 0.270463
0.048600 0.328039
0.048650 0.286447
0.048700 0.285679
0.048750 0.298575
0.048800 0.263640
0.048850 0.311730
0.048900 0.307104
0.048950 0.324026
0.049000 0.293914
0.049050 0.250946
0.049100 0.324826
0.049150 0.271014
0.049200 0.265305
0.049250 0.309867
0.049300 0.321009
0.049350 0.303535
0.049400 0.326559
0.049450 0.316985
0.049500 0.307384
0.049550 0.311644
0.049600 0.242437
0.049650 0.297273
0.049700 0.273672
0.049750 0.306774
0.049800 0.302092
0.049850 0.262468
0.049900 0.270679
0.049950 0.260917
0.050000 0.310187
0.050050 0.298485
0.050100 0.326870
0.050150 0.330242
0.050200 0.312521
0.050250 0.318893
0.050300 0.276950
0.050350 0.318548
0.050400 0.308813
0.050450 0.283901
0.050500 0.271049
0.050550 0.303701
0.050600 0.316192
0.050650 0.272952
0.050700 0.292516
0.050750 0.277596
0.050800 0.335858
0.050850 0.287404
0.050900 0.316253
0.050950 0.244209
0.051000 0.292433
0.051050 0.275393
0.051100 0.331961
0.051150 0.309849
0.051200 0.292799
0.051250 0.334183
0.051300 0.288395
0.051350 0.265091
0.051400 0.323012
0.051450 0.285314
0.051500 0.314523
0.051550 0.281899
0.051600 0.268809
0.051650 0.288771
0.051700 0.307758
0.051750 0.279146
0.051800 0.258749
0.051850 0.302651
0.051900 0.290576
0.051950 0.283668
0.052000 0.279865
0.052050 0.273969
0.052100 0.278488
0.052150 0.270494
0.052200 0.289649
0.052250 0.307815
0.052300 0.287296
0.052350 0.283488
0.052400 0.306945
0.052450 0.310521
0.052500 0.303599
0.052550 0.255631
0.052600 0.274920
0.052650 0.293212
0.052700 0.269358
0.052750 0.282398
0.052800 0.301819
0.052850 0.270513
0.052900 0.306896
0.052950 0.294624
0.053000 0.268526
0.053050 0.300766
0.053100 0.267193
0.053150 0.236719
0.053200 0.234916
0.053250 0.288542
0.053300 0.271899
0.053350 0.293659
0.053400 0.270584
0.053450 0.287036
0.053500 0.297110
0.053550 0.281486
0.053600 0.290499
0.053650 0.316723
0.053700 0.274222
0.053750 0.286480
0.053800 0.276157
0.053850 0.279821
0.053900 0.277023
0.053950 0.265579
0.054000 0.277887
0.054050 0.280493
0.054100 0.286357
0.054150 0.281399
0.054200 0.265579
0.054250 0.296415
0.054300 0.269727
0.054350 0.265815
0.054400 0.296742
0.054450 0.272166
0.054500 0.274799
0.054550 0.298189
0.054600 0.291041
0.054650 0.257619
0.054700 0.251482
0.054750 0.274922
0.054800 0.303913
0.054850 0.281379
0.054900 0.286260
0.054950 0.286756
0.055000 0.287255
0.055050 0.289961
0.055100 0.298191
0.055150 0.276637
0.055200 0.257236
0.055250 0.288660
0.055300 0.283640
0.055350 0.288580
0.055400 0.269137
0.055450 0.258523
0.055500 0.274546
0.055550 0.266150
0.055600 0.341208
0.055650 0.277220
0.055700 0.293341
0.055750 0.296115
0.055800 0.266505
0.055850 0.281537
0.055900 0.285421
0.055950 0.248997
0.056000 0.259559
0.056050 0.278005
0.056100 0.292010
0.056150 0.286946
0.056200 0.272870
0.056250 0.258758
0.056300 0.263769
0.056350 0.266539
0.056400 0.272705
0.056450 0.280019
0.056500 0.289616
0.056550 0.248300
0.056600 0.265792
0.056650 0.228900
0.056700 0.260012
0.056750 0.271896
0.056800 0.256525
0.056850 0.291187
0.056900 0.276965
0.056950 0.249027
0.057000 0.254106
0.057050 0.277472
0.057100 0.256324
0.057150 0.268298
0.057200 0.282595
0.057250 0.235047
0.057300 0.282577
0.057350 0.271685
0.057400 0.280299
0.057450 0.302737
0.057500 0.253873
0.057550 0.275155
0.057600 0.278046
0.057650 0.274022
0.057700 0.281539
0.057750 0.265957
0.057800 0.276947
0.057850 0.276387
0.057900 0.294371
0.057950 0.268323
0.058000 0.278200
0.058050 0.249758
0.058100 0.286372
0.058150 0.268374
0.058200 0.302756
0.058250 0.291754
0.058300 0.270222
0.058350 0.249804
0.058400 0.292461
0.058450 0.267369
0.058500 0.251582
0.058550 0.279120
0.058600 0.309076
0.058650 0.265148
0.058700 0.283384
0.058750 0.289908
0.058800 0.275264
0.058850 0.294746
0.058900 0.268298
0.058950 0.264204
0.059000 0.260101
0.059050 0.285539
0.059100 0.234148
0.059150 0.270244
0.059200 0.259033
0.059250 0.264399
0.059300 0.249601
0.059350 0.266843
0.059400 0.243704
0.059450 0.246688
0.059500 0.252063
0.059550 0.252685
0.059600 0.264047
0.059650 0.275439
0.059700 0.297616
0.059750 0.263638
0.059800 0.270274
0.059850 0.296096
0.059900 0.271626
0.059950 0.267496
0.060000 0.247744
0.060050 0.261600
0.060100 0.262259
0.060150 0.273757
0.060200 0.219010
0.060250 0.267844
0.060300 0.243174
0.060350 0.276428
0.060400 0.267451
0.060450 0.289913
0.060500 0.274891
0.060550 0.284073
0.060600 0.282362
0.060650 0.268508
0.060700 0.287426
0.060750 0.227352
0.060800 0.248670
0.060850 0.288312
0.060900 0.243942
0.060950 0.281204
0.061000 0.241636
0.061050 0.303398
0.061100 0.284595
0.061150 0.257179
0.061200 0.210097
0.061250 0.262207
0.061300 0.270274
0.061350 0.266082
0.061400 0.245904
0.061450 0.246588
0.061500 0.269433
0.061550 0.246751
0.061600 0.264704
0.061650 0.245682
0.061700 0.294540
0.061750 0.279246
0.061800 0.279997
0.061850 0.254753
0.061900 0.270336
0.061950 0.231398
0.062000 0.259381
0.062050 0.261351
0.062100 0.248411
0.062150 0.261565
0.062200 0.242382
0.062250 0.295422
0.062300 0.277512
0.062350 0.272040
0.062400 0.282793
0.062450 0.257323
0.062500 0.265570
0.062550 0.273838
0.062600 0.255814
0.062650 0.254050
0.062700 0.258558
0.062750 0.295734
0.062800 0.275178
0.062850 0.288540
0.062900 0.244021
0.062950 0.302717
0.063000 0.261935
0.063050 0.241249
0.063100 0.278613
0.063150 0.276883
0.063200 0.292860
0.063250 0.255704
0.063300 0.236199
0.063350 0.253421
0.063400 0.252919
0.063450 0.274007
0.063500 0.269726
0.063550 0.261620
0.063600 0.264953
0.063650 0.249185
0.063700 0.262706
0.063750 0.248188
0.063800 0.289825
0.063850 0.252325
0.063900 0.268456
0.063950 0.247506
0.064000 0.272624
0.064050 0.234984
0.064100 0.279369
0.064150 0.291759
0.064200 0.261774
0.064250 0.301164
0.064300 0.255705
0.064350 0.265525
0.064400 0.275369
0.064450 0.300717
0.064500 0.261575
0.064550 0.268855
0.064600 0.270981
0.064650 0.261467
0.064700 0.273947
0.064750 0.252761
0.064800 0.284704
0.064850 0.262206
0.064900 0.213677
0.064950 0.246937
0.065000 0.251653
0.065050 0.279817
0.065100 0.280684
0.065150 0.254170
0.065200 0.252391
0.065250 0.236243
0.065300 0.230515
0.065350 0.244395
0.065400 0.260926
0.065450 0.269636
0.065500 0.242970
0.065550 0.260852
0.065600 0.265646
0.065650 0.279650
0.065700 0.264757
0.065750 0.285363
0.065800 0.212510
0.065850 0.235706
0.065900 0.277422
0.065950 0.263794
0.066000 0.300334
0.066050 0.278790
0.066100 0.284981
0.066150 0.250143
0.066200 0.249677
0.066250 0.273079
0.066300 0.272649
0.066350 0.231051
0.066400 0.266442
0.066450 0.250044
0.066500 0.264223
0.066550 0.237143
0.066600 0.225999
0.066650 0.288201
0.066700 0.263769
0.066750 0.219243
0.066800 0.248153
0.066850 0.235651
0.066900 0.223122
0.066950 0.257466
0.067000 0.279819
0.067050 0.260621
0.067100 0.226608
0.067150 0.253000
0.067200 0.286177
0.067250 0.279049
0.067300 0.259783
0.067350 0.279567
0.067400 0.314235
0.067450 0.274731
0.067500 0.228385
0.067550 0.261705
0.067600 0.250451
0.067650 0.248651
0.067700 0.221103
0.067750 0.239599
0.067800 0.229640
0.067850 0.231882
0.067900 0.236848
0.067950 0.259506
0.068000 0.245468
0.068050 0.262726
0.068100 0.273208
0.068150 0.252342
0.068200 0.272381
0.068250 0.261047
0.068300 0.320773
0.068350 0.242463
0.068400 0.226956
0.068450 0.242926
0.068500 0.250706
0.068550 0.243412
0.068600 0.277293
0.068650 0.230183
0.068700 0.242096
0.068750 0.245780
0.068800 0.248096
0.068850 0.239394
0.068900 0.251359
0.068950 0.249551
0.069000 0.211834
0.069050 0.256956
0.069100 0.278666
0.069150 0.247832
0.069200 0.306957
0.069250 0.292753
0.069300 0.232748
0.069350 0.265610
0.069400 0.261041
0.069450 0.267583
0.069500 0.260230
0.069550 0.280702
0.069600 0.260822
0.069650 0.247870
0.069700 0.220941
0.069750 0.276319
0.069800 0.256379
0.069850 0.267153
0.069900 0.242976
0.069950 0.215948
0.070000 0.278527
0.070050 0.240297
0.070100 0.260912
0.070150 0.259108
0.070200 0.234821
0.070250 0.247039
0.070300 0.286017
0.070350 0.250455
0.070400 0.264133
0.070450 0.249641
0.070500 0.199844
0.070550 0.261490
0.070600 0.280878
0.070650 0.264958
0.070700 0.254665
0.070750 0.230191
0.070800 0.248176
0.070850 0.267618
0.070900 0.248789
0.070950 0.227081
0.071000 0.260747
0.071050 0.298751
0.071100 0.242918
0.071150 0.265288
0.071200 0.247806
0.071250 0.255956
0.071300 0.249854
0.071350 0.263732
0.071400 0.210477
0.071450 0.241481
0.071500 0.233914
0.071550 0.244948
0.071600 0.245975
0.071650 0.239835
0.071700 0.222203
0.071750 0.236127
0.071800 0.237148
0.071850 0.228106
0.071900 0.250704
0.071950 0.247430
0.072000 0.262883
0.072050 0.209153
0.072100 0.233234
0.072150 0.232818
0.072200 0.258412
0.072250 0.252248
0.072300 0.257648
0.072350 0.255820
0.072400 0.265581
0.072450 0.205763
0.072500 0.215470
0.072550 0.260046
0.072600 0.233518
0.072650 0.260734
0.072700 0.228352
0.072750 0.238128
0.072800 0.261038
0.072850 0.267958
0.072900 0.258844
0.072950 0.248252
0.073000 0.227412
0.073050 0.244542
0.073100 0.223670
0.073150 0.274492
0.073200 0.260959
0.073250 0.243001
0.073300 0.227941
0.073350 0.249551
0.073400 0.240357
0.073450 0.278185
0.073500 0.257251
0.073550 0.299571
0.073600 0.234449
0.073650 0.208993
0.073700 0.224786
0.073750 0.267180
0.073800 0.243196
0.073850 0.247246
0.073900 0.233557
0.073950 0.245001
0.074000 0.232773
0.074050 0.290175
0.074100 0.251299
0.074150 0.213829
0.074200 0.229744
0.074250 0.250150
0.074300 0.225988
0.074350 0.258322
0.074400 0.217761
0.074450 0.262049
0.074500 0.249769
0.074550 0.255369
0.074600 0.234107
0.074650 0.254635
0.074700 0.227365
0.074750 0.280825
0.074800 0.267028
0.074850 0.244216
0.074900 0.227355
0.074950 0.271961
0.075000 0.238605
0.075050 0.266765
0.075100 0.242377
0.075150 0.260053
0.075200 0.252180
0.075250 0.256340
0.075300 0.245439
0.075350 0.260153
0.075400 0.250753
0.075450 0.236805
0.075500 0.245495
0.075550 0.240595
0.075600 0.262920
0.075650 0.247440
0.075700 0.269805
0.075750 0.254315
0.075800 0.213006
0.075850 0.241444
0.075900 0.259306
0.075950 0.248324
0.076000 0.272304
0.076050 0.255238
0.076100 0.257938
0.076150 0.242356
0.076200 0.249619
0.076250 0.258423
0.076300 0.238232
0.076350 0.243978
0.076400 0.223743
0.076450 0.203469
0.076500 0.213776
0.076550 0.227168
0.076600 0.245186
0.076650 0.237162
0.076700 0.256753
0.076750 0.251807
0.076800 0.231482
0.076850 0.224960
0.076900 0.233816
0.076950 0.231910
0.077000 0.256198
0.077050 0.263572
0.077100 0.235472
0.077150 0.249006
0.077200 0.247117
0.077250 0.252955
0.077300 0.254164
0.077350 0.247636
0.077400 0.250390
0.077450 0.234550
0.077500 0.257455
0.077550 0.240053
0.077600 0.272314
0.077650 0.256464
0.077700 0.204819
0.077750 0.257327
0.077800 0.247657
0.077850 0.220831
0.077900 0.232929
0.077950 0.220091
0.078000 0.225961
0.078050 0.253711
0.078100 0.273700
0.078150 0.210836
0.078200 0.248012
0.078250 0.247676
0.078300 0.244206
0.078350 0.247002
0.078400 0.215286
0.078450 0.254160
0.078500 0.247550
0.078550 0.211060
0.078600 0.220118
0.078650 0.229194
0.078700 0.233563
0.078750 0.250549
0.078800 0.213950
0.078850 0.229356
0.078900 0.240055
0.078950 0.220755
0.079000 0.225134
0.079050 0.229522
0.079100 0.271911
0.079150 0.216173
0.079200 0.236410
0.079250 0.243998
0.079300 0.245253
0.079350 0.227455
0.079400 0.257294
0.079450 0.223590
0.079500 0.274146
0.079550 0.242014
0.079600 0.241682
0.079650 0.219034
0.079700 0.242599
0.079750 0.219925
0.079800 0.269074
0.079850 0.222436
0.079900 0.252463
0.079950 0.272947
0.080000 0.210218
0.080050 0.238686
0.080100 0.244766
0.080150 0.247650
0.080200 0.253750
0.080250 0.210076
0.080300 0.217745
0.080350 0.244725
0.080400 0.237967
0.080450 0.244077
0.080500 0.205091
0.080550 0.241797
0.080600 0.254377
0.080650 0.225017
0.080700 0.219828
0.080750 0.237254
0.080800 0.235309
0.080850 0.218799
0.080900 0.245972
0.080950 0.248896
0.081000 0.242100
0.081050 0.240158
0.081100 0.230098
0.081150 0.241132
0.081200 0.200187
0.081250 0.233963
0.081300 0.243397
0.081350 0.257733
0.081400 0.255806
0.081450 0.232686
0.081500 0.219310
0.081550 0.243446
0.081600 0.252930
0.081650 0.229752
0.081700 0.244137
0.081750 0.258549
0.081800 0.246796
0.081850 0.233384
0.081900 0.234699
0.081950 0.224537
0.082000 0.247177
0.082050 0.255081
0.082100 0.251499
0.082150 0.269283
0.082200 0.232815
0.082250 0.257183
0.082300 0.227245
0.082350 0.240101
0.082400 0.233193
0.082450 0.213073
0.082500 0.235843
0.082550 0.261959
0.082600 0.222003
0.082650 0.229941
0.082700 0.285889
0.082750 0.288947
0.082800 0.242301
0.082850 0.225415
0.082900 0.220112
0.082950 0.251320
0.083000 0.244382
0.083050 0.224136
0.083100 0.183898
0.083150 0.236772
0.083200 0.251447
0.083250 0.247823
0.083300 0.239192
0.083350 0.223874
0.083400 0.208529
0.083450 0.233237
0.083500 0.211202
0.083550 0.202504
0.083600 0.220559
0.083650 0.233625
0.083700 0.208190
0.083750 0.259806
0.083800 0.212572
0.083850 0.188746
0.083900 0.238754
0.083950 0.235092
0.084000 0.236467
0.084050 0.215979
0.084100 0.219017
0.084150 0.232165
0.084200 0.226802
0.084250 0.260208
0.084300 0.239690
0.084350 0.220824
0.084400 0.245839
0.084450 0.228649
0.084500 0.243558
0.084550 0.256802
0.084600 0.214201
0.084650 0.215569
0.084700 0.201685
0.084750 0.243745
0.084800 0.236667
0.084850 0.248255
0.084900 0.220787
0.084950 0.196671
0.085000 0.240553
0.085050 0.219837
0.085100 0.202491
0.085150 0.236235
0.085200 0.222299
0.085250 0.230517
0.085300 0.211438
0.085350 0.207698
0.085400 0.256931
0.085450 0.203651
0.085500 0.230695
0.085550 0.254363
0.085600 0.245526
0.085650 0.236674
0.085700 0.232952
0.085750 0.225792
0.085800 0.254677
0.085850 0.221765
0.085900 0.240366
0.085950 0.231480
0.086000 0.224300
0.086050 0.242938
0.086100 0.230595
0.086150 0.218231
0.086200 0.257596
0.086250 0.231442
0.086300 0.181065
0.086350 0.227369
0.086400 0.214968
0.086450 0.235416
0.086500 0.224742
0.086550 0.227906
0.086600 0.246673
0.086650 0.230793
0.086700 0.259996
0.086750 0.218074
0.086800 0.219505
0.086850 0.208773
0.086900 0.222369
0.086950 0.248169
0.087000 0.246158
0.087050 0.233692
0.087100 0.256065
0.087150 0.252317
0.087200 0.217153
0.087250 0.213357
0.087300 0.207808
0.087350 0.210990
0.087400 0.257903
0.087450 0.222647
0.087500 0.229355
0.087550 0.234323
0.087600 0.234041
0.087650 0.279363
0.087700 0.263338
0.087750 0.215678
0.087800 0.261058
0.087850 0.260808
0.087900 0.211306
0.087950 0.232120
0.088000 0.219511
0.088050 0.213929
0.088100 0.211864
0.088150 0.243312
0.088200 0.244809
0.088250 0.244543
0.088300 0.286685
0.088350 0.242267
0.088400 0.245537
0.088450 0.201023
0.088500 0.227274
0.088550 0.232306
0.088600 0.251531
0.088650 0.256597
0.088700 0.217297
0.088750 0.208123
0.088800 0.223812
0.088850 0.234194
0.088900 0.205456
0.088950 0.222950
0.089000 0.233350
0.089050 0.199218
0.089100 0.234566
0.089150 0.252134
0.089200 0.200117
0.089250 0.214095
0.089300 0.220949
0.089350 0.226027
0.089400 0.245426
0.089450 0.236218
0.089500 0.221622
0.089550 0.257178
0.089600 0.219281
0.089650 0.211819
0.089700 0.222295
0.089750 0.250749
0.089800 0.248702
0.089850 0.208894
0.089900 0.219392
0.089950 0.222708
0.090000 0.276458
0.090050 0.260020
0.090100 0.225525
0.090150 0.228857
0.090200 0.230390
0.090250 0.219284
0.090300 0.211774
0.090350 0.220524
0.090400 0.234716
0.090450 0.227212
0.090500 0.214263
0.090550 0.232097
0.090600 0.222766
0.090650 0.204350
0.090700 0.205869
0.090750 0.236447
0.090800 0.219834
0.090850 0.226828
0.090900 0.204730
0.090950 0.191696
0.091000 0.189567
0.091050 0.209299
0.091100 0.249117
0.091150 0.232457
0.091200 0.217595
0.091250 0.233751
0.091300 0.217048
0.091350 0.203974
0.091400 0.198195
0.091450 0.232667
0.091500 0.210435
0.091550 0.246791
0.091600 0.197056
0.091650 0.218766
0.091700 0.253357
0.091750 0.238433
0.091800 0.228996
0.091850 0.223220
0.091900 0.222952
0.091950 0.217164
0.092000 0.218731
0.092050 0.200039
0.092100 0.242136
0.092150 0.210542
0.092200 0.193657
0.092250 0.198897
0.092300 0.241086
0.092350 0.237144
0.092400 0.231347
0.092450 0.234791
0.092500 0.216029
0.092550 0.223165
0.092600 0.224754
0.092650 0.215222
0.092700 0.240920
0.092750 0.235108
0.092800 0.205146
0.092850 0.221586
0.092900 0.210168
0.092950 0.215472
0.093000 0.217063
0.093050 0.239139
0.093100 0.220265
0.093150 0.208817
0.093200 0.202946
0.093250 0.228788
0.093300 0.269608
0.093350 0.246982
0.093400 0.231796
0.093450 0.224066
0.093500 0.210711
0.093550 0.216055
0.093600 0.206424
0.093650 0.191156
0.093700 0.233989
0.093750 0.233743
0.093800 0.250390
0.093850 0.212602
0.093900 0.212334
0.093950 0.240266
0.094000 0.198646
0.094050 0.220948
0.094100 0.196211
0.094150 0.220419
0.094200 0.201311
0.094250 0.212349
0.094300 0.215857
0.094350 0.226923
0.094400 0.228562
0.094450 0.211304
0.094500 0.228057
0.094550 0.193753
0.094600 0.231329
0.094650 0.229191
0.094700 0.255475
0.094750 0.226817
0.094800 0.255024
0.094850 0.203560
0.094900 0.229874
0.094950 0.235330
0.095000 0.227488
0.095050 0.227242
0.095100 0.223190
0.095150 0.222940
0.095200 0.251265
0.095250 0.231985
0.095300 0.233652
0.095350 0.220058
0.095400 0.238896
0.095450 0.202374
0.095500 0.238413
0.095550 0.226709
0.095600 0.232204
0.095650 0.241536
0.095700 0.201093
0.095750 0.196991
0.095800 0.217804
0.095850 0.273174
0.095900 0.246114
0.095950 0.215172
0.096000 0.239891
0.096050 0.212755
0.096100 0.245190
0.096150 0.248816
0.096200 0.233198
0.096250 0.271484
0.096300 0.203845
0.096350 0.253709
0.096400 0.222633
0.096450 0.218529
0.096500 0.249177
0.096550 0.229641
0.096600 0.192678
0.096650 0.204008
0.096700 0.277276
0.096750 0.230626
0.096800 0.209085
0.096850 0.206891
0.096900 0.218267
0.096950 0.247121
0.097000 0.252728
0.097050 0.242808
0.097100 0.209557
0.097150 0.203471
0.097200 0.203211
0.097250 0.199059
0.097300 0.191007
0.097350 0.227747
0.097400 0.202176
0.097450 0.205816
0.097500 0.219217
0.097550 0.230687
0.097600 0.224598
0.097650 0.247810
0.097700 0.237823
0.097750 0.237601
0.097800 0.225637
0.097850 0.217571
0.097900 0.234960
0.097950 0.242576
0.098000 0.218828
0.098050 0.212702
0.098100 0.214419
0.098150 0.202391
0.098200 0.188380
0.098250 0.231362
0.098300 0.242938
0.098350 0.234852
0.098400 0.214940
0.098450 0.232428
0.098500 0.210523
0.098550 0.196473
0.098600 0.215943
0.098650 0.239391
0.098700 0.205600
0.098750 0.262654
0.098800 0.201175
0.098850 0.228613
0.098900 0.222450
0.098950 0.232118
0.099000 0.245763
0.099050 0.221771
0.099100 0.273097
0.099150 0.201493
0.099200 0.205211
0.099250 0.193047
0.099300 0.216631
0.099350 0.190551
0.099400 0.194267
0.099450 0.225849
0.099500 0.179830
0.099550 0.209438
0.099600 0.199231
0.099650 0.222907
0.099700 0.216694
0.099750 0.194504
0.099800 0.236185
0.099850 0.182025
0.099900 0.231732
0.099950 0.199514
0.100000 0.201265
0.100050 0.195011
0.100100 0.218793
0.100150 0.204535
0.100200 0.194266
0.100250 0.204042
0.100300 0.199784
0.100350 0.247728
0.100400 0.203330
0.100450 0.221176
0.100500 0.176708
0.100550 0.218690
0.100600 0.190280
0.100650 0.238360
0.100700 0.199867
0.100750 0.203653
0.100800 0.243751
0.100850 0.219333
0.100900 0.225164
0.100950 0.253224
0.101000 0.220696
0.101050 0.234626
0.101100 0.272853
0.101150 0.369833
0.101200 0.369757
0.101250 0.402097
0.101300 0.470971
0.101350 0.509527
0.101400 0.645532
0.101450 0.822338
0.101500 1.119234
0.101550 1.461272
0.101600 1.994916
0.101650 2.631046
0.101700 3.496032
0.101750 4.431514
0.101800 5.586329
0.101850 6.940525
0.101900 8.594401
0.101950 10.238461
0.102000 11.762467
0.102050 12.884383
0.102100 13.625890
0.102150 14.256048
0.102200 14.566047
0.102250 14.688249
0.102300 14.061408
0.102350 13.159196
0.102400 12.327358
0.102450 11.371284
0.102500 9.909248
0.102550 9.263806
0.102600 8.042567
0.102650 7.470649
0.102700 6.638955
0.102750 5.799869
0.102800 5.572536
0.102850 5.075266
0.102900 4.552556
0.102950 4.319538
0.103000 4.110907
0.103050 3.846293
0.103100 3.502895
0.103150 3.458273
0.103200 3.151327
0.103250 3.034003
0.103300 2.964046
0.103350 2.769904
0.103400 2.577546
0.103450 2.575346
0.103500 2.525507
0.103550 2.371993
0.103600 2.259714
0.103650 2.172158
0.103700 2.123898
0.103750 2.067262
0.103800 1.991849
0.103850 1.889311
0.103900 1.944627
0.103950 1.929301
0.104000 1.751633
0.104050 1.748595
0.104100 1.778879
0.104150 1.777945
0.104200 1.685268
0.104250 1.723874
0.104300 1.551747
0.104350 1.723891
0.104400 1.630978
0.104450 1.619440
0.104500 1.568155
0.104550 1.581647
0.104600 1.555390
0.104650 1.445334
0.104700 1.381209
0.104750 1.541263
0.104800 1.521203
0.104850 1.457055
0.104900 1.392814
0.104950 1.351580
0.105000 1.331296
0.105050 1.344614
0.105100 1.351641
0.105150 1.322909
0.105200 1.256245
0.105250 1.292679
0.105300 1.284917
0.105350 1.230767
0.105400 1.165994
0.105450 1.200298
0.105500 1.221984
0.105550 1.148660
0.105600 1.125943
0.105650 1.172955
0.105700 1.209458
0.105750 1.148676
0.105800 1.193657
0.105850 1.192105
0.105900 1.165122
0.105950 1.112660
0.106000 1.119511
0.106050 1.156079
0.106100 1.099286
0.106150 1.108256
0.106200 0.991863
0.106250 1.134677
0.106300 1.075627
0.106350 1.097357
0.106400 1.046731
0.106450 1.051413
0.106500 1.088066
0.106550 1.065074
0.106600 1.097507
0.106650 1.102243
0.106700 1.034395
0.106750 1.024123
0.106800 1.058713
0.106850 1.007831
0.106900 0.995379
0.106950 1.034269
0.107000 1.045380
0.107050 0.983678
0.107100 1.022610
0.107150 0.988700
0.107200 0.993352
0.107250 1.000156
0.107300 0.966176
0.107350 0.947184
0.107400 0.988337
0.107450 0.967197
0.107500 1.010557
0.107550 0.931313
0.107600 0.968220
0.107650 0.949174
0.107700 0.921481
0.107750 1.001549
0.107800 0.935052
0.107850 0.864146
0.107900 0.968020
0.107950 0.916518
0.108000 0.964350
0.108050 0.971170
0.108100 0.923924
0.108150 0.915564
0.108200 0.939667
0.108250 0.926981
0.108300 0.864436
0.108350 0.849500
0.108400 0.903951
0.108450 0.897717
0.108500 0.921868
0.108550 0.930848
0.108600 0.885515
0.108650 0.977081
0.108700 0.809948
0.108750 0.823192
0.108800 0.871286
0.108850 0.869352
0.108900 0.891384
0.108950 0.852406
0.109000 0.843908
0.109050 0.996866
0.109100 0.824767
0.109150 0.822783
0.109200 0.814241
0.109250 0.873453
0.109300 0.987421
0.109350 0.858677
0.109400 0.839206
0.109450 0.839418
0.109500 0.778282
0.109550 0.822278
0.109600 0.763263
0.109650 0.813867
0.109700 0.857955
0.109750 0.818655
0.109800 0.821044
0.109850 0.770684
0.109900 0.876384
0.109950 0.828228
0.110000 0.804217
0.110050 0.830819
0.110100 0.833224
0.110150 0.820204
0.110200 0.822601
0.110250 0.772057
0.110300 0.845036
0.110350 0.763554
0.110400 0.726141
0.110450 0.790337
0.110500 0.812611
0.110550 0.704407
0.110600 0.881533
0.110650 0.753367
0.110700 0.857602
0.110750 0.813506
0.110800 0.747180
0.110850 0.787228
0.110900 0.789607
0.110950 0.805309
0.111000 0.747739
0.111050 0.767861
0.111100 0.745773
0.111150 0.723655
0.111200 0.750457
0.111250 0.688255
0.111300 0.679417
0.111350 0.757459
0.111400 0.815545
0.111450 0.764439
0.111500 0.717726
0.111550 0.782550
0.111600 0.796102
0.111650 0.733716
0.111700 0.769586
0.111750 0.718300
0.111800 0.794454
0.111850 0.756572
0.111900 0.745507
0.111950 0.759067
0.112000 0.761440
0.112050 0.696556
0.112100 0.692146
0.112150 0.723634
0.112200 0.737204
0.112250 0.723840
0.112300 0.712705
0.112350 0.701555
0.112400 0.728623
0.112450 0.710727
0.112500 0.740078
0.112550 0.771720
0.112600 0.726802
0.112650 0.702110
0.112700 0.686405
0.112750 0.727079
0.112800 0.702354
0.112850 0.749852
0.112900 0.749974
0.112950 0.781736
0.113000 0.747971
0.113050 0.729995
0.113100 0.784411
0.113150 0.712115
0.113200 0.696348
0.113250 0.707752
0.113300 0.669297
0.113350 0.685223
0.113400 0.748819
0.113450 0.737589
0.113500 0.683195
0.113550 0.701433
0.113600 0.717422
0.113650 0.674308
0.113700 0.731237
0.113750 0.706305
0.113800 0.672232
0.113850 0.699620
0.113900 0.747555
0.113950 0.667873
0.114000 0.651954
0.114050 0.688500
0.114100 0.640623
0.114150 0.727439
0.114200 0.706974
0.114250 0.640762
0.114300 0.684239
0.114350 0.640829
0.114400 0.725546
0.114450 0.723354
0.114500 0.643265
0.114550 0.707467
0.114600 0.572262
0.114650 0.691514
0.114700 0.714532
0.114750 0.606708
0.114800 0.645751
0.114850 0.680249
0.114900 0.678008
0.114950 0.652764
0.115000 0.615982
0.115050 0.639004
0.115100 0.664359
0.115150 0.708179
0.115200 0.685211
0.115250 0.729087
0.115300 0.657670
0.115350 0.627704
0.115400 0.636952
0.115450 0.616182
0.115500 0.678581
0.115550 0.646269
0.115600 0.674053
0.115650 0.694931
0.115700 0.727411
0.115750 0.648765
0.115800 0.600138
0.115850 0.620988
0.115900 0.658098
0.115950 0.699896
0.116000 0.709254
0.116050 0.632710
0.116100 0.602527
0.116150 0.639701
0.116200 0.679248
0.116250 0.665348
0.116300 0.607217
0.116350 0.656099
0.116400 0.623529
0.116450 0.621207
0.116500 0.560607
0.116550 0.614197
0.116600 0.576869
0.116650 0.628185
0.116700 0.644542
0.116750 0.672600
0.116800 0.639932
0.116850 0.653982
0.116900 0.696118
0.116950 0.670448
0.117000 0.593243
0.117050 0.602593
0.117100 0.572124
0.117150 0.656472
0.117200 0.663543
0.117250 0.607281
0.117300 0.607275
0.117350 0.581441
0.117400 0.649534
0.117450 0.576714
0.117500 0.600192
0.117550 0.618996
0.117600 0.583705
0.117650 0.663715
0.117700 0.647272
0.117750 0.649656
0.117800 0.576619
0.117850 0.685055
0.117900 0.626140
0.117950 0.583670
0.118000 0.583644
0.118050 0.649754
0.118100 0.666325
0.118150 0.600177
0.118200 0.630910
0.118250 0.694806
0.118300 0.680672
0.118350 0.647576
0.118400 0.626283
0.118450 0.642883
0.118500 0.586003
0.118550 0.597839
0.118600 0.588333
0.118650 0.650035
0.118700 0.626315
0.118750 0.597813
0.118800 0.678617
0.118850 0.616843
0.118900 0.574023
0.118950 0.593029
0.119000 0.585868
0.119050 0.612046
0.119100 0.647789
0.119150 0.590601
0.119200 0.564346
0.119250 0.590550
0.119300 0.597691
0.119350 0.597677
0.119400 0.576162
0.119450 0.604810
0.119500 0.633494
0.119550 0.545006
0.119600 0.590415
0.119650 0.609547
0.119700 0.573618
0.119750 0.561604
0.119800 0.590324
0.119850 0.619080
0.119900 0.575902
0.119950 0.544670
0.120000 0.561419
0.120050 0.539757
0.120100 0.566128
0.120150 0.618976
0.120200 0.599740
0.120250 0.568450
0.120300 0.650250
0.120350 0.645464
0.120400 0.558766
0.120450 0.517750
0.120500 0.570712
0.120550 0.589972
0.120600 0.589952
0.120650 0.635798
0.120700 0.556121
0.120750 0.599561
0.120800 0.551209
0.120850 0.563247
0.120900 0.623680
0.120950 0.662408
0.121000 0.546240
0.121050 0.604312
0.121100 0.606727
0.121150 0.563089
0.121200 0.589722
0.121250 0.601832
0.121300 0.558136
0.121350 0.592082
0.121400 0.570203
0.121450 0.582317
0.121500 0.543395
0.121550 0.635753
0.121600 0.562781
0.121650 0.633325
0.121700 0.601686
0.121750 0.626036
0.121800 0.574869
0.121850 0.596779
0.121900 0.611399
0.121950 0.562597
0.122000 0.584524
0.122050 0.560080
0.122100 0.611339
0.122150 0.582009
0.122200 0.662668
0.122250 0.574652
0.122300 0.518339
0.122350 0.562325
0.122400 0.562283
0.122450 0.611241
0.122500 0.598984
0.122550 0.584260
0.122600 0.508193
0.122650 0.643077
0.122700 0.562086
0.122750 0.601340
0.122800 0.576760
0.122850 0.606226
0.122900 0.564417
0.122950 0.576677
0.123000 0.507739
0.123050 0.566741
0.123100 0.606111
0.123150 0.556825
0.123200 0.608544
0.123250 0.598676
0.123300 0.549324
0.123350 0.593696
0.123400 0.568990
0.123450 0.566484
0.123500 0.603511
0.123550 0.578783
0.123600 0.549079
0.123650 0.549027
0.123700 0.566300
0.123750 0.563786
0.123800 0.514206
0.123850 0.571120
0.123900 0.528943
0.123950 0.518955
0.124000 0.551132
0.124050 0.538672
0.124100 0.528680
0.124150 0.548484
0.124200 0.521097
0.124250 0.540911
0.124300 0.545827
0.124350 0.515917
0.124400 0.583042
0.124450 0.535708
0.124500 0.483335
0.124550 0.555499
0.124600 0.540495
0.124650 0.580341
0.124700 0.557860
0.124750 0.562808
0.124800 0.520319
0.124850 0.577699
0.124900 0.570174
0.124950 0.597640
0.125000 0.555111
0.125050 0.527543
0.125100 0.575032
0.125150 0.494874
0.125200 0.484760
0.125250 0.599934
0.125300 0.502151
0.125350 0.529651
0.125400 0.549657
0.125450 0.549607
0.125500 0.579689
0.125550 0.557055
0.125600 0.562037
0.125650 0.526801
0.125700 0.546853
0.125750 0.488933
0.125800 0.508971
0.125850 0.506371
0.125900 0.516363
0.125950 0.541487
0.126000 0.506137
0.126050 0.516141
0.126100 0.480743
0.126150 0.478115
0.126200 0.523459
0.126250 0.505707
0.126300 0.500569
0.126350 0.540929
0.126400 0.525699
0.126450 0.533221
0.126500 0.492663
0.126550 0.502697
0.126600 0.515276
0.126650 0.505064
0.126700 0.532865
0.126750 0.548019
0.126800 0.525136
0.126850 0.502226
0.126900 0.466594
0.126950 0.603640
0.127000 0.453715
0.127050 0.481553
0.127100 0.506881
0.127150 0.509343
0.127200 0.483813
0.127250 0.537179
0.127300 0.519292
0.127350 0.537056
0.127400 0.521704
0.127450 0.554784
0.127500 0.544536
0.127550 0.575108
0.127600 0.521467
0.127650 0.470317
0.127700 0.511087
0.127750 0.567241
0.127800 0.541637
0.127850 0.569721
0.127900 0.462211
0.127950 0.523535
0.128000 0.492735
0.128050 0.525949
0.128100 0.492564
0.128150 0.510420
0.128200 0.502647
0.128250 0.530789
0.128300 0.435748
0.128350 0.538332
0.128400 0.525431
0.128450 0.507375
0.128500 0.491869
0.128550 0.504637
0.128600 0.453095
0.128650 0.486435
0.128700 0.504364
0.128750 0.563530
0.128800 0.542878
0.128850 0.519624
0.128900 0.511817
0.128950 0.462721
0.129000 0.511646
0.129050 0.508988
0.129100 0.488246
0.129150 0.508824
0.129200 0.529426
0.129250 0.516434
0.129300 0.524123
0.129350 0.469709
0.129400 0.500669
0.129450 0.521305
0.129500 0.451280
0.129550 0.513366
0.129600 0.518478
0.129650 0.544348
0.129700 0.500183
0.129750 0.507887
0.129800 0.541570
0.129850 0.497352
0.129900 0.510261
