0.00000	18.36000
0.00005	11.01600
0.00010	25.70400
0.00015	3.67200
0.00020	16.52400
0.00025	11.01600
0.00030	1.83600
0.00035	20.19600
0.00040	3.67200
0.00045	34.88400
0.00050	3.67200
0.00055	16.52400
0.00060	18.36000
0.00065	33.04800
0.00070	33.04800
0.00075	36.72000
0.00080	25.70400
0.00085	5.50800
0.00090	20.19600
0.00095	11.01600
0.00100	53.24400
0.00105	104.65200
0.00110	91.80000
0.00115	100.98000
0.00120	82.62000
0.00125	102.81600
0.00130	176.25600
0.00135	240.51600
0.00140	339.66000
0.00145	288.25200
0.00150	409.42800
0.00155	582.01200
0.00160	866.59200
0.00165	1020.81600
0.00170	1968.19200
0.00175	1979.20800
0.00180	2465.74800
0.00185	3244.21200
0.00190	3246.04800
0.00195	4200.76800
0.00200	5184.86400
0.00205	5060.01600
0.00210	5449.24800
0.00215	5910.08400
0.00220	5441.90400
0.00225	6130.40400
0.00230	5979.85200
0.00235	5418.03600
0.00240	5326.23600
0.00245	4685.47200
0.00250	4388.04000
0.00255	3817.04400
0.00260	3727.08000
0.00265	2621.80800
0.00270	2911.89600
0.00275	2836.62000
0.00280	2271.13200
0.00285	2298.67200
0.00290	1696.46400
0.00295	1725.84000
0.00300	1375.16400
0.00305	1380.67200
0.00310	1628.53200
0.00315	1555.09200
0.00320	1364.14800
0.00325	1130.97600
0.00330	1114.45200
0.00335	831.70800
0.00340	826.20000
0.00345	1018.98000
0.00350	873.93600
0.00355	589.35600
0.00360	635.25600
0.00365	594.86400
0.00370	743.58000
0.00375	559.98000
0.00380	651.78000
0.00385	618.73200
0.00390	459.00000
0.00395	482.86800
0.00400	488.37600
0.00405	475.52400
0.00410	649.94400
0.00415	501.22800
0.00420	561.81600
0.00425	280.90800
0.00430	512.24400
0.00435	425.95200
0.00440	569.16000
0.00445	528.76800
0.00450	543.45600
0.00455	548.96400
0.00460	479.19600
0.00465	396.57600
0.00470	455.32800
0.00475	462.67200
0.00480	326.80800
0.00485	446.14800
0.00490	387.39600
0.00495	378.21600
0.00500	279.07200
0.00505	425.95200
0.00510	398.41200
0.00515	291.92400
0.00520	409.42800
0.00525	334.15200
0.00530	310.28400
0.00535	247.86000
0.00540	277.23600
0.00545	354.34800
0.00550	324.97200
0.00555	304.77600
0.00560	286.41600
0.00565	324.97200
0.00570	269.89200
0.00575	216.64800
0.00580	198.28800
0.00585	277.23600
0.00590	273.56400
0.00595	194.61600
0.00600	321.30000
0.00605	268.05600
0.00610	284.58000
0.00615	385.56000
0.00620	240.51600
0.00625	299.26800
0.00630	312.12000
0.00635	227.66400
0.00640	192.78000
0.00645	359.85600
0.00650	444.31200
0.00655	293.76000
0.00660	279.07200
0.00665	176.25600
0.00670	244.18800
0.00675	200.12400
0.00680	89.96400
0.00685	247.86000
0.00690	321.30000
0.00695	246.02400
0.00700	231.33600
0.00705	302.94000
0.00710	146.88000
0.00715	326.80800
0.00720	335.98800
0.00725	312.12000
0.00730	214.81200
0.00735	126.68400
0.00740	223.99200
0.00745	214.81200
0.00750	209.30400
0.00755	209.30400
0.00760	242.35200
0.00765	137.70000
0.00770	154.22400
0.00775	264.38400
0.00780	150.55200
0.00785	200.12400
0.00790	209.30400
0.00795	268.05600
0.00800	187.27200
0.00805	313.95600
0.00810	257.04000
0.00815	302.94000
0.00820	246.02400
0.00825	225.82800
0.00830	176.25600
0.00835	189.10800
0.00840	189.10800
0.00845	238.68000
0.00850	328.64400
0.00855	233.17200
0.00860	97.30800
0.00865	216.64800
0.00870	291.92400
0.00875	183.60000
0.00880	168.91200
0.00885	236.84400
0.00890	257.04000
0.00895	258.87600
0.00900	128.52000
0.00905	249.69600
0.00910	137.70000
0.00915	205.63200
0.00920	211.14000
0.00925	145.04400
0.00930	161.56800
0.00935	82.62000
0.00940	159.73200
0.00945	135.86400
0.00950	146.88000
0.00955	179.92800
0.00960	126.68400
0.00965	198.28800
0.00970	247.86000
0.00975	315.79200
0.00980	172.58400
0.00985	196.45200
0.00990	132.19200
0.00995	189.10800
0.01000	181.76400
0.01005	198.28800
0.01010	161.56800
0.01015	238.68000
0.01020	170.74800
0.01025	179.92800
0.01030	187.27200
0.01035	168.91200
0.01040	141.37200
0.01045	225.82800
0.01050	233.17200
0.01055	189.10800
0.01060	209.30400
0.01065	196.45200
0.01070	179.92800
0.01075	123.01200
0.01080	268.05600
0.01085	249.69600
0.01090	308.44800
0.01095	172.58400
0.01100	238.68000
0.01105	222.15600
0.01110	128.52000
0.01115	117.50400
0.01120	143.20800
0.01125	194.61600
0.01130	137.70000
0.01135	192.78000
0.01140	205.63200
0.01145	163.40400
0.01150	187.27200
0.01155	172.58400
0.01160	167.07600
0.01165	121.17600
0.01170	152.38800
0.01175	211.14000
0.01180	176.25600
0.01185	242.35200
0.01190	222.15600
0.01195	227.66400
0.01200	97.30800
0.01205	249.69600
0.01210	185.43600
0.01215	157.89600
0.01220	167.07600
0.01225	148.71600
0.01230	220.32000
0.01235	168.91200
0.01240	174.42000
0.01245	128.52000
0.01250	212.97600
0.01255	104.65200
0.01260	214.81200
0.01265	113.83200
0.01270	148.71600
0.01275	284.58000
0.01280	277.23600
0.01285	168.91200
0.01290	154.22400
0.01295	190.94400
0.01300	154.22400
0.01305	231.33600
0.01310	185.43600
0.01315	214.81200
0.01320	190.94400
0.01325	156.06000
0.01330	190.94400
0.01335	176.25600
0.01340	190.94400
0.01345	181.76400
0.01350	143.20800
0.01355	106.48800
0.01360	170.74800
0.01365	141.37200
0.01370	214.81200
0.01375	154.22400
0.01380	157.89600
0.01385	145.04400
0.01390	212.97600
0.01395	161.56800
0.01400	148.71600
0.01405	231.33600
0.01410	135.86400
0.01415	321.30000
0.01420	190.94400
0.01425	282.74400
0.01430	225.82800
0.01435	124.84800
0.01440	119.34000
0.01445	84.45600
0.01450	135.86400
0.01455	159.73200
0.01460	137.70000
0.01465	196.45200
0.01470	214.81200
0.01475	247.86000
0.01480	121.17600
0.01485	201.96000
0.01490	156.06000
0.01495	192.78000
0.01500	146.88000
0.01505	130.35600
0.01510	189.10800
0.01515	134.02800
0.01520	159.73200
0.01525	135.86400
0.01530	108.32400
0.01535	110.16000
0.01540	196.45200
0.01545	187.27200
0.01550	168.91200
0.01555	179.92800
0.01560	190.94400
0.01565	179.92800
0.01570	165.24000
0.01575	183.60000
0.01580	343.33200
0.01585	110.16000
0.01590	139.53600
0.01595	119.34000
0.01600	110.16000
0.01605	170.74800
0.01610	220.32000
0.01615	260.71200
0.01620	77.11200
0.01625	170.74800
0.01630	207.46800
0.01635	253.36800
0.01640	209.30400
0.01645	227.66400
0.01650	189.10800
0.01655	157.89600
0.01660	214.81200
0.01665	220.32000
0.01670	167.07600
0.01675	190.94400
0.01680	179.92800
0.01685	262.54800
0.01690	143.20800
0.01695	146.88000
0.01700	141.37200
0.01705	196.45200
0.01710	192.78000
0.01715	189.10800
0.01720	264.38400
0.01725	187.27200
0.01730	192.78000
0.01735	150.55200
0.01740	93.63600
0.01745	157.89600
0.01750	176.25600
0.01755	190.94400
0.01760	124.84800
0.01765	185.43600
0.01770	279.07200
0.01775	172.58400
0.01780	185.43600
0.01785	220.32000
0.01790	189.10800
0.01795	143.20800
0.01800	108.32400
0.01805	139.53600
0.01810	123.01200
0.01815	233.17200
0.01820	130.35600
0.01825	220.32000
0.01830	137.70000
0.01835	185.43600
0.01840	91.80000
0.01845	156.06000
0.01850	106.48800
0.01855	178.09200
0.01860	119.34000
0.01865	135.86400
0.01870	205.63200
0.01875	80.78400
0.01880	139.53600
0.01885	111.99600
0.01890	115.66800
0.01895	110.16000
0.01900	216.64800
0.01905	205.63200
0.01910	124.84800
0.01915	104.65200
0.01920	152.38800
0.01925	181.76400
0.01930	168.91200
0.01935	115.66800
0.01940	115.66800
0.01945	196.45200
0.01950	238.68000
0.01955	211.14000
0.01960	220.32000
0.01965	119.34000
0.01970	170.74800
0.01975	91.80000
0.01980	110.16000
0.01985	176.25600
0.01990	233.17200
0.01995	106.48800
0.02000	134.02800
0.02005	145.04400
0.02010	123.01200
0.02015	178.09200
0.02020	141.37200
0.02025	183.60000
0.02030	137.70000
0.02035	152.38800
0.02040	185.43600
0.02045	145.04400
0.02050	132.19200
0.02055	126.68400
0.02060	132.19200
0.02065	235.00800
0.02070	123.01200
0.02075	196.45200
0.02080	148.71600
0.02085	134.02800
0.02090	88.12800
0.02095	104.65200
0.02100	110.16000
0.02105	235.00800
0.02110	185.43600
0.02115	260.71200
0.02120	420.44400
0.02125	403.92000
0.02130	515.91600
0.02135	602.20800
0.02140	598.53600
0.02145	912.49200
0.02150	1134.64800
0.02155	1274.18400
0.02160	2034.28800
0.02165	2168.31600
0.02170	3078.97200
0.02175	3877.63200
0.02180	3965.76000
0.02185	5008.60800
0.02190	5642.02800
0.02195	6569.20800
0.02200	7121.84400
0.02205	7918.66800
0.02210	8728.34400
0.02215	8146.33200
0.02220	8899.09200
0.02225	9403.99200
0.02230	9538.02000
0.02235	9077.18400
0.02240	8133.48000
0.02245	7993.94400
0.02250	6583.89600
0.02255	6844.60800
0.02260	6481.08000
0.02265	5761.36800
0.02270	5654.88000
0.02275	4724.02800
0.02280	4700.16000
0.02285	4597.34400
0.02290	4105.29600
0.02295	4086.93600
0.02300	3908.84400
0.02305	4017.16800
0.02310	3728.91600
0.02315	3367.22400
0.02320	3201.98400
0.02325	2875.17600
0.02330	2689.74000
0.02335	2845.80000
0.02340	2759.50800
0.02345	2704.42800
0.02350	2614.46400
0.02355	2575.90800
0.02360	2353.75200
0.02365	2403.32400
0.02370	2306.01600
0.02375	2500.63200
0.02380	2331.72000
0.02385	2133.43200
0.02390	2372.11200
0.02395	1977.37200
0.02400	2194.02000
0.02405	2175.66000
0.02410	1931.47200
0.02415	1768.06800
0.02420	1402.70400
0.02425	1610.17200
0.02430	1610.17200
0.02435	2087.53200
0.02440	1503.68400
0.02445	1612.00800
0.02450	1538.56800
0.02455	1516.53600
0.02460	1555.09200
0.02465	1589.97600
0.02470	1426.57200
0.02475	1384.34400
0.02480	1399.03200
0.02485	1255.82400
0.02490	1211.76000
0.02495	1129.14000
0.02500	1231.95600
0.02505	1395.36000
0.02510	1121.79600
0.02515	1331.10000
0.02520	1195.23600
0.02525	1305.39600
0.02530	1176.87600
0.02535	1255.82400
0.02540	1028.16000
0.02545	1105.27200
0.02550	1193.40000
0.02555	927.18000
0.02560	1015.30800
0.02565	1116.28800
0.02570	1086.91200
0.02575	1145.66400
0.02580	828.03600
0.02585	984.09600
0.02590	1165.86000
0.02595	1101.60000
0.02600	925.34400
0.02605	1044.68400
0.02610	842.72400
0.02615	1044.68400
0.02620	934.52400
0.02625	1018.98000
0.02630	899.64000
0.02635	859.24800
0.02640	918.00000
0.02645	903.31200
0.02650	861.08400
0.02655	809.67600
0.02660	985.93200
0.02665	989.60400
0.02670	949.21200
0.02675	1085.07600
0.02680	787.64400
0.02685	1026.32400
0.02690	839.05200
0.02695	943.70400
0.02700	910.65600
0.02705	624.24000
0.02710	958.39200
0.02715	826.20000
0.02720	1031.83200
0.02725	1009.80000
0.02730	895.96800
0.02735	862.92000
0.02740	839.05200
0.02745	638.92800
0.02750	894.13200
0.02755	848.23200
0.02760	855.57600
0.02765	631.58400
0.02770	789.48000
0.02775	756.43200
0.02780	853.74000
0.02785	1007.96400
0.02790	604.04400
0.02795	703.18800
0.02800	969.40800
0.02805	828.03600
0.02810	921.67200
0.02815	839.05200
0.02820	778.46400
0.02825	532.44000
0.02830	809.67600
0.02835	850.06800
0.02840	640.76400
0.02845	995.11200
0.02850	738.07200
0.02855	712.36800
0.02860	862.92000
0.02865	1083.24000
0.02870	901.47600
0.02875	820.69200
0.02880	780.30000
0.02885	1103.43600
0.02890	640.76400
0.02895	545.29200
0.02900	771.12000
0.02905	811.51200
0.02910	684.82800
0.02915	688.50000
0.02920	973.08000
0.02925	730.72800
0.02930	714.20400
0.02935	769.28400
0.02940	822.52800
0.02945	730.72800
0.02950	895.96800
0.02955	668.30400
0.02960	716.04000
0.02965	646.27200
0.02970	809.67600
0.02975	873.93600
0.02980	973.08000
0.02985	1085.07600
0.02990	712.36800
0.02995	780.30000
0.03000	811.51200
0.03005	745.41600
0.03010	725.22000
0.03015	712.36800
0.03020	861.08400
0.03025	739.90800
0.03030	714.20400
0.03035	629.74800
0.03040	618.73200
0.03045	675.64800
0.03050	675.64800
0.03055	701.35200
0.03060	861.08400
0.03065	728.89200
0.03070	717.87600
0.03075	752.76000
0.03080	875.77200
0.03085	613.22400
0.03090	965.73600
0.03095	778.46400
0.03100	547.12800
0.03105	653.61600
0.03110	701.35200
0.03115	850.06800
0.03120	701.35200
0.03125	842.72400
0.03130	705.02400
0.03135	580.17600
0.03140	679.32000
0.03145	675.64800
0.03150	785.80800
0.03155	728.89200
0.03160	934.52400
0.03165	637.09200
0.03170	629.74800
0.03175	934.52400
0.03180	712.36800
0.03185	752.76000
0.03190	697.68000
0.03195	833.54400
0.03200	666.46800
0.03205	793.15200
0.03210	633.42000
0.03215	774.79200
0.03220	712.36800
0.03225	837.21600
0.03230	732.56400
0.03235	626.07600
0.03240	716.04000
0.03245	728.89200
0.03250	587.52000
0.03255	644.43600
0.03260	585.68400
0.03265	657.28800
0.03270	769.28400
0.03275	723.38400
0.03280	710.53200
0.03285	783.97200
0.03290	673.81200
0.03295	791.31600
0.03300	864.75600
0.03305	800.49600
0.03310	684.82800
0.03315	712.36800
0.03320	633.42000
0.03325	695.84400
0.03330	752.76000
0.03335	721.54800
0.03340	747.25200
0.03345	793.15200
0.03350	536.11200
0.03355	763.77600
0.03360	719.71200
0.03365	633.42000
0.03370	604.04400
0.03375	572.83200
0.03380	556.30800
0.03385	708.69600
0.03390	774.79200
0.03395	688.50000
0.03400	727.05600
0.03405	532.44000
0.03410	813.34800
0.03415	572.83200
0.03420	794.98800
0.03425	591.19200
0.03430	785.80800
0.03435	694.00800
0.03440	620.56800
0.03445	778.46400
0.03450	682.99200
0.03455	686.66400
0.03460	565.48800
0.03465	666.46800
0.03470	787.64400
0.03475	688.50000
0.03480	604.04400
0.03485	580.17600
0.03490	679.32000
0.03495	772.95600
0.03500	651.78000
0.03505	570.99600
0.03510	609.55200
0.03515	648.10800
0.03520	793.15200
0.03525	857.41200
0.03530	563.65200
0.03535	818.85600
0.03540	659.12400
0.03545	789.48000
0.03550	679.32000
0.03555	806.00400
0.03560	815.18400
0.03565	620.56800
0.03570	695.84400
0.03575	761.94000
0.03580	899.64000
0.03585	539.78400
0.03590	796.82400
0.03595	754.59600
0.03600	785.80800
0.03605	850.06800
0.03610	717.87600
0.03615	857.41200
0.03620	602.20800
0.03625	688.50000
0.03630	710.53200
0.03635	991.44000
0.03640	783.97200
0.03645	725.22000
0.03650	782.13600
0.03655	840.88800
0.03660	611.38800
0.03665	929.01600
0.03670	794.98800
0.03675	914.32800
0.03680	760.10400
0.03685	690.33600
0.03690	890.46000
0.03695	738.07200
0.03700	862.92000
0.03705	752.76000
0.03710	800.49600
0.03715	846.39600
0.03720	721.54800
0.03725	894.13200
0.03730	752.76000
0.03735	681.15600
0.03740	789.48000
0.03745	932.68800
0.03750	778.46400
0.03755	794.98800
0.03760	796.82400
0.03765	765.61200
0.03770	668.30400
0.03775	905.14800
0.03780	750.92400
0.03785	734.40000
0.03790	794.98800
0.03795	769.28400
0.03800	708.69600
0.03805	776.62800
0.03810	835.38000
0.03815	756.43200
0.03820	923.50800
0.03825	723.38400
0.03830	817.02000
0.03835	826.20000
0.03840	673.81200
0.03845	771.12000
0.03850	908.82000
0.03855	736.23600
0.03860	677.48400
0.03865	763.77600
0.03870	554.47200
0.03875	488.37600
0.03880	756.43200
0.03885	684.82800
0.03890	697.68000
0.03895	839.05200
0.03900	694.00800
0.03905	787.64400
0.03910	754.59600
0.03915	616.89600
0.03920	712.36800
0.03925	721.54800
0.03930	580.17600
0.03935	710.53200
0.03940	705.02400
0.03945	583.84800
0.03950	682.99200
0.03955	717.87600
0.03960	616.89600
0.03965	745.41600
0.03970	697.68000
0.03975	774.79200
0.03980	776.62800
0.03985	833.54400
0.03990	710.53200
0.03995	637.09200
0.04000	901.47600
0.04005	622.40400
0.04010	712.36800
0.04015	802.33200
0.04020	679.32000
0.04025	697.68000
0.04030	679.32000
0.04035	826.20000
0.04040	750.92400
0.04045	600.37200
0.04050	705.02400
0.04055	861.08400
0.04060	582.01200
0.04065	618.73200
0.04070	475.52400
0.04075	618.73200
0.04080	877.60800
0.04085	543.45600
0.04090	515.91600
0.04095	642.60000
0.04100	716.04000
0.04105	618.73200
0.04110	754.59600
0.04115	780.30000
0.04120	807.84000
0.04125	589.35600
0.04130	640.76400
0.04135	618.73200
0.04140	684.82800
0.04145	706.86000
0.04150	771.12000
0.04155	785.80800
0.04160	778.46400
0.04165	802.33200
0.04170	743.58000
0.04175	681.15600
0.04180	796.82400
0.04185	710.53200
0.04190	780.30000
0.04195	785.80800
0.04200	835.38000
0.04205	732.56400
0.04210	598.53600
0.04215	727.05600
0.04220	782.13600
0.04225	690.33600
0.04230	774.79200
0.04235	859.24800
0.04240	708.69600
0.04245	798.66000
0.04250	616.89600
0.04255	794.98800
0.04260	739.90800
0.04265	732.56400
0.04270	732.56400
0.04275	633.42000
0.04280	622.40400
0.04285	686.66400
0.04290	580.17600
0.04295	839.05200
0.04300	741.74400
0.04305	791.31600
0.04310	561.81600
0.04315	613.22400
0.04320	620.56800
0.04325	649.94400
0.04330	682.99200
0.04335	717.87600
0.04340	877.60800
0.04345	675.64800
0.04350	857.41200
0.04355	791.31600
0.04360	664.63200
0.04365	761.94000
0.04370	682.99200
0.04375	848.23200
0.04380	684.82800
0.04385	701.35200
0.04390	771.12000
0.04395	728.89200
0.04400	637.09200
0.04405	690.33600
0.04410	690.33600
0.04415	732.56400
0.04420	761.94000
0.04425	637.09200
0.04430	616.89600
0.04435	840.88800
0.04440	708.69600
0.04445	659.12400
0.04450	695.84400
0.04455	708.69600
0.04460	800.49600
0.04465	692.17200
0.04470	745.41600
0.04475	727.05600
0.04480	796.82400
0.04485	664.63200
0.04490	543.45600
0.04495	521.42400
0.04500	638.92800
0.04505	809.67600
0.04510	862.92000
0.04515	598.53600
0.04520	765.61200
0.04525	789.48000
0.04530	901.47600
0.04535	624.24000
0.04540	710.53200
0.04545	861.08400
0.04550	738.07200
0.04555	760.10400
0.04560	771.12000
0.04565	701.35200
0.04570	642.60000
0.04575	738.07200
0.04580	798.66000
0.04585	615.06000
0.04590	695.84400
0.04595	787.64400
0.04600	923.50800
0.04605	690.33600
0.04610	600.37200
0.04615	648.10800
0.04620	602.20800
0.04625	613.22400
0.04630	591.19200
0.04635	785.80800
0.04640	710.53200
0.04645	758.26800
0.04650	840.88800
0.04655	881.28000
0.04660	822.52800
0.04665	776.62800
0.04670	728.89200
0.04675	894.13200
0.04680	670.14000
0.04685	633.42000
0.04690	809.67600
0.04695	651.78000
0.04700	622.40400
0.04705	783.97200
0.04710	582.01200
0.04715	657.28800
0.04720	820.69200
0.04725	794.98800
0.04730	765.61200
0.04735	870.26400
0.04740	688.50000
0.04745	892.29600
0.04750	811.51200
0.04755	789.48000
0.04760	853.74000
0.04765	741.74400
0.04770	706.86000
0.04775	829.87200
0.04780	716.04000
0.04785	811.51200
0.04790	820.69200
0.04795	820.69200
0.04800	828.03600
0.04805	794.98800
0.04810	859.24800
0.04815	859.24800
0.04820	947.37600
0.04825	868.42800
0.04830	776.62800
0.04835	750.92400
0.04840	982.26000
0.04845	800.49600
0.04850	624.24000
0.04855	813.34800
0.04860	844.56000
0.04865	851.90400
0.04870	776.62800
0.04875	912.49200
0.04880	1046.52000
0.04885	719.71200
0.04890	828.03600
0.04895	886.78800
0.04900	741.74400
0.04905	761.94000
0.04910	802.33200
0.04915	1037.34000
0.04920	943.70400
0.04925	818.85600
0.04930	851.90400
0.04935	850.06800
0.04940	846.39600
0.04945	1004.29200
0.04950	793.15200
0.04955	872.10000
0.04960	1011.63600
0.04965	813.34800
0.04970	684.82800
0.04975	864.75600
0.04980	813.34800
0.04985	844.56000
0.04990	960.22800
