0.037333 -0.0250000004 0.0289215208 0.0197115609 asynchronous_release_0
0.033828 -0.0250000004 -0.0113910613 0.0330944667 asynchronous_release_0
0.041969 -0.0250000004 -0.0166796986 -0.0307699148 asynchronous_release_0
0.039354 -0.0250000004 0.0282391237 -0.020677328 asynchronous_release_0
0.033009 -0.0250000004 -0.032470598 -0.0130637004 asynchronous_release_0
0.027625 -0.0250000004 -0.0284120682 0.0204390405 asynchronous_release_0
0.036765 -0.0250000004 -0.00181735187 0.0349527858 asynchronous_release_0
0.003763 -0.0250000004 -0.00583933916 -0.0345094497 asynchronous_release_0
0.048179 -0.0250000004 0.0326303534 -0.0126593853 asynchronous_release_1
0.031452 -0.0250000004 -0.0225557995 -0.0267625841 asynchronous_release_0
0.023258 -0.0250000004 0.000679092936 0.000734052304 asynchronous_release_2
0.045839 -0.0250000004 -0.0336256987 -0.00971145664 asynchronous_release_0
0.025934 -0.0250000004 0.0081191686 -0.0340452508 asynchronous_release_0
0.044401 -0.0250000004 0.0155753939 0.0313433742 asynchronous_release_0
0.026806 -0.0250000004 -0.0076204994 0.0341603277 asynchronous_release_0
0.034191 -0.0250000004 0.0282662745 -0.0206401969 asynchronous_release_0
0.046994 -0.0250000004 0.0311282386 0.0160010238 asynchronous_release_0
0.031956 -0.0250000004 0.012966598 -0.0325094961 asynchronous_release_1
0.046746 -0.0250000004 0.0201625024 -0.0286089758 asynchronous_release_0
0.029856 -0.0250000004 0.011959494 0.03289332 asynchronous_release_0
0.024115 -0.0250000004 0.0296637053 0.0185759142 asynchronous_release_1
0.015245 -0.0250000004 0.0349970259 -0.00045626903 asynchronous_release_0
0.043145 -0.0250000004 0.0154804369 -0.0313903819 asynchronous_release_0
0.019148 -0.0250000004 0.0289737442 -0.0196347179 asynchronous_release_0
0.039071 -0.0250000004 0.000671807589 -0.0007407257 asynchronous_release_0
0.02827 -0.0250000004 0.0326430764 0.0126265419 asynchronous_release_0
0.013575 -0.0250000004 -0.0337408461 0.00930351047 asynchronous_release_0
0.014164 -0.0250000004 0.0343567305 -0.00667945129 asynchronous_release_0
0.034001 -0.0250000004 0.0326675413 0.0125631106 asynchronous_release_0
0.033926 -0.0250000004 0.0256108624 0.0238554758 asynchronous_release_0
0.006627 -0.0250000004 0.0151650478 0.0315439586 asynchronous_release_0
0.042603 -0.0250000004 0.034507675 0.00584981781 asynchronous_release_0
0.006611 -0.0250000004 -0.0049916205 -0.0346422246 asynchronous_release_0
0.033029 -0.0250000004 -6.18903178e-05 -0.000998082957 asynchronous_release_0
0.025691 -0.0250000004 -0.0137599358 -0.0321817365 asynchronous_release_0
0.040405 -0.0250000004 -0.000442037079 0.000896996778 asynchronous_release_0
0.026025 -0.0250000004 0.0289257925 -0.0197052919 asynchronous_release_0
0.035413 -0.0250000004 -0.0198914966 -0.0287980618 asynchronous_release_0
0.040977 -0.0250000004 0.018593679 -0.0296525733 asynchronous_release_0
0.022858 -0.0250000004 0.000481181699 -0.000876620883 asynchronous_release_0
0.022152 -0.0250000004 -0.0215523221 -0.0275771175 asynchronous_release_1
0.040572 -0.0250000004 -0.00111279066 -0.0349823055 asynchronous_release_0
0.007467 -0.0250000004 -0.0293783329 -0.0190240257 asynchronous_release_0
0.025311 -0.0250000004 -0.000338860494 0.000940836631 asynchronous_release_0
0.049027 -0.0250000004 0.0215545018 0.0275754139 asynchronous_release_0
0.018274 -0.0250000004 0.0209135954 0.0280645957 asynchronous_release_0
0.038005 -0.0250000004 -0.0327415919 0.0123688382 asynchronous_release_0
0.022699 -0.0250000004 0.0264660055 -0.0229030686 asynchronous_release_3
0.029852 -0.0250000004 0.00390747409 0.0347811967 asynchronous_release_0
0.033299 -0.0250000004 0.0299004489 0.0181923928 asynchronous_release_0
0.042381 -0.0250000004 -0.000962253762 0.000272153811 asynchronous_release_0
0.027071 -0.0250000004 -0.0118911107 -0.0329181027 asynchronous_release_0
0.026429 -0.0250000004 0.0276275453 0.0214876416 asynchronous_release_2
0.021878 -0.0250000004 0.0127438233 0.0325974687 asynchronous_release_0
0.038268 -0.0250000004 0.0349993115 -0.000219525011 asynchronous_release_0
0.026415 -0.0250000004 -0.0305087312 -0.0171527642 asynchronous_release_0
0.034902 -0.0250000004 0.0164626325 0.0308865947 asynchronous_release_1
0.027377 -0.0250000004 0.00618306172 0.0603056361 asynchronous_release_0
0.044002 -0.0250000004 -0.012239205 -0.0327902708 asynchronous_release_0
0.021944 -0.0250000004 0.0237655536 0.0256943274 asynchronous_release_0
0.04522 -0.0250000004 0.000378416873 -0.000925635279 asynchronous_release_1
0.028888 -0.0250000004 0.0295188257 0.01880529 asynchronous_release_0
0.035113 -0.0250000004 0.0292626402 0.0192015074 asynchronous_release_0
0.027368 -0.0250000004 -0.000675104075 -0.000737722501 asynchronous_release_0
0.034882 -0.0250000004 -0.0112239647 0.03315151 asynchronous_release_0
0.035947 -0.0250000004 -0.0204648722 0.0283934677 asynchronous_release_0
0.035599 -0.0250000004 0.0176883973 0.0302013344 asynchronous_release_0
0.040185 -0.0250000004 0.000932390058 -0.000361453703 asynchronous_release_0
0.037751 -0.0250000004 -0.000681711858 0.000731620764 asynchronous_release_0
0.049352 -0.0250000004 0.0313803619 0.0155007382 asynchronous_release_0
0.026028 -0.0250000004 -0.0324843042 -0.013029581 asynchronous_release_0
0.042751 -0.0250000004 -0.0120277344 -0.0328684287 asynchronous_release_0
0.043487 -0.0250000004 0.0300075297 0.0180152202 asynchronous_release_0
0.026699 -0.0250000004 -0.000735801565 0.000677197206 asynchronous_release_0
0.042208 -0.0250000004 0.0342875719 -0.00702583885 asynchronous_release_0
0.028587 -0.0250000004 0.0337025103 -0.00944144056 asynchronous_release_0
0.036755 -0.0250000004 0.0152584989 0.0314988605 asynchronous_release_2
0.040532 -0.0250000004 0.0106368844 -0.0333445151 asynchronous_release_0
0.025396 -0.0250000004 0.0347257672 -0.00437276712 asynchronous_release_1
0.010881 -0.0250000004 -0.00406725076 0.0347628749 asynchronous_release_0
0.025355 -0.0250000004 0.0281749886 0.0207646338 asynchronous_release_2
0.024863 -0.0250000004 0.029887765 -0.0182132233 asynchronous_release_0
0.04446 -0.0250000004 -0.0234305705 0.0260001609 asynchronous_release_0
0.016153 -0.0250000004 -0.0308237772 0.0165799505 asynchronous_release_0
0.02295 -0.0250000004 0.0349995552 -0.000176452404 asynchronous_release_0
0.024224 -0.0250000004 0.014486669 -0.0318612056 asynchronous_release_3
0.034564 -0.0250000004 0.0349479063 0.00190888546 asynchronous_release_0
0.018757 -0.0250000004 -0.0119612321 0.032892688 asynchronous_release_0
0.031012 -0.0250000004 0.0202036772 -0.028579913 asynchronous_release_0
0.039969 -0.0250000004 0.0337956765 -0.00910232122 asynchronous_release_0
0.036101 -0.0250000004 0.0294202294 -0.0189591693 asynchronous_release_0
0.047572 -0.0250000004 -0.000635313782 -0.000772254102 asynchronous_release_0
0.04821 -0.0250000004 -0.000322590976 0.000946538463 asynchronous_release_0
0.042879 -0.0250000004 -0.00483476343 0.034664464 asynchronous_release_0
0.025176 -0.0250000004 0.0142828931 0.0319530744 asynchronous_release_0
0.027165 -0.0250000004 0.000616007551 -0.000787740248 asynchronous_release_0
0.032507 -0.0250000004 -0.0315748029 0.0151007226 asynchronous_release_0
0.027818 -0.0250000004 0.0345133834 -0.00581604369 asynchronous_release_1
0.044586 -0.0250000004 0.0349629738 -0.00160949204 asynchronous_release_0
0.028998 -0.0250000004 0.000665135961 0.000746722273 asynchronous_release_0
0.047688 -0.0250000004 -0.000447149206 0.000894459383 asynchronous_release_0
0.026569 -0.0250000004 -0.000998871946 4.74851027e-05 asynchronous_release_0
0.044305 -0.0250000004 -0.0239981798 0.0254771931 asynchronous_release_0
0.048245 -0.0250000004 -0.02332455 0.0260953131 asynchronous_release_1
0.034084 -0.0250000004 -0.0208310566 0.0281259147 asynchronous_release_0
0.040224 -0.0250000004 0.00091303601 -0.000407878959 asynchronous_release_0
0.043924 -0.0250000004 0.0191254921 -0.0293123788 asynchronous_release_0
0.029252 -0.0250000004 0.0345876984 0.00535640924 asynchronous_release_4
0.045313 -0.0250000004 0.0102674218 0.0334601263 asynchronous_release_0
0.03474 -0.0250000004 -0.000703501921 -0.000710693357 asynchronous_release_0
0.040253 -0.0250000004 0.033238987 0.0109621961 asynchronous_release_0
0.049686 -0.0250000004 -0.0252837972 0.0242018512 asynchronous_release_1
0.045215 -0.0250000004 -0.000453007983 0.00089150646 asynchronous_release_0
0.029824 -0.0250000004 -0.0108135157 -0.0332876535 asynchronous_release_0
0.043278 -0.0250000004 -0.0266435445 -0.0226962891 asynchronous_release_0
0.030621 -0.0250000004 0.012750311 -0.0325949316 asynchronous_release_0
0.047243 -0.0250000004 -0.0134873066 0.0322969435 asynchronous_release_0
0.049666 -0.0250000004 -0.000701884088 0.000712291182 asynchronous_release_0
0.03991 -0.0250000004 0.0344301475 0.00629006704 asynchronous_release_1
0.025096 -0.0250000004 -0.0115777143 0.0330296311 asynchronous_release_0
0.027589 -0.0250000004 0.0338362227 0.00895042069 asynchronous_release_0
0.049721 -0.0250000004 0.0101824708 0.033486076 asynchronous_release_0
0.029631 -0.0250000004 0.00887400877 0.0338563431 asynchronous_release_0
0.033793 -0.0250000004 -0.0115074602 0.0330541731 asynchronous_release_0
0.02908 -0.0250000004 0.0131686301 -0.032428185 asynchronous_release_0
0.02524 -0.0250000004 0.0143539952 -0.0319211971 asynchronous_release_3
0.0136 -0.0250000004 -0.0238479307 0.0256178883 asynchronous_release_0
0.031418 -0.0250000004 0.0348311992 -0.0034333023 asynchronous_release_0
0.043499 -0.0250000004 -0.0170263891 0.0305794387 asynchronous_release_0
0.02837 -0.0250000004 -0.0283417486 -0.0205364381 asynchronous_release_0
0.024859 -0.0250000004 0.0210040601 -0.0279969545 asynchronous_release_3
0.026001 -0.0250000004 0.0232493775 0.0261623097 asynchronous_release_0
0.03126 -0.0250000004 0.0336147858 0.00974916294 asynchronous_release_0
