0.000000 0.085845
0.000050 0.088959
0.000100 0.102114
0.000150 0.105922
0.000200 0.114115
0.000250 0.120457
0.000300 0.128424
0.000350 0.093572
0.000400 0.101767
0.000450 0.115845
0.000500 0.118957
0.000550 0.106151
0.000600 0.136276
0.000650 0.112832
0.000700 0.108354
0.000750 0.109498
0.000800 0.107992
0.000850 0.132352
0.000900 0.129106
0.000950 0.132702
0.001000 0.131294
0.001050 0.130614
0.001100 0.117109
0.001150 0.154967
0.001200 0.161176
0.001250 0.162576
0.001300 0.201467
0.001350 0.212881
0.001400 0.289625
0.001450 0.311181
0.001500 0.395763
0.001550 0.525227
0.001600 0.714898
0.001650 0.934242
0.001700 1.265300
0.001750 1.659424
0.001800 2.175321
0.001850 2.692549
0.001900 3.260603
0.001950 4.008623
0.002000 4.641975
0.002050 5.199847
0.002100 5.843316
0.002150 6.288094
0.002200 6.443663
0.002250 6.354815
0.002300 6.129461
0.002350 5.829629
0.002400 5.299868
0.002450 4.657052
0.002500 4.089500
0.002550 3.511204
0.002600 3.028939
0.002650 2.818789
0.002700 2.526653
0.002750 2.224235
0.002800 1.986773
0.002850 1.802965
0.002900 1.641803
0.002950 1.578399
0.003000 1.405959
0.003050 1.384813
0.003100 1.243706
0.003150 1.313870
0.003200 1.176907
0.003250 1.147581
0.003300 1.069954
0.003350 0.988370
0.003400 0.998736
0.003450 0.926154
0.003500 0.921014
0.003550 0.913228
0.003600 0.983642
0.003650 0.857310
0.003700 0.880471
0.003750 0.839337
0.003800 0.858637
0.003850 0.837113
0.003900 0.781362
0.003950 0.805256
0.004000 0.771340
0.004050 0.785902
0.004100 0.759204
0.004150 0.754970
0.004200 0.748104
0.004250 0.734846
0.004300 0.714706
0.004350 0.632272
0.004400 0.688081
0.004450 0.670825
0.004500 0.713735
0.004550 0.696267
0.004600 0.703408
0.004650 0.665248
0.004700 0.710452
0.004750 0.644320
0.004800 0.635083
0.004850 0.669571
0.004900 0.661747
0.004950 0.604939
0.005000 0.615349
0.005050 0.618067
0.005100 0.578874
0.005150 0.636314
0.005200 0.615736
0.005250 0.597086
0.005300 0.598848
0.005350 0.623410
0.005400 0.615356
0.005450 0.645940
0.005500 0.616107
0.005550 0.579189
0.005600 0.586365
0.005650 0.563865
0.005700 0.626664
0.005750 0.585642
0.005800 0.554970
0.005850 0.579750
0.005900 0.525980
0.005950 0.519508
0.006000 0.545732
0.006050 0.529356
0.006100 0.506836
0.006150 0.534024
0.006200 0.537032
0.006250 0.559030
0.006300 0.575591
0.006350 0.531223
0.006400 0.492501
0.006450 0.529435
0.006500 0.486911
0.006550 0.518889
0.006600 0.513801
0.006650 0.469565
0.006700 0.513529
0.006750 0.552585
0.006800 0.479693
0.006850 0.515527
0.006900 0.500510
0.006950 0.490410
0.007000 0.483820
0.007050 0.525996
0.007100 0.518925
0.007150 0.486831
0.007200 0.513263
0.007250 0.494729
0.007300 0.461435
0.007350 0.478549
0.007400 0.467732
0.007450 0.473670
0.007500 0.467064
0.007550 0.474022
0.007600 0.474398
0.007650 0.460004
0.007700 0.463157
0.007750 0.456389
0.007800 0.444464
0.007850 0.436256
0.007900 0.431225
0.007950 0.440171
0.008000 0.483084
0.008050 0.472996
0.008100 0.420963
0.008150 0.504553
0.008200 0.417224
0.008250 0.439648
0.008300 0.438400
0.008350 0.440284
0.008400 0.438950
0.008450 0.432448
0.008500 0.440148
0.008550 0.437270
0.008600 0.403667
0.008650 0.421451
0.008700 0.418314
0.008750 0.407496
0.008800 0.449532
0.008850 0.439174
0.008900 0.462578
0.008950 0.437520
0.009000 0.381374
0.009050 0.413216
0.009100 0.424283
0.009150 0.385587
0.009200 0.403155
0.009250 0.413673
0.009300 0.396785
0.009350 0.427851
0.009400 0.416608
0.009450 0.450308
0.009500 0.410333
0.009550 0.374615
0.009600 0.404242
0.009650 0.396788
0.009700 0.393597
0.009750 0.380253
0.009800 0.364231
0.009850 0.402107
0.009900 0.408209
0.009950 0.388085
0.010000 0.384020
0.010050 0.387450
0.010100 0.394057
0.010150 0.418997
0.010200 0.401331
0.010250 0.397899
0.010300 0.367995
0.010350 0.381203
0.010400 0.362910
0.010450 0.372988
0.010500 0.429283
0.010550 0.399955
0.010600 0.382204
0.010650 0.390592
0.010700 0.396371
0.010750 0.364065
0.010800 0.366529
0.010850 0.351655
0.010900 0.332701
0.010950 0.385935
0.011000 0.364824
0.011050 0.385446
0.011100 0.348430
0.011150 0.372128
0.011200 0.387432
0.011250 0.353280
0.011300 0.395912
0.011350 0.337480
0.011400 0.331233
0.011450 0.394425
0.011500 0.352935
0.011550 0.334855
0.011600 0.382770
0.011650 0.362564
0.011700 0.373171
0.011750 0.364379
0.011800 0.341070
0.011850 0.372972
0.011900 0.362549
0.011950 0.355885
0.012000 0.394737
0.012050 0.370477
0.012100 0.341102
0.012150 0.361188
0.012200 0.350946
0.012250 0.356124
0.012300 0.368576
0.012350 0.338074
0.012400 0.350076
0.012450 0.357270
0.012500 0.370369
0.012550 0.314873
0.012600 0.354393
0.012650 0.376649
0.012700 0.348211
0.012750 0.370423
0.012800 0.342823
0.012850 0.348997
0.012900 0.363573
0.012950 0.299059
0.013000 0.316577
0.013050 0.395387
0.013100 0.337593
0.013150 0.346231
0.013200 0.371172
0.013250 0.349884
0.013300 0.354558
0.013350 0.356642
0.013400 0.336190
0.013450 0.327696
0.013500 0.335405
0.013550 0.355477
0.013600 0.359973
0.013650 0.382637
0.013700 0.337658
0.013750 0.339968
0.013800 0.313253
0.013850 0.282947
0.013900 0.344699
0.013950 0.329593
0.014000 0.322226
0.014050 0.324120
0.014100 0.321823
0.014150 0.328907
0.014200 0.329829
0.014250 0.364255
0.014300 0.314122
0.014350 0.326566
0.014400 0.335415
0.014450 0.349897
0.014500 0.331676
0.014550 0.294316
0.014600 0.365598
0.014650 0.334448
0.014700 0.329557
0.014750 0.336781
0.014800 0.323614
0.014850 0.359214
0.014900 0.304006
0.014950 0.326870
0.015000 0.322300
0.015050 0.344288
0.015100 0.295014
0.015150 0.324622
0.015200 0.317951
0.015250 0.340005
0.015300 0.331602
0.015350 0.300042
0.015400 0.332163
0.015450 0.336723
0.015500 0.346639
0.015550 0.318611
0.015600 0.311934
0.015650 0.286064
0.015700 0.322972
0.015750 0.320442
0.015800 0.300794
0.015850 0.345220
0.015900 0.328204
0.015950 0.348170
0.016000 0.324690
0.016050 0.364446
0.016100 0.321261
0.016150 0.305559
0.016200 0.330034
0.016250 0.300316
0.016300 0.329533
0.016350 0.285241
0.016400 0.319196
0.016450 0.311904
0.016500 0.334688
0.016550 0.306572
0.016600 0.305861
0.016650 0.277109
0.016700 0.311100
0.016750 0.320218
0.016800 0.312925
0.016850 0.307277
0.016900 0.334143
0.016950 0.335087
0.017000 0.305368
0.017050 0.308580
0.017100 0.290231
0.017150 0.311989
0.017200 0.280137
0.017250 0.313075
0.017300 0.311272
0.017350 0.296596
0.017400 0.279718
0.017450 0.288264
0.017500 0.324983
0.017550 0.299379
0.017600 0.309933
0.017650 0.302187
0.017700 0.290133
0.017750 0.281555
0.017800 0.287917
0.017850 0.288981
0.017900 0.282892
0.017950 0.281090
0.018000 0.259436
0.018050 0.267304
0.018100 0.294495
0.018150 0.297541
0.018200 0.328734
0.018250 0.263210
0.018300 0.294419
0.018350 0.329581
0.018400 0.276855
0.018450 0.288465
0.018500 0.290911
0.018550 0.284465
0.018600 0.304839
0.018650 0.257325
0.018700 0.289320
0.018750 0.288124
0.018800 0.303899
0.018850 0.303183
0.018900 0.302476
0.018950 0.314318
0.019000 0.315219
0.019050 0.323017
0.019100 0.298335
0.019150 0.288449
0.019200 0.284660
0.019250 0.293594
0.019300 0.302999
0.019350 0.333831
0.019400 0.282447
0.019450 0.324279
0.019500 0.272216
0.019550 0.277782
0.019600 0.336067
0.019650 0.283703
0.019700 0.288622
0.019750 0.285672
0.019800 0.318046
0.019850 0.347096
0.019900 0.304158
0.019950 0.296508
0.020000 0.282798
0.020050 0.316434
0.020100 0.283839
0.020150 0.253033
0.020200 0.272636
0.020250 0.262354
0.020300 0.311431
0.020350 0.260923
0.020400 0.271405
0.020450 0.316417
0.020500 0.291901
0.020550 0.274633
0.020600 0.300203
0.020650 0.299889
0.020700 0.281739
0.020750 0.281357
0.020800 0.300166
0.020850 0.282756
0.020900 0.298752
0.020950 0.291774
0.021000 0.272969
0.021050 0.287379
0.021100 0.350125
0.021150 0.373047
0.021200 0.393590
0.021250 0.377650
0.021300 0.442735
0.021350 0.523693
0.021400 0.591067
0.021450 0.763835
0.021500 0.891692
0.021550 1.246370
0.021600 1.518634
0.021650 1.945532
0.021700 2.431032
0.021750 3.100778
0.021800 3.894376
0.021850 4.813356
0.021900 5.878569
0.021950 6.601131
0.022000 7.468695
0.022050 8.274793
0.022100 8.974960
0.022150 9.380824
0.022200 9.482573
0.022250 9.480827
0.022300 9.148919
0.022350 8.649209
0.022400 7.999528
0.022450 7.327272
0.022500 6.412644
0.022550 5.734012
0.022600 5.112320
0.022650 4.496356
0.022700 4.154658
0.022750 3.758618
0.022800 3.364448
0.022850 3.234164
0.022900 2.850965
0.022950 2.639535
0.023000 2.523942
0.023050 2.421870
0.023100 2.274642
0.023150 2.141730
0.023200 1.969326
0.023250 1.936042
0.023300 1.839003
0.023350 1.732421
0.023400 1.761141
0.023450 1.648083
0.023500 1.561599
0.023550 1.506169
0.023600 1.407327
0.023650 1.462367
0.023700 1.432243
0.023750 1.302907
0.023800 1.283407
0.023850 1.295323
0.023900 1.266111
0.023950 1.297667
0.024000 1.244756
0.024050 1.241634
0.024100 1.186321
0.024150 1.203741
0.024200 1.143663
0.024250 1.163883
0.024300 1.096563
0.024350 1.110319
0.024400 1.130024
0.024450 1.089576
0.024500 1.166716
0.024550 1.075076
0.024600 0.960687
0.024650 1.050609
0.024700 1.037622
0.024750 1.030506
0.024800 0.998495
0.024850 0.951349
0.024900 0.976273
0.024950 0.980347
0.025000 0.926830
0.025050 0.976404
0.025100 0.856261
0.025150 0.911801
0.025200 0.914144
0.025250 0.927634
0.025300 0.934614
0.025350 0.880676
0.025400 0.886991
0.025450 0.873965
0.025500 0.891524
0.025550 0.945028
0.025600 0.814167
0.025650 0.844451
0.025700 0.833715
0.025750 0.854911
0.025800 0.865893
0.025850 0.883675
0.025900 0.917132
0.025950 0.881104
0.026000 0.793290
0.026050 0.794234
0.026100 0.797279
0.026150 0.782005
0.026200 0.839622
0.026250 0.815516
0.026300 0.739629
0.026350 0.782113
0.026400 0.750783
0.026450 0.769099
0.026500 0.751415
0.026550 0.722463
0.026600 0.811678
0.026650 0.755084
0.026700 0.789660
0.026750 0.733314
0.026800 0.779760
0.026850 0.744156
0.026900 0.702967
0.026950 0.736073
0.027000 0.756925
0.027050 0.720987
0.027100 0.723407
0.027150 0.679605
0.027200 0.664996
0.027250 0.737672
0.027300 0.719951
0.027350 0.676381
0.027400 0.677046
0.027450 0.664520
0.027500 0.683889
0.027550 0.693433
0.027600 0.663771
0.027650 0.718161
0.027700 0.676281
0.027750 0.681439
0.027800 0.722835
0.027850 0.676853
0.027900 0.663050
0.027950 0.666538
0.028000 0.676221
0.028050 0.671911
0.028100 0.715438
0.028150 0.639070
0.028200 0.613715
0.028250 0.621625
0.028300 0.660201
0.028350 0.624011
0.028400 0.624051
0.028450 0.645187
0.028500 0.664156
0.028550 0.603150
0.028600 0.635228
0.028650 0.643372
0.028700 0.606139
0.028750 0.615949
0.028800 0.596389
0.028850 0.642625
0.028900 0.613837
0.028950 0.628985
0.029000 0.576821
0.029050 0.629735
0.029100 0.579737
0.029150 0.652127
0.029200 0.597365
0.029250 0.605615
0.029300 0.585150
0.029350 0.612802
0.029400 0.555785
0.029450 0.596423
0.029500 0.602996
0.029550 0.572312
0.029600 0.592476
0.029650 0.644230
0.029700 0.595101
0.029750 0.568973
0.029800 0.606598
0.029850 0.599568
0.029900 0.619463
0.029950 0.586663
0.030000 0.589163
0.030050 0.576631
0.030100 0.554394
0.030150 0.576144
0.030200 0.602848
0.030250 0.563030
0.030300 0.558833
0.030350 0.566781
0.030400 0.571120
0.030450 0.621236
0.030500 0.592174
0.030550 0.592350
0.030600 0.585176
0.030650 0.554026
0.030700 0.573159
0.030750 0.548655
0.030800 0.554887
0.030850 0.575369
0.030900 0.573053
0.030950 0.593051
0.031000 0.572786
0.031050 0.531280
0.031100 0.554371
0.031150 0.590683
0.031200 0.562175
0.031250 0.495349
0.031300 0.552354
0.031350 0.534278
0.031400 0.535620
0.031450 0.490984
0.031500 0.469488
0.031550 0.567344
0.031600 0.527044
0.031650 0.558834
0.031700 0.529185
0.031750 0.521661
0.031800 0.557423
0.031850 0.530835
0.031900 0.541189
0.031950 0.527277
0.032000 0.529971
0.032050 0.564783
0.032100 0.491739
0.032150 0.523975
0.032200 0.503477
0.032250 0.486765
0.032300 0.490038
0.032350 0.513420
0.032400 0.514850
0.032450 0.547492
0.032500 0.511935
0.032550 0.495779
0.032600 0.544201
0.032650 0.508485
0.032700 0.466060
0.032750 0.508070
0.032800 0.473409
0.032850 0.535321
0.032900 0.504602
0.032950 0.492888
0.033000 0.563090
0.033050 0.482018
0.033100 0.494729
0.033150 0.507503
0.033200 0.521005
0.033250 0.520587
0.033300 0.500829
0.033350 0.507707
0.033400 0.462439
0.033450 0.523503
0.033500 0.484867
0.033550 0.469583
0.033600 0.496635
0.033650 0.545381
0.033700 0.507274
0.033750 0.525110
0.033800 0.500379
0.033850 0.506053
0.033900 0.450647
0.033950 0.491561
0.034000 0.478181
0.034050 0.463383
0.034100 0.476528
0.034150 0.531460
0.034200 0.517453
0.034250 0.472519
0.034300 0.502963
0.034350 0.501897
0.034400 0.502209
0.034450 0.459057
0.034500 0.482058
0.034550 0.483020
0.034600 0.416077
0.034650 0.441845
0.034700 0.460085
0.034750 0.478409
0.034800 0.482180
0.034850 0.513892
0.034900 0.454875
0.034950 0.474009
0.035000 0.486921
0.035050 0.438819
0.035100 0.459410
0.035150 0.492062
0.035200 0.448718
0.035250 0.439082
0.035300 0.498696
0.035350 0.425464
0.035400 0.451895
0.035450 0.469213
0.035500 0.443949
0.035550 0.447063
0.035600 0.505096
0.035650 0.466988
0.035700 0.477344
0.035750 0.495624
0.035800 0.483154
0.035850 0.467046
0.035900 0.481792
0.035950 0.464924
0.036000 0.474667
0.036050 0.461351
0.036100 0.489918
0.036150 0.421592
0.036200 0.497262
0.036250 0.436036
0.036300 0.463255
0.036350 0.444727
0.036400 0.410818
0.036450 0.461454
0.036500 0.461864
0.036550 0.421288
0.036600 0.468510
0.036650 0.443264
0.036700 0.451729
0.036750 0.455081
0.036800 0.428234
0.036850 0.406448
0.036900 0.468085
0.036950 0.438957
0.037000 0.466031
0.037050 0.448699
0.037100 0.450619
0.037150 0.445111
0.037200 0.445545
0.037250 0.455683
0.037300 0.474830
0.037350 0.446934
0.037400 0.434659
0.037450 0.429089
0.037500 0.385200
0.037550 0.446420
0.037600 0.471745
0.037650 0.471539
0.037700 0.416221
0.037750 0.434019
0.037800 0.435995
0.037850 0.461481
0.037900 0.452917
0.037950 0.424563
0.038000 0.393818
0.038050 0.408676
0.038100 0.422834
0.038150 0.441636
0.038200 0.411556
0.038250 0.446472
0.038300 0.480762
0.038350 0.419190
0.038400 0.408904
0.038450 0.437852
0.038500 0.461520
0.038550 0.413488
0.038600 0.427886
0.038650 0.415254
0.038700 0.435127
0.038750 0.422489
0.038800 0.409029
0.038850 0.418083
0.038900 0.453662
0.038950 0.434002
0.039000 0.427547
0.039050 0.442967
0.039100 0.422432
0.039150 0.437886
0.039200 0.405518
0.039250 0.426478
0.039300 0.432569
0.039350 0.461539
0.039400 0.414090
0.039450 0.421764
0.039500 0.399413
0.039550 0.407869
0.039600 0.387020
0.039650 0.446290
0.039700 0.431853
0.039750 0.393485
0.039800 0.425112
0.039850 0.460054
0.039900 0.418427
0.039950 0.371847
0.040000 0.410803
0.040050 0.431463
0.040100 0.389570
0.040150 0.413452
0.040200 0.418107
0.040250 0.415529
0.040300 0.421822
0.040350 0.375622
0.040400 0.392356
0.040450 0.443986
0.040500 0.398491
0.040550 0.392619
0.040600 0.398924
0.040650 0.395488
0.040700 0.390413
0.040750 0.415515
0.040800 0.411301
0.040850 0.426707
0.040900 0.415965
0.040950 0.410927
0.041000 0.395201
0.041050 0.359693
0.041100 0.384138
0.041150 0.402908
0.041200 0.373075
0.041250 0.367917
0.041300 0.388381
0.041350 0.388223
0.041400 0.422057
0.041450 0.376337
0.041500 0.382808
0.041550 0.399290
0.041600 0.381682
0.041650 0.415722
0.041700 0.434023
0.041750 0.377153
0.041800 0.387042
0.041850 0.343338
0.041900 0.393449
0.041950 0.386623
0.042000 0.359592
0.042050 0.394776
0.042100 0.408171
0.042150 0.394609
0.042200 0.394522
0.042250 0.384286
0.042300 0.370629
0.042350 0.415439
0.042400 0.400981
0.042450 0.398375
0.042500 0.396614
0.042550 0.381218
0.042600 0.428893
0.042650 0.400733
0.042700 0.409242
0.042750 0.419496
0.042800 0.383511
0.042850 0.393735
0.042900 0.375651
0.042950 0.374707
0.043000 0.441782
0.043050 0.378932
0.043100 0.383180
0.043150 0.395222
0.043200 0.391739
0.043250 0.357071
0.043300 0.393380
0.043350 0.367322
0.043400 0.388972
0.043450 0.359370
0.043500 0.362767
0.043550 0.377515
0.043600 0.355651
0.043650 0.379163
0.043700 0.375634
0.043750 0.393120
0.043800 0.387867
0.043850 0.358015
0.043900 0.398384
0.043950 0.386974
0.044000 0.383457
0.044050 0.401099
0.044100 0.373771
0.044150 0.374641
0.044200 0.378172
0.044250 0.400324
0.044300 0.378204
0.044350 0.362228
0.044400 0.391540
0.044450 0.378234
0.044500 0.383597
0.044550 0.380953
0.044600 0.370266
0.044650 0.414080
0.044700 0.389129
0.044750 0.383809
0.044800 0.386547
0.044850 0.382113
0.044900 0.367778
0.044950 0.366898
0.045000 0.382236
0.045050 0.388608
0.045100 0.370623
0.045150 0.395069
0.045200 0.363489
0.045250 0.376201
0.045300 0.369004
0.045350 0.402646
0.045400 0.357319
0.045450 0.362805
0.045500 0.341893
0.045550 0.385667
0.045600 0.382112
0.045650 0.369408
0.045700 0.397840
0.045750 0.398888
0.045800 0.369681
0.045850 0.378019
0.045900 0.388225
0.045950 0.369947
0.046000 0.358980
0.046050 0.376562
0.046100 0.353592
0.046150 0.362890
0.046200 0.359271
0.046250 0.365829
0.046300 0.396513
0.046350 0.368835
0.046400 0.355005
0.046450 0.337413
0.046500 0.383075
0.046550 0.384151
0.046600 0.369372
0.046650 0.358284
0.046700 0.388303
0.046750 0.347285
0.046800 0.358610
0.046850 0.357780
0.046900 0.372913
0.046950 0.380577
0.047000 0.385445
0.047050 0.371491
0.047100 0.371640
0.047150 0.354800
0.047200 0.316174
0.047250 0.326620
0.047300 0.374982
0.047350 0.367568
0.047400 0.355388
0.047450 0.345072
0.047500 0.353746
0.047550 0.382442
0.047600 0.334038
0.047650 0.338908
0.047700 0.371491
0.047750 0.391751
0.047800 0.370926
0.047850 0.366324
0.047900 0.380890
0.047950 0.373424
0.048000 0.321731
0.048050 0.360307
0.048100 0.374931
0.048150 0.369359
0.048200 0.378247
0.048250 0.387165
0.048300 0.335192
0.048350 0.338236
0.048400 0.379083
0.048450 0.330819
0.048500 0.343581
0.048550 0.370965
0.048600 0.343948
0.048650 0.339252
0.048700 0.377444
0.048750 0.352316
0.048800 0.339814
0.048850 0.391824
0.048900 0.361760
0.048950 0.375706
0.049000 0.333780
0.049050 0.315296
0.049100 0.362619
0.049150 0.356953
0.049200 0.369002
0.049250 0.350524
0.049300 0.343836
0.049350 0.348986
0.049400 0.346242
0.049450 0.364282
0.049500 0.350667
0.049550 0.347925
0.049600 0.361065
0.049650 0.352379
0.049700 0.340684
0.049750 0.327960
0.049800 0.322179
0.049850 0.369277
0.049900 0.371564
