0.030122 -0.0250000004 0.00901027191 -0.0338203341 synchronous_release_0
0.023756 -0.0250000004 0.0179351273 -0.0300554689 synchronous_release_0
0.023078 -0.0250000004 0.020859409 -0.0281048938 synchronous_release_0
0.026831 -0.0250000004 0.0254628097 0.0240134405 synchronous_release_0
0.00246 -0.0250000004 0.0289983524 0.019598356 synchronous_release_0
0.029869 -0.0250000004 0.00247349799 -0.0349124878 synchronous_release_0
0.026776 -0.0250000004 0.0329681008 0.0117517797 synchronous_release_0
0.023578 -0.0250000004 0.0289713208 0.0196382935 synchronous_release_0
0.0225 -0.0250000004 0.0344387607 0.00624273679 synchronous_release_0
0.033534 -0.0250000004 -0.00204028194 -0.0349404815 synchronous_release_0
0.023743 -0.0250000004 0.0266933352 -0.0226377088 synchronous_release_1
0.030007 -0.0250000004 0.0287060844 -0.0200240036 synchronous_release_0
0.024293 -0.0250000004 0.0347476024 -0.00419572706 synchronous_release_0
0.031952 -0.0250000004 -0.0251347745 0.0243565825 synchronous_release_0
0.035929 -0.0250000004 0.033577396 -0.00987716943 synchronous_release_0
0.027857 -0.0250000004 0.000632155614 0.000774841455 synchronous_release_0
0.025582 -0.0250000004 -0.0288772649 -0.0197763388 synchronous_release_0
0.023447 -0.0250000004 0.0348164545 -0.0035797344 synchronous_release_0
0.02331 -0.0250000004 0.0199644036 0.0287475667 synchronous_release_0
0.042923 -0.0250000004 -0.0169264803 0.0306348538 synchronous_release_0
0.023995 -0.0250000004 0.0306835314 -0.0168380789 synchronous_release_0
0.037185 -0.0250000004 -0.033606506 0.00977766604 synchronous_release_0
0.003056 -0.0250000004 0.0328053606 -0.0121987014 synchronous_release_0
0.024476 -0.0250000004 -0.00975557827 0.0336129245 synchronous_release_0
0.022727 -0.0250000004 0.0334043292 -0.0104475256 synchronous_release_0
0.030284 -0.0250000004 -0.0193329417 0.0291759724 synchronous_release_0
0.027424 -0.0250000004 -0.000996798133 7.99592475e-05 synchronous_release_0
0.036577 -0.0250000004 -0.0293990283 -0.0189920282 synchronous_release_0
0.025062 -0.0250000004 0.00946828729 0.0336949779 synchronous_release_0
0.021983 -0.0250000004 0.0324621849 0.0130845922 synchronous_release_0
0.028017 -0.0250000004 0.0333870337 -0.0105026654 synchronous_release_0
0.022726 -0.0250000004 -0.000616050311 0.000787706808 synchronous_release_0
0.002736 -0.0250000004 0.0183332591 0.0298142853 synchronous_release_0
0.003695 -0.0250000004 0.0254657414 -0.0240103314 synchronous_release_0
0.025319 -0.0250000004 -0.00098081454 -0.000194943166 synchronous_release_1
0.027132 -0.0250000004 0.0166618202 0.0307795995 synchronous_release_1
0.026202 -0.0250000004 0.0209460333 -0.0280403939 synchronous_release_0
0.02711 -0.0250000004 0.0141917243 0.0319936707 synchronous_release_0
0.024877 -0.0250000004 0.00650299511 -0.0343905664 synchronous_release_1
0.024443 -0.0250000004 0.0349985511 0.000318471247 synchronous_release_0
0.042941 -0.0250000004 0.00493933803 0.0346497177 synchronous_release_0
0.022691 -0.0250000004 0.0324772048 0.0130472667 synchronous_release_1
0.04892 -0.0250000004 0.0301166831 -0.0178321451 synchronous_release_0
0.037872 -0.0250000004 0.00986701232 0.0335803822 synchronous_release_0
0.035172 -0.0250000004 -0.0271547762 -0.0220820772 synchronous_release_0
0.007695 -0.0250000004 0.0346796322 -0.00472473407 synchronous_release_0
0.025776 -0.0250000004 0.0250306971 -0.024463528 synchronous_release_0
0.024419 -0.0250000004 0.0341518616 -0.00765835138 synchronous_release_0
0.022467 -0.0250000004 0.0165063969 0.0308632283 synchronous_release_0
0.033221 -0.0250000004 0.000725078628 0.00068866609 synchronous_release_0
0.027142 -0.0250000004 0.0239204718 0.0255501669 synchronous_release_1
0.023601 -0.0250000004 -0.0286217873 0.0201443117 synchronous_release_0
0.042698 -0.0250000004 0.0317563793 0.0147150391 synchronous_release_0
0.024462 -0.0250000004 0.0349796486 -0.00119339117 synchronous_release_0
0.027909 -0.0250000004 -0.0281818095 0.0207553755 synchronous_release_0
0.022345 -0.0250000004 0.0209900308 0.0280074741 synchronous_release_0
0.027532 -0.0250000004 0.034812819 0.00361491823 synchronous_release_0
0.027812 -0.0250000004 0.0307891857 0.0166440993 synchronous_release_0
0.0241 -0.0250000004 -0.0181433332 0.0299302432 synchronous_release_0
0.022341 -0.0250000004 0.0214540519 -0.0276536373 synchronous_release_0
0.023996 -0.0250000004 0.0335872759 0.00984352061 synchronous_release_0
0.043942 -0.0250000004 0.00353742866 -0.0348207783 synchronous_release_0
0.004653 -0.0250000004 -3.02956331e-05 0.000999540982 synchronous_release_0
0.030468 -0.0250000004 0.0322638135 0.0135663678 synchronous_release_0
0.026851 -0.0250000004 0.0221901997 0.0270664929 synchronous_release_0
0.02668 -0.0250000004 0.0311980385 0.0158645011 synchronous_release_0
0.027313 -0.0250000004 0.0252232175 -0.0242649809 synchronous_release_0
0.033425 -0.0250000004 -0.0282424282 0.0206728142 synchronous_release_0
0.02314 -0.0250000004 0.0269969753 -0.0222747239 synchronous_release_0
0.021448 -0.0250000004 -0.0214112339 -0.027686803 synchronous_release_1
0.007477 -0.0250000004 0.00939988338 0.0337141245 synchronous_release_0
0.024017 -0.0250000004 0.0342797317 -0.00706399269 synchronous_release_0
0.029526 -0.0250000004 0.0151156047 -0.0315676812 synchronous_release_0
0.023631 -0.0250000004 0.0120159438 -0.0328727409 synchronous_release_0
0.02366 -0.0250000004 0.0337070544 -0.00942520464 synchronous_release_0
0.003315 -0.0250000004 0.0266588852 -0.022678268 synchronous_release_0
0.023687 -0.0250000004 0.0265333783 0.0228249827 synchronous_release_0
0.025811 -0.0250000004 0.033033704 -0.0115660884 synchronous_release_0
0.028655 -0.0250000004 0.00650032567 -0.034391071 synchronous_release_0
0.024778 -0.0250000004 0.000231443212 -0.000972848415 synchronous_release_0
0.022281 -0.0250000004 0.0113195659 -0.0331189889 synchronous_release_0
0.035264 -0.0250000004 0.0335745639 -0.00988679225 synchronous_release_0
0.026466 -0.0250000004 0.0344154617 0.00636992893 synchronous_release_0
0.004282 -0.0250000004 0.0281716997 0.0207690958 synchronous_release_0
0.024897 -0.0250000004 -0.0242777638 0.025210914 synchronous_release_0
0.036398 -0.0250000004 0.0276539603 -0.0214536356 synchronous_release_0
0.024702 -0.0250000004 0.0328835791 0.0119862515 synchronous_release_0
0.023687 -0.0250000004 0.000889695776 -0.000456553858 synchronous_release_0
0.027997 -0.0250000004 -0.00766678249 0.0341499699 synchronous_release_0
0.028018 -0.0250000004 0.0267314484 -0.0225926906 synchronous_release_0
0.023191 -0.0250000004 0.0349318552 0.00218300027 synchronous_release_0
0.02683 -0.0250000004 -0.0122595791 0.0327826588 synchronous_release_0
0.022561 -0.0250000004 0.0271395018 -0.0221008471 synchronous_release_0
0.006621 -0.0250000004 0.0320080721 0.0141592133 synchronous_release_0
0.022772 -0.0250000004 0.0344206798 -0.00634167179 synchronous_release_0
0.027286 -0.0250000004 0.0349919128 0.000752353904 synchronous_release_1
0.032125 -0.0250000004 0.0179517844 0.0300455227 synchronous_release_0
0.005108 -0.0250000004 0.0295322186 -0.0187842505 synchronous_release_0
0.027334 -0.0250000004 0.0270878456 -0.0221641291 synchronous_release_0
0.027857 -0.0250000004 0.0333524142 -0.0106120907 synchronous_release_0
0.022206 -0.0250000004 0.0349999242 -7.28432788e-05 synchronous_release_1
0.028369 -0.0250000004 0.0184813431 -0.0297227179 synchronous_release_0
0.04344 -0.0250000004 -0.0349813003 -0.00114395366 synchronous_release_0
0.008828 -0.0250000004 0.0305613912 -0.0170587622 synchronous_release_0
0.025 -0.0250000004 0.00756627508 0.0341723789 synchronous_release_0
0.03103 -0.0250000004 -0.00756627508 -0.0341723789 synchronous_release_0
0.022584 -0.0250000004 0.0347057514 0.00452888692 synchronous_release_0
0.003016 -0.0250000004 0.0324926107 -0.0130088527 synchronous_release_0
0.023409 -0.0250000004 0.0320660911 0.0140273233 synchronous_release_0
0.027985 -0.0250000004 0.0253070441 -0.0241775416 synchronous_release_1
0.00264 -0.0250000004 0.0237926623 -0.0256692271 synchronous_release_0
0.023658 -0.0250000004 0.0338359649 0.00895139537 synchronous_release_1
0.022971 -0.0250000004 0.0195973367 0.0289990413 synchronous_release_1
0.02637 -0.0250000004 0.0344923314 -0.00593961892 synchronous_release_0
0.02263 -0.0250000004 0.0271860039 -0.0220436202 synchronous_release_1
0.029653 -0.0250000004 0.0337972538 -0.0090964628 synchronous_release_0
0.028624 -0.0250000004 0.0138914192 -0.0321252 synchronous_release_0
0.023742 -0.0250000004 -0.0173314449 0.0304075816 synchronous_release_0
0.027584 -0.0250000004 0.0332484776 0.0109333774 synchronous_release_0
0.022658 -0.0250000004 0.0242523217 -0.0252353897 synchronous_release_0
0.037611 -0.0250000004 0.026423074 0.022952585 synchronous_release_1
0.02856 -0.0250000004 0.0117258395 -0.032977336 synchronous_release_0
0.024261 -0.0250000004 0.0349693778 0.00146376783 synchronous_release_1
0.027505 -0.0250000004 -0.0154804369 0.0313903819 synchronous_release_0
0.005286 -0.0250000004 0.0196784193 0.0289440808 synchronous_release_0
0.024538 -0.0250000004 -0.00379984662 0.0347931195 synchronous_release_0
0.02367 -0.0250000004 0.0181950434 -0.0298988361 synchronous_release_0
0.023262 -0.0250000004 0.0279820074 0.0210239688 synchronous_release_0
0.032337 -0.0250000004 0.0221869864 0.027069127 synchronous_release_0
0.017133 -0.0250000004 0.031232685 0.0157961826 synchronous_release_0
0.029483 -0.0250000004 0.0292962379 -0.0191502074 synchronous_release_0
0.021854 -0.0250000004 -0.00451551011 -0.0347074944 synchronous_release_0
0.003389 -0.0250000004 0.0202310771 0.0285605238 synchronous_release_0
0.038694 -0.0250000004 0.0326884328 0.0125086514 synchronous_release_0
0.025576 -0.0250000004 -0.00239080639 -0.034918248 synchronous_release_0
0.033644 -0.0250000004 0.031435493 0.0153886249 synchronous_release_0
0.024182 -0.0250000004 0.000233294066 0.000972406231 synchronous_release_0
0.023134 -0.0250000004 0.0259646451 0.0234699213 synchronous_release_0
0.034234 -0.0250000004 0.00554404766 0.0345581182 synchronous_release_0
0.022931 -0.0250000004 0.034289778 0.0070150643 synchronous_release_1
0.025446 -0.0250000004 -0.0215124284 0.0276082492 synchronous_release_0
0.027853 -0.0250000004 0.0341762087 -0.00754895733 synchronous_release_1
0.022495 -0.0250000004 0.026091105 -0.0233292572 synchronous_release_0
0.033558 -0.0250000004 0.0190448117 -0.0293648625 synchronous_release_0
0.024879 -0.0250000004 -0.00976741063 0.0336094881 synchronous_release_1
0.024151 -0.0250000004 0.0234641051 0.0259699013 synchronous_release_0
0.025081 -0.0250000004 0.0191984942 0.0292646172 synchronous_release_0
0.027659 -0.0250000004 0.032914828 0.0119001723 synchronous_release_0
0.033446 -0.0250000004 0.0348908689 -0.00276175112 synchronous_release_1
0.003277 -0.0250000004 0.0296791809 0.0185511784 synchronous_release_0
0.021969 -0.0250000004 0.034894563 -0.00271467716 synchronous_release_0
0.026101 -0.0250000004 0.0150963021 -0.0315769166 synchronous_release_0
0.028732 -0.0250000004 0.0263089858 0.0230832681 synchronous_release_0
0.008589 -0.0250000004 0.0165563763 0.030836446 synchronous_release_0
0.027096 -0.0250000004 -0.0121877466 -0.0328094321 synchronous_release_0
0.022889 -0.0250000004 0.0335943583 -0.00981932232 synchronous_release_0
0.02502 -0.0250000004 0.0137611963 -0.0321811976 synchronous_release_0
0.023722 -0.0250000004 0.0317666753 0.0146927989 synchronous_release_0
0.025015 -0.0250000004 -0.0319404145 -0.0143111817 synchronous_release_0
0.022616 -0.0250000004 0.0348831005 0.0028581988 synchronous_release_0
0.023074 -0.0250000004 0.0131746852 -0.0324257255 synchronous_release_0
0.0412 -0.0250000004 0.000137235734 0.000990538416 synchronous_release_0
0.027724 -0.0250000004 -0.0339627368 -0.00845768936 synchronous_release_0
0.028447 -0.0250000004 0.0331715235 0.0111646776 synchronous_release_0
0.003378 -0.0250000004 0.00767233078 0.0341487238 synchronous_release_0
0.022524 -0.0250000004 -0.0092672894 -0.0337508125 synchronous_release_0
0.0245 -0.0250000004 0.0345178481 -0.00578948705 synchronous_release_1
0.02308 -0.0250000004 0.0275632247 -0.0215700868 synchronous_release_0
0.024652 -0.0250000004 0.0349995701 -0.00017348014 synchronous_release_0
0.023624 -0.0250000004 0.0146472116 -0.0317877208 synchronous_release_0
0.024287 -0.0250000004 0.0345652868 0.00549917723 synchronous_release_1
0.023642 -0.0250000004 0.0314000568 -0.0154608031 synchronous_release_0
0.047439 -0.0250000004 -0.00231058013 0.0349236484 synchronous_release_0
0.044032 -0.0250000004 0.0290894767 0.0194628453 synchronous_release_1
0.025582 -0.0250000004 0.000935817733 -0.000352484285 synchronous_release_0
0.029547 -0.0250000004 0.0242991272 -0.0251903239 synchronous_release_0
0.024903 -0.0250000004 -0.000891874673 0.0349886347 synchronous_release_0
0.005392 -0.0250000004 0.0206159857 -0.0282839378 synchronous_release_0
0.02345 -0.0250000004 0.0113922687 -0.033094051 synchronous_release_0
0.024441 -0.0250000004 0.0343564233 -0.00668103141 synchronous_release_1
0.041247 -0.0250000004 -0.00351913858 -0.0348226315 synchronous_release_0
0.022646 -0.0250000004 0.0178521591 0.0301048238 synchronous_release_0
0.02266 -0.0250000004 0.0349842332 -0.00105044278 synchronous_release_0
0.026433 -0.0250000004 0.00781087397 0.0341173013 synchronous_release_0
0.027752 -0.0250000004 0.000999544492 -3.0179614e-05 synchronous_release_0
0.024901 -0.0250000004 0.000862890421 0.000505391058 synchronous_release_1
0.029012 -0.0250000004 0.0254889494 0.0239856928 synchronous_release_1
0.022941 -0.0250000004 0.0230918694 -0.0263014366 synchronous_release_0
0.022811 -0.0250000004 0.0349892469 -0.000867524803 synchronous_release_0
0.027723 -0.0250000004 -0.0284140048 -0.0204363483 synchronous_release_0
0.023751 -0.0250000004 -0.000837081369 -0.000547078405 synchronous_release_0
0.024791 -0.0250000004 0.0348545605 0.0031874151 synchronous_release_0
0.028816 -0.0250000004 0.0149941048 -0.0316255723 synchronous_release_0
0.036822 -0.0250000004 0.034437254 -0.0062510431 synchronous_release_0
0.028375 -0.0250000004 0.0283730679 -0.0204931456 synchronous_release_0
0.029083 -0.0250000004 0.0176187209 -0.0302420349 synchronous_release_0
0.032121 -0.0250000004 0.000736403302 -0.000676542812 synchronous_release_0
0.022451 -0.0250000004 -0.0205629974 0.0283224847 synchronous_release_0
0.029534 -0.0250000004 0.0312000835 0.0158604789 synchronous_release_0
0.026752 -0.0250000004 0.0348283272 0.00346231468 synchronous_release_0
0.0237 -0.0250000004 0.0307571113 0.0167032962 synchronous_release_0
0.004511 -0.0250000004 0.00077756029 0.000628808394 synchronous_release_1
0.026452 -0.0250000004 -0.030223758 -0.0176500553 synchronous_release_0
0.023402 -0.0250000004 0.0328918935 0.0119634167 synchronous_release_0
0.03774 -0.0250000004 0.0293543877 0.0190609529 synchronous_release_0
0.025091 -0.0250000004 0.0258344772 0.0236131275 synchronous_release_0
0.03921 -0.0250000004 0.0347102256 0.00449446755 synchronous_release_0
0.029025 -0.0250000004 0.0308517419 0.0165278559 synchronous_release_0
0.042223 -0.0250000004 7.28784964e-05 0.000997340827 synchronous_release_1
0.023842 -0.0250000004 -0.0198028618 0.0288590829 synchronous_release_0
0.006462 -0.0250000004 0.0312882478 -0.0156858391 synchronous_release_0
0.025799 -0.0250000004 -0.0264584464 0.0229118008 synchronous_release_0
0.022465 -0.0250000004 0.0349700494 0.00144763538 synchronous_release_0
0.032707 -0.0250000004 0.0162313357 0.0310087688 synchronous_release_0
0.024642 -0.0250000004 0.0316252166 -0.014994855 synchronous_release_0
0.024806 -0.0250000004 0.0141914751 -0.0319937812 synchronous_release_1
0.03207 -0.0250000004 -0.0131232289 -0.0324465848 synchronous_release_0
0.023581 -0.0250000004 -0.000975220038 0.000221237154 synchronous_release_0
0.023903 -0.0250000004 -0.00966847518 0.0336380824 synchronous_release_0
0.026799 -0.0250000004 0.0344910135 0.00594726734 synchronous_release_0
0.036373 -0.0250000004 0.0213350457 0.0277455551 synchronous_release_0
0.026635 -0.0250000004 0.0346692177 -0.00480055674 synchronous_release_0
0.003952 -0.0250000004 0.0102086639 0.0334781 synchronous_release_0
0.007269 -0.0250000004 0.0349951994 -0.000579672696 synchronous_release_0
0.043254 -0.0250000004 0.0167239438 0.0307458892 synchronous_release_0
0.003789 -0.0250000004 0.0302608434 0.0175863969 synchronous_release_0
0.036991 -0.0250000004 -0.0278554443 -0.0211913715 synchronous_release_0
0.034025 -0.0250000004 0.00619347818 0.0344476534 synchronous_release_0
0.026689 -0.0250000004 0.0139197437 -0.0321129372 synchronous_release_0
0.030798 -0.0250000004 -4.02533015e-05 -0.0349999769 synchronous_release_0
0.023331 -0.0250000004 0.0330874894 -0.0114113123 synchronous_release_0
0.023148 -0.0250000004 0.0219978984 -0.0272230135 synchronous_release_0
0.024983 -0.0250000004 0.0264216944 -0.0229541732 synchronous_release_0
0.022635 -0.0250000004 -0.0115076982 0.0330540902 synchronous_release_0
0.025148 -0.0250000004 0.0206661132 -0.028247332 synchronous_release_0
0.028412 -0.0250000004 -0.000700710009 -0.000713446203 synchronous_release_0
0.005372 -0.0250000004 0.00875383484 0.0338876139 synchronous_release_2
0.033096 -0.0250000004 0.0321166636 0.0139111436 synchronous_release_0
0.02589 -0.0250000004 0.0342957789 0.00698566736 synchronous_release_1
0.033038 -0.0250000004 -0.0318097724 -0.0145992596 synchronous_release_0
0.004725 -0.0250000004 0.0258463121 -0.0236001727 synchronous_release_0
0.024338 -0.0250000004 0.0340228792 -0.00821241075 synchronous_release_0
0.0223 -0.0250000004 -0.00308617157 -0.0348636708 synchronous_release_1
0.02678 -0.0250000004 -0.0286497388 0.0201045384 synchronous_release_1
0.027867 -0.0250000004 0.0345840089 -0.005380179 synchronous_release_0
0.041159 -0.0250000004 0.0345235213 0.00575556024 synchronous_release_1
0.022779 -0.0250000004 0.0348087172 0.00365420382 synchronous_release_0
0.010946 -0.0250000004 -0.0127438233 -0.0325974687 synchronous_release_0
0.022964 -0.0250000004 0.0348578526 -0.00315120827 synchronous_release_0
0.024247 -0.0250000004 0.0346767547 -0.004745807 synchronous_release_1
0.022635 -0.0250000004 0.0349953134 -0.000572745611 synchronous_release_0
0.023455 -0.0250000004 0.0341279942 -0.00776402046 synchronous_release_0
0.015383 -0.0250000004 -0.02312658 0.0262709211 synchronous_release_0
0.024496 -0.0250000004 -0.000994028322 -0.000109122388 synchronous_release_0
0.038245 -0.0250000004 0.0280967903 -0.0208703228 synchronous_release_1
0.022349 -0.0250000004 0.0331375694 -0.0112650564 synchronous_release_0
0.024361 -0.0250000004 -0.00681295965 0.0343305051 synchronous_release_0
0.028487 -0.0250000004 0.0263246097 0.0230654487 synchronous_release_0
0.02946 -0.0250000004 0.00433649045 -0.034730316 synchronous_release_0
0.029855 -0.0250000004 -0.0190655189 0.0293514222 synchronous_release_0
0.025061 -0.0250000004 -0.0348811386 -0.00288204297 synchronous_release_0
0.023316 -0.0250000004 0.000812398 0.000583103326 synchronous_release_0
0.012849 -0.0250000004 0.0264547904 -0.022916022 synchronous_release_0
0.024931 -0.0250000004 -0.0130700635 -0.0324680372 synchronous_release_0
0.027866 -0.0250000004 0.0287838038 0.0199121229 synchronous_release_0
0.023529 -0.0250000004 0.0349707823 0.00142982062 synchronous_release_0
0.023524 -0.0250000004 0.0339932972 -0.00833401125 synchronous_release_0
0.022698 -0.0250000004 0.0305981501 0.01699274 synchronous_release_0
0.028082 -0.0250000004 0.0292978386 -0.0191477584 synchronous_release_0
0.039467 -0.0250000004 0.0328423746 0.0120986953 synchronous_release_0
0.049396 -0.0250000004 -0.0125692433 0.0326651821 synchronous_release_0
0.023966 -0.0250000004 0.00610639757 -0.0344631964 synchronous_release_0
0.02354 -0.0250000004 0.0221548258 0.0270954552 synchronous_release_0
0.027754 -0.0250000004 -0.0348046177 0.00369304537 synchronous_release_1
0.024922 -0.0250000004 0.0267449971 0.0225766501 synchronous_release_0
0.047303 -0.0250000004 -0.0292456225 -0.0192274171 synchronous_release_0
0.027194 -0.0250000004 0.0572211701 -0.0200184339 synchronous_release_0
0.031378 -0.0250000004 0.0271538261 -0.0220832454 synchronous_release_0
0.0236 -0.0250000004 0.0349618567 0.00163357744 synchronous_release_0
0.022931 -0.0250000004 0.019931712 -0.0287702426 synchronous_release_0
0.022832 -0.0250000004 -0.00450900751 0.0347083398 synchronous_release_0
0.040003 -0.0250000004 0.0334177477 -0.0104045249 synchronous_release_0
0.02358 -0.0250000004 0.0349178392 0.00239676991 synchronous_release_0
0.025887 -0.0250000004 -0.000785000359 0.000619495308 synchronous_release_1
0.008019 -0.0250000004 0.0130657816 -0.0324697606 synchronous_release_0
0.022765 -0.0250000004 0.0323972348 0.0132445906 synchronous_release_0
0.027287 -0.0250000004 0.00796808985 0.0340809264 synchronous_release_0
0.027149 -0.0250000004 0.0328583052 -0.0120553631 synchronous_release_0
0.026221 -0.0250000004 -0.0026964814 -0.0348959738 synchronous_release_0
0.022727 -0.0250000004 0.0196848822 0.0289396858 synchronous_release_0
0.02321 -0.0250000004 0.000382790375 -0.000923835228 synchronous_release_0
0.022847 -0.0250000004 0.0329814969 0.011714131 synchronous_release_0
0.024512 -0.0250000004 -0.000334689457 0.000942328482 synchronous_release_0
0.027571 -0.0250000004 -0.0266354834 0.0227057486 synchronous_release_0
0.037296 -0.0250000004 0.0266354834 -0.0227057486 synchronous_release_1
0.02803 -0.0250000004 -0.00238762316 -0.0349184658 synchronous_release_0
0.027387 -0.0250000004 0.0343366761 0.00678178991 synchronous_release_0
0.031646 -0.0250000004 -2.05747468e-05 0.000999788317 synchronous_release_0
0.007674 -0.0250000004 0.034693383 -0.00462268066 synchronous_release_1
0.026458 -0.0250000004 0.0300583655 -0.0179302723 synchronous_release_0
0.035228 -0.0250000004 0.0310276293 -0.0161952529 synchronous_release_0
0.025525 -0.0250000004 0.0191995552 0.0292639211 synchronous_release_0
0.036564 -0.0250000004 -0.0157435215 0.0312592631 synchronous_release_0
0.023712 -0.0250000004 0.0132358401 0.0324008107 synchronous_release_0
0.023053 -0.0250000004 0.0347031905 0.00454846886 synchronous_release_0
0.023087 -0.0250000004 0.00145416207 -0.0349697786 synchronous_release_0
0.003096 -0.0250000004 -7.19180458e-05 0.000997410545 synchronous_release_0
0.014139 -0.0250000004 0.0307281003 -0.0167566062 synchronous_release_0
0.026263 -0.0250000004 0.00151628606 0.03496714 synchronous_release_0
0.026099 -0.0250000004 0.0173205528 -0.0304137872 synchronous_release_0
0.02557 -0.0250000004 0.022451027 -0.0268505379 synchronous_release_0
0.02695 -0.0250000004 0.0286527127 0.0201002999 synchronous_release_0
0.023246 -0.0250000004 0.019672185 -0.0289483184 synchronous_release_0
0.012369 -0.0250000004 0.0304189462 -0.0173114908 synchronous_release_0
0.024329 -0.0250000004 0.0331437973 0.0112467196 synchronous_release_0
0.027586 -0.0250000004 -0.00340735267 0.0348337473 synchronous_release_0
0.035972 -0.0250000004 0.027009142 0.0222599696 synchronous_release_0
0.033153 -0.0250000004 -0.000607164769 -0.000794575952 synchronous_release_1
0.011123 -0.0250000004 0.0209983964 -0.0280012026 synchronous_release_0
0.025554 -0.0250000004 0.0250277825 0.0244665098 synchronous_release_0
0.023969 -0.0250000004 0.0275340767 -0.0216072817 synchronous_release_0
0.023541 -0.0250000004 -0.00653859378 -0.0343838158 synchronous_release_1
0.01896 -0.0250000004 -0.000992755169 -0.000120154796 synchronous_release_1
0.023023 -0.0250000004 0.0345828721 0.00538748138 synchronous_release_0
0.024423 -0.0250000004 -0.000900281531 -0.0349884194 synchronous_release_0
0.023547 -0.0250000004 -0.0074072987 0.0342071911 synchronous_release_0
0.028222 -0.0250000004 0.0347800973 0.00391724829 synchronous_release_0
0.02573 -0.0250000004 0.0336426006 -0.00965274167 synchronous_release_0
0.025704 -0.0250000004 -0.0126454173 -0.032635769 synchronous_release_0
0.029511 -0.0250000004 0.0302280382 0.0176427239 synchronous_release_0
0.022821 -0.0250000004 0.0169573315 -0.0306177875 synchronous_release_0
0.028964 -0.0250000004 0.0149573648 -0.0316429651 synchronous_release_0
0.049189 -0.0250000004 -0.0338180772 0.00901873897 synchronous_release_0
0.002975 -0.0250000004 0.0153511695 0.031453801 synchronous_release_0
0.023197 -0.0250000004 0.033217563 0.0110269446 synchronous_release_0
0.027675 -0.0250000004 0.0280864407 0.0208842488 synchronous_release_0
0.022631 -0.0250000004 0.0307693525 0.0166807359 synchronous_release_0
0.025409 -0.0250000004 -6.44881101e-05 -0.000997918475 synchronous_release_0
0.023214 -0.0250000004 0.0347115983 -0.00448385378 synchronous_release_0
0.043736 -0.0250000004 -0.0134726679 0.0323030528 synchronous_release_0
0.019116 -0.0250000004 0.0313956816 -0.0154696858 synchronous_release_0
0.029643 -0.0250000004 -0.0331623273 -0.0111919636 synchronous_release_0
0.022704 -0.0250000004 0.0344784441 -0.00601970858 synchronous_release_1
0.025374 -0.0250000004 -0.024117834 -0.0253639524 synchronous_release_0
0.028467 -0.0250000004 0.024117834 0.0253639524 synchronous_release_0
0.023249 -0.0250000004 -0.0331181534 -0.0113220104 synchronous_release_0
0.026155 -0.0250000004 -0.0308373824 0.0165546322 synchronous_release_0
0.024411 -0.0250000004 0.000947509955 -0.000319726267 synchronous_release_0
0.026034 -0.0250000004 -0.0164232862 0.0309075342 synchronous_release_1
0.026992 -0.0250000004 0.000307521468 -0.000951541143 synchronous_release_0
0.026304 -0.0250000004 0.0157300529 -0.0312660429 synchronous_release_0
0.005341 -0.0250000004 0.0257797715 -0.0236728406 synchronous_release_0
0.023467 -0.0250000004 0.0093879367 0.0337174531 synchronous_release_0
0.022996 -0.0250000004 0.0344883767 0.00596253901 synchronous_release_1
0.023899 -0.0250000004 0.0297523444 0.0184336106 synchronous_release_0
0.009288 -0.0250000004 -0.00648327451 0.0343942895 synchronous_release_0
0.029666 -0.0250000004 0.0308237772 -0.0165799505 synchronous_release_0
0.022376 -0.0250000004 0.0161671597 0.0310422768 synchronous_release_0
0.02367 -0.0250000004 0.0337616696 0.00922765758 synchronous_release_0
0.024131 -0.0250000004 0.0300661101 -0.0179172828 synchronous_release_0
0.022416 -0.0250000004 0.00810056076 -0.034049683 synchronous_release_0
0.028735 -0.0250000004 0.00850225448 0.0339516077 synchronous_release_0
0.02956 -0.0250000004 0.0164486002 0.0308940698 synchronous_release_0
0.022336 -0.0250000004 0.0232403948 -0.0261702894 synchronous_release_0
0.033877 -0.0250000004 -0.011043938 -0.033211917 synchronous_release_0
0.005746 -0.0250000004 0.0339333343 -0.00857489492 synchronous_release_0
0.023855 -0.0250000004 0.0120959208 -0.0328433966 synchronous_release_0
0.004637 -0.0250000004 0.0198956274 -0.0287952081 synchronous_release_0
0.024296 -0.0250000004 0.0346291223 -0.00508172115 synchronous_release_0
0.022772 -0.0250000004 -0.0337504982 -0.00926843409 synchronous_release_0
0.026817 -0.0250000004 0.00570970919 -0.0345311341 synchronous_release_0
0.039461 -0.0250000004 0.0180033045 -0.0300146802 synchronous_release_0
0.023009 -0.0250000004 0.0263424424 -0.0230450803 synchronous_release_0
0.023766 -0.0250000004 0.00070269695 -0.00071148928 synchronous_release_0
0.023013 -0.0250000004 2.0073724e-05 -0.0349999942 synchronous_release_0
0.022785 -0.0250000004 -0.00356598 0.0348178659 synchronous_release_0
0.026284 -0.0250000004 -0.0244373945 -0.0250562118 synchronous_release_0
0.030586 -0.0250000004 0.0348880704 -0.00279688072 synchronous_release_0
0.025047 -0.0250000004 0.0240064834 -0.0254693689 synchronous_release_0
0.025844 -0.0250000004 0.0323811732 -0.0132838106 synchronous_release_0
0.008521 -0.0250000004 -0.00488628224 0.0346572394 synchronous_release_0
0.022406 -0.0250000004 0.00687182973 -0.0343187697 synchronous_release_0
0.025633 -0.0250000004 -0.0132180091 0.032408089 synchronous_release_0
0.026588 -0.0250000004 0.0205579785 0.0283261278 synchronous_release_0
0.023083 -0.0250000004 0.0332323086 -0.0109824254 synchronous_release_0
0.035663 -0.0250000004 -0.0216305683 -0.0275157866 synchronous_release_0
0.023923 -0.0250000004 0.0160876259 -0.0310835695 synchronous_release_0
0.024442 -0.0250000004 0.0313726166 0.0155164083 synchronous_release_0
0.027665 -0.0250000004 0.0265447517 0.0228117548 synchronous_release_0
0.022661 -0.0250000004 -0.0163854425 -0.0309276134 synchronous_release_0
0.002997 -0.0250000004 -0.0347723843 0.00398513323 synchronous_release_0
0.025208 -0.0250000004 0.0259108079 0.0235293441 synchronous_release_0
0.016151 -0.0250000004 0.0345104421 0.0058334709 synchronous_release_0
0.022834 -0.0250000004 0.0274483131 -0.0217161255 synchronous_release_0
0.009663 -0.0250000004 0.0134834968 -0.0322985343 synchronous_release_0
0.022461 -0.0250000004 0.0312837595 0.0156947886 synchronous_release_1
0.022384 -0.0250000004 0.00439007481 -0.0347235834 synchronous_release_0
0.022917 -0.0250000004 -0.010528602 0.0333788637 synchronous_release_0
0.002613 -0.0250000004 0.0328168025 0.0121678871 synchronous_release_0
0.0235 -0.0250000004 0.0251450738 0.0243459496 synchronous_release_0
0.024987 -0.0250000004 0.023704648 -0.0257505274 synchronous_release_0
0.039234 -0.0250000004 0.0298764535 0.0182317724 synchronous_release_1
0.024627 -0.0250000004 -0.000526119173 -0.000850410851 synchronous_release_0
0.022181 -0.0250000004 0.0193175428 -0.0291861703 synchronous_release_0
0.02344 -0.0250000004 0.0270487025 0.0222118818 synchronous_release_0
0.004704 -0.0250000004 0.0344819697 0.00599948057 synchronous_release_0
0.033911 -0.0250000004 0.019571533 -0.0290164625 synchronous_release_0
0.02358 -0.0250000004 0.0109369291 0.0332473094 synchronous_release_1
0.032151 -0.0250000004 -0.000919467679 -0.000393165598 synchronous_release_0
0.025273 -0.0250000004 0.0209894849 0.0280078832 synchronous_release_1
0.005432 -0.0250000004 0.0291591105 -0.0193583644 synchronous_release_0
0.009693 -0.0250000004 0.0302522886 -0.0176011089 synchronous_release_0
0.026988 -0.0250000004 0.0256719914 0.0237896796 synchronous_release_0
0.023599 -0.0250000004 0.0306242671 0.0169456267 synchronous_release_0
0.033852 -0.0250000004 0.000484160763 -0.00087497906 synchronous_release_0
0.022826 -0.0250000004 0.0334071649 0.0104384544 synchronous_release_0
0.029489 -0.0250000004 -0.034884451 -0.00284166806 synchronous_release_0
0.026524 -0.0250000004 -0.0205370515 0.0283413041 synchronous_release_0
0.038636 -0.0250000004 0.0348679944 0.00303693418 synchronous_release_1
0.003473 -0.0250000004 0.0178418822 -0.0301109156 synchronous_release_0
0.032252 -0.0250000004 0.0349941759 0.000638479548 synchronous_release_0
0.030933 -0.0250000004 -0.000535487997 -0.000844542838 synchronous_release_0
0.023054 -0.0250000004 0.0349465875 0.0019328789 synchronous_release_0
0.032548 -0.0250000004 0.0321178711 0.0139083557 synchronous_release_1
0.022553 -0.0250000004 0.000983877655 -0.000178842837 synchronous_release_0
0.022869 -0.0250000004 0.0348883963 -0.00279281325 synchronous_release_0
0.032124 -0.0250000004 0.00800250574 -0.0340728617 synchronous_release_0
0.025212 -0.0250000004 -0.00147868128 -0.0349687504 synchronous_release_0
0.032399 -0.0250000004 0.0277063962 0.0213858741 synchronous_release_0
0.022491 -0.0250000004 0.0336122141 -0.00975802544 synchronous_release_0
0.023887 -0.0250000004 -0.0114062611 0.033089231 synchronous_release_0
0.022841 -0.0250000004 0.0260175319 -0.0234112801 synchronous_release_0
0.024033 -0.0250000004 0.0292704076 0.0191896649 synchronous_release_0
0.023212 -0.0250000004 0.0340284194 0.00818942463 synchronous_release_1
0.003376 -0.0250000004 0.0245945304 -0.0249019893 synchronous_release_0
0.023675 -0.0250000004 0.0223586425 0.0269275157 synchronous_release_0
0.025236 -0.0250000004 0.0290739004 -0.0194861056 synchronous_release_0
0.02795 -0.0250000004 0.000556745876 0.00083068287 synchronous_release_1
0.022736 -0.0250000004 0.0253992403 -0.0240806684 synchronous_release_0
0.023503 -0.0250000004 -0.0282885724 -0.0206096257 synchronous_release_0
0.036681 -0.0250000004 -0.0319927456 0.0141938095 synchronous_release_0
0.031035 -0.0250000004 -0.000420879615 -0.000907116503 synchronous_release_0
0.008336 -0.0250000004 -0.015943921 0.0311575253 synchronous_release_0
0.017961 -0.0250000004 0.0190112479 0.0293866033 synchronous_release_0
0.025692 -0.0250000004 -0.0295933822 -0.0186877428 synchronous_release_0
0.02239 -0.0250000004 0.023873327 -0.0255942231 synchronous_release_0
0.009846 -0.0250000004 0.0245157775 0.0249795246 synchronous_release_2
0.037473 -0.0250000004 0.0121783959 -0.0328129041 synchronous_release_0
0.024253 -0.0250000004 0.0333811398 0.0105213833 synchronous_release_0
0.024039 -0.0250000004 0.0279350414 0.0210863335 synchronous_release_0
0.02213 -0.0250000004 0.0322449515 0.013611139 synchronous_release_1
0.023276 -0.0250000004 -0.00776941049 -0.0341267675 synchronous_release_0
0.023227 -0.0250000004 -0.00732860589 -0.0342241367 synchronous_release_0
0.022666 -0.0250000004 0.0221145657 -0.0271283244 synchronous_release_0
0.022471 -0.0250000004 0.0238436084 -0.0256219113 synchronous_release_0
0.032549 -0.0250000004 -0.0345101152 0.00583540464 synchronous_release_0
0.026824 -0.0250000004 0.0293537196 -0.0190619817 synchronous_release_0
0.022451 -0.0250000004 -0.0261130338 0.0233047091 synchronous_release_0
0.029323 -0.0250000004 0.0330304636 0.011575339 synchronous_release_0
0.029075 -0.0250000004 0.0245148562 -0.0249804289 synchronous_release_0
0.023955 -0.0250000004 -0.00243624013 -0.0349151075 synchronous_release_0
0.049876 -0.0250000004 0.0348483024 0.00325512164 synchronous_release_0
0.023331 -0.0250000004 0.0341638354 0.00760475848 synchronous_release_0
0.026839 -0.0250000004 -0.00974427492 0.033616203 synchronous_release_0
0.027549 -0.0250000004 0.034878139 -0.00291811891 synchronous_release_0
0.028546 -0.0250000004 0.000762137168 0.000647415583 synchronous_release_0
0.047882 -0.0250000004 0.0117712825 0.0329611424 synchronous_release_1
0.039542 -0.0250000004 0.0339521974 0.00849989939 synchronous_release_0
0.022665 -0.0250000004 0.0288503047 0.0198156483 synchronous_release_0
0.023246 -0.0250000004 0.0349611322 -0.00164901135 synchronous_release_1
0.02591 -0.0250000004 0.0312512105 0.0157595002 synchronous_release_0
0.007764 -0.0250000004 0.022884458 -0.0264820992 synchronous_release_1
0.022726 -0.0250000004 0.0334330345 -0.0103552984 synchronous_release_1
0.002933 -0.0250000004 -0.00056474147 -0.0349954435 synchronous_release_0
0.023083 -0.0250000004 0.0343287271 0.00682191266 synchronous_release_0
0.027116 -0.0250000004 0.0150901749 0.0315798452 synchronous_release_0
0.023233 -0.0250000004 0.00109007804 -0.0349830206 synchronous_release_0
0.028487 -0.0250000004 -0.0254698114 -0.0240060139 synchronous_release_0
0.024583 -0.0250000004 -0.0284686202 -0.0203601981 synchronous_release_0
0.027584 -0.0250000004 0.00469535005 -0.0346836228 synchronous_release_0
0.032266 -0.0250000004 0.000645725096 0.000763569971 synchronous_release_0
0.023171 -0.0250000004 0.0336846496 -0.00950496598 synchronous_release_0
0.003005 -0.0250000004 0.00861078282 -0.0339242453 synchronous_release_1
0.026308 -0.0250000004 0.0136547948 0.0322264888 synchronous_release_0
0.02704 -0.0250000004 0.0303554448 0.0174225995 synchronous_release_0
0.03131 -0.0250000004 0.0347220285 0.00440235614 synchronous_release_0
0.008197 -0.0250000004 0.02695501 0.0223254884 synchronous_release_0
0.023633 -0.0250000004 0.0330902737 0.0114032357 synchronous_release_0
0.025378 -0.0250000004 -0.0349973927 0.000427208777 synchronous_release_0
0.028897 -0.0250000004 0.01786867 0.0300950267 synchronous_release_0
0.027804 -0.0250000004 0.0323987451 -0.0132408955 synchronous_release_0
0.006767 -0.0250000004 0.0313819368 0.0154975496 synchronous_release_0
0.025155 -0.0250000004 0.0296563188 -0.0185877044 synchronous_release_0
0.026162 -0.0250000004 0.0204115744 -0.0284318067 synchronous_release_0
0.031759 -0.0250000004 0.0325186489 -0.0129436268 synchronous_release_0
0.025841 -0.0250000004 -0.000824629892 -0.000565672645 synchronous_release_1
0.027892 -0.0250000004 0.0349986545 0.000306894088 synchronous_release_0
0.005563 -0.0250000004 0.00566992913 0.0345376882 synchronous_release_0
0.023654 -0.0250000004 0.0349215169 -0.00234257441 synchronous_release_1
0.025038 -0.0250000004 0.0286868993 -0.020051479 synchronous_release_0
0.026606 -0.0250000004 -0.00290130571 -0.0348795416 synchronous_release_0
0.028166 -0.0250000004 0.0163156906 0.0309644674 synchronous_release_0
0.023525 -0.0250000004 0.0203369305 -0.0284852463 synchronous_release_1
0.022391 -0.0250000004 0.0240668828 0.0254123032 synchronous_release_0
0.025297 -0.0250000004 0.0349699364 -0.00145036221 synchronous_release_0
0.023974 -0.0250000004 0.0335093635 -0.0101055705 synchronous_release_1
0.027711 -0.0250000004 0.00973889751 0.0336177613 synchronous_release_0
0.003602 -0.0250000004 0.0349982334 0.000351653298 synchronous_release_0
0.023424 -0.0250000004 0.0145595585 -0.0318279634 synchronous_release_0
0.012902 -0.0250000004 0.0342028493 -0.00742732137 synchronous_release_0
0.004548 -0.0250000004 -0.0199464302 0.0287600404 synchronous_release_0
0.026544 -0.0250000004 0.0344356105 0.00626009037 synchronous_release_0
0.029474 -0.0250000004 0.0301287645 -0.017811725 synchronous_release_0
0.028557 -0.0250000004 -0.0332768907 -0.0108465913 synchronous_release_1
0.010474 -0.0250000004 0.0348365724 -0.00337834677 synchronous_release_0
0.021853 -0.0250000004 0.0347889018 -0.00383826889 synchronous_release_0
0.004014 -0.0250000004 0.0162244329 0.031012381 synchronous_release_0
0.036833 -0.0250000004 0.0187452933 -0.0295569616 synchronous_release_0
0.023201 -0.0250000004 0.0346405329 -0.00500334702 synchronous_release_0
0.003037 -0.0250000004 0.0326492052 -0.0126106858 synchronous_release_0
0.024974 -0.0250000004 0.0347416503 0.0042447302 synchronous_release_0
0.023355 -0.0250000004 -0.0014834998 0.0349685463 synchronous_release_0
0.041632 -0.0250000004 0.0330808128 0.0114306528 synchronous_release_1
0.004114 -0.0250000004 0.0349702899 -0.00144181333 synchronous_release_0
0.028114 -0.0250000004 -0.0146877455 -0.0317690121 synchronous_release_0
0.033479 -0.0250000004 -0.02577591 -0.0236770451 synchronous_release_0
0.023668 -0.0250000004 -0.00999222583 0.0335433365 synchronous_release_0
0.023753 -0.0250000004 0.00619598975 -0.0344472018 synchronous_release_0
0.005295 -0.0250000004 0.0175972642 -0.0302545251 synchronous_release_0
0.02533 -0.0250000004 0.0349998195 0.000112415281 synchronous_release_0
0.023426 -0.0250000004 0.0236393978 -0.0258104412 synchronous_release_1
0.02594 -0.0250000004 0.00127651091 -0.034976714 synchronous_release_0
0.008149 -0.0250000004 0.000395734044 -0.0349977627 synchronous_release_0
0.031684 -0.0250000004 -0.0021008462 0.0349368923 synchronous_release_0
0.029985 -0.0250000004 0.0191036226 -0.0293266364 synchronous_release_0
0.002562 -0.0250000004 0.0252197077 0.0242686288 synchronous_release_0
0.008191 -0.0250000004 0.0306866775 0.0168323447 synchronous_release_1
0.032659 -0.0250000004 0.0601743618 0.00735161121 synchronous_release_1
0.022625 -0.0250000004 0.0342580212 -0.00716854135 synchronous_release_0
0.02302 -0.0250000004 0.0336101613 -0.00976509365 synchronous_release_0
0.023039 -0.0250000004 -0.0164829295 0.0308757678 synchronous_release_0
0.023245 -0.0250000004 -0.0329494406 -0.0118039979 synchronous_release_0
0.046839 -0.0250000004 -0.015091196 -0.0315793573 synchronous_release_0
0.022566 -0.0250000004 0.0340801349 -0.00797147443 synchronous_release_1
0.029615 -0.0250000004 0.0152107436 0.0315219492 synchronous_release_0
0.022828 -0.0250000004 0.000790057387 -0.0349910819 synchronous_release_0
0.022772 -0.0250000004 0.0144422726 -0.0318813545 synchronous_release_0
0.007864 -0.0250000004 0.0276050401 -0.0215165462 synchronous_release_0
0.022748 -0.0250000004 0.0349466984 -0.0019308728 synchronous_release_0
0.029745 -0.0250000004 -0.0286286045 0.0201346221 synchronous_release_0
0.026869 -0.0250000004 0.0286286045 -0.0201346221 synchronous_release_1
0.029842 -0.0250000004 0.000281449719 -0.000959575977 synchronous_release_1
0.038054 -0.0250000004 0.0348391795 -0.00335135358 synchronous_release_0
0.011722 -0.0250000004 -0.00529849714 0.0345966173 synchronous_release_0
0.025915 -0.0250000004 0.0349827197 0.00109969307 synchronous_release_0
0.037165 -0.0250000004 -0.0266408536 -0.0226994476 synchronous_release_0
0.023292 -0.0250000004 0.000838013256 0.000545649872 synchronous_release_0
0.028899 -0.0250000004 0.0312676594 0.0157268393 synchronous_release_0
0.025259 -0.0250000004 0.0341967632 -0.00745529236 synchronous_release_0
0.022891 -0.0250000004 0.0140317741 0.0320641438 synchronous_release_0
0.024088 -0.0250000004 0.0347608094 -0.00408486601 synchronous_release_1
0.028962 -0.0250000004 0.0348373237 0.00337059003 synchronous_release_0
