0.025501 -0.0250000004 0.0155138189 -0.0313738972 synchronous_release_1
0.034044 -0.0250000004 0.0311982577 -0.0158640699 synchronous_release_0
0.023321 -0.0250000004 -0.0343225197 -0.00685307516 synchronous_release_0
0.023601 -0.0250000004 0.0168077993 0.0307001284 synchronous_release_0
0.02455 -0.0250000004 -0.020859409 0.0281048938 synchronous_release_0
0.02396 -0.0250000004 0.0289215208 0.0197115609 synchronous_release_0
0.026384 -0.0250000004 0.0312980438 0.015666284 synchronous_release_0
0.007061 -0.0250000004 -0.00247349799 0.0349124878 synchronous_release_0
0.023018 -0.0250000004 0.0266613902 -0.022675323 synchronous_release_0
0.02415 -0.0250000004 0.00113469271 0.0349816019 synchronous_release_1
0.021879 -0.0250000004 0.006493408 0.0343923778 synchronous_release_0
0.03587 -0.0250000004 -0.0234375629 -0.0259938579 synchronous_release_0
0.038268 -0.0250000004 -0.0118130117 -0.03294621 asynchronous_release_0
0.033795 -0.0250000004 -0.000983884593 0.000178804666 synchronous_release_0
0.028996 -0.0250000004 0.0189574363 -0.0294213461 synchronous_release_0
0.028776 -0.0250000004 0.0325569966 -0.0128468664 asynchronous_release_0
0.022639 -0.0250000004 0.031694338 0.0148481965 synchronous_release_0
0.030501 -0.0250000004 -0.0265524867 -0.0228027509 synchronous_release_0
0.028072 -0.0250000004 0.0332210381 -0.0110164706 asynchronous_release_0
0.049223 -0.0250000004 -0.033630199 -0.00969586068 asynchronous_release_1
0.022682 -0.0250000004 0.0034836617 0.0348261985 synchronous_release_0
0.02963 -0.0250000004 -0.0034836617 -0.0348261985 synchronous_release_0
0.038693 -0.0250000004 0.0199644036 0.0287475667 synchronous_release_0
0.032525 -0.0250000004 0.033606506 -0.00977766604 synchronous_release_0
0.022996 -0.0250000004 0.0339874356 -0.00835788363 synchronous_release_0
0.035158 -0.0250000004 0.025049728 0.0244440407 asynchronous_release_0
0.022598 -0.0250000004 -0.00946828729 -0.0336949779 synchronous_release_0
0.023336 -0.0250000004 -0.000119449899 -0.00099284023 synchronous_release_0
0.024803 -0.0250000004 0.0348031937 0.00370644158 synchronous_release_0
0.022092 -0.0250000004 0.000609725446 -0.000792612693 synchronous_release_0
0.032248 -0.0250000004 0.0120885718 -0.0328461022 synchronous_release_0
0.022393 -0.0250000004 0.0134150234 0.0323270343 synchronous_release_0
0.039743 -0.0250000004 0.0336087219 -0.00977004658 synchronous_release_0
0.023586 -0.0250000004 0.00638461226 0.0344127408 synchronous_release_0
0.025486 -0.0250000004 -0.0202278532 0.0285628072 asynchronous_release_1
0.024968 -0.0250000004 0.0269756362 -0.0223005616 synchronous_release_0
0.026104 -0.0250000004 0.0250306971 -0.024463528 synchronous_release_0
0.040783 -0.0250000004 0.00867068812 0.0339089836 synchronous_release_0
0.023761 -0.0250000004 0.0331387153 0.0112616849 synchronous_release_0
0.019253 -0.0250000004 -0.0209739769 -0.0280194984 asynchronous_release_0
0.029996 -0.0250000004 0.020246557 0.0285495522 synchronous_release_0
0.031481 -0.0250000004 0.0282830274 -0.0206172345 synchronous_release_0
0.02331 -0.0250000004 0.0221358738 0.0271109404 synchronous_release_0
0.024286 -0.0250000004 0.000271657678 -0.0349989457 synchronous_release_0
0.031368 -0.0250000004 -0.0347736541 0.00397403836 synchronous_release_0
0.022962 -0.0250000004 -0.000973057547 0.000230562379 synchronous_release_0
0.025385 -0.0250000004 0.0254593978 -0.0240170578 synchronous_release_0
0.028652 -0.0250000004 0.00806968327 0.0340570141 synchronous_release_0
0.023466 -0.0250000004 -0.00826889903 -0.0340091945 synchronous_release_0
0.027966 -0.0250000004 0.0321961388 -0.0137262029 asynchronous_release_0
0.049422 -0.0250000004 0.0306855228 -0.0168344495 asynchronous_release_0
0.022668 -0.0250000004 0.0337908334 0.00912028391 synchronous_release_0
0.023834 -0.0250000004 0.0349406129 -0.00203803151 synchronous_release_0
0.024643 -0.0250000004 0.0343909864 0.00650077335 synchronous_release_0
0.029283 -0.0250000004 -0.03389723 -0.00871652447 asynchronous_release_0
0.025417 -0.0250000004 -0.0142688526 0.0319593468 synchronous_release_0
0.022885 -0.0250000004 0.0349986324 -0.000309402149 synchronous_release_1
0.022692 -0.0250000004 -0.0333630028 -0.0105787542 synchronous_release_0
0.037646 -0.0250000004 0.00869106055 -0.0339037677 asynchronous_release_4
0.039049 -0.0250000004 0.00479466684 -0.0346700327 asynchronous_release_0
0.003176 -0.0250000004 0.0324224625 -0.0131827131 synchronous_release_0
0.025322 -0.0250000004 0.0288029555 -0.0198844099 synchronous_release_0
0.026352 -0.0250000004 -0.0175005755 -0.0303105569 synchronous_release_0
0.026731 -0.0250000004 -0.013828059 -0.0321525237 synchronous_release_0
0.031186 -0.0250000004 -0.0329693988 -0.0117481378 synchronous_release_0
0.026357 -0.0250000004 -0.00965549021 0.0336418119 synchronous_release_0
0.024859 -0.0250000004 0.0286971098 0.0200368632 synchronous_release_0
0.034578 -0.0250000004 0.0305841703 0.0170178884 asynchronous_release_4
0.025797 -0.0250000004 -0.0114422655 0.0330767979 synchronous_release_0
0.023142 -0.0250000004 0.0127731544 0.0325859867 synchronous_release_0
0.027263 -0.0250000004 0.00275625795 -0.0348913032 synchronous_release_0
0.031592 -0.0250000004 0.0231424379 -0.0262569528 synchronous_release_0
0.029813 -0.0250000004 0.0113195659 -0.0331189889 synchronous_release_1
0.023448 -0.0250000004 0.0320901174 0.0139722713 synchronous_release_0
0.02234 -0.0250000004 0.018590751 0.0296544091 synchronous_release_0
0.02264 -0.0250000004 0.0241244257 -0.025357683 synchronous_release_0
0.03701 -0.0250000004 0.00989818482 0.033571207 synchronous_release_0
0.025969 -0.0250000004 -0.0142140869 0.0319837417 synchronous_release_0
0.037497 -0.0250000004 -0.0348057763 0.00368211054 synchronous_release_0
0.030018 -0.0250000004 -0.000978293949 0.000207221982 synchronous_release_0
0.025467 -0.0250000004 0.0275848353 0.0215424433 synchronous_release_0
0.027828 -0.0250000004 -0.0257734619 -0.0236797099 synchronous_release_1
0.018617 -0.0250000004 0.0289234823 0.0197086827 synchronous_release_0
0.002663 -0.0250000004 0.0293244756 0.0191069393 synchronous_release_0
0.023521 -0.0250000004 0.0345394302 -0.00565930748 synchronous_release_0
0.025147 -0.0250000004 0.0313316824 0.0155989 synchronous_release_0
0.022684 -0.0250000004 0.0349813003 0.00114395366 synchronous_release_0
0.023102 -0.0250000004 0.0173960302 0.0303706788 synchronous_release_0
0.036525 -0.0250000004 -0.00756627508 -0.0341723789 synchronous_release_0
0.022758 -0.0250000004 0.0337440868 -0.00929174945 synchronous_release_0
0.032359 -0.0250000004 0.0339747121 -0.00840945531 synchronous_release_2
0.030107 -0.0250000004 0.0281810639 -0.0207563879 synchronous_release_0
0.02303 -0.0250000004 0.000892790373 -0.000450472364 synchronous_release_0
0.027151 -0.0250000004 0.0108294002 -0.0332824893 synchronous_release_1
0.02286 -0.0250000004 0.0349125748 -0.00247227079 synchronous_release_0
0.028237 -0.0250000004 0.0153152381 -0.0314713121 synchronous_release_0
0.027016 -0.0250000004 0.000938315563 0.000345780138 synchronous_release_0
0.048703 -0.0250000004 -3.35340595e-05 -0.000999437575 asynchronous_release_0
0.006281 -0.0250000004 -0.013069102 -0.0324684243 synchronous_release_0
0.026488 -0.0250000004 0.0330383557 -0.011552794 synchronous_release_0
0.026204 -0.0250000004 0.0277429402 -0.0213384458 synchronous_release_0
0.009993 -0.0250000004 -0.0249263742 0.0245698162 asynchronous_release_0
0.023008 -0.0250000004 -0.0153979302 -0.0314309361 synchronous_release_0
0.031419 -0.0250000004 0.00431197425 0.0347333684 synchronous_release_0
0.022464 -0.0250000004 0.0317631824 0.0147003485 synchronous_release_0
0.043687 -0.0250000004 0.0349397752 -0.00205234206 asynchronous_release_0
0.023194 -0.0250000004 0.019247268 0.0292325619 synchronous_release_0
0.024054 -0.0250000004 0.0229268955 -0.0264453675 synchronous_release_0
0.003084 -0.0250000004 -0.00622478072 0.0344420108 synchronous_release_0
0.047509 -0.0250000004 0.0257110422 0.0237474695 asynchronous_release_0
0.008444 -0.0250000004 0.0265114151 0.0228504895 synchronous_release_0
0.025806 -0.0250000004 0.0171918787 -0.0304867071 synchronous_release_0
0.022385 -0.0250000004 0.0307513998 0.0167138091 synchronous_release_0
0.031801 -0.0250000004 0.0258110485 -0.0236387347 asynchronous_release_0
0.010515 -0.0250000004 -0.02654921 0.0228065659 synchronous_release_0
0.026622 -0.0250000004 0.0349970259 -0.00045626903 synchronous_release_0
0.047826 -0.0250000004 0.000169408111 -0.000985545987 asynchronous_release_0
0.039504 -0.0250000004 0.0344941095 0.00592928388 synchronous_release_0
0.032036 -0.0250000004 0.0121121443 0.0328374171 synchronous_release_1
0.01832 -0.0250000004 0.0334416741 -0.0103273632 synchronous_release_1
0.025304 -0.0250000004 0.0338747349 -0.00880354108 synchronous_release_0
0.049808 -0.0250000004 0.0154804369 -0.0313903819 asynchronous_release_0
0.006004 -0.0250000004 0.0187520942 0.0295526473 synchronous_release_0
0.006364 -0.0250000004 0.000276469271 -0.000961022759 asynchronous_release_0
0.023921 -0.0250000004 0.0348067233 0.00367314802 synchronous_release_0
0.031565 -0.0250000004 2.30843355e-05 -0.000999733521 synchronous_release_1
0.031068 -0.0250000004 0.0214199167 -0.0276800862 synchronous_release_1
0.024943 -0.0250000004 -0.000549503054 0.000835491708 synchronous_release_0
0.023122 -0.0250000004 1.2130513e-06 -0.000999999264 synchronous_release_0
0.022493 -0.0250000004 0.0302436699 -0.0176159142 synchronous_release_0
0.048409 -0.0250000004 0.0142514615 -0.0319671057 asynchronous_release_0
0.025613 -0.0250000004 -0.0233116216 0.026106863 asynchronous_release_0
0.025663 -0.0250000004 0.0345655442 0.00549755915 synchronous_release_0
0.031946 -0.0250000004 -0.00252007275 -0.0349091569 synchronous_release_0
0.03109 -0.0250000004 0.0289721803 -0.0196370255 synchronous_release_1
0.023826 -0.0250000004 -0.0298735418 -0.018236543 synchronous_release_0
0.022892 -0.0250000004 0.034307482 -0.00692796341 synchronous_release_0
0.005055 -0.0250000004 -0.0221869864 -0.027069127 synchronous_release_0
0.023713 -0.0250000004 0.0289083067 -0.0197309352 synchronous_release_0
0.002731 -0.0250000004 0.00068499685 0.000728546028 synchronous_release_0
0.048225 -0.0250000004 -0.0298568808 0.0182638076 asynchronous_release_0
0.022744 -0.0250000004 0.0348487263 -0.00325058105 synchronous_release_1
0.010868 -0.0250000004 0.0183687518 0.0297924312 synchronous_release_0
0.027751 -0.0250000004 0.020842278 -0.0281176003 synchronous_release_0
0.02732 -0.0250000004 0.0333078706 -0.0107510816 synchronous_release_0
0.024101 -0.0250000004 0.00554404766 0.0345581182 synchronous_release_0
0.023043 -0.0250000004 0.0206287686 0.0282746159 synchronous_release_1
0.023757 -0.0250000004 0.0347798195 -0.00391971395 synchronous_release_0
0.038701 -0.0250000004 -0.0331289498 0.0112903802 synchronous_release_0
0.036909 -0.0250000004 0.0189294819 0.0294393396 asynchronous_release_0
0.023778 -0.0250000004 0.0056623514 0.0345389313 synchronous_release_0
0.023988 -0.0250000004 0.0181350591 0.0299352573 synchronous_release_0
0.03511 -0.0250000004 0.000446059137 -0.00089500349 synchronous_release_0
0.023079 -0.0250000004 0.00787132491 0.0341034052 synchronous_release_0
0.024353 -0.0250000004 -0.000327041226 0.000945010072 synchronous_release_0
0.04169 -0.0250000004 -0.0349531227 -0.00181085948 asynchronous_release_0
0.027168 -0.0250000004 -0.0058685906 -0.0345044873 synchronous_release_0
0.00297 -0.0250000004 0.0281956383 0.0207365855 synchronous_release_0
0.029843 -0.0250000004 0.000361786931 0.000932260809 synchronous_release_0
0.023419 -0.0250000004 0.0107585417 -0.0333054617 synchronous_release_0
0.022725 -0.0250000004 0.0113937907 -0.033093527 synchronous_release_0
0.027921 -0.0250000004 0.0343567305 -0.00667945129 synchronous_release_1
0.023719 -0.0250000004 0.0272137436 -0.0220093653 synchronous_release_0
0.027563 -0.0250000004 -0.0304079352 0.0173308244 synchronous_release_0
0.039535 -0.0250000004 0.0347251787 -0.00437743817 synchronous_release_0
0.043562 -0.0250000004 -0.0280264697 0.0209646607 asynchronous_release_0
0.040967 -0.0250000004 -0.000468825918 0.000883290586 asynchronous_release_0
0.022949 -0.0250000004 -0.000942406776 -0.0349873101 synchronous_release_0
0.043584 -0.0250000004 -0.00755247696 0.0341754311 synchronous_release_0
0.025329 -0.0250000004 0.0227604556 -0.0265887506 synchronous_release_0
0.017619 -0.0250000004 0.0343784696 0.0065666449 synchronous_release_0
0.020435 -0.0250000004 -0.0115023535 -0.0330559505 synchronous_release_1
0.024279 -0.0250000004 0.00284324479 -0.0348843225 synchronous_release_0
0.030858 -0.0250000004 -0.0311744441 0.015910815 synchronous_release_0
0.042327 -0.0250000004 0.00309849763 0.0348625775 asynchronous_release_0
0.009292 -0.0250000004 0.0300478036 -0.0179479664 synchronous_release_0
0.02296 -0.0250000004 0.00051949299 0.0349961445 synchronous_release_0
0.023403 -0.0250000004 0.0174386319 0.0303462373 synchronous_release_0
0.006096 -0.0250000004 0.00640479777 0.0344089896 synchronous_release_0
0.02509 -0.0250000004 0.0186570197 -0.029612761 synchronous_release_0
0.035714 -0.0250000004 -0.00327925375 0.0348460399 synchronous_release_0
0.022736 -0.0250000004 0.0323966316 -0.0132460658 synchronous_release_0
0.023414 -0.0250000004 -0.0331247952 0.0113025635 synchronous_release_0
0.029983 -0.0250000004 0.00934151434 0.0337303441 synchronous_release_0
0.003724 -0.0250000004 0.0341837102 -0.00751491552 synchronous_release_0
0.002976 -0.0250000004 0.0297950721 0.0183644678 synchronous_release_0
0.030615 -0.0250000004 -0.0318619356 0.0144850634 synchronous_release_0
0.023715 -0.0250000004 0.000121521349 -0.000992588818 synchronous_release_0
0.02537 -0.0250000004 0.0237379827 0.0257198012 synchronous_release_0
0.005154 -0.0250000004 -0.0229457779 -0.0264289855 synchronous_release_0
0.026285 -0.0250000004 -0.0147162628 0.0317558122 asynchronous_release_0
0.036781 -0.0250000004 0.0349995701 -0.00017348014 synchronous_release_0
0.004508 -0.0250000004 0.0343225269 -0.00685303938 synchronous_release_0
0.012337 -0.0250000004 0.0338395284 0.00893791456 synchronous_release_0
0.015458 -0.0250000004 -0.0104367916 -0.0334076845 synchronous_release_0
0.022503 -0.0250000004 0.0349276902 -0.00224865629 synchronous_release_0
0.035439 -0.0250000004 0.0138604112 0.0321385905 synchronous_release_0
0.023639 -0.0250000004 0.0334907481 0.0101670937 synchronous_release_0
0.022493 -0.0250000004 0.0330583812 0.0114953657 synchronous_release_0
0.024592 -0.0250000004 0.000222925847 -0.000974835405 synchronous_release_1
0.008255 -0.0250000004 0.0333402146 0.0106503564 synchronous_release_0
0.022815 -0.0250000004 0.0348134497 -0.00360883931 synchronous_release_0
0.039478 -0.0250000004 0.0139521172 0.0320988851 synchronous_release_0
0.003333 -0.0250000004 0.0322426688 -0.0136165454 synchronous_release_0
0.029441 -0.0250000004 0.0279136086 0.0211146976 synchronous_release_0
0.024396 -0.0250000004 0.0335638629 0.00992305928 synchronous_release_0
0.048379 -0.0250000004 0.0119642126 -0.032891604 asynchronous_release_0
0.036029 -0.0250000004 0.034467071 -0.00608448994 synchronous_release_1
0.036798 -0.0250000004 -0.0333403448 -0.0106499489 synchronous_release_0
0.025088 -0.0250000004 -0.0074470461 -0.03419856 synchronous_release_2
0.002904 -0.0250000004 0.0329789056 0.0117214242 synchronous_release_0
0.031139 -0.0250000004 -0.000800209206 -0.000599720957 synchronous_release_0
0.014627 -0.0250000004 -0.000577116557 0.00081666179 synchronous_release_0
0.005083 -0.0250000004 0.0349967879 -0.000474172322 synchronous_release_0
0.026782 -0.0250000004 0.0234856317 0.0259504355 asynchronous_release_0
0.023677 -0.0250000004 0.000952419301 0.034987039 synchronous_release_0
0.027259 -0.0250000004 0.0336558779 0.00960634588 synchronous_release_0
0.025912 -0.0250000004 0.0335820509 0.00986133144 asynchronous_release_0
0.023198 -0.0250000004 0.034604567 -0.00524632677 synchronous_release_0
0.025289 -0.0250000004 0.00865378195 -0.0339133021 synchronous_release_0
0.027834 -0.0250000004 0.018593679 -0.0296525733 synchronous_release_0
0.030044 -0.0250000004 -0.0346977355 -0.00458989656 asynchronous_release_0
0.036215 -0.0250000004 0.0152862188 0.0314854175 synchronous_release_0
0.012454 -0.0250000004 -0.00181315017 0.034953004 synchronous_release_0
0.033532 -0.0250000004 0.0271891481 0.0220397419 asynchronous_release_0
0.042531 -0.0250000004 -0.00086958894 0.000493776342 asynchronous_release_0
0.027629 -0.0250000004 0.0348094899 0.00364683573 synchronous_release_1
0.025336 -0.0250000004 -0.0209932613 -0.0280050528 synchronous_release_0
0.02355 -0.0250000004 0.0316762381 0.0148867707 synchronous_release_0
0.033269 -0.0250000004 -0.000722787236 -0.000691070627 synchronous_release_1
0.026933 -0.0250000004 0.0303494607 0.0174330215 synchronous_release_0
0.046138 -0.0250000004 -0.0090841225 0.0338005728 asynchronous_release_0
0.027747 -0.0250000004 0.0090841225 -0.0338005728 synchronous_release_0
0.027935 -0.0250000004 0.0271562429 -0.0220802734 synchronous_release_0
0.038393 -0.0250000004 0.00533425342 0.0345911223 asynchronous_release_0
0.00397 -0.0250000004 0.0272896639 -0.0219151601 synchronous_release_0
0.012617 -0.0250000004 -0.000362170348 0.000932111924 synchronous_release_0
0.002555 -0.0250000004 0.0340708745 0.00801096173 synchronous_release_0
0.023586 -0.0250000004 0.0239731336 -0.025500762 synchronous_release_0
0.027874 -0.0250000004 0.0347924049 0.00380638447 synchronous_release_1
0.022358 -0.0250000004 0.033158424 0.0112035224 synchronous_release_0
0.044649 -0.0250000004 0.0262817471 -0.0231142764 synchronous_release_0
0.002485 -0.0250000004 0.0325199454 0.012940369 synchronous_release_0
0.026304 -0.0250000004 0.0250866411 -0.0244061557 synchronous_release_1
0.041821 -0.0250000004 -0.0329628867 -0.0117663972 asynchronous_release_0
0.037486 -0.0250000004 0.0333448749 0.0106357567 synchronous_release_0
0.022512 -0.0250000004 0.0348900217 0.00277243269 synchronous_release_0
0.026082 -0.0250000004 -0.0333668068 0.0105667498 asynchronous_release_0
0.036983 -0.0250000004 0.0308517419 0.0165278559 synchronous_release_0
0.037455 -0.0250000004 -0.0348510001 -0.00322611147 asynchronous_release_0
0.026458 -0.0250000004 0.0348510001 0.00322611147 synchronous_release_0
0.005774 -0.0250000004 -0.000128382202 0.000991724765 synchronous_release_0
0.03661 -0.0250000004 -0.0315423593 -0.0151683741 asynchronous_release_0
0.034763 -0.0250000004 0.00960773078 0.0693375188 asynchronous_release_0
0.029941 -0.0250000004 0.0109195814 0.033253011 synchronous_release_0
0.023033 -0.0250000004 0.0349069289 -0.00255074738 synchronous_release_0
0.036946 -0.0250000004 0.0198028618 -0.0288590829 asynchronous_release_0
0.024292 -0.0250000004 -0.0198028618 0.0288590829 synchronous_release_0
0.00475 -0.0250000004 0.00812679937 0.0340434301 synchronous_release_0
0.024182 -0.0250000004 0.0349945932 -0.000615181746 asynchronous_release_4
0.049039 -0.0250000004 0.0287985337 0.0198908134 asynchronous_release_0
0.023022 -0.0250000004 0.0316252166 -0.014994855 synchronous_release_0
0.027487 -0.0250000004 0.0201395785 -0.028625118 synchronous_release_0
0.024401 -0.0250000004 0.0348031648 -0.00370671269 synchronous_release_0
0.042216 -0.0250000004 -0.00178612308 0.0349543955 asynchronous_release_0
0.026859 -0.0250000004 0.027288107 -0.0219170987 synchronous_release_0
0.030564 -0.0250000004 0.000589193672 0.000807991842 asynchronous_release_0
0.030493 -0.0250000004 0.0143301461 0.0319319106 synchronous_release_0
0.027879 -0.0250000004 0.0182811308 -0.0298462771 asynchronous_release_0
0.022958 -0.0250000004 0.0349881996 0.000908785151 synchronous_release_0
0.022592 -0.0250000004 -0.0158476226 -0.0312066156 synchronous_release_0
0.029181 -0.0250000004 0.0349495332 0.00187886406 synchronous_release_1
0.023458 -0.0250000004 0.0328768012 -0.0120048299 synchronous_release_0
0.027392 -0.0250000004 0.0349544274 -0.00178549804 synchronous_release_0
0.023667 -0.0250000004 0.0211251606 -0.027905691 synchronous_release_0
0.030036 -0.0250000004 0.000921364893 -0.00038869877 synchronous_release_0
0.041482 -0.0250000004 0.0205721431 -0.0283158424 synchronous_release_0
0.026221 -0.0250000004 0.0281780114 0.0207605316 synchronous_release_0
0.023391 -0.0250000004 -0.0302303318 0.0176387936 synchronous_release_0
0.02307 -0.0250000004 0.00966847518 -0.0336380824 synchronous_release_0
0.023634 -0.0250000004 0.0120950221 0.0328437276 synchronous_release_0
0.030369 -0.0250000004 0.0347270903 -0.00436224728 synchronous_release_0
0.008701 -0.0250000004 -0.0345170364 0.00579432492 synchronous_release_0
0.035456 -0.0250000004 -0.0151612292 -0.0315457942 synchronous_release_1
0.038251 -0.0250000004 0.0128646333 -0.0325499802 synchronous_release_1
0.043311 -0.0250000004 0.0249589716 -0.0245367019 synchronous_release_0
0.026104 -0.0250000004 0.0238885532 -0.0255800123 synchronous_release_0
0.024836 -0.0250000004 0.0077720455 -0.0341261675 synchronous_release_0
0.024208 -0.0250000004 -0.000523162966 -0.000852232662 synchronous_release_0
0.003978 -0.0250000004 0.0101563374 0.0334940115 synchronous_release_0
0.024809 -0.0250000004 0.0267358039 -0.0225875362 synchronous_release_0
0.039802 -0.0250000004 0.0215545018 0.0275754139 asynchronous_release_0
0.028403 -0.0250000004 0.000981721785 0.000190321668 synchronous_release_0
0.048516 -0.0250000004 -0.00921503558 -0.0337651169 asynchronous_release_0
0.035536 -0.0250000004 0.0274489154 -0.0217153642 synchronous_release_0
0.048879 -0.0250000004 0.00387259612 0.0347850974 asynchronous_release_0
0.01107 -0.0250000004 -0.0273398005 0.0218525813 synchronous_release_0
0.023342 -0.0250000004 0.0259497763 -0.0234863601 synchronous_release_0
0.026539 -0.0250000004 -0.0335337089 -0.0100244885 synchronous_release_0
0.025037 -0.0250000004 -0.0260727136 -0.0233498095 synchronous_release_0
0.0497 -0.0250000004 0.0109364374 0.0332474711 asynchronous_release_0
0.003109 -0.0250000004 0.0294361802 -0.0189343945 synchronous_release_0
0.015631 -0.0250000004 0.0345476885 -0.00560867352 asynchronous_release_0
0.045699 -0.0250000004 0.001654027 0.0349608952 asynchronous_release_0
0.024507 -0.0250000004 0.0311040369 0.0160480182 synchronous_release_0
0.029423 -0.0250000004 -0.0296594323 0.0185827359 synchronous_release_1
0.025121 -0.0250000004 0.0281297159 0.0208259234 synchronous_release_0
0.023525 -0.0250000004 0.0262454336 -0.0231555007 synchronous_release_0
0.022424 -0.0250000004 0.0168191123 -0.030693932 synchronous_release_0
0.028052 -0.0250000004 0.00641001938 0.0344080173 synchronous_release_0
0.022805 -0.0250000004 0.0679198173 0.0169380761 synchronous_release_0
0.027695 -0.0250000004 0.0318097724 0.0145992596 synchronous_release_0
0.023134 -0.0250000004 -0.00397818657 -0.0347731798 synchronous_release_0
0.043006 -0.0250000004 0.0333615052 0.0105834765 synchronous_release_0
0.025197 -0.0250000004 -0.0331825132 0.0111319728 synchronous_release_0
0.022335 -0.0250000004 0.0297249161 0.0184778073 synchronous_release_0
0.004358 -0.0250000004 0.0340228792 -0.00821241075 synchronous_release_0
0.047156 -0.0250000004 -0.00010260534 -0.000994722144 asynchronous_release_0
0.027233 -0.0250000004 -0.000283786784 -0.000958887408 asynchronous_release_0
0.003624 -0.0250000004 0.0286497388 -0.0201045384 synchronous_release_0
0.02923 -0.0250000004 -0.000562897417 0.000826526768 synchronous_release_0
0.032922 -0.0250000004 -0.0344534685 -0.00616104739 synchronous_release_0
0.022813 -0.0250000004 0.0274419118 0.021724214 synchronous_release_0
0.027911 -0.0250000004 0.00509276529 -0.0346274998 synchronous_release_0
0.023351 -0.0250000004 0.0348690791 0.00302445418 synchronous_release_0
0.030845 -0.0250000004 -0.000819579463 -0.000572965534 synchronous_release_0
0.004818 -0.0250000004 0.0306202002 -0.0169529744 synchronous_release_0
0.004435 -0.0250000004 0.000225784698 -0.0349992717 synchronous_release_0
0.026604 -0.0250000004 0.0325565651 -0.0128479596 synchronous_release_0
0.023342 -0.0250000004 0.0303514349 -0.017429584 synchronous_release_0
0.026177 -0.0250000004 0.029686311 -0.0185397664 synchronous_release_0
0.024397 -0.0250000004 0.000755908217 0.000654677606 synchronous_release_0
0.024573 -0.0250000004 0.032039524 -0.014087899 synchronous_release_0
0.030605 -0.0250000004 0.0282202405 0.0207030922 synchronous_release_0
0.028353 -0.0250000004 -0.0120272434 0.0328686084 synchronous_release_0
0.026849 -0.0250000004 0.0108146285 0.033287292 synchronous_release_0
0.002837 -0.0250000004 0.0309050823 -0.0164278997 synchronous_release_0
0.003857 -0.0250000004 -0.0346377292 0.00502272024 synchronous_release_0
0.022428 -0.0250000004 -0.033916739 -0.00864030172 synchronous_release_0
0.043704 -0.0250000004 0.00442793852 -0.0347187753 asynchronous_release_0
0.023917 -0.0250000004 -0.024961513 -0.0245341164 synchronous_release_0
0.030108 -0.0250000004 0.0190655189 -0.0293514222 synchronous_release_0
0.024443 -0.0250000004 0.0259811466 0.0234516528 synchronous_release_1
0.026379 -0.0250000004 -0.000927658206 0.000373430385 asynchronous_release_0
0.004317 -0.0250000004 0.0287838038 0.0199121229 synchronous_release_0
0.03942 -0.0250000004 0.0285266295 0.0202788415 synchronous_release_1
0.030761 -0.0250000004 -0.0349977156 0.000399877229 asynchronous_release_0
0.023873 -0.0250000004 -0.0335278723 0.0100439922 synchronous_release_0
0.023943 -0.0250000004 0.0242141141 0.0252720533 synchronous_release_0
0.036236 -0.0250000004 0.0205002685 0.0283679219 synchronous_release_0
0.014722 -0.0250000004 -0.0344223338 0.00633268814 synchronous_release_0
0.043277 -0.0250000004 0.0349998296 -0.000109210322 asynchronous_release_0
0.023252 -0.0250000004 -0.0174053359 0.0303653467 synchronous_release_0
0.022568 -0.0250000004 0.0204488458 0.028405012 synchronous_release_0
0.032025 -0.0250000004 0.0337064944 0.00942720716 synchronous_release_0
0.029564 -0.0250000004 -0.0251949663 -0.0242943136 asynchronous_release_0
0.025797 -0.0250000004 0.0327639541 0.0123094806 synchronous_release_0
0.022831 -0.0250000004 0.0299349953 0.0181354916 synchronous_release_0
0.025627 -0.0250000004 0.032079389 -0.0139968855 synchronous_release_0
0.026863 -0.0250000004 0.0281613529 0.020783123 synchronous_release_0
0.026006 -0.0250000004 0.0345610818 -0.00552554299 synchronous_release_0
0.027141 -0.0250000004 0.0336518631 0.00962040067 synchronous_release_0
0.03561 -0.0250000004 0.0228449106 -0.0265162226 synchronous_release_0
0.024221 -0.0250000004 0.00862932181 -0.0339195343 synchronous_release_1
0.030673 -0.0250000004 0.03451681 0.00579567292 asynchronous_release_0
0.031398 -0.0250000004 0.0160662088 0.0310946448 synchronous_release_0
0.032393 -0.0250000004 0.0348816169 0.00287624767 synchronous_release_0
0.012046 -0.0250000004 -0.0249476954 0.0245481668 asynchronous_release_0
0.027077 -0.0250000004 0.0286562937 0.0200951942 synchronous_release_1
0.005603 -0.0250000004 0.0257194567 0.023738356 synchronous_release_1
0.029871 -0.0250000004 0.0346352267 -0.00503994731 synchronous_release_0
0.033514 -0.0250000004 -0.0090170071 -0.033818539 asynchronous_release_0
0.023332 -0.0250000004 -0.0323972348 -0.0132445906 synchronous_release_0
0.026733 -0.0250000004 0.0219329165 -0.027275395 synchronous_release_0
0.005287 -0.0250000004 0.00152644601 -0.0349666979 synchronous_release_0
0.022551 -0.0250000004 0.0184607267 -0.029735527 synchronous_release_0
0.022532 -0.0250000004 0.0188680734 -0.0294787348 synchronous_release_0
0.035291 -0.0250000004 0.0194980114 -0.0290659174 synchronous_release_0
0.023702 -0.0250000004 0.0186364975 0.0296256808 synchronous_release_0
0.041985 -0.0250000004 0.0313505218 -0.0155610021 asynchronous_release_0
0.022899 -0.0250000004 0.0348905209 -0.00276614403 synchronous_release_0
0.022704 -0.0250000004 0.0224944956 -0.0268141319 synchronous_release_0
0.025739 -0.0250000004 0.0347753396 -0.00395926194 synchronous_release_1
0.025774 -0.0250000004 0.0194298904 -0.0291114987 synchronous_release_0
0.029426 -0.0250000004 -0.0032505962 0.0348487249 synchronous_release_0
0.032784 -0.0250000004 0.0309640738 -0.0163164376 synchronous_release_0
0.003251 -0.0250000004 0.0112126485 -0.0331553391 synchronous_release_0
0.02279 -0.0250000004 0.0343196902 -0.00686723111 synchronous_release_1
0.022399 -0.0250000004 0.0347764562 0.00394944189 synchronous_release_0
0.022276 -0.0250000004 0.0328716622 -0.0120188944 synchronous_release_0
0.044352 -0.0250000004 0.0143267887 -0.0319334171 synchronous_release_0
0.002725 -0.0250000004 0.0334666559 -0.0102461184 synchronous_release_0
0.002901 -0.0250000004 0.0248946488 -0.0246019605 synchronous_release_0
0.029124 -0.0250000004 -0.00747611457 -0.0341922171 synchronous_release_0
0.047516 -0.0250000004 0.0127660816 -0.0325887582 synchronous_release_0
0.025156 -0.0250000004 0.0292492753 -0.0192218598 synchronous_release_1
0.028869 -0.0250000004 0.0298015971 0.0183538773 asynchronous_release_0
0.030548 -0.0250000004 0.0268425018 -0.0224606344 synchronous_release_0
0.023394 -0.0250000004 0.0254416036 -0.0240359066 synchronous_release_0
0.026156 -0.0250000004 0.00151042581 -0.0349673936 synchronous_release_0
0.025312 -0.0250000004 -0.00779629064 0.0341206368 synchronous_release_0
0.002192 -0.0250000004 0.0349093691 0.0025171316 synchronous_release_0
0.037022 -0.0250000004 0.00372968221 -0.0348007108 asynchronous_release_0
0.023759 -0.0250000004 -0.0176788359 -0.0302069323 asynchronous_release_4
0.030657 -0.0250000004 -0.0120277344 -0.0328684287 synchronous_release_0
0.022763 -0.0250000004 0.0303695978 -0.0173979174 synchronous_release_0
0.026889 -0.0250000004 0.0302518373 0.0176018845 synchronous_release_0
0.024428 -0.0250000004 0.00308101397 -0.034864127 synchronous_release_0
0.02442 -0.0250000004 0.0346958687 0.00460398688 synchronous_release_0
0.02577 -0.0250000004 0.0287758253 0.0199236512 synchronous_release_1
0.023757 -0.0250000004 -0.000252696985 -0.000967545469 synchronous_release_0
0.025519 -0.0250000004 -0.000241456311 -0.000970411691 synchronous_release_0
0.016919 -0.0250000004 0.0341537508 -0.00764992205 synchronous_release_0
0.033443 -0.0250000004 0.0277182678 0.0213704851 asynchronous_release_4
0.033144 -0.0250000004 0.00585766247 -0.0345063442 synchronous_release_0
0.028114 -0.0250000004 0.0303007902 -0.0175174802 synchronous_release_0
0.004464 -0.0250000004 -0.0112910556 0.0331287196 synchronous_release_0
0.03079 -0.0250000004 0.0343358406 -0.00678601885 synchronous_release_0
0.020831 -0.0250000004 0.031638719 -0.0149663442 synchronous_release_0
0.048071 -0.0250000004 -0.00867472777 0.0339079504 asynchronous_release_0
0.025901 -0.0250000004 -0.00420541786 0.0347464309 synchronous_release_0
0.031786 -0.0250000004 -4.660523e-05 0.000998913386 synchronous_release_0
0.036477 -0.0250000004 0.000716642929 -0.000697440257 asynchronous_release_0
0.021759 -0.0250000004 0.0339272889 -0.00859878304 synchronous_release_0
0.029912 -0.0250000004 0.0207824852 -0.0281618236 synchronous_release_0
0.022587 -0.0250000004 0.0135759562 -0.0322597801 synchronous_release_0
0.023339 -0.0250000004 -0.000165027939 0.0349996109 synchronous_release_0
0.007487 -0.0250000004 0.000532556813 0.000846394259 synchronous_release_0
0.035617 -0.0250000004 0.0296237991 -0.0186394885 synchronous_release_0
0.039507 -0.0250000004 0.0128101045 -0.0325714787 synchronous_release_0
0.02599 -0.0250000004 0.0120825721 0.0328483097 synchronous_release_0
0.022467 -0.0250000004 0.0312485931 0.0157646894 synchronous_release_0
0.022286 -0.0250000004 0.0261583957 -0.0232537811 synchronous_release_0
0.003146 -0.0250000004 0.0126756528 -0.0326240375 synchronous_release_0
0.023481 -0.0250000004 0.0345910717 -0.00533458142 synchronous_release_0
0.037204 -0.0250000004 -0.000829231539 -0.0349901754 synchronous_release_0
0.029078 -0.0250000004 0.0220596421 0.0271730048 synchronous_release_0
0.022299 -0.0250000004 0.0344899028 -0.00595370537 synchronous_release_0
0.034089 -0.0250000004 0.0336819371 0.00951457387 synchronous_release_0
0.003055 -0.0250000004 0.0257797715 -0.0236728406 synchronous_release_0
0.022726 -0.0250000004 0.0245062026 -0.0249889182 synchronous_release_0
0.046114 -0.0250000004 -0.0202977661 -0.028513167 asynchronous_release_0
0.023289 -0.0250000004 0.03484201 -0.00332179756 synchronous_release_0
0.036555 -0.0250000004 -0.012171303 -0.0328155357 asynchronous_release_0
0.002958 -0.0250000004 0.0120804781 0.0328490799 synchronous_release_0
0.023486 -0.0250000004 0.00722567323 0.0342460165 synchronous_release_0
0.022965 -0.0250000004 0.0137985346 0.0321652055 synchronous_release_0
0.026949 -0.0250000004 0.0209566177 -0.0280324843 synchronous_release_0
0.034654 -0.0250000004 -0.0348327898 0.00341712654 synchronous_release_0
0.028547 -0.0250000004 0.0231470178 -0.0262529154 synchronous_release_0
0.022978 -0.0250000004 0.0344212705 0.00633846504 synchronous_release_0
0.023323 -0.0250000004 0.00240032892 -0.0349175947 synchronous_release_0
0.002707 -0.0250000004 -0.000985330859 0.00017065491 synchronous_release_0
0.029718 -0.0250000004 0.000772475322 0.000635044784 synchronous_release_0
0.023349 -0.0250000004 0.0275271529 -0.0216161017 synchronous_release_0
0.026689 -0.0250000004 -0.000841433392 -0.000540360848 asynchronous_release_0
0.026423 -0.0250000004 0.000949741795 -0.000313034379 synchronous_release_1
0.029116 -0.0250000004 0.0109562033 0.0332409628 synchronous_release_1
0.022684 -0.0250000004 0.0167057013 0.030755805 synchronous_release_0
0.031842 -0.0250000004 -0.02996947 -0.0180784642 asynchronous_release_0
0.02283 -0.0250000004 0.00337808187 -0.034836598 synchronous_release_0
0.027105 -0.0250000004 0.029485136 -0.0188580686 synchronous_release_0
0.02281 -0.0250000004 0.0315166169 -0.0152217889 synchronous_release_0
0.006506 -0.0250000004 0.0349793494 0.00120212926 synchronous_release_0
0.027294 -0.0250000004 0.0232403948 -0.0261702894 synchronous_release_0
0.028422 -0.0250000004 0.033550023 0.00996975199 synchronous_release_0
0.030627 -0.0250000004 0.00901499683 -0.033819075 synchronous_release_0
0.022966 -0.0250000004 0.0345615614 0.00552254203 synchronous_release_0
0.045756 -0.0250000004 -0.00074315688 0.000669117218 asynchronous_release_0
0.024777 -0.0250000004 0.000738249339 -0.000674527919 synchronous_release_0
0.037405 -0.0250000004 -0.00574247881 -0.0345256997 synchronous_release_0
0.028156 -0.0250000004 0.0320344635 0.0140994025 synchronous_release_0
0.026303 -0.0250000004 0.034236202 0.00727203344 synchronous_release_0
0.02324 -0.0250000004 0.0234033933 -0.0260246264 synchronous_release_0
0.043616 -0.0250000004 0.0349795953 -0.00119495253 asynchronous_release_0
0.026623 -0.0250000004 0.0129136615 -0.0325305602 synchronous_release_0
0.030116 -0.0250000004 -0.0161543557 0.0310489419 asynchronous_release_1
0.042177 -0.0250000004 -0.0330400377 0.011547983 asynchronous_release_0
0.024075 -0.0250000004 0.0309283254 0.0163840986 synchronous_release_0
0.033457 -0.0250000004 0.00210773953 0.0349364771 asynchronous_release_0
0.026233 -0.0250000004 -0.00803880366 0.0340643162 synchronous_release_0
0.030281 -0.0250000004 0.0312461455 -0.0157695399 synchronous_release_0
0.023149 -0.0250000004 0.0295408638 -0.0187706517 synchronous_release_0
0.025774 -0.0250000004 -0.0295408638 0.0187706517 synchronous_release_0
0.024304 -0.0250000004 0.0335647239 -0.00992014682 synchronous_release_0
0.025937 -0.0250000004 0.0185463985 0.0296821681 synchronous_release_0
0.026139 -0.0250000004 0.000500496614 -0.000865738494 synchronous_release_0
0.024798 -0.0250000004 0.0283701664 0.0204971622 synchronous_release_0
0.026662 -0.0250000004 0.0153960992 -0.0314318331 synchronous_release_0
0.033948 -0.0250000004 -0.0153960992 0.0314318331 synchronous_release_1
0.039635 -0.0250000004 0.0169730096 0.0306090991 asynchronous_release_0
0.046895 -0.0250000004 0.025256715 0.0242301124 asynchronous_release_1
0.027395 -0.0250000004 0.0336122504 -0.00975790058 synchronous_release_1
0.041682 -0.0250000004 -0.021831999 -0.0273562391 asynchronous_release_0
0.028017 -0.0250000004 0.0184177658 -0.0297621555 synchronous_release_0
0.02603 -0.0250000004 -0.0192271361 -0.0292458072 synchronous_release_0
0.023102 -0.0250000004 0.0208362397 -0.0281220752 synchronous_release_0
0.024967 -0.0250000004 0.0348158625 -0.00358548705 synchronous_release_1
0.024454 -0.0250000004 -0.0340546346 -0.00807971939 synchronous_release_0
0.023001 -0.0250000004 0.031413918 -0.0154326198 synchronous_release_1
0.023656 -0.0250000004 -0.0178974341 -0.0300779296 synchronous_release_0
0.022534 -0.0250000004 -0.0222442472 0.0270220922 synchronous_release_0
0.029599 -0.0250000004 0.0122796948 0.0327751292 synchronous_release_0
0.002463 -0.0250000004 0.0331932124 -0.0111000292 synchronous_release_0
0.02636 -0.0250000004 -0.0262095135 -0.0231961506 synchronous_release_0
0.02689 -0.0250000004 0.00756148203 -0.0341734398 synchronous_release_0
0.030715 -0.0250000004 0.0160876259 -0.0310835695 synchronous_release_0
0.024228 -0.0250000004 0.0167377018 -0.0307384017 synchronous_release_0
0.023533 -0.0250000004 0.0300957723 -0.0178674141 synchronous_release_0
0.025378 -0.0250000004 0.000631474159 -0.000775396922 synchronous_release_0
0.022959 -0.0250000004 0.0259108079 0.0235293441 synchronous_release_0
0.04653 -0.0250000004 -0.0245349117 -0.0249607313 asynchronous_release_0
0.02308 -0.0250000004 0.0338840833 -0.00876749118 synchronous_release_0
0.02382 -0.0250000004 -0.0270771855 -0.022177151 synchronous_release_0
0.026014 -0.0250000004 0.0131003198 0.0324558411 synchronous_release_0
0.029684 -0.0250000004 -0.0109720608 0.0596205827 synchronous_release_0
0.049688 -0.0250000004 -0.0195288339 0.0290452173 asynchronous_release_0
0.02336 -0.0250000004 0.000905882672 -0.000423528729 synchronous_release_0
0.003075 -0.0250000004 0.0312837595 0.0156947886 synchronous_release_0
0.029317 -0.0250000004 -0.010109047 0.0335083149 synchronous_release_1
0.002792 -0.0250000004 0.0326992334 0.01248039 synchronous_release_0
0.036913 -0.0250000004 0.0285562245 0.0202371451 asynchronous_release_0
0.023582 -0.0250000004 -0.00462909867 0.0346925272 synchronous_release_0
0.036692 -0.0250000004 0.0124271746 -0.0327194947 synchronous_release_0
0.002637 -0.0250000004 0.0338986415 -0.0087110334 synchronous_release_0
0.037673 -0.0250000004 -0.0348478007 -0.003260489 asynchronous_release_1
0.023048 -0.0250000004 0.0348478007 0.003260489 synchronous_release_1
0.025664 -0.0250000004 0.0060056322 -0.0344808988 asynchronous_release_0
0.025879 -0.0250000004 0.0291591105 -0.0193583644 synchronous_release_1
0.023449 -0.0250000004 -0.0024533491 -0.0349139095 synchronous_release_0
0.005485 -0.0250000004 0.0331048332 0.0113608987 synchronous_release_0
0.041368 -0.0250000004 -0.000779645785 -0.000626220768 asynchronous_release_1
0.024383 -0.0250000004 0.0317958482 0.0146295604 synchronous_release_0
0.038122 -0.0250000004 -0.0190923093 0.0293340029 asynchronous_release_0
0.023229 -0.0250000004 0.0256719914 0.0237896796 synchronous_release_0
0.026261 -0.0250000004 0.0334384626 -0.0103377569 synchronous_release_0
0.012236 -0.0250000004 0.000484160763 -0.00087497906 asynchronous_release_0
0.024014 -0.0250000004 0.0341806427 -0.00752885563 synchronous_release_0
0.02496 -0.0250000004 0.00383500538 0.0347892618 synchronous_release_0
0.022266 -0.0250000004 0.0123807924 0.0327370735 synchronous_release_0
0.026317 -0.0250000004 -0.0123807924 -0.0327370735 synchronous_release_0
0.024196 -0.0250000004 -0.0337330602 -0.00933170138 synchronous_release_0
0.041401 -0.0250000004 -0.0133839349 -0.0323399179 asynchronous_release_0
0.026075 -0.0250000004 0.0093580464 0.0337257612 synchronous_release_0
0.038359 -0.0250000004 0.0158225186 0.0312193514 asynchronous_release_0
0.039578 -0.0250000004 -0.0335092166 0.0101060576 asynchronous_release_0
0.023418 -0.0250000004 0.0314396571 0.0153801159 synchronous_release_0
0.010358 -0.0250000004 -0.00147868128 -0.0349687504 synchronous_release_0
0.036299 -0.0250000004 -0.000886884328 -0.000461991545 asynchronous_release_0
0.015354 -0.0250000004 0.0344204569 -0.0063428818 synchronous_release_0
0.031068 -0.0250000004 0.00334179789 -0.0348400974 asynchronous_release_0
0.008801 -0.0250000004 0.0338462656 -0.00891236819 synchronous_release_1
0.023841 -0.0250000004 0.0236100106 0.0558351807 synchronous_release_0
0.026658 -0.0250000004 0.00098542177 0.00017012917 asynchronous_release_0
0.026655 -0.0250000004 0.000323099243 0.000946365088 synchronous_release_0
0.022725 -0.0250000004 0.0243116756 -0.0251782134 synchronous_release_0
0.023261 -0.0250000004 0.0346112902 0.00520178738 synchronous_release_0
0.037289 -0.0250000004 0.00333163841 -0.0348410704 synchronous_release_0
0.023221 -0.0250000004 0.0339351021 0.00856789623 synchronous_release_0
0.029579 -0.0250000004 0.0243875668 -0.0251047124 synchronous_release_0
0.024108 -0.0250000004 -0.0349551689 0.00177092203 synchronous_release_0
0.022434 -0.0250000004 0.0349563352 0.00174775058 synchronous_release_0
0.008394 -0.0250000004 0.0192507901 -0.0292302426 synchronous_release_0
0.022782 -0.0250000004 0.000770092923 -0.000637931729 synchronous_release_0
0.023344 -0.0250000004 0.0189601948 0.0294195685 synchronous_release_0
0.019397 -0.0250000004 -0.00811140137 -0.0340471022 asynchronous_release_0
0.038683 -0.0250000004 -0.033641274 0.00965736416 asynchronous_release_0
0.022663 -0.0250000004 -0.0113098693 0.0331223015 synchronous_release_0
0.023947 -0.0250000004 -0.000992446351 -0.000122679422 synchronous_release_0
0.024518 -0.0250000004 0.0331690607 0.0111719924 synchronous_release_0
0.03048 -0.0250000004 -0.00690930106 -0.0343112454 synchronous_release_0
0.022494 -0.0250000004 0.0279100679 -0.0211193776 synchronous_release_1
0.046331 -0.0250000004 -0.00491664194 0.0346529455 asynchronous_release_0
0.022196 -0.0250000004 0.0324686521 -0.0130685359 synchronous_release_0
0.029679 -0.0250000004 0.000999997117 -2.40136609e-06 synchronous_release_1
0.024784 -0.0250000004 0.0114769255 0.0330647876 synchronous_release_1
0.006206 -0.0250000004 -0.00732860589 -0.0342241367 synchronous_release_0
0.039277 -0.0250000004 0.0345511009 0.0055876135 asynchronous_release_0
0.030809 -0.0250000004 -0.0349684162 0.0014865619 synchronous_release_0
0.002417 -0.0250000004 0.0304475521 -0.0172611289 synchronous_release_0
0.024758 -0.0250000004 -0.00199244675 0.0349432419 synchronous_release_1
0.021759 -0.0250000004 0.0349061689 -0.00256112683 synchronous_release_0
0.003131 -0.0250000004 0.0347031979 -0.0045484127 synchronous_release_0
0.025355 -0.0250000004 -0.0484832 -0.0363920228 synchronous_release_1
0.006812 -0.0250000004 0.0284393987 0.0204009952 synchronous_release_0
0.022428 -0.0250000004 -0.00248546887 0.0349116377 synchronous_release_0
0.031115 -0.0250000004 0.0226306492 -0.0266993205 synchronous_release_0
0.022519 -0.0250000004 0.0293537196 -0.0190619817 synchronous_release_0
0.035635 -0.0250000004 0.0154352217 0.0314126397 asynchronous_release_0
0.025965 -0.0250000004 0.000736696289 0.000676223764 synchronous_release_0
0.023133 -0.0250000004 0.034878139 -0.00291811891 synchronous_release_0
0.022744 -0.0250000004 0.0306734595 -0.0168564197 synchronous_release_0
0.036834 -0.0250000004 -0.0106080117 -0.0333537118 synchronous_release_0
0.027134 -0.0250000004 0.0253787848 0.0241022256 synchronous_release_1
0.029792 -0.0250000004 0.000968228 0.000250069069 synchronous_release_0
0.045628 -0.0250000004 0.0161014868 0.0310763917 synchronous_release_0
0.040912 -0.0250000004 -0.000903740076 -0.000428081621 asynchronous_release_0
0.022596 -0.0250000004 0.000999089352 -4.26669312e-05 synchronous_release_0
0.029582 -0.0250000004 -0.000251580226 0.000967836448 synchronous_release_0
0.02393 -0.0250000004 0.0121323169 0.0328299694 synchronous_release_0
0.025606 -0.0250000004 0.0308233576 -0.0165807305 synchronous_release_0
0.008139 -0.0250000004 0.0278163866 -0.0212426137 synchronous_release_0
0.002532 -0.0250000004 0.0267294947 -0.0225950019 synchronous_release_0
0.023667 -0.0250000004 0.0288558946 -0.0198075073 synchronous_release_0
0.02287 -0.0250000004 0.0346031943 -0.00525537258 synchronous_release_0
0.03679 -0.0250000004 0.000280936222 -0.0349988725 asynchronous_release_0
0.022351 -0.0250000004 0.0330755073 -0.0114459956 synchronous_release_1
0.028473 -0.0250000004 0.0313469139 -0.0155682687 synchronous_release_0
0.003812 -0.0250000004 -0.0210815605 0.0279386436 synchronous_release_0
0.045049 -0.0250000004 -0.000812663826 -0.000582732792 synchronous_release_0
0.002756 -0.0250000004 0.0349643777 0.00157870048 synchronous_release_0
0.025063 -0.0250000004 0.0244940566 -0.0250008238 synchronous_release_0
0.007297 -0.0250000004 0.0273367987 -0.0218563363 synchronous_release_0
0.022623 -0.0250000004 0.013548462 0.0322713368 synchronous_release_1
0.022697 -0.0250000004 0.030428154 -0.0172953012 synchronous_release_0
0.025969 -0.0250000004 0.0301922472 0.0177039038 synchronous_release_1
0.025196 -0.0250000004 0.0337690844 0.00920048564 asynchronous_release_0
0.030601 -0.0250000004 0.0312822034 0.0156978899 synchronous_release_0
0.022207 -0.0250000004 0.0201926914 -0.0285876759 synchronous_release_0
0.022715 -0.0250000004 0.0298202091 -0.0183236222 synchronous_release_1
0.025712 -0.0250000004 0.00206584927 -0.0349389792 asynchronous_release_0
0.04707 -0.0250000004 0.0302081844 -0.0176766964 asynchronous_release_0
0.03025 -0.0250000004 -0.0323248156 0.0134203687 asynchronous_release_0
0.040059 -0.0250000004 -0.00454002763 0.0347042958 synchronous_release_0
0.022637 -0.0250000004 0.0144053235 -0.0318980666 synchronous_release_0
0.02559 -0.0250000004 -0.0212263202 -0.0278288219 synchronous_release_0
0.033954 -0.0250000004 0.0244827935 0.0250118536 synchronous_release_0
0.02297 -0.0250000004 0.0341951601 -0.00746264196 synchronous_release_0
0.002794 -0.0250000004 0.0221616526 -0.0270898718 synchronous_release_0
0.006364 -0.0250000004 -0.0129221104 -0.032527205 asynchronous_release_0
0.03726 -0.0250000004 0.0295182424 0.0188062055 synchronous_release_0
0.031979 -0.0250000004 0.0187378877 0.029561657 synchronous_release_0
0.03274 -0.0250000004 0.0334015358 0.0104564528 synchronous_release_1
0.02356 -0.0250000004 0.0349349049 0.00213363991 synchronous_release_0
0.025232 -0.0250000004 0.0349738607 0.00135243111 synchronous_release_0
0.026335 -0.0250000004 -0.0203369305 0.0284852463 asynchronous_release_0
0.028026 -0.0250000004 0.0182918564 0.0298397049 synchronous_release_0
0.023611 -0.0250000004 0.030724865 -0.0167625377 synchronous_release_0
0.023353 -0.0250000004 0.0345468871 -0.00561360764 synchronous_release_0
0.025688 -0.0250000004 0.0346961571 -0.00460181318 synchronous_release_1
0.022661 -0.0250000004 0.0049211223 -0.0346523095 synchronous_release_0
0.039468 -0.0250000004 0.0162289177 -0.0310100344 synchronous_release_0
0.023142 -0.0250000004 -0.019302021 0.0291964379 synchronous_release_0
0.006888 -0.0250000004 0.0345876257 0.00535687842 synchronous_release_0
0.019991 -0.0250000004 0.00023337833 -0.000972386011 asynchronous_release_0
0.02313 -0.0250000004 0.0261012952 0.0233178556 synchronous_release_0
0.022684 -0.0250000004 0.0314258839 -0.0154082388 synchronous_release_0
0.023536 -0.0250000004 0.0231761703 -0.0262271831 synchronous_release_0
0.026195 -0.0250000004 0.0601405031 0.0076236397 synchronous_release_0
0.042162 -0.0250000004 -0.0669112815 0.0205640561 asynchronous_release_0
0.038104 -0.0250000004 0.0313632264 0.0155353799 asynchronous_release_0
0.022926 -0.0250000004 0.0332146539 -0.0110357041 synchronous_release_0
0.026089 -0.0250000004 -0.0221853565 0.0270704628 asynchronous_release_0
0.039405 -0.0250000004 0.0238113332 -0.0256519086 synchronous_release_0
0.023451 -0.0250000004 0.0230815771 0.0263104693 synchronous_release_0
0.028564 -0.0250000004 0.0112447463 -0.0331444668 synchronous_release_1
0.003109 -0.0250000004 0.0305153143 -0.0171410499 synchronous_release_0
0.028736 -0.0250000004 0.026031869 -0.0233953371 synchronous_release_0
0.031698 -0.0250000004 0.0283182638 0.0205688097 asynchronous_release_0
0.032516 -0.0250000004 0.000813719522 -0.000581257723 synchronous_release_0
0.024236 -0.0250000004 -4.26690505e-05 -0.000999089261 synchronous_release_0
0.027484 -0.0250000004 0.017324309 -0.0304116477 synchronous_release_0
0.023981 -0.0250000004 0.0092738006 -0.033749024 synchronous_release_0
0.028779 -0.0250000004 0.0245906119 0.0249058589 synchronous_release_0
0.022882 -0.0250000004 0.0254275832 0.0240507383 synchronous_release_0
0.022944 -0.0250000004 0.0293842481 0.0190148879 synchronous_release_0
0.023976 -0.0250000004 0.0267835022 -0.0225309567 asynchronous_release_2
0.003384 -0.0250000004 0.0349998209 -0.000111965137 synchronous_release_0
0.023542 -0.0250000004 0.0261863221 -0.0232223284 synchronous_release_0
0.023126 -0.0250000004 0.0339648361 -0.00844925504 synchronous_release_0
0.022434 -0.0250000004 0.0333928775 -0.0104840703 synchronous_release_0
0.026744 -0.0250000004 0.000973907851 0.000226943819 synchronous_release_0
0.003992 -0.0250000004 0.000104957811 0.000994476675 synchronous_release_0
0.041217 -0.0250000004 -0.000966429642 -0.000256931407 synchronous_release_1
0.022338 -0.0250000004 0.0269857839 0.0222882809 synchronous_release_0
0.02251 -0.0250000004 0.0349998195 0.000112415281 synchronous_release_0
0.023894 -0.0250000004 0.0174025552 0.0303669404 synchronous_release_0
0.024968 -0.0250000004 0.0175972642 -0.0302545251 synchronous_release_1
0.024148 -0.0250000004 0.0274130285 0.0217606496 synchronous_release_0
0.037113 -0.0250000004 0.0203418064 0.0284817646 synchronous_release_0
0.044323 -0.0250000004 -0.0228720235 -0.0264928394 asynchronous_release_1
0.024997 -0.0250000004 0.0309316026 -0.0163779108 synchronous_release_0
0.027266 -0.0250000004 -0.021499317 -0.0276184607 synchronous_release_0
0.0226 -0.0250000004 0.0293641136 -0.0190459664 synchronous_release_0
0.044666 -0.0250000004 0.034058399 -0.0080638363 synchronous_release_0
0.00434 -0.0250000004 -0.0305013604 0.0171658677 synchronous_release_0
0.024633 -0.0250000004 0.0258208274 -0.0236280526 synchronous_release_0
0.029806 -0.0250000004 0.0113549269 -0.033106882 asynchronous_release_0
0.046758 -0.0250000004 -0.0113549269 0.033106882 synchronous_release_0
0.025301 -0.0250000004 -0.0271682497 -0.0220654981 synchronous_release_0
0.028351 -0.0250000004 -0.0327848933 0.0122536023 synchronous_release_0
0.034534 -0.0250000004 -0.000647350039 -0.000762192841 synchronous_release_0
0.02253 -0.0250000004 0.0305363825 -0.0171034892 synchronous_release_0
0.026917 -0.0250000004 -0.0300802474 -0.0178935384 synchronous_release_0
0.01473 -0.0250000004 0.000766100649 0.0349916146 asynchronous_release_0
0.045861 -0.0250000004 -0.000992619542 -0.000121270135 asynchronous_release_0
0.02518 -0.0250000004 0.0341892194 0.00748981174 synchronous_release_0
0.029878 -0.0250000004 0.0277678532 0.0213060162 asynchronous_release_0
0.022555 -0.0250000004 0.0672203227 -0.0195301873 synchronous_release_0
0.002502 -0.0250000004 0.0348819943 -0.00287166737 synchronous_release_0
0.022936 -0.0250000004 -0.0147820021 -0.0317252646 synchronous_release_0
0.022784 -0.0250000004 0.0329494406 0.0118039979 synchronous_release_0
0.030993 -0.0250000004 -0.0349988302 -0.000286155954 synchronous_release_0
0.027437 -0.0250000004 -0.0155686307 -0.0313467341 synchronous_release_0
0.034215 -0.0250000004 -0.000986912231 -0.000161258325 synchronous_release_1
0.043575 -0.0250000004 0.0287001179 -0.0200325544 asynchronous_release_0
0.026327 -0.0250000004 0.0144422726 -0.0318813545 synchronous_release_0
0.02288 -0.0250000004 -0.0348311992 0.0034333023 synchronous_release_1
0.034488 -0.0250000004 0.0342480977 -0.0072158023 asynchronous_release_0
0.031386 -0.0250000004 -0.0160779597 -0.0310885705 synchronous_release_0
0.026841 -0.0250000004 0.0210660426 -0.0279503461 synchronous_release_0
0.025745 -0.0250000004 -0.0349957653 0.000544433841 asynchronous_release_0
0.003379 -0.0250000004 0.0280792212 -0.0208939545 synchronous_release_0
0.022715 -0.0250000004 -0.00653998351 0.0343835515 synchronous_release_0
0.025039 -0.0250000004 0.0265070373 0.0228555676 synchronous_release_0
0.027363 -0.0250000004 -0.0265070373 -0.0228555676 synchronous_release_1
0.027267 -0.0250000004 -0.0319559514 0.0142764552 synchronous_release_1
0.028496 -0.0250000004 -0.000185185121 -0.000982703654 synchronous_release_0
0.048237 -0.0250000004 0.0215075983 -0.0276120122 asynchronous_release_0
0.022728 -0.0250000004 -0.000828152607 -0.000560502685 synchronous_release_0
0.005157 -0.0250000004 0.0316925308 0.0148520535 synchronous_release_0
0.028858 -0.0250000004 0.000575274917 0.000817960127 synchronous_release_1
0.024113 -0.0250000004 -0.000506045152 -0.0349963415 synchronous_release_0
0.031606 -0.0250000004 -0.000912946021 -0.00040808034 synchronous_release_0
0.004607 -0.0250000004 0.0297359675 -0.0184600172 synchronous_release_0
0.027509 -0.0250000004 0.0292536721 -0.0192151677 synchronous_release_0
0.029909 -0.0250000004 0.0235548542 0.0258876195 synchronous_release_0
0.032587 -0.0250000004 0.00872718113 -0.0338944879 synchronous_release_0
0.032411 -0.0250000004 0.0157518502 -0.031255067 asynchronous_release_0
0.039662 -0.0250000004 0.0349070774 -0.00254871534 asynchronous_release_0
0.024219 -0.0250000004 0.0341161778 -0.0078157799 synchronous_release_0
0.02879 -0.0250000004 -0.0207153761 0.0282112246 synchronous_release_0
0.027659 -0.0250000004 -0.020752476 0.0281839447 synchronous_release_0
0.027151 -0.0250000004 0.0154378411 -0.0314113524 synchronous_release_0
0.034717 -0.0250000004 0.0194841086 0.0290752388 synchronous_release_0
