0.00000	9.18000
0.00005	30.60000
0.00010	12.24000
0.00015	9.18000
0.00020	12.24000
0.00025	48.96000
0.00030	15.30000
0.00035	21.42000
0.00040	64.26000
0.00045	61.20000
0.00050	12.24000
0.00055	48.96000
0.00060	30.60000
0.00065	42.84000
0.00070	9.18000
0.00075	58.14000
0.00080	9.18000
0.00085	36.72000
0.00090	61.20000
0.00095	6.12000
0.00100	21.42000
0.00105	-0.00000
0.00110	39.78000
0.00115	58.14000
0.00120	61.20000
0.00125	42.84000
0.00130	79.56000
0.00135	55.08000
0.00140	119.34000
0.00145	113.22000
0.00150	272.34000
0.00155	287.64000
0.00160	385.56000
0.00165	342.72000
0.00170	578.34000
0.00175	712.98000
0.00180	780.30000
0.00185	1110.78000
0.00190	936.36000
0.00195	1300.50000
0.00200	1710.54000
0.00205	1465.74000
0.00210	1842.12000
0.00215	1768.68000
0.00220	2044.08000
0.00225	2025.72000
0.00230	1820.70000
0.00235	1560.60000
0.00240	1514.70000
0.00245	1321.92000
0.00250	945.54000
0.00255	841.50000
0.00260	722.16000
0.00265	691.56000
0.00270	651.78000
0.00275	538.56000
0.00280	541.62000
0.00285	367.20000
0.00290	339.66000
0.00295	296.82000
0.00300	339.66000
0.00305	278.46000
0.00310	394.74000
0.00315	321.30000
0.00320	253.98000
0.00325	358.02000
0.00330	358.02000
0.00335	208.08000
0.00340	339.66000
0.00345	100.98000
0.00350	131.58000
0.00355	171.36000
0.00360	134.64000
0.00365	134.64000
0.00370	211.14000
0.00375	205.02000
0.00380	186.66000
0.00385	189.72000
0.00390	235.62000
0.00395	113.22000
0.00400	159.12000
0.00405	137.70000
0.00410	235.62000
0.00415	284.58000
0.00420	165.24000
0.00425	116.28000
0.00430	177.48000
0.00435	134.64000
0.00440	159.12000
0.00445	183.60000
0.00450	153.00000
0.00455	220.32000
0.00460	180.54000
0.00465	156.06000
0.00470	149.94000
0.00475	165.24000
0.00480	104.04000
0.00485	146.88000
0.00490	125.46000
0.00495	146.88000
0.00500	82.62000
0.00505	153.00000
0.00510	171.36000
0.00515	162.18000
0.00520	128.52000
0.00525	153.00000
0.00530	165.24000
0.00535	104.04000
0.00540	192.78000
0.00545	143.82000
0.00550	146.88000
0.00555	162.18000
0.00560	100.98000
0.00565	45.90000
0.00570	55.08000
0.00575	122.40000
0.00580	131.58000
0.00585	156.06000
0.00590	116.28000
0.00595	156.06000
0.00600	201.96000
0.00605	85.68000
0.00610	235.62000
0.00615	58.14000
0.00620	146.88000
0.00625	168.30000
0.00630	232.56000
0.00635	128.52000
0.00640	149.94000
0.00645	159.12000
0.00650	174.42000
0.00655	48.96000
0.00660	21.42000
0.00665	146.88000
0.00670	100.98000
0.00675	146.88000
0.00680	61.20000
0.00685	183.60000
0.00690	52.02000
0.00695	113.22000
0.00700	153.00000
0.00705	39.78000
0.00710	42.84000
0.00715	79.56000
0.00720	73.44000
0.00725	97.92000
0.00730	134.64000
0.00735	15.30000
0.00740	153.00000
0.00745	79.56000
0.00750	64.26000
0.00755	45.90000
0.00760	94.86000
0.00765	171.36000
0.00770	119.34000
0.00775	122.40000
0.00780	100.98000
0.00785	52.02000
0.00790	107.10000
0.00795	85.68000
0.00800	140.76000
0.00805	122.40000
0.00810	122.40000
0.00815	180.54000
0.00820	94.86000
0.00825	97.92000
0.00830	122.40000
0.00835	45.90000
0.00840	107.10000
0.00845	42.84000
0.00850	177.48000
0.00855	76.50000
0.00860	140.76000
0.00865	76.50000
0.00870	113.22000
0.00875	100.98000
0.00880	55.08000
0.00885	55.08000
0.00890	76.50000
0.00895	88.74000
0.00900	119.34000
0.00905	61.20000
0.00910	85.68000
0.00915	42.84000
0.00920	15.30000
0.00925	85.68000
0.00930	140.76000
0.00935	100.98000
0.00940	97.92000
0.00945	45.90000
0.00950	36.72000
0.00955	97.92000
0.00960	137.70000
0.00965	39.78000
0.00970	61.20000
0.00975	70.38000
0.00980	64.26000
0.00985	61.20000
0.00990	76.50000
0.00995	76.50000
0.01000	91.80000
0.01005	122.40000
0.01010	100.98000
0.01015	131.58000
0.01020	100.98000
0.01025	76.50000
0.01030	183.60000
0.01035	100.98000
0.01040	134.64000
0.01045	45.90000
0.01050	94.86000
0.01055	94.86000
0.01060	36.72000
0.01065	180.54000
0.01070	27.54000
0.01075	55.08000
0.01080	58.14000
0.01085	94.86000
0.01090	208.08000
0.01095	52.02000
0.01100	113.22000
0.01105	140.76000
0.01110	42.84000
0.01115	122.40000
0.01120	110.16000
0.01125	67.32000
0.01130	76.50000
0.01135	97.92000
0.01140	110.16000
0.01145	64.26000
0.01150	91.80000
0.01155	97.92000
0.01160	116.28000
0.01165	97.92000
0.01170	146.88000
0.01175	52.02000
0.01180	76.50000
0.01185	85.68000
0.01190	162.18000
0.01195	55.08000
0.01200	91.80000
0.01205	88.74000
0.01210	88.74000
0.01215	88.74000
0.01220	24.48000
0.01225	36.72000
0.01230	64.26000
0.01235	113.22000
0.01240	58.14000
0.01245	113.22000
0.01250	73.44000
0.01255	36.72000
0.01260	55.08000
0.01265	79.56000
0.01270	91.80000
0.01275	21.42000
0.01280	52.02000
0.01285	67.32000
0.01290	67.32000
0.01295	36.72000
0.01300	94.86000
0.01305	61.20000
0.01310	94.86000
0.01315	134.64000
0.01320	149.94000
0.01325	79.56000
0.01330	76.50000
0.01335	64.26000
0.01340	116.28000
0.01345	73.44000
0.01350	55.08000
0.01355	100.98000
0.01360	104.04000
0.01365	82.62000
0.01370	146.88000
0.01375	48.96000
0.01380	113.22000
0.01385	119.34000
0.01390	15.30000
0.01395	82.62000
0.01400	42.84000
0.01405	33.66000
0.01410	39.78000
0.01415	21.42000
0.01420	79.56000
0.01425	113.22000
0.01430	61.20000
0.01435	110.16000
0.01440	52.02000
0.01445	82.62000
0.01450	55.08000
0.01455	82.62000
0.01460	61.20000
0.01465	21.42000
0.01470	24.48000
0.01475	55.08000
0.01480	143.82000
0.01485	55.08000
0.01490	137.70000
0.01495	55.08000
0.01500	156.06000
0.01505	30.60000
0.01510	73.44000
0.01515	61.20000
0.01520	79.56000
0.01525	33.66000
0.01530	97.92000
0.01535	61.20000
0.01540	70.38000
0.01545	61.20000
0.01550	88.74000
0.01555	70.38000
0.01560	45.90000
0.01565	137.70000
0.01570	88.74000
0.01575	64.26000
0.01580	39.78000
0.01585	76.50000
0.01590	48.96000
0.01595	45.90000
0.01600	27.54000
0.01605	94.86000
0.01610	58.14000
0.01615	67.32000
0.01620	88.74000
0.01625	52.02000
0.01630	36.72000
0.01635	70.38000
0.01640	91.80000
0.01645	97.92000
0.01650	70.38000
0.01655	52.02000
0.01660	64.26000
0.01665	64.26000
0.01670	107.10000
0.01675	48.96000
0.01680	36.72000
0.01685	122.40000
0.01690	91.80000
0.01695	97.92000
0.01700	36.72000
0.01705	116.28000
0.01710	94.86000
0.01715	107.10000
0.01720	85.68000
0.01725	91.80000
0.01730	153.00000
0.01735	12.24000
0.01740	70.38000
0.01745	113.22000
0.01750	116.28000
0.01755	88.74000
0.01760	64.26000
0.01765	73.44000
0.01770	33.66000
0.01775	116.28000
0.01780	42.84000
0.01785	18.36000
0.01790	52.02000
0.01795	52.02000
0.01800	61.20000
0.01805	36.72000
0.01810	140.76000
0.01815	82.62000
0.01820	82.62000
0.01825	177.48000
0.01830	36.72000
0.01835	55.08000
0.01840	70.38000
0.01845	61.20000
0.01850	18.36000
0.01855	30.60000
0.01860	76.50000
0.01865	64.26000
0.01870	180.54000
0.01875	61.20000
0.01880	39.78000
0.01885	12.24000
0.01890	88.74000
0.01895	30.60000
0.01900	88.74000
0.01905	58.14000
0.01910	42.84000
0.01915	30.60000
0.01920	48.96000
0.01925	94.86000
0.01930	58.14000
0.01935	97.92000
0.01940	39.78000
0.01945	21.42000
0.01950	52.02000
0.01955	21.42000
0.01960	94.86000
0.01965	104.04000
0.01970	76.50000
0.01975	79.56000
0.01980	39.78000
0.01985	61.20000
0.01990	24.48000
0.01995	55.08000
0.02000	61.20000
0.02005	61.20000
0.02010	168.30000
0.02015	79.56000
0.02020	140.76000
0.02025	30.60000
0.02030	70.38000
0.02035	113.22000
0.02040	94.86000
0.02045	67.32000
0.02050	146.88000
0.02055	91.80000
0.02060	61.20000
0.02065	177.48000
0.02070	91.80000
0.02075	100.98000
0.02080	52.02000
0.02085	45.90000
0.02090	113.22000
0.02095	76.50000
0.02100	79.56000
0.02105	122.40000
0.02110	36.72000
0.02115	70.38000
0.02120	21.42000
0.02125	79.56000
0.02130	67.32000
0.02135	18.36000
0.02140	97.92000
0.02145	45.90000
0.02150	27.54000
0.02155	146.88000
0.02160	52.02000
0.02165	21.42000
0.02170	88.74000
0.02175	73.44000
0.02180	42.84000
0.02185	82.62000
0.02190	55.08000
0.02195	48.96000
0.02200	76.50000
0.02205	73.44000
0.02210	73.44000
0.02215	45.90000
0.02220	36.72000
0.02225	33.66000
0.02230	85.68000
0.02235	6.12000
0.02240	33.66000
0.02245	27.54000
0.02250	208.08000
0.02255	55.08000
0.02260	79.56000
0.02265	33.66000
0.02270	119.34000
0.02275	52.02000
0.02280	137.70000
0.02285	15.30000
0.02290	45.90000
0.02295	110.16000
0.02300	61.20000
0.02305	128.52000
0.02310	97.92000
0.02315	73.44000
0.02320	15.30000
0.02325	58.14000
0.02330	61.20000
0.02335	36.72000
0.02340	24.48000
0.02345	61.20000
0.02350	24.48000
0.02355	36.72000
0.02360	70.38000
0.02365	128.52000
0.02370	55.08000
0.02375	100.98000
0.02380	88.74000
0.02385	70.38000
0.02390	33.66000
0.02395	45.90000
0.02400	64.26000
0.02405	55.08000
0.02410	27.54000
0.02415	33.66000
0.02420	18.36000
0.02425	45.90000
0.02430	76.50000
0.02435	94.86000
0.02440	70.38000
0.02445	24.48000
0.02450	61.20000
0.02455	6.12000
0.02460	55.08000
0.02465	12.24000
0.02470	42.84000
0.02475	48.96000
0.02480	27.54000
0.02485	64.26000
0.02490	21.42000
0.02495	39.78000
0.02500	91.80000
0.02505	116.28000
0.02510	36.72000
0.02515	88.74000
0.02520	82.62000
0.02525	110.16000
0.02530	73.44000
0.02535	30.60000
0.02540	24.48000
0.02545	39.78000
0.02550	146.88000
0.02555	58.14000
0.02560	94.86000
0.02565	116.28000
0.02570	33.66000
0.02575	73.44000
0.02580	12.24000
0.02585	48.96000
0.02590	64.26000
0.02595	85.68000
0.02600	21.42000
0.02605	12.24000
0.02610	91.80000
0.02615	27.54000
0.02620	48.96000
0.02625	88.74000
0.02630	97.92000
0.02635	27.54000
0.02640	67.32000
0.02645	48.96000
0.02650	226.44000
0.02655	104.04000
0.02660	85.68000
0.02665	39.78000
0.02670	58.14000
0.02675	70.38000
0.02680	27.54000
0.02685	39.78000
0.02690	192.78000
0.02695	104.04000
0.02700	21.42000
0.02705	55.08000
0.02710	64.26000
0.02715	45.90000
0.02720	42.84000
0.02725	42.84000
0.02730	12.24000
0.02735	70.38000
0.02740	42.84000
0.02745	55.08000
0.02750	33.66000
0.02755	33.66000
0.02760	91.80000
0.02765	24.48000
0.02770	30.60000
0.02775	39.78000
0.02780	61.20000
0.02785	88.74000
0.02790	67.32000
0.02795	15.30000
0.02800	6.12000
0.02805	70.38000
0.02810	61.20000
0.02815	91.80000
0.02820	55.08000
0.02825	36.72000
0.02830	58.14000
0.02835	61.20000
0.02840	140.76000
0.02845	24.48000
0.02850	15.30000
0.02855	42.84000
0.02860	36.72000
0.02865	45.90000
0.02870	119.34000
0.02875	27.54000
0.02880	39.78000
0.02885	21.42000
0.02890	12.24000
0.02895	100.98000
0.02900	100.98000
0.02905	39.78000
0.02910	12.24000
0.02915	21.42000
0.02920	52.02000
0.02925	45.90000
0.02930	107.10000
0.02935	27.54000
0.02940	21.42000
0.02945	64.26000
0.02950	18.36000
0.02955	104.04000
0.02960	21.42000
0.02965	64.26000
0.02970	39.78000
0.02975	91.80000
0.02980	39.78000
0.02985	61.20000
0.02990	52.02000
0.02995	45.90000
0.03000	24.48000
0.03005	48.96000
0.03010	52.02000
0.03015	18.36000
0.03020	39.78000
0.03025	64.26000
0.03030	100.98000
0.03035	58.14000
0.03040	24.48000
0.03045	85.68000
0.03050	39.78000
0.03055	79.56000
0.03060	33.66000
0.03065	27.54000
0.03070	27.54000
0.03075	9.18000
0.03080	48.96000
0.03085	39.78000
0.03090	122.40000
0.03095	67.32000
0.03100	189.72000
0.03105	55.08000
0.03110	55.08000
0.03115	12.24000
0.03120	45.90000
0.03125	21.42000
0.03130	67.32000
0.03135	30.60000
0.03140	119.34000
0.03145	82.62000
0.03150	116.28000
0.03155	27.54000
0.03160	55.08000
0.03165	64.26000
0.03170	48.96000
0.03175	42.84000
0.03180	131.58000
0.03185	97.92000
0.03190	48.96000
0.03195	67.32000
0.03200	3.06000
0.03205	97.92000
0.03210	15.30000
0.03215	88.74000
0.03220	52.02000
0.03225	100.98000
0.03230	186.66000
0.03235	162.18000
0.03240	39.78000
0.03245	36.72000
0.03250	67.32000
0.03255	64.26000
0.03260	73.44000
0.03265	76.50000
0.03270	58.14000
0.03275	48.96000
0.03280	42.84000
0.03285	76.50000
0.03290	67.32000
0.03295	45.90000
0.03300	33.66000
0.03305	52.02000
0.03310	113.22000
0.03315	61.20000
0.03320	61.20000
0.03325	18.36000
0.03330	45.90000
0.03335	64.26000
0.03340	52.02000
0.03345	24.48000
0.03350	42.84000
0.03355	27.54000
0.03360	27.54000
0.03365	52.02000
0.03370	85.68000
0.03375	58.14000
0.03380	42.84000
0.03385	42.84000
0.03390	39.78000
0.03395	55.08000
0.03400	30.60000
0.03405	18.36000
0.03410	94.86000
0.03415	21.42000
0.03420	9.18000
0.03425	39.78000
0.03430	39.78000
0.03435	48.96000
0.03440	113.22000
0.03445	55.08000
0.03450	125.46000
0.03455	36.72000
0.03460	82.62000
0.03465	97.92000
0.03470	162.18000
0.03475	70.38000
0.03480	24.48000
0.03485	15.30000
0.03490	70.38000
0.03495	48.96000
0.03500	58.14000
0.03505	94.86000
0.03510	42.84000
0.03515	82.62000
0.03520	12.24000
0.03525	55.08000
0.03530	30.60000
0.03535	39.78000
0.03540	119.34000
0.03545	116.28000
0.03550	100.98000
0.03555	116.28000
0.03560	64.26000
0.03565	45.90000
0.03570	116.28000
0.03575	88.74000
0.03580	76.50000
0.03585	82.62000
0.03590	82.62000
0.03595	15.30000
0.03600	18.36000
0.03605	67.32000
0.03610	45.90000
0.03615	15.30000
0.03620	70.38000
0.03625	27.54000
0.03630	52.02000
0.03635	33.66000
0.03640	156.06000
0.03645	45.90000
0.03650	15.30000
0.03655	48.96000
0.03660	88.74000
0.03665	119.34000
0.03670	6.12000
0.03675	97.92000
0.03680	113.22000
0.03685	88.74000
0.03690	104.04000
0.03695	67.32000
0.03700	12.24000
0.03705	70.38000
0.03710	24.48000
0.03715	27.54000
0.03720	79.56000
0.03725	82.62000
0.03730	48.96000
0.03735	58.14000
0.03740	67.32000
0.03745	33.66000
0.03750	15.30000
0.03755	94.86000
0.03760	113.22000
0.03765	48.96000
0.03770	45.90000
0.03775	94.86000
0.03780	36.72000
0.03785	27.54000
0.03790	125.46000
0.03795	61.20000
0.03800	52.02000
0.03805	45.90000
0.03810	94.86000
0.03815	42.84000
0.03820	18.36000
0.03825	39.78000
0.03830	67.32000
0.03835	113.22000
0.03840	88.74000
0.03845	85.68000
0.03850	58.14000
0.03855	39.78000
0.03860	33.66000
0.03865	33.66000
0.03870	116.28000
0.03875	42.84000
0.03880	27.54000
0.03885	137.70000
0.03890	61.20000
0.03895	97.92000
0.03900	58.14000
0.03905	58.14000
0.03910	27.54000
0.03915	-0.00000
0.03920	6.12000
0.03925	70.38000
0.03930	42.84000
0.03935	79.56000
0.03940	15.30000
0.03945	21.42000
0.03950	42.84000
0.03955	36.72000
0.03960	42.84000
0.03965	48.96000
0.03970	137.70000
0.03975	58.14000
0.03980	39.78000
0.03985	205.02000
0.03990	82.62000
0.03995	122.40000
0.04000	137.70000
0.04005	21.42000
0.04010	36.72000
0.04015	36.72000
0.04020	24.48000
0.04025	21.42000
0.04030	45.90000
0.04035	97.92000
0.04040	39.78000
0.04045	9.18000
0.04050	73.44000
0.04055	6.12000
0.04060	39.78000
0.04065	52.02000
0.04070	88.74000
0.04075	18.36000
0.04080	64.26000
0.04085	64.26000
0.04090	36.72000
0.04095	45.90000
0.04100	131.58000
0.04105	45.90000
0.04110	52.02000
0.04115	3.06000
0.04120	21.42000
0.04125	21.42000
0.04130	91.80000
0.04135	91.80000
0.04140	18.36000
0.04145	70.38000
0.04150	82.62000
0.04155	58.14000
0.04160	64.26000
0.04165	52.02000
0.04170	64.26000
0.04175	67.32000
0.04180	52.02000
0.04185	55.08000
0.04190	137.70000
0.04195	55.08000
0.04200	58.14000
0.04205	21.42000
0.04210	3.06000
0.04215	33.66000
0.04220	134.64000
0.04225	58.14000
0.04230	104.04000
0.04235	15.30000
0.04240	39.78000
0.04245	58.14000
0.04250	67.32000
0.04255	36.72000
0.04260	12.24000
0.04265	110.16000
0.04270	21.42000
0.04275	21.42000
0.04280	27.54000
0.04285	9.18000
0.04290	52.02000
0.04295	30.60000
0.04300	9.18000
0.04305	15.30000
0.04310	116.28000
0.04315	27.54000
0.04320	55.08000
0.04325	36.72000
0.04330	91.80000
0.04335	12.24000
0.04340	107.10000
0.04345	45.90000
0.04350	27.54000
0.04355	39.78000
0.04360	45.90000
0.04365	58.14000
0.04370	24.48000
0.04375	104.04000
0.04380	128.52000
0.04385	36.72000
0.04390	27.54000
0.04395	82.62000
0.04400	79.56000
0.04405	55.08000
0.04410	64.26000
0.04415	64.26000
0.04420	33.66000
0.04425	36.72000
0.04430	70.38000
0.04435	55.08000
0.04440	52.02000
0.04445	52.02000
0.04450	73.44000
0.04455	15.30000
0.04460	33.66000
0.04465	30.60000
0.04470	15.30000
0.04475	79.56000
0.04480	100.98000
0.04485	21.42000
0.04490	64.26000
0.04495	110.16000
0.04500	36.72000
0.04505	33.66000
0.04510	27.54000
0.04515	64.26000
0.04520	52.02000
0.04525	3.06000
0.04530	70.38000
0.04535	42.84000
0.04540	24.48000
0.04545	58.14000
0.04550	91.80000
0.04555	12.24000
0.04560	64.26000
0.04565	9.18000
0.04570	36.72000
0.04575	82.62000
0.04580	61.20000
0.04585	39.78000
0.04590	58.14000
0.04595	24.48000
0.04600	82.62000
0.04605	30.60000
0.04610	27.54000
0.04615	42.84000
0.04620	42.84000
0.04625	33.66000
0.04630	21.42000
0.04635	30.60000
0.04640	15.30000
0.04645	48.96000
0.04650	45.90000
0.04655	12.24000
0.04660	30.60000
0.04665	122.40000
0.04670	143.82000
0.04675	143.82000
0.04680	58.14000
0.04685	27.54000
0.04690	64.26000
0.04695	21.42000
0.04700	18.36000
0.04705	24.48000
0.04710	58.14000
0.04715	94.86000
0.04720	45.90000
0.04725	12.24000
0.04730	33.66000
0.04735	140.76000
0.04740	55.08000
0.04745	36.72000
0.04750	94.86000
0.04755	18.36000
0.04760	70.38000
0.04765	82.62000
0.04770	12.24000
0.04775	33.66000
0.04780	55.08000
0.04785	15.30000
0.04790	73.44000
0.04795	85.68000
0.04800	64.26000
0.04805	58.14000
0.04810	18.36000
0.04815	21.42000
0.04820	18.36000
0.04825	76.50000
0.04830	24.48000
0.04835	9.18000
0.04840	76.50000
0.04845	27.54000
0.04850	6.12000
0.04855	30.60000
0.04860	27.54000
0.04865	33.66000
0.04870	18.36000
0.04875	39.78000
0.04880	21.42000
0.04885	39.78000
0.04890	73.44000
0.04895	146.88000
0.04900	67.32000
0.04905	94.86000
0.04910	39.78000
0.04915	67.32000
0.04920	-0.00000
0.04925	48.96000
0.04930	33.66000
0.04935	79.56000
0.04940	52.02000
0.04945	61.20000
0.04950	73.44000
0.04955	58.14000
0.04960	79.56000
0.04965	61.20000
0.04970	70.38000
0.04975	55.08000
0.04980	9.18000
0.04985	45.90000
0.04990	97.92000
0.04995	39.78000
0.05000	21.42000
0.05005	45.90000
0.05010	52.02000
0.05015	36.72000
0.05020	70.38000
0.05025	104.04000
0.05030	100.98000
0.05035	61.20000
0.05040	97.92000
0.05045	119.34000
0.05050	30.60000
0.05055	9.18000
0.05060	76.50000
0.05065	33.66000
0.05070	15.30000
0.05075	24.48000
0.05080	6.12000
0.05085	48.96000
0.05090	76.50000
0.05095	15.30000
0.05100	85.68000
0.05105	36.72000
0.05110	76.50000
0.05115	61.20000
0.05120	27.54000
0.05125	21.42000
0.05130	39.78000
0.05135	73.44000
0.05140	48.96000
0.05145	73.44000
0.05150	52.02000
0.05155	48.96000
0.05160	12.24000
0.05165	91.80000
0.05170	15.30000
0.05175	15.30000
0.05180	24.48000
0.05185	110.16000
0.05190	67.32000
0.05195	58.14000
0.05200	15.30000
0.05205	61.20000
0.05210	79.56000
0.05215	9.18000
0.05220	134.64000
0.05225	39.78000
0.05230	18.36000
0.05235	9.18000
0.05240	39.78000
0.05245	79.56000
0.05250	52.02000
0.05255	27.54000
0.05260	45.90000
0.05265	18.36000
0.05270	42.84000
0.05275	82.62000
0.05280	76.50000
0.05285	52.02000
0.05290	82.62000
0.05295	42.84000
0.05300	85.68000
0.05305	27.54000
0.05310	45.90000
0.05315	33.66000
0.05320	21.42000
0.05325	39.78000
0.05330	27.54000
0.05335	30.60000
0.05340	21.42000
0.05345	39.78000
0.05350	45.90000
0.05355	36.72000
0.05360	21.42000
0.05365	52.02000
0.05370	39.78000
0.05375	67.32000
0.05380	52.02000
0.05385	58.14000
0.05390	27.54000
0.05395	76.50000
0.05400	55.08000
0.05405	58.14000
0.05410	70.38000
0.05415	76.50000
0.05420	33.66000
0.05425	21.42000
0.05430	39.78000
0.05435	61.20000
0.05440	45.90000
0.05445	36.72000
0.05450	168.30000
0.05455	36.72000
0.05460	39.78000
0.05465	15.30000
0.05470	6.12000
0.05475	9.18000
0.05480	33.66000
0.05485	6.12000
0.05490	36.72000
0.05495	6.12000
0.05500	85.68000
0.05505	52.02000
0.05510	33.66000
0.05515	52.02000
0.05520	97.92000
0.05525	24.48000
0.05530	55.08000
0.05535	42.84000
0.05540	58.14000
0.05545	85.68000
0.05550	39.78000
0.05555	39.78000
0.05560	67.32000
0.05565	61.20000
0.05570	12.24000
0.05575	137.70000
0.05580	36.72000
0.05585	70.38000
0.05590	58.14000
0.05595	48.96000
0.05600	45.90000
0.05605	12.24000
0.05610	33.66000
0.05615	42.84000
0.05620	27.54000
0.05625	12.24000
0.05630	64.26000
0.05635	61.20000
0.05640	15.30000
0.05645	21.42000
0.05650	-0.00000
0.05655	6.12000
0.05660	33.66000
0.05665	64.26000
0.05670	30.60000
0.05675	67.32000
0.05680	64.26000
0.05685	88.74000
0.05690	21.42000
0.05695	24.48000
0.05700	82.62000
0.05705	33.66000
0.05710	55.08000
0.05715	58.14000
0.05720	42.84000
0.05725	42.84000
0.05730	64.26000
0.05735	107.10000
0.05740	39.78000
0.05745	131.58000
0.05750	45.90000
0.05755	61.20000
0.05760	48.96000
0.05765	48.96000
0.05770	39.78000
0.05775	55.08000
0.05780	39.78000
0.05785	48.96000
0.05790	36.72000
0.05795	36.72000
0.05800	76.50000
0.05805	27.54000
0.05810	0.00000
0.05815	18.36000
0.05820	3.06000
0.05825	39.78000
0.05830	9.18000
0.05835	162.18000
0.05840	100.98000
0.05845	12.24000
0.05850	33.66000
0.05855	39.78000
0.05860	134.64000
0.05865	39.78000
0.05870	27.54000
0.05875	36.72000
0.05880	73.44000
0.05885	134.64000
0.05890	9.18000
0.05895	21.42000
0.05900	48.96000
0.05905	0.00000
0.05910	27.54000
0.05915	15.30000
0.05920	110.16000
0.05925	27.54000
0.05930	67.32000
0.05935	61.20000
0.05940	30.60000
0.05945	67.32000
0.05950	9.18000
0.05955	30.60000
0.05960	52.02000
0.05965	24.48000
0.05970	21.42000
0.05975	36.72000
0.05980	27.54000
0.05985	55.08000
0.05990	97.92000
0.05995	119.34000
0.06000	52.02000
0.06005	79.56000
0.06010	162.18000
0.06015	52.02000
0.06020	58.14000
0.06025	39.78000
0.06030	48.96000
0.06035	45.90000
0.06040	21.42000
0.06045	18.36000
0.06050	27.54000
0.06055	39.78000
0.06060	100.98000
0.06065	70.38000
0.06070	36.72000
0.06075	70.38000
0.06080	79.56000
0.06085	39.78000
0.06090	27.54000
0.06095	110.16000
0.06100	94.86000
0.06105	88.74000
0.06110	18.36000
0.06115	39.78000
0.06120	33.66000
0.06125	55.08000
0.06130	55.08000
0.06135	39.78000
0.06140	30.60000
0.06145	180.54000
0.06150	33.66000
0.06155	82.62000
0.06160	64.26000
0.06165	67.32000
0.06170	3.06000
0.06175	55.08000
0.06180	174.42000
0.06185	33.66000
0.06190	85.68000
0.06195	0.00000
0.06200	24.48000
0.06205	36.72000
0.06210	61.20000
0.06215	30.60000
0.06220	36.72000
0.06225	39.78000
0.06230	27.54000
0.06235	33.66000
0.06240	70.38000
0.06245	30.60000
0.06250	55.08000
0.06255	122.40000
0.06260	76.50000
0.06265	116.28000
0.06270	88.74000
0.06275	61.20000
0.06280	27.54000
0.06285	27.54000
0.06290	52.02000
0.06295	6.12000
0.06300	30.60000
0.06305	27.54000
0.06310	21.42000
0.06315	30.60000
0.06320	104.04000
0.06325	30.60000
0.06330	143.82000
0.06335	24.48000
0.06340	6.12000
0.06345	55.08000
0.06350	12.24000
0.06355	55.08000
0.06360	61.20000
0.06365	39.78000
0.06370	12.24000
0.06375	21.42000
0.06380	9.18000
0.06385	55.08000
0.06390	48.96000
0.06395	82.62000
0.06400	52.02000
0.06405	39.78000
0.06410	61.20000
0.06415	18.36000
0.06420	85.68000
0.06425	33.66000
0.06430	9.18000
0.06435	76.50000
0.06440	24.48000
0.06445	104.04000
0.06450	64.26000
0.06455	27.54000
0.06460	70.38000
0.06465	24.48000
0.06470	110.16000
0.06475	61.20000
0.06480	33.66000
0.06485	42.84000
0.06490	42.84000
0.06495	48.96000
0.06500	48.96000
0.06505	27.54000
0.06510	42.84000
0.06515	12.24000
0.06520	27.54000
0.06525	3.06000
0.06530	36.72000
0.06535	15.30000
0.06540	39.78000
0.06545	73.44000
0.06550	67.32000
0.06555	79.56000
0.06560	97.92000
0.06565	67.32000
0.06570	70.38000
0.06575	70.38000
0.06580	3.06000
0.06585	61.20000
0.06590	61.20000
0.06595	3.06000
0.06600	36.72000
0.06605	79.56000
0.06610	45.90000
0.06615	58.14000
0.06620	55.08000
0.06625	67.32000
0.06630	55.08000
0.06635	24.48000
0.06640	18.36000
0.06645	39.78000
0.06650	58.14000
0.06655	12.24000
0.06660	42.84000
0.06665	12.24000
0.06670	97.92000
0.06675	6.12000
0.06680	73.44000
0.06685	18.36000
0.06690	30.60000
0.06695	21.42000
0.06700	15.30000
0.06705	42.84000
0.06710	9.18000
0.06715	48.96000
0.06720	12.24000
0.06725	27.54000
0.06730	45.90000
0.06735	52.02000
0.06740	52.02000
0.06745	79.56000
0.06750	33.66000
0.06755	97.92000
0.06760	48.96000
0.06765	18.36000
0.06770	70.38000
0.06775	39.78000
0.06780	76.50000
0.06785	79.56000
0.06790	30.60000
0.06795	107.10000
0.06800	30.60000
0.06805	45.90000
0.06810	3.06000
0.06815	52.02000
0.06820	55.08000
0.06825	6.12000
0.06830	15.30000
0.06835	21.42000
0.06840	42.84000
0.06845	27.54000
0.06850	36.72000
0.06855	67.32000
0.06860	39.78000
0.06865	36.72000
0.06870	39.78000
0.06875	36.72000
0.06880	48.96000
0.06885	79.56000
0.06890	85.68000
0.06895	52.02000
0.06900	30.60000
0.06905	39.78000
0.06910	36.72000
0.06915	12.24000
0.06920	33.66000
0.06925	27.54000
0.06930	24.48000
0.06935	48.96000
0.06940	82.62000
0.06945	52.02000
0.06950	27.54000
0.06955	27.54000
0.06960	18.36000
0.06965	33.66000
0.06970	64.26000
0.06975	61.20000
0.06980	30.60000
0.06985	9.18000
0.06990	61.20000
0.06995	42.84000
0.07000	30.60000
0.07005	21.42000
0.07010	33.66000
0.07015	21.42000
0.07020	113.22000
0.07025	21.42000
0.07030	42.84000
0.07035	30.60000
0.07040	55.08000
0.07045	88.74000
0.07050	36.72000
0.07055	55.08000
0.07060	39.78000
0.07065	55.08000
0.07070	104.04000
0.07075	58.14000
0.07080	39.78000
0.07085	82.62000
0.07090	70.38000
0.07095	100.98000
0.07100	58.14000
0.07105	91.80000
0.07110	91.80000
0.07115	6.12000
0.07120	6.12000
0.07125	52.02000
0.07130	79.56000
0.07135	27.54000
0.07140	21.42000
0.07145	39.78000
0.07150	27.54000
0.07155	52.02000
0.07160	36.72000
0.07165	73.44000
0.07170	24.48000
0.07175	9.18000
0.07180	42.84000
0.07185	9.18000
0.07190	0.00000
0.07195	15.30000
0.07200	27.54000
0.07205	94.86000
0.07210	36.72000
0.07215	45.90000
0.07220	85.68000
0.07225	39.78000
0.07230	27.54000
0.07235	48.96000
0.07240	55.08000
0.07245	3.06000
0.07250	67.32000
0.07255	24.48000
0.07260	36.72000
0.07265	122.40000
0.07270	52.02000
0.07275	61.20000
0.07280	42.84000
0.07285	48.96000
0.07290	12.24000
0.07295	64.26000
0.07300	104.04000
0.07305	76.50000
0.07310	15.30000
0.07315	15.30000
0.07320	12.24000
0.07325	73.44000
0.07330	45.90000
0.07335	52.02000
0.07340	15.30000
0.07345	79.56000
0.07350	24.48000
0.07355	100.98000
0.07360	55.08000
0.07365	116.28000
0.07370	33.66000
0.07375	21.42000
0.07380	3.06000
0.07385	58.14000
0.07390	48.96000
0.07395	45.90000
0.07400	21.42000
0.07405	76.50000
0.07410	61.20000
0.07415	12.24000
0.07420	30.60000
0.07425	97.92000
0.07430	48.96000
0.07435	110.16000
0.07440	36.72000
0.07445	27.54000
0.07450	27.54000
0.07455	33.66000
0.07460	45.90000
0.07465	27.54000
0.07470	15.30000
0.07475	6.12000
0.07480	12.24000
0.07485	85.68000
0.07490	24.48000
0.07495	48.96000
0.07500	21.42000
0.07505	36.72000
0.07510	12.24000
0.07515	48.96000
0.07520	21.42000
0.07525	9.18000
0.07530	6.12000
0.07535	21.42000
0.07540	33.66000
0.07545	18.36000
0.07550	3.06000
0.07555	-0.00000
0.07560	27.54000
0.07565	100.98000
0.07570	36.72000
0.07575	61.20000
0.07580	73.44000
0.07585	30.60000
0.07590	12.24000
0.07595	70.38000
0.07600	6.12000
0.07605	85.68000
0.07610	91.80000
0.07615	73.44000
0.07620	18.36000
0.07625	52.02000
0.07630	36.72000
0.07635	30.60000
0.07640	30.60000
0.07645	21.42000
0.07650	6.12000
0.07655	33.66000
0.07660	100.98000
0.07665	70.38000
0.07670	113.22000
0.07675	18.36000
0.07680	21.42000
0.07685	82.62000
0.07690	12.24000
0.07695	76.50000
0.07700	58.14000
0.07705	24.48000
0.07710	55.08000
0.07715	73.44000
0.07720	18.36000
0.07725	52.02000
0.07730	88.74000
0.07735	67.32000
0.07740	79.56000
0.07745	42.84000
0.07750	91.80000
0.07755	33.66000
0.07760	82.62000
0.07765	15.30000
0.07770	12.24000
0.07775	15.30000
0.07780	21.42000
0.07785	113.22000
0.07790	45.90000
0.07795	42.84000
0.07800	52.02000
0.07805	70.38000
0.07810	88.74000
0.07815	88.74000
0.07820	30.60000
0.07825	9.18000
0.07830	18.36000
0.07835	21.42000
0.07840	64.26000
0.07845	39.78000
0.07850	76.50000
0.07855	70.38000
0.07860	36.72000
0.07865	30.60000
0.07870	70.38000
0.07875	45.90000
0.07880	45.90000
0.07885	79.56000
0.07890	61.20000
0.07895	12.24000
0.07900	85.68000
0.07905	67.32000
0.07910	55.08000
0.07915	58.14000
0.07920	18.36000
0.07925	39.78000
0.07930	113.22000
0.07935	82.62000
0.07940	91.80000
0.07945	30.60000
0.07950	-0.00000
0.07955	30.60000
0.07960	33.66000
0.07965	21.42000
0.07970	21.42000
0.07975	73.44000
0.07980	6.12000
0.07985	6.12000
0.07990	6.12000
0.07995	30.60000
0.08000	33.66000
0.08005	39.78000
0.08010	18.36000
0.08015	42.84000
0.08020	82.62000
0.08025	21.42000
0.08030	36.72000
0.08035	42.84000
0.08040	21.42000
0.08045	42.84000
0.08050	88.74000
0.08055	33.66000
0.08060	61.20000
0.08065	52.02000
0.08070	64.26000
0.08075	24.48000
0.08080	9.18000
0.08085	21.42000
0.08090	21.42000
0.08095	36.72000
0.08100	3.06000
0.08105	9.18000
0.08110	6.12000
0.08115	30.60000
0.08120	67.32000
0.08125	21.42000
0.08130	33.66000
0.08135	61.20000
0.08140	18.36000
0.08145	48.96000
0.08150	70.38000
0.08155	48.96000
0.08160	21.42000
0.08165	36.72000
0.08170	6.12000
0.08175	55.08000
0.08180	52.02000
0.08185	0.00000
0.08190	45.90000
0.08195	33.66000
0.08200	30.60000
0.08205	100.98000
0.08210	55.08000
0.08215	24.48000
0.08220	64.26000
0.08225	55.08000
0.08230	48.96000
0.08235	33.66000
0.08240	36.72000
0.08245	15.30000
0.08250	24.48000
0.08255	33.66000
0.08260	61.20000
0.08265	45.90000
0.08270	73.44000
0.08275	27.54000
0.08280	21.42000
0.08285	39.78000
0.08290	42.84000
0.08295	122.40000
0.08300	64.26000
0.08305	45.90000
0.08310	91.80000
0.08315	45.90000
0.08320	55.08000
0.08325	55.08000
0.08330	39.78000
0.08335	39.78000
0.08340	79.56000
0.08345	52.02000
0.08350	33.66000
0.08355	30.60000
0.08360	30.60000
0.08365	45.90000
0.08370	21.42000
0.08375	15.30000
0.08380	64.26000
0.08385	12.24000
0.08390	21.42000
0.08395	42.84000
0.08400	61.20000
0.08405	9.18000
0.08410	58.14000
0.08415	36.72000
0.08420	64.26000
0.08425	110.16000
0.08430	113.22000
0.08435	94.86000
0.08440	36.72000
0.08445	18.36000
0.08450	12.24000
0.08455	48.96000
0.08460	58.14000
0.08465	52.02000
0.08470	48.96000
0.08475	24.48000
0.08480	88.74000
0.08485	52.02000
0.08490	33.66000
0.08495	6.12000
0.08500	24.48000
0.08505	39.78000
0.08510	61.20000
0.08515	39.78000
0.08520	149.94000
0.08525	73.44000
0.08530	91.80000
0.08535	39.78000
0.08540	61.20000
0.08545	94.86000
0.08550	27.54000
0.08555	18.36000
0.08560	131.58000
0.08565	9.18000
0.08570	30.60000
0.08575	55.08000
0.08580	9.18000
0.08585	45.90000
0.08590	70.38000
0.08595	6.12000
0.08600	30.60000
0.08605	61.20000
0.08610	61.20000
0.08615	42.84000
0.08620	58.14000
0.08625	9.18000
0.08630	55.08000
0.08635	97.92000
0.08640	42.84000
0.08645	52.02000
0.08650	55.08000
0.08655	18.36000
0.08660	64.26000
0.08665	125.46000
0.08670	91.80000
0.08675	76.50000
0.08680	48.96000
0.08685	30.60000
0.08690	3.06000
0.08695	21.42000
0.08700	67.32000
0.08705	140.76000
0.08710	33.66000
0.08715	42.84000
0.08720	94.86000
0.08725	48.96000
0.08730	55.08000
0.08735	67.32000
0.08740	30.60000
0.08745	9.18000
0.08750	70.38000
0.08755	100.98000
0.08760	76.50000
0.08765	21.42000
0.08770	58.14000
0.08775	116.28000
0.08780	48.96000
0.08785	15.30000
0.08790	24.48000
0.08795	58.14000
0.08800	55.08000
0.08805	24.48000
0.08810	58.14000
0.08815	30.60000
0.08820	6.12000
0.08825	24.48000
0.08830	33.66000
0.08835	21.42000
0.08840	27.54000
0.08845	122.40000
0.08850	15.30000
0.08855	21.42000
0.08860	55.08000
0.08865	6.12000
0.08870	45.90000
0.08875	18.36000
0.08880	18.36000
0.08885	9.18000
0.08890	6.12000
0.08895	15.30000
0.08900	27.54000
0.08905	52.02000
0.08910	82.62000
0.08915	30.60000
0.08920	15.30000
0.08925	45.90000
0.08930	113.22000
0.08935	45.90000
0.08940	131.58000
0.08945	45.90000
0.08950	76.50000
0.08955	21.42000
0.08960	100.98000
0.08965	18.36000
0.08970	48.96000
0.08975	110.16000
0.08980	42.84000
0.08985	76.50000
0.08990	6.12000
0.08995	9.18000
0.09000	42.84000
0.09005	24.48000
0.09010	79.56000
0.09015	9.18000
0.09020	33.66000
0.09025	36.72000
0.09030	30.60000
0.09035	45.90000
0.09040	21.42000
0.09045	36.72000
0.09050	73.44000
0.09055	12.24000
0.09060	9.18000
0.09065	30.60000
0.09070	30.60000
0.09075	27.54000
0.09080	6.12000
0.09085	27.54000
0.09090	3.06000
0.09095	18.36000
0.09100	21.42000
0.09105	52.02000
0.09110	18.36000
0.09115	24.48000
0.09120	61.20000
0.09125	55.08000
0.09130	21.42000
0.09135	15.30000
0.09140	48.96000
0.09145	45.90000
0.09150	64.26000
0.09155	110.16000
0.09160	15.30000
0.09165	58.14000
0.09170	27.54000
0.09175	104.04000
0.09180	70.38000
0.09185	9.18000
0.09190	27.54000
0.09195	33.66000
0.09200	52.02000
0.09205	27.54000
0.09210	88.74000
0.09215	94.86000
0.09220	6.12000
0.09225	91.80000
0.09230	39.78000
0.09235	88.74000
0.09240	67.32000
0.09245	104.04000
0.09250	15.30000
0.09255	64.26000
0.09260	15.30000
0.09265	6.12000
0.09270	55.08000
0.09275	48.96000
0.09280	61.20000
0.09285	24.48000
0.09290	24.48000
0.09295	45.90000
0.09300	9.18000
0.09305	88.74000
0.09310	9.18000
0.09315	104.04000
0.09320	30.60000
0.09325	64.26000
0.09330	30.60000
0.09335	48.96000
0.09340	24.48000
0.09345	104.04000
0.09350	52.02000
0.09355	21.42000
0.09360	140.76000
0.09365	45.90000
0.09370	12.24000
0.09375	36.72000
0.09380	67.32000
0.09385	45.90000
0.09390	27.54000
0.09395	30.60000
0.09400	91.80000
0.09405	42.84000
0.09410	30.60000
0.09415	76.50000
0.09420	18.36000
0.09425	55.08000
0.09430	48.96000
0.09435	33.66000
0.09440	15.30000
0.09445	0.00000
0.09450	73.44000
0.09455	79.56000
0.09460	58.14000
0.09465	55.08000
0.09470	33.66000
0.09475	24.48000
0.09480	21.42000
0.09485	33.66000
0.09490	42.84000
0.09495	70.38000
0.09500	27.54000
0.09505	21.42000
0.09510	42.84000
0.09515	79.56000
0.09520	48.96000
0.09525	33.66000
0.09530	27.54000
0.09535	55.08000
0.09540	36.72000
0.09545	52.02000
0.09550	100.98000
0.09555	18.36000
0.09560	55.08000
0.09565	18.36000
0.09570	73.44000
0.09575	61.20000
0.09580	45.90000
0.09585	52.02000
0.09590	70.38000
0.09595	0.00000
0.09600	61.20000
0.09605	58.14000
0.09610	70.38000
0.09615	36.72000
0.09620	107.10000
0.09625	36.72000
0.09630	6.12000
0.09635	42.84000
0.09640	55.08000
0.09645	18.36000
0.09650	42.84000
0.09655	24.48000
0.09660	61.20000
0.09665	61.20000
0.09670	45.90000
0.09675	21.42000
0.09680	33.66000
0.09685	18.36000
0.09690	21.42000
0.09695	27.54000
0.09700	6.12000
0.09705	27.54000
0.09710	79.56000
0.09715	6.12000
0.09720	52.02000
0.09725	42.84000
0.09730	39.78000
0.09735	15.30000
0.09740	82.62000
0.09745	39.78000
0.09750	6.12000
0.09755	36.72000
0.09760	67.32000
0.09765	27.54000
0.09770	61.20000
0.09775	42.84000
0.09780	64.26000
0.09785	48.96000
0.09790	39.78000
0.09795	42.84000
0.09800	85.68000
0.09805	55.08000
0.09810	52.02000
0.09815	30.60000
0.09820	58.14000
0.09825	36.72000
0.09830	24.48000
0.09835	45.90000
0.09840	33.66000
0.09845	12.24000
0.09850	18.36000
0.09855	64.26000
0.09860	0.00000
0.09865	6.12000
0.09870	39.78000
0.09875	52.02000
0.09880	73.44000
0.09885	45.90000
0.09890	91.80000
0.09895	70.38000
0.09900	24.48000
0.09905	24.48000
0.09910	6.12000
0.09915	30.60000
0.09920	85.68000
0.09925	67.32000
0.09930	39.78000
0.09935	45.90000
0.09940	15.30000
0.09945	36.72000
0.09950	73.44000
0.09955	48.96000
0.09960	12.24000
0.09965	33.66000
0.09970	61.20000
0.09975	24.48000
0.09980	76.50000
0.09985	12.24000
0.09990	30.60000
0.09995	33.66000
0.10000	21.42000
0.10005	39.78000
0.10010	73.44000
0.10015	27.54000
0.10020	73.44000
0.10025	58.14000
0.10030	55.08000
0.10035	18.36000
0.10040	21.42000
0.10045	48.96000
0.10050	73.44000
0.10055	70.38000
0.10060	119.34000
0.10065	36.72000
0.10070	110.16000
0.10075	58.14000
0.10080	39.78000
0.10085	24.48000
0.10090	45.90000
0.10095	27.54000
0.10100	67.32000
0.10105	24.48000
0.10110	42.84000
0.10115	27.54000
0.10120	45.90000
0.10125	42.84000
0.10130	55.08000
0.10135	3.06000
0.10140	52.02000
0.10145	79.56000
0.10150	58.14000
0.10155	12.24000
0.10160	12.24000
0.10165	39.78000
0.10170	18.36000
0.10175	42.84000
0.10180	48.96000
0.10185	39.78000
0.10190	39.78000
0.10195	42.84000
0.10200	94.86000
0.10205	18.36000
0.10210	91.80000
0.10215	0.00000
0.10220	24.48000
0.10225	48.96000
0.10230	15.30000
0.10235	88.74000
0.10240	88.74000
0.10245	18.36000
0.10250	52.02000
0.10255	55.08000
0.10260	91.80000
0.10265	42.84000
0.10270	70.38000
0.10275	42.84000
0.10280	21.42000
0.10285	58.14000
0.10290	52.02000
0.10295	70.38000
0.10300	94.86000
0.10305	3.06000
0.10310	21.42000
0.10315	85.68000
0.10320	45.90000
0.10325	30.60000
0.10330	30.60000
0.10335	88.74000
0.10340	39.78000
0.10345	15.30000
0.10350	30.60000
0.10355	143.82000
0.10360	21.42000
0.10365	45.90000
0.10370	27.54000
0.10375	39.78000
0.10380	21.42000
0.10385	33.66000
0.10390	42.84000
0.10395	21.42000
0.10400	12.24000
0.10405	58.14000
0.10410	94.86000
0.10415	33.66000
0.10420	15.30000
0.10425	48.96000
0.10430	42.84000
0.10435	39.78000
0.10440	24.48000
0.10445	39.78000
0.10450	55.08000
0.10455	24.48000
0.10460	33.66000
0.10465	36.72000
0.10470	27.54000
0.10475	15.30000
0.10480	9.18000
0.10485	27.54000
0.10490	110.16000
0.10495	58.14000
0.10500	30.60000
0.10505	52.02000
0.10510	52.02000
0.10515	67.32000
0.10520	9.18000
0.10525	113.22000
0.10530	42.84000
0.10535	21.42000
0.10540	42.84000
0.10545	9.18000
0.10550	24.48000
0.10555	48.96000
0.10560	36.72000
0.10565	82.62000
0.10570	70.38000
0.10575	55.08000
0.10580	30.60000
0.10585	79.56000
0.10590	45.90000
0.10595	61.20000
0.10600	64.26000
0.10605	9.18000
0.10610	24.48000
0.10615	42.84000
0.10620	27.54000
0.10625	88.74000
0.10630	52.02000
0.10635	30.60000
0.10640	39.78000
0.10645	153.00000
0.10650	58.14000
0.10655	27.54000
0.10660	52.02000
0.10665	82.62000
0.10670	45.90000
0.10675	12.24000
0.10680	15.30000
0.10685	45.90000
0.10690	27.54000
0.10695	52.02000
0.10700	61.20000
0.10705	39.78000
0.10710	48.96000
0.10715	30.60000
0.10720	6.12000
0.10725	24.48000
0.10730	6.12000
0.10735	73.44000
0.10740	85.68000
0.10745	12.24000
0.10750	12.24000
0.10755	15.30000
0.10760	82.62000
0.10765	3.06000
0.10770	42.84000
0.10775	52.02000
0.10780	45.90000
0.10785	39.78000
0.10790	30.60000
0.10795	82.62000
0.10800	30.60000
0.10805	64.26000
0.10810	33.66000
0.10815	58.14000
0.10820	24.48000
0.10825	24.48000
0.10830	21.42000
0.10835	97.92000
0.10840	58.14000
0.10845	97.92000
0.10850	91.80000
0.10855	52.02000
0.10860	91.80000
0.10865	116.28000
0.10870	21.42000
0.10875	45.90000
0.10880	3.06000
0.10885	15.30000
0.10890	91.80000
0.10895	42.84000
0.10900	82.62000
0.10905	18.36000
0.10910	6.12000
0.10915	33.66000
0.10920	79.56000
0.10925	48.96000
0.10930	36.72000
0.10935	45.90000
0.10940	0.00000
0.10945	15.30000
0.10950	15.30000
0.10955	42.84000
0.10960	73.44000
0.10965	70.38000
0.10970	9.18000
0.10975	55.08000
0.10980	64.26000
0.10985	6.12000
0.10990	24.48000
0.10995	39.78000
0.11000	24.48000
0.11005	48.96000
0.11010	52.02000
0.11015	52.02000
0.11020	33.66000
0.11025	36.72000
0.11030	36.72000
0.11035	27.54000
0.11040	-0.00000
0.11045	12.24000
0.11050	21.42000
0.11055	61.20000
0.11060	58.14000
0.11065	33.66000
0.11070	42.84000
0.11075	55.08000
0.11080	24.48000
0.11085	64.26000
0.11090	52.02000
0.11095	36.72000
0.11100	27.54000
0.11105	36.72000
0.11110	24.48000
0.11115	119.34000
0.11120	24.48000
0.11125	39.78000
0.11130	6.12000
0.11135	15.30000
0.11140	33.66000
0.11145	76.50000
0.11150	76.50000
0.11155	119.34000
0.11160	36.72000
0.11165	61.20000
0.11170	45.90000
0.11175	30.60000
0.11180	27.54000
0.11185	39.78000
0.11190	27.54000
0.11195	58.14000
0.11200	48.96000
0.11205	85.68000
0.11210	85.68000
0.11215	39.78000
0.11220	79.56000
0.11225	52.02000
0.11230	97.92000
0.11235	119.34000
0.11240	134.64000
0.11245	70.38000
0.11250	27.54000
0.11255	39.78000
0.11260	18.36000
0.11265	55.08000
0.11270	42.84000
0.11275	88.74000
0.11280	12.24000
0.11285	64.26000
0.11290	67.32000
0.11295	6.12000
0.11300	97.92000
0.11305	0.00000
0.11310	36.72000
0.11315	18.36000
0.11320	67.32000
0.11325	15.30000
0.11330	70.38000
0.11335	6.12000
0.11340	97.92000
0.11345	70.38000
0.11350	134.64000
0.11355	33.66000
0.11360	9.18000
0.11365	149.94000
0.11370	42.84000
0.11375	64.26000
0.11380	21.42000
0.11385	6.12000
0.11390	9.18000
0.11395	42.84000
0.11400	61.20000
0.11405	15.30000
0.11410	58.14000
0.11415	21.42000
0.11420	6.12000
0.11425	58.14000
0.11430	33.66000
0.11435	64.26000
0.11440	100.98000
0.11445	113.22000
0.11450	30.60000
0.11455	36.72000
0.11460	42.84000
0.11465	15.30000
0.11470	52.02000
0.11475	76.50000
0.11480	45.90000
0.11485	39.78000
0.11490	42.84000
0.11495	64.26000
0.11500	48.96000
0.11505	42.84000
0.11510	45.90000
0.11515	24.48000
0.11520	36.72000
0.11525	12.24000
0.11530	18.36000
0.11535	15.30000
0.11540	15.30000
0.11545	76.50000
0.11550	55.08000
0.11555	21.42000
0.11560	64.26000
0.11565	21.42000
0.11570	15.30000
0.11575	24.48000
0.11580	12.24000
0.11585	24.48000
0.11590	39.78000
0.11595	82.62000
0.11600	39.78000
0.11605	39.78000
0.11610	24.48000
0.11615	116.28000
0.11620	52.02000
0.11625	6.12000
0.11630	61.20000
0.11635	82.62000
0.11640	42.84000
0.11645	67.32000
0.11650	52.02000
0.11655	73.44000
0.11660	33.66000
0.11665	64.26000
0.11670	58.14000
0.11675	42.84000
0.11680	73.44000
0.11685	12.24000
0.11690	6.12000
0.11695	30.60000
0.11700	33.66000
0.11705	64.26000
0.11710	3.06000
0.11715	58.14000
0.11720	18.36000
0.11725	12.24000
0.11730	24.48000
0.11735	36.72000
0.11740	3.06000
0.11745	6.12000
0.11750	39.78000
0.11755	18.36000
0.11760	33.66000
0.11765	45.90000
0.11770	39.78000
0.11775	70.38000
0.11780	79.56000
0.11785	27.54000
0.11790	48.96000
0.11795	61.20000
0.11800	27.54000
0.11805	45.90000
0.11810	48.96000
0.11815	64.26000
0.11820	42.84000
0.11825	3.06000
0.11830	58.14000
0.11835	39.78000
0.11840	15.30000
0.11845	52.02000
0.11850	76.50000
0.11855	39.78000
0.11860	48.96000
0.11865	27.54000
0.11870	88.74000
0.11875	55.08000
0.11880	125.46000
0.11885	21.42000
0.11890	15.30000
0.11895	0.00000
0.11900	18.36000
0.11905	6.12000
0.11910	9.18000
0.11915	36.72000
0.11920	36.72000
0.11925	45.90000
0.11930	116.28000
0.11935	48.96000
0.11940	79.56000
0.11945	55.08000
0.11950	30.60000
0.11955	24.48000
0.11960	21.42000
0.11965	18.36000
0.11970	15.30000
0.11975	33.66000
0.11980	6.12000
0.11985	18.36000
0.11990	45.90000
0.11995	33.66000
0.12000	18.36000
0.12005	64.26000
0.12010	55.08000
0.12015	18.36000
0.12020	33.66000
0.12025	79.56000
0.12030	12.24000
0.12035	12.24000
0.12040	39.78000
0.12045	36.72000
0.12050	48.96000
0.12055	70.38000
0.12060	70.38000
0.12065	48.96000
0.12070	36.72000
0.12075	58.14000
0.12080	70.38000
0.12085	45.90000
0.12090	64.26000
0.12095	39.78000
0.12100	61.20000
0.12105	3.06000
0.12110	18.36000
0.12115	42.84000
0.12120	64.26000
0.12125	33.66000
0.12130	42.84000
0.12135	48.96000
0.12140	94.86000
0.12145	48.96000
0.12150	45.90000
0.12155	12.24000
0.12160	48.96000
0.12165	61.20000
0.12170	82.62000
0.12175	113.22000
0.12180	12.24000
0.12185	24.48000
0.12190	36.72000
0.12195	15.30000
0.12200	36.72000
0.12205	33.66000
0.12210	33.66000
0.12215	36.72000
0.12220	55.08000
0.12225	42.84000
0.12230	48.96000
0.12235	9.18000
0.12240	12.24000
0.12245	116.28000
0.12250	33.66000
0.12255	18.36000
0.12260	119.34000
0.12265	100.98000
0.12270	113.22000
0.12275	61.20000
0.12280	33.66000
0.12285	18.36000
0.12290	12.24000
0.12295	64.26000
0.12300	61.20000
0.12305	42.84000
0.12310	18.36000
0.12315	9.18000
0.12320	12.24000
0.12325	15.30000
0.12330	24.48000
0.12335	61.20000
0.12340	21.42000
0.12345	52.02000
0.12350	18.36000
0.12355	12.24000
0.12360	137.70000
0.12365	39.78000
0.12370	39.78000
0.12375	67.32000
0.12380	97.92000
0.12385	52.02000
0.12390	61.20000
0.12395	18.36000
0.12400	58.14000
0.12405	36.72000
0.12410	48.96000
0.12415	48.96000
0.12420	67.32000
0.12425	79.56000
0.12430	55.08000
0.12435	27.54000
0.12440	18.36000
0.12445	39.78000
0.12450	24.48000
0.12455	58.14000
0.12460	24.48000
0.12465	85.68000
0.12470	3.06000
0.12475	30.60000
0.12480	58.14000
0.12485	6.12000
0.12490	27.54000
0.12495	27.54000
0.12500	85.68000
0.12505	48.96000
0.12510	64.26000
0.12515	33.66000
0.12520	52.02000
0.12525	12.24000
0.12530	30.60000
0.12535	6.12000
0.12540	24.48000
0.12545	15.30000
0.12550	3.06000
0.12555	70.38000
0.12560	15.30000
0.12565	36.72000
0.12570	64.26000
0.12575	24.48000
0.12580	12.24000
0.12585	36.72000
0.12590	9.18000
0.12595	3.06000
0.12600	27.54000
0.12605	55.08000
0.12610	67.32000
0.12615	18.36000
0.12620	33.66000
0.12625	82.62000
0.12630	91.80000
0.12635	33.66000
0.12640	9.18000
0.12645	6.12000
0.12650	61.20000
0.12655	24.48000
0.12660	6.12000
0.12665	61.20000
0.12670	33.66000
0.12675	45.90000
0.12680	30.60000
0.12685	30.60000
0.12690	70.38000
0.12695	48.96000
0.12700	9.18000
0.12705	24.48000
0.12710	42.84000
0.12715	64.26000
0.12720	12.24000
0.12725	27.54000
0.12730	70.38000
0.12735	39.78000
0.12740	15.30000
0.12745	42.84000
0.12750	79.56000
0.12755	12.24000
0.12760	73.44000
0.12765	24.48000
0.12770	18.36000
0.12775	33.66000
0.12780	88.74000
0.12785	21.42000
0.12790	21.42000
0.12795	64.26000
0.12800	125.46000
0.12805	119.34000
0.12810	52.02000
0.12815	48.96000
0.12820	48.96000
0.12825	91.80000
0.12830	55.08000
0.12835	12.24000
0.12840	36.72000
0.12845	24.48000
0.12850	15.30000
0.12855	52.02000
0.12860	42.84000
0.12865	39.78000
0.12870	42.84000
0.12875	36.72000
0.12880	6.12000
0.12885	67.32000
0.12890	24.48000
0.12895	12.24000
0.12900	9.18000
0.12905	21.42000
0.12910	64.26000
0.12915	24.48000
0.12920	97.92000
0.12925	36.72000
0.12930	42.84000
0.12935	42.84000
0.12940	9.18000
0.12945	21.42000
0.12950	39.78000
0.12955	12.24000
0.12960	33.66000
0.12965	55.08000
0.12970	24.48000
0.12975	94.86000
0.12980	21.42000
0.12985	33.66000
0.12990	67.32000
0.12995	6.12000
0.13000	42.84000
0.13005	0.00000
0.13010	73.44000
0.13015	27.54000
0.13020	24.48000
0.13025	52.02000
0.13030	67.32000
0.13035	73.44000
0.13040	36.72000
0.13045	61.20000
0.13050	48.96000
0.13055	30.60000
0.13060	24.48000
0.13065	15.30000
0.13070	42.84000
0.13075	24.48000
0.13080	15.30000
0.13085	15.30000
0.13090	21.42000
0.13095	15.30000
0.13100	42.84000
0.13105	30.60000
0.13110	58.14000
0.13115	64.26000
0.13120	21.42000
0.13125	33.66000
0.13130	9.18000
0.13135	119.34000
0.13140	70.38000
0.13145	61.20000
0.13150	88.74000
0.13155	12.24000
0.13160	18.36000
0.13165	168.30000
0.13170	52.02000
0.13175	52.02000
0.13180	-0.00000
0.13185	9.18000
0.13190	70.38000
0.13195	55.08000
0.13200	3.06000
0.13205	91.80000
0.13210	94.86000
0.13215	33.66000
0.13220	33.66000
0.13225	76.50000
0.13230	116.28000
0.13235	64.26000
0.13240	134.64000
0.13245	67.32000
0.13250	24.48000
0.13255	45.90000
0.13260	30.60000
0.13265	39.78000
0.13270	73.44000
0.13275	36.72000
0.13280	18.36000
0.13285	21.42000
0.13290	27.54000
0.13295	21.42000
0.13300	21.42000
0.13305	15.30000
0.13310	33.66000
0.13315	100.98000
0.13320	42.84000
0.13325	85.68000
0.13330	76.50000
0.13335	100.98000
0.13340	42.84000
0.13345	55.08000
0.13350	0.00000
0.13355	18.36000
0.13360	33.66000
0.13365	70.38000
0.13370	21.42000
0.13375	30.60000
0.13380	3.06000
0.13385	33.66000
0.13390	12.24000
0.13395	6.12000
0.13400	12.24000
0.13405	21.42000
0.13410	88.74000
0.13415	55.08000
0.13420	18.36000
0.13425	15.30000
0.13430	36.72000
0.13435	18.36000
0.13440	58.14000
0.13445	24.48000
0.13450	42.84000
0.13455	76.50000
0.13460	55.08000
0.13465	42.84000
0.13470	36.72000
0.13475	24.48000
0.13480	58.14000
0.13485	3.06000
0.13490	42.84000
0.13495	52.02000
0.13500	21.42000
0.13505	70.38000
0.13510	33.66000
0.13515	45.90000
0.13520	36.72000
0.13525	15.30000
0.13530	9.18000
0.13535	18.36000
0.13540	36.72000
0.13545	15.30000
0.13550	33.66000
0.13555	82.62000
0.13560	48.96000
0.13565	52.02000
0.13570	67.32000
0.13575	36.72000
0.13580	42.84000
0.13585	36.72000
0.13590	18.36000
0.13595	30.60000
0.13600	18.36000
0.13605	30.60000
0.13610	73.44000
0.13615	52.02000
0.13620	85.68000
0.13625	73.44000
0.13630	73.44000
0.13635	91.80000
0.13640	76.50000
0.13645	45.90000
0.13650	45.90000
0.13655	27.54000
0.13660	67.32000
0.13665	15.30000
0.13670	9.18000
0.13675	64.26000
0.13680	64.26000
0.13685	0.00000
0.13690	27.54000
0.13695	18.36000
0.13700	42.84000
0.13705	0.00000
0.13710	24.48000
0.13715	21.42000
0.13720	52.02000
0.13725	64.26000
0.13730	21.42000
0.13735	39.78000
0.13740	27.54000
0.13745	55.08000
0.13750	30.60000
0.13755	36.72000
0.13760	9.18000
0.13765	45.90000
0.13770	6.12000
0.13775	18.36000
0.13780	33.66000
0.13785	12.24000
0.13790	30.60000
0.13795	67.32000
0.13800	39.78000
0.13805	64.26000
0.13810	9.18000
0.13815	165.24000
0.13820	0.00000
0.13825	42.84000
0.13830	24.48000
0.13835	58.14000
0.13840	33.66000
0.13845	12.24000
0.13850	88.74000
0.13855	39.78000
0.13860	36.72000
0.13865	36.72000
0.13870	52.02000
0.13875	128.52000
0.13880	24.48000
0.13885	88.74000
0.13890	79.56000
0.13895	97.92000
0.13900	30.60000
0.13905	27.54000
0.13910	143.82000
0.13915	30.60000
0.13920	58.14000
0.13925	45.90000
0.13930	18.36000
0.13935	18.36000
0.13940	70.38000
0.13945	70.38000
0.13950	88.74000
0.13955	3.06000
0.13960	9.18000
0.13965	3.06000
0.13970	12.24000
0.13975	18.36000
0.13980	58.14000
0.13985	61.20000
0.13990	70.38000
0.13995	3.06000
0.14000	52.02000
0.14005	107.10000
0.14010	85.68000
0.14015	45.90000
0.14020	64.26000
0.14025	36.72000
0.14030	39.78000
0.14035	52.02000
0.14040	64.26000
0.14045	39.78000
0.14050	30.60000
0.14055	33.66000
0.14060	21.42000
0.14065	61.20000
0.14070	39.78000
0.14075	137.70000
0.14080	21.42000
0.14085	48.96000
0.14090	39.78000
0.14095	18.36000
0.14100	97.92000
0.14105	24.48000
0.14110	110.16000
0.14115	100.98000
0.14120	153.00000
0.14125	94.86000
0.14130	208.08000
0.14135	177.48000
0.14140	97.92000
0.14145	97.92000
0.14150	165.24000
0.14155	312.12000
0.14160	556.92000
0.14165	394.74000
0.14170	636.48000
0.14175	826.20000
0.14180	988.38000
0.14185	1129.14000
0.14190	1318.86000
0.14195	1416.78000
0.14200	1698.30000
0.14205	2276.64000
0.14210	2041.02000
0.14215	2270.52000
0.14220	2123.64000
0.14225	2264.40000
0.14230	1982.88000
0.14235	2181.78000
0.14240	1832.94000
0.14245	1637.10000
0.14250	1621.80000
0.14255	1432.08000
0.14260	1211.76000
0.14265	850.68000
0.14270	783.36000
0.14275	618.12000
0.14280	636.48000
0.14285	477.36000
0.14290	532.44000
0.14295	367.20000
0.14300	590.58000
0.14305	394.74000
0.14310	419.22000
0.14315	336.60000
0.14320	422.28000
0.14325	406.98000
0.14330	358.02000
0.14335	266.22000
0.14340	410.04000
0.14345	238.68000
0.14350	263.16000
0.14355	220.32000
0.14360	232.56000
0.14365	302.94000
0.14370	257.04000
0.14375	345.78000
0.14380	226.44000
0.14385	195.84000
0.14390	180.54000
0.14395	125.46000
0.14400	201.96000
0.14405	159.12000
0.14410	281.52000
0.14415	241.74000
0.14420	263.16000
0.14425	149.94000
0.14430	149.94000
0.14435	116.28000
0.14440	119.34000
0.14445	302.94000
0.14450	140.76000
0.14455	177.48000
0.14460	269.28000
0.14465	192.78000
0.14470	140.76000
0.14475	180.54000
0.14480	162.18000
0.14485	156.06000
0.14490	217.26000
0.14495	168.30000
0.14500	189.72000
0.14505	131.58000
0.14510	247.86000
0.14515	241.74000
0.14520	180.54000
0.14525	149.94000
0.14530	220.32000
0.14535	183.60000
0.14540	149.94000
0.14545	149.94000
0.14550	211.14000
0.14555	278.46000
0.14560	140.76000
0.14565	183.60000
0.14570	153.00000
0.14575	171.36000
0.14580	208.08000
0.14585	205.02000
0.14590	275.40000
0.14595	306.00000
0.14600	122.40000
0.14605	137.70000
0.14610	205.02000
0.14615	137.70000
0.14620	149.94000
0.14625	146.88000
0.14630	119.34000
0.14635	186.66000
0.14640	183.60000
0.14645	110.16000
0.14650	159.12000
0.14655	186.66000
0.14660	186.66000
0.14665	122.40000
0.14670	110.16000
0.14675	137.70000
0.14680	91.80000
0.14685	113.22000
0.14690	140.76000
0.14695	97.92000
0.14700	122.40000
0.14705	137.70000
0.14710	97.92000
0.14715	110.16000
0.14720	91.80000
0.14725	119.34000
0.14730	122.40000
0.14735	177.48000
0.14740	125.46000
0.14745	211.14000
0.14750	192.78000
0.14755	119.34000
0.14760	88.74000
0.14765	55.08000
0.14770	42.84000
0.14775	143.82000
0.14780	85.68000
0.14785	94.86000
0.14790	79.56000
0.14795	235.62000
0.14800	137.70000
0.14805	146.88000
0.14810	100.98000
0.14815	73.44000
0.14820	128.52000
0.14825	85.68000
0.14830	91.80000
0.14835	100.98000
0.14840	107.10000
0.14845	153.00000
0.14850	76.50000
0.14855	119.34000
0.14860	156.06000
0.14865	156.06000
0.14870	137.70000
0.14875	113.22000
0.14880	91.80000
0.14885	97.92000
0.14890	149.94000
0.14895	125.46000
0.14900	116.28000
0.14905	153.00000
0.14910	82.62000
0.14915	137.70000
0.14920	131.58000
0.14925	36.72000
0.14930	168.30000
0.14935	107.10000
0.14940	186.66000
0.14945	58.14000
0.14950	97.92000
0.14955	110.16000
0.14960	58.14000
0.14965	140.76000
0.14970	153.00000
0.14975	122.40000
0.14980	107.10000
0.14985	94.86000
0.14990	107.10000
0.14995	168.30000
0.15000	140.76000
0.15005	67.32000
0.15010	174.42000
0.15015	73.44000
0.15020	159.12000
0.15025	168.30000
0.15030	82.62000
0.15035	70.38000
0.15040	143.82000
0.15045	116.28000
0.15050	134.64000
0.15055	85.68000
0.15060	30.60000
0.15065	30.60000
0.15070	192.78000
0.15075	73.44000
0.15080	64.26000
0.15085	153.00000
0.15090	55.08000
0.15095	131.58000
0.15100	97.92000
0.15105	131.58000
0.15110	70.38000
0.15115	171.36000
0.15120	134.64000
0.15125	140.76000
0.15130	110.16000
0.15135	33.66000
0.15140	113.22000
0.15145	70.38000
0.15150	125.46000
0.15155	113.22000
0.15160	21.42000
0.15165	180.54000
0.15170	76.50000
0.15175	97.92000
0.15180	116.28000
0.15185	149.94000
0.15190	67.32000
0.15195	100.98000
0.15200	82.62000
0.15205	116.28000
0.15210	58.14000
0.15215	52.02000
0.15220	39.78000
0.15225	70.38000
0.15230	272.34000
0.15235	33.66000
0.15240	104.04000
0.15245	88.74000
0.15250	55.08000
0.15255	113.22000
0.15260	76.50000
0.15265	67.32000
0.15270	107.10000
0.15275	88.74000
0.15280	12.24000
0.15285	113.22000
0.15290	61.20000
0.15295	162.18000
0.15300	64.26000
0.15305	52.02000
0.15310	67.32000
0.15315	186.66000
0.15320	107.10000
0.15325	94.86000
0.15330	12.24000
0.15335	61.20000
0.15340	119.34000
0.15345	52.02000
0.15350	39.78000
0.15355	45.90000
0.15360	85.68000
0.15365	67.32000
0.15370	153.00000
0.15375	119.34000
0.15380	100.98000
0.15385	241.74000
0.15390	64.26000
0.15395	113.22000
0.15400	55.08000
0.15405	76.50000
0.15410	107.10000
0.15415	104.04000
0.15420	159.12000
0.15425	119.34000
0.15430	58.14000
0.15435	21.42000
0.15440	85.68000
0.15445	113.22000
0.15450	79.56000
0.15455	110.16000
0.15460	100.98000
0.15465	73.44000
0.15470	88.74000
0.15475	143.82000
0.15480	134.64000
0.15485	45.90000
0.15490	33.66000
0.15495	39.78000
0.15500	143.82000
0.15505	55.08000
0.15510	113.22000
0.15515	52.02000
0.15520	140.76000
0.15525	183.60000
0.15530	52.02000
0.15535	107.10000
0.15540	82.62000
0.15545	52.02000
0.15550	55.08000
0.15555	128.52000
0.15560	48.96000
0.15565	52.02000
0.15570	94.86000
0.15575	104.04000
0.15580	33.66000
0.15585	39.78000
0.15590	73.44000
0.15595	73.44000
0.15600	70.38000
0.15605	52.02000
0.15610	97.92000
0.15615	58.14000
0.15620	12.24000
0.15625	128.52000
0.15630	195.84000
0.15635	100.98000
0.15640	143.82000
0.15645	27.54000
0.15650	70.38000
0.15655	91.80000
0.15660	67.32000
0.15665	143.82000
0.15670	94.86000
0.15675	85.68000
0.15680	61.20000
0.15685	64.26000
0.15690	70.38000
0.15695	61.20000
0.15700	149.94000
0.15705	21.42000
0.15710	116.28000
0.15715	67.32000
0.15720	119.34000
0.15725	119.34000
0.15730	116.28000
0.15735	82.62000
0.15740	134.64000
0.15745	88.74000
0.15750	15.30000
0.15755	104.04000
0.15760	76.50000
0.15765	140.76000
0.15770	104.04000
0.15775	205.02000
0.15780	94.86000
0.15785	85.68000
0.15790	64.26000
0.15795	27.54000
0.15800	201.96000
0.15805	104.04000
0.15810	85.68000
0.15815	79.56000
0.15820	52.02000
0.15825	15.30000
0.15830	45.90000
0.15835	67.32000
0.15840	107.10000
0.15845	58.14000
0.15850	128.52000
0.15855	107.10000
0.15860	122.40000
0.15865	79.56000
0.15870	140.76000
0.15875	143.82000
0.15880	110.16000
0.15885	116.28000
0.15890	73.44000
0.15895	137.70000
0.15900	52.02000
0.15905	85.68000
0.15910	55.08000
0.15915	52.02000
0.15920	146.88000
0.15925	70.38000
0.15930	70.38000
0.15935	82.62000
0.15940	82.62000
0.15945	79.56000
0.15950	39.78000
0.15955	73.44000
0.15960	70.38000
0.15965	64.26000
0.15970	100.98000
0.15975	113.22000
0.15980	149.94000
0.15985	52.02000
0.15990	64.26000
0.15995	45.90000
0.16000	100.98000
0.16005	30.60000
0.16010	125.46000
0.16015	88.74000
0.16020	104.04000
0.16025	125.46000
0.16030	94.86000
0.16035	113.22000
0.16040	107.10000
0.16045	52.02000
0.16050	45.90000
0.16055	58.14000
0.16060	162.18000
0.16065	122.40000
0.16070	91.80000
0.16075	91.80000
0.16080	165.24000
0.16085	153.00000
0.16090	192.78000
0.16095	91.80000
0.16100	55.08000
0.16105	76.50000
0.16110	162.18000
0.16115	61.20000
0.16120	104.04000
0.16125	82.62000
0.16130	134.64000
0.16135	149.94000
0.16140	146.88000
0.16145	52.02000
0.16150	201.96000
0.16155	42.84000
0.16160	137.70000
0.16165	45.90000
0.16170	39.78000
0.16175	88.74000
0.16180	33.66000
0.16185	107.10000
0.16190	122.40000
0.16195	113.22000
0.16200	52.02000
0.16205	128.52000
0.16210	134.64000
0.16215	55.08000
0.16220	146.88000
0.16225	61.20000
0.16230	48.96000
0.16235	64.26000
0.16240	153.00000
0.16245	70.38000
0.16250	131.58000
0.16255	88.74000
0.16260	82.62000
0.16265	61.20000
0.16270	143.82000
0.16275	73.44000
0.16280	52.02000
0.16285	91.80000
0.16290	27.54000
0.16295	73.44000
0.16300	85.68000
0.16305	36.72000
0.16310	15.30000
0.16315	52.02000
0.16320	67.32000
0.16325	70.38000
0.16330	61.20000
0.16335	76.50000
0.16340	9.18000
0.16345	122.40000
0.16350	137.70000
0.16355	104.04000
0.16360	42.84000
0.16365	27.54000
0.16370	131.58000
0.16375	52.02000
0.16380	186.66000
0.16385	67.32000
0.16390	45.90000
0.16395	125.46000
0.16400	91.80000
0.16405	82.62000
0.16410	39.78000
0.16415	79.56000
0.16420	67.32000
0.16425	119.34000
0.16430	73.44000
0.16435	45.90000
0.16440	94.86000
0.16445	113.22000
0.16450	116.28000
0.16455	82.62000
0.16460	97.92000
0.16465	61.20000
0.16470	39.78000
0.16475	61.20000
0.16480	39.78000
0.16485	76.50000
0.16490	36.72000
0.16495	39.78000
0.16500	30.60000
0.16505	52.02000
0.16510	113.22000
0.16515	42.84000
0.16520	91.80000
0.16525	91.80000
0.16530	61.20000
0.16535	39.78000
0.16540	52.02000
0.16545	39.78000
0.16550	48.96000
0.16555	156.06000
0.16560	125.46000
0.16565	116.28000
0.16570	24.48000
0.16575	149.94000
0.16580	110.16000
0.16585	36.72000
0.16590	192.78000
0.16595	67.32000
0.16600	137.70000
0.16605	9.18000
0.16610	70.38000
0.16615	39.78000
0.16620	116.28000
0.16625	21.42000
0.16630	149.94000
0.16635	73.44000
0.16640	55.08000
0.16645	100.98000
0.16650	61.20000
0.16655	104.04000
0.16660	82.62000
0.16665	107.10000
0.16670	76.50000
0.16675	91.80000
0.16680	76.50000
0.16685	61.20000
0.16690	33.66000
0.16695	76.50000
0.16700	48.96000
0.16705	48.96000
0.16710	97.92000
0.16715	58.14000
0.16720	97.92000
0.16725	36.72000
0.16730	18.36000
0.16735	100.98000
0.16740	30.60000
0.16745	33.66000
0.16750	85.68000
0.16755	79.56000
0.16760	45.90000
0.16765	76.50000
0.16770	36.72000
0.16775	140.76000
0.16780	79.56000
0.16785	61.20000
0.16790	122.40000
0.16795	33.66000
0.16800	45.90000
0.16805	104.04000
0.16810	61.20000
0.16815	85.68000
0.16820	24.48000
0.16825	39.78000
0.16830	36.72000
0.16835	64.26000
0.16840	168.30000
0.16845	39.78000
0.16850	146.88000
0.16855	153.00000
0.16860	97.92000
0.16865	58.14000
0.16870	18.36000
0.16875	27.54000
0.16880	45.90000
0.16885	134.64000
0.16890	85.68000
0.16895	3.06000
0.16900	76.50000
0.16905	119.34000
0.16910	82.62000
0.16915	146.88000
0.16920	61.20000
0.16925	42.84000
0.16930	162.18000
0.16935	64.26000
0.16940	48.96000
0.16945	107.10000
0.16950	85.68000
0.16955	48.96000
0.16960	73.44000
0.16965	97.92000
0.16970	125.46000
0.16975	73.44000
0.16980	52.02000
0.16985	110.16000
0.16990	52.02000
