0.00000	0.00000
0.00005	0.00000
0.00010	0.30576
0.00015	0.30576
0.00020	0.15288
0.00025	0.45864
0.00030	2.06388
0.00035	1.14660
0.00040	0.30576
0.00045	0.07644
0.00050	0.84084
0.00055	2.75184
0.00060	0.68796
0.00065	0.15288
0.00070	0.61152
0.00075	1.29948
0.00080	1.98744
0.00085	0.99372
0.00090	0.22932
0.00095	0.38220
0.00100	2.21676
0.00105	2.82828
0.00110	3.21048
0.00115	5.65656
0.00120	2.44608
0.00125	4.50996
0.00130	5.50368
0.00135	3.82200
0.00140	6.72672
0.00145	9.17280
0.00150	15.97596
0.00155	19.79796
0.00160	20.94456
0.00165	35.23884
0.00170	49.38024
0.00175	67.72584
0.00180	79.87980
0.00185	99.14268
0.00190	105.10500
0.00195	120.46944
0.00200	133.77000
0.00205	145.08312
0.00210	155.47896
0.00215	157.69572
0.00220	175.81200
0.00225	163.81092
0.00230	160.52400
0.00235	151.88628
0.00240	139.88520
0.00245	133.77000
0.00250	121.84536
0.00255	113.58984
0.00260	99.06624
0.00265	81.40860
0.00270	71.08920
0.00275	71.77716
0.00280	51.67344
0.00285	51.44412
0.00290	41.73624
0.00295	43.57080
0.00300	39.13728
0.00305	33.48072
0.00310	27.90060
0.00315	28.35924
0.00320	23.84928
0.00325	26.21892
0.00330	20.33304
0.00335	22.54980
0.00340	20.56236
0.00345	14.06496
0.00350	22.77912
0.00355	18.88068
0.00360	16.35816
0.00365	13.83564
0.00370	15.97596
0.00375	15.13512
0.00380	9.78432
0.00385	20.79168
0.00390	15.97596
0.00395	11.23668
0.00400	10.70160
0.00405	16.74036
0.00410	12.53616
0.00415	9.17280
0.00420	10.39584
0.00425	12.84192
0.00430	11.38956
0.00435	5.27436
0.00440	11.92464
0.00445	11.61888
0.00450	7.33824
0.00455	9.01992
0.00460	6.80316
0.00465	6.95604
0.00470	5.65656
0.00475	10.85448
0.00480	11.08380
0.00485	8.94348
0.00490	10.39584
0.00495	6.11520
0.00500	4.05132
0.00505	9.40212
0.00510	11.16024
0.00515	8.79060
0.00520	6.65028
0.00525	8.10264
0.00530	6.65028
0.00535	7.03248
0.00540	9.09636
0.00545	9.78432
0.00550	8.48484
0.00555	7.33824
0.00560	8.56128
0.00565	9.40212
0.00570	10.54872
0.00575	6.72672
0.00580	7.94976
0.00585	4.58640
0.00590	7.10892
0.00595	6.03876
0.00600	7.33824
0.00605	5.73300
0.00610	3.89844
0.00615	5.73300
0.00620	6.03876
0.00625	4.12776
0.00630	4.20420
0.00635	7.79688
0.00640	5.50368
0.00645	4.28064
0.00650	4.35708
0.00655	4.05132
0.00660	3.43980
0.00665	5.73300
0.00670	6.11520
0.00675	4.43352
0.00680	10.01364
0.00685	3.89844
0.00690	5.42724
0.00695	9.40212
0.00700	8.48484
0.00705	4.96860
0.00710	5.88588
0.00715	4.66284
0.00720	4.05132
0.00725	4.73928
0.00730	4.20420
0.00735	4.35708
0.00740	7.49112
0.00745	6.87960
0.00750	6.03876
0.00755	5.35080
0.00760	8.56128
0.00765	7.56756
0.00770	5.88588
0.00775	4.96860
0.00780	3.66912
0.00785	2.82828
0.00790	4.89216
0.00795	6.03876
0.00800	5.96232
0.00805	2.82828
0.00810	5.50368
0.00815	7.33824
0.00820	7.94976
0.00825	4.05132
0.00830	7.33824
0.00835	6.03876
0.00840	6.19164
0.00845	9.86076
0.00850	4.73928
0.00855	6.57384
0.00860	3.74556
0.00865	3.43980
0.00870	6.34452
0.00875	1.60524
0.00880	6.72672
0.00885	8.63772
0.00890	7.87332
0.00895	3.51624
0.00900	4.89216
0.00905	6.26808
0.00910	5.42724
0.00915	10.16652
0.00920	6.87960
0.00925	3.43980
0.00930	4.73928
0.00935	5.12148
0.00940	5.80944
0.00945	5.19792
0.00950	4.05132
0.00955	5.35080
0.00960	5.42724
0.00965	7.94976
0.00970	2.98116
0.00975	4.58640
0.00980	5.80944
0.00985	7.94976
0.00990	5.27436
0.00995	5.27436
0.01000	6.19164
0.01005	5.35080
0.01010	4.96860
0.01015	5.96232
0.01020	7.64400
0.01025	7.49112
0.01030	6.80316
0.01035	3.66912
0.01040	3.97488
0.01045	4.66284
0.01050	5.58012
0.01055	8.48484
0.01060	3.59268
0.01065	4.12776
0.01070	5.12148
0.01075	4.50996
0.01080	4.20420
0.01085	4.20420
0.01090	5.35080
0.01095	6.49740
0.01100	5.27436
0.01105	3.13404
0.01110	3.82200
0.01115	4.43352
0.01120	3.59268
0.01125	4.20420
0.01130	2.67540
0.01135	4.58640
0.01140	4.50996
0.01145	4.58640
0.01150	5.73300
0.01155	10.70160
0.01160	4.20420
0.01165	5.58012
0.01170	8.10264
0.01175	4.20420
0.01180	3.66912
0.01185	2.44608
0.01190	5.65656
0.01195	4.58640
0.01200	2.59896
0.01205	3.51624
0.01210	3.28692
0.01215	4.50996
0.01220	6.87960
0.01225	2.59896
0.01230	7.72044
0.01235	4.89216
0.01240	5.12148
0.01245	5.96232
0.01250	4.12776
0.01255	5.88588
0.01260	7.33824
0.01265	5.42724
0.01270	2.52252
0.01275	5.12148
0.01280	7.10892
0.01285	5.73300
0.01290	2.29320
0.01295	1.98744
0.01300	4.81572
0.01305	2.98116
0.01310	5.80944
0.01315	4.05132
0.01320	5.42724
0.01325	6.87960
0.01330	4.89216
0.01335	3.59268
0.01340	5.88588
0.01345	6.19164
0.01350	4.58640
0.01355	3.36336
0.01360	2.98116
0.01365	4.28064
0.01370	2.14032
0.01375	5.42724
0.01380	3.74556
0.01385	3.36336
0.01390	4.28064
0.01395	7.49112
0.01400	6.19164
0.01405	6.65028
0.01410	5.73300
0.01415	1.83456
0.01420	6.42096
0.01425	3.89844
0.01430	5.80944
0.01435	6.03876
0.01440	5.73300
0.01445	1.91100
0.01450	5.27436
0.01455	5.04504
0.01460	8.86704
0.01465	6.49740
0.01470	3.43980
0.01475	4.81572
0.01480	5.19792
0.01485	4.28064
0.01490	4.89216
0.01495	5.50368
0.01500	8.25552
0.01505	2.75184
0.01510	5.04504
0.01515	4.58640
0.01520	5.58012
0.01525	3.59268
0.01530	2.67540
0.01535	4.35708
0.01540	5.42724
0.01545	4.73928
0.01550	5.88588
0.01555	2.44608
0.01560	2.36964
0.01565	1.98744
0.01570	4.05132
0.01575	4.58640
0.01580	4.66284
0.01585	2.44608
0.01590	4.89216
0.01595	2.59896
0.01600	2.21676
0.01605	3.59268
0.01610	4.43352
0.01615	3.59268
0.01620	7.18536
0.01625	5.35080
0.01630	3.74556
0.01635	3.89844
0.01640	7.10892
0.01645	3.66912
0.01650	4.58640
0.01655	3.21048
0.01660	5.12148
0.01665	2.82828
0.01670	3.66912
0.01675	4.28064
0.01680	3.97488
0.01685	2.67540
0.01690	8.17908
0.01695	2.67540
0.01700	2.98116
0.01705	4.20420
0.01710	3.82200
0.01715	4.50996
0.01720	3.59268
0.01725	4.05132
0.01730	2.98116
0.01735	4.66284
0.01740	4.81572
0.01745	4.28064
0.01750	4.12776
0.01755	4.96860
0.01760	3.43980
0.01765	4.73928
0.01770	5.50368
0.01775	3.59268
0.01780	2.59896
0.01785	3.13404
0.01790	4.43352
0.01795	3.36336
0.01800	1.60524
0.01805	2.82828
0.01810	3.28692
0.01815	2.06388
0.01820	5.04504
0.01825	2.44608
0.01830	1.14660
0.01835	1.75812
0.01840	2.44608
0.01845	1.68168
0.01850	1.60524
0.01855	3.21048
0.01860	3.05760
0.01865	4.28064
0.01870	4.12776
0.01875	3.66912
0.01880	2.67540
0.01885	2.52252
0.01890	1.60524
0.01895	1.75812
0.01900	4.05132
0.01905	3.66912
0.01910	4.89216
0.01915	7.18536
0.01920	5.04504
0.01925	5.65656
0.01930	4.73928
0.01935	3.51624
0.01940	1.68168
0.01945	2.36964
0.01950	6.26808
0.01955	2.82828
0.01960	3.28692
0.01965	5.80944
0.01970	2.14032
0.01975	3.82200
0.01980	2.29320
0.01985	3.97488
0.01990	3.28692
0.01995	4.28064
0.02000	4.96860
0.02005	4.20420
0.02010	4.43352
0.02015	3.74556
0.02020	3.21048
0.02025	3.43980
0.02030	2.29320
0.02035	4.81572
0.02040	2.21676
0.02045	4.96860
0.02050	6.03876
0.02055	3.36336
0.02060	5.50368
0.02065	3.36336
0.02070	4.05132
0.02075	2.75184
0.02080	6.19164
0.02085	3.28692
0.02090	3.51624
0.02095	4.05132
0.02100	6.11520
0.02105	4.12776
0.02110	3.05760
0.02115	1.60524
0.02120	3.97488
0.02125	4.35708
0.02130	3.89844
0.02135	4.81572
0.02140	5.35080
0.02145	2.52252
0.02150	4.58640
0.02155	4.20420
0.02160	2.90472
0.02165	2.29320
0.02170	2.06388
0.02175	3.43980
0.02180	2.44608
0.02185	3.97488
0.02190	2.14032
0.02195	3.05760
0.02200	4.66284
0.02205	5.65656
0.02210	0.53508
0.02215	2.59896
0.02220	3.43980
0.02225	4.12776
0.02230	2.52252
0.02235	3.13404
0.02240	3.28692
0.02245	4.96860
0.02250	3.28692
0.02255	4.50996
0.02260	1.60524
0.02265	1.22304
0.02270	3.89844
0.02275	1.45236
0.02280	5.19792
0.02285	2.59896
0.02290	2.90472
0.02295	2.82828
0.02300	5.12148
0.02305	1.91100
0.02310	5.58012
0.02315	5.04504
0.02320	3.43980
0.02325	4.35708
0.02330	2.98116
0.02335	2.82828
0.02340	2.98116
0.02345	2.36964
0.02350	4.35708
0.02355	2.44608
0.02360	2.14032
0.02365	4.35708
0.02370	1.45236
0.02375	2.36964
0.02380	6.65028
0.02385	2.52252
0.02390	3.66912
0.02395	2.36964
0.02400	4.81572
0.02405	5.58012
0.02410	3.89844
0.02415	4.05132
0.02420	3.28692
0.02425	2.98116
0.02430	3.51624
0.02435	5.42724
0.02440	2.59896
0.02445	2.90472
0.02450	3.51624
0.02455	4.05132
0.02460	5.04504
0.02465	3.13404
0.02470	2.75184
0.02475	3.28692
0.02480	2.67540
0.02485	2.75184
0.02490	2.98116
0.02495	4.81572
0.02500	2.44608
0.02505	5.42724
0.02510	5.27436
0.02515	1.68168
0.02520	2.75184
0.02525	3.82200
0.02530	3.13404
0.02535	3.59268
0.02540	4.58640
0.02545	1.75812
0.02550	1.75812
0.02555	4.58640
0.02560	2.52252
0.02565	5.04504
0.02570	3.74556
0.02575	4.43352
0.02580	6.49740
0.02585	2.29320
0.02590	5.27436
0.02595	3.36336
0.02600	3.05760
0.02605	2.06388
0.02610	3.59268
0.02615	2.98116
0.02620	2.36964
0.02625	1.75812
0.02630	3.43980
0.02635	2.75184
0.02640	2.29320
0.02645	4.73928
0.02650	3.97488
0.02655	1.83456
0.02660	2.21676
0.02665	1.68168
0.02670	4.05132
0.02675	2.21676
0.02680	2.06388
0.02685	4.28064
0.02690	4.58640
0.02695	2.98116
0.02700	4.28064
0.02705	5.35080
0.02710	1.52880
0.02715	2.36964
0.02720	2.82828
0.02725	4.05132
0.02730	1.83456
0.02735	3.97488
0.02740	1.22304
0.02745	3.89844
0.02750	2.14032
0.02755	3.89844
0.02760	2.06388
0.02765	2.14032
0.02770	4.96860
0.02775	4.12776
0.02780	3.66912
0.02785	3.82200
0.02790	3.51624
0.02795	4.58640
0.02800	2.90472
0.02805	1.68168
0.02810	3.74556
0.02815	4.73928
0.02820	3.36336
0.02825	5.12148
0.02830	3.36336
0.02835	1.29948
0.02840	4.43352
0.02845	1.98744
0.02850	3.97488
0.02855	5.19792
0.02860	4.43352
0.02865	5.04504
0.02870	3.51624
0.02875	4.66284
0.02880	5.88588
0.02885	3.13404
0.02890	1.83456
0.02895	2.14032
0.02900	2.59896
0.02905	3.36336
0.02910	2.21676
0.02915	3.36336
0.02920	2.98116
0.02925	3.74556
0.02930	3.82200
0.02935	3.28692
0.02940	6.34452
0.02945	3.05760
0.02950	3.05760
0.02955	2.67540
0.02960	1.75812
0.02965	1.37592
0.02970	2.29320
0.02975	2.98116
0.02980	2.29320
0.02985	2.14032
0.02990	2.06388
0.02995	5.88588
0.03000	1.98744
0.03005	3.28692
0.03010	1.60524
0.03015	6.65028
0.03020	2.98116
0.03025	4.50996
0.03030	3.05760
0.03035	3.82200
0.03040	1.68168
0.03045	3.36336
0.03050	2.21676
0.03055	3.36336
0.03060	2.21676
0.03065	3.66912
0.03070	2.75184
0.03075	3.66912
0.03080	3.74556
0.03085	3.51624
0.03090	2.98116
0.03095	3.36336
0.03100	6.11520
0.03105	3.97488
0.03110	2.52252
0.03115	3.89844
0.03120	4.05132
0.03125	3.36336
0.03130	3.05760
0.03135	3.36336
0.03140	7.87332
0.03145	2.59896
0.03150	2.44608
0.03155	5.27436
0.03160	4.20420
0.03165	2.14032
0.03170	3.89844
0.03175	5.73300
0.03180	2.82828
0.03185	3.36336
0.03190	4.58640
0.03195	2.82828
0.03200	5.50368
0.03205	2.90472
0.03210	1.91100
0.03215	3.21048
0.03220	2.67540
0.03225	3.43980
0.03230	4.05132
0.03235	2.14032
0.03240	3.43980
0.03245	3.43980
0.03250	3.66912
0.03255	3.36336
0.03260	4.58640
0.03265	1.75812
0.03270	2.75184
0.03275	3.66912
0.03280	4.50996
0.03285	4.43352
0.03290	2.82828
0.03295	3.43980
0.03300	1.75812
0.03305	2.59896
0.03310	4.81572
0.03315	3.36336
0.03320	3.89844
0.03325	5.27436
0.03330	4.96860
0.03335	2.98116
0.03340	2.82828
0.03345	2.29320
0.03350	2.06388
0.03355	5.73300
0.03360	3.59268
0.03365	2.90472
0.03370	3.13404
0.03375	3.13404
0.03380	4.12776
0.03385	4.89216
0.03390	3.28692
0.03395	2.14032
0.03400	1.45236
0.03405	1.98744
0.03410	1.75812
0.03415	2.52252
0.03420	4.35708
0.03425	3.05760
0.03430	2.21676
0.03435	1.60524
0.03440	1.98744
0.03445	2.75184
0.03450	1.60524
0.03455	2.90472
0.03460	4.50996
0.03465	4.43352
0.03470	2.52252
0.03475	4.05132
0.03480	3.21048
0.03485	1.37592
0.03490	2.90472
0.03495	3.05760
0.03500	2.82828
0.03505	1.29948
0.03510	2.44608
0.03515	4.73928
0.03520	3.21048
0.03525	0.38220
0.03530	1.83456
0.03535	2.98116
0.03540	2.75184
0.03545	2.14032
0.03550	5.42724
0.03555	1.98744
0.03560	2.82828
0.03565	2.75184
0.03570	2.21676
0.03575	1.29948
0.03580	6.49740
0.03585	2.98116
0.03590	2.75184
0.03595	3.89844
0.03600	3.66912
0.03605	3.28692
0.03610	2.29320
0.03615	4.66284
0.03620	2.44608
0.03625	5.73300
0.03630	2.44608
0.03635	2.06388
0.03640	3.05760
0.03645	2.90472
0.03650	5.12148
0.03655	2.14032
0.03660	2.14032
0.03665	5.96232
0.03670	3.51624
0.03675	1.60524
0.03680	5.42724
0.03685	2.90472
0.03690	1.68168
0.03695	2.98116
0.03700	3.21048
0.03705	2.14032
0.03710	3.59268
0.03715	4.20420
0.03720	3.13404
0.03725	2.98116
0.03730	1.83456
0.03735	3.05760
0.03740	2.36964
0.03745	1.60524
0.03750	1.37592
0.03755	3.28692
0.03760	2.98116
0.03765	6.34452
0.03770	3.28692
0.03775	2.29320
0.03780	1.91100
0.03785	1.60524
0.03790	1.83456
0.03795	3.51624
0.03800	2.21676
0.03805	2.14032
0.03810	1.75812
0.03815	2.36964
0.03820	2.82828
0.03825	2.52252
0.03830	1.14660
0.03835	2.82828
0.03840	2.82828
0.03845	4.96860
0.03850	4.28064
0.03855	4.35708
0.03860	2.67540
0.03865	2.67540
0.03870	2.44608
0.03875	3.74556
0.03880	2.52252
0.03885	1.75812
0.03890	6.57384
0.03895	1.37592
0.03900	1.29948
0.03905	2.82828
0.03910	3.13404
0.03915	2.14032
0.03920	2.44608
0.03925	2.21676
0.03930	1.60524
0.03935	2.52252
0.03940	0.76440
0.03945	2.59896
0.03950	2.14032
0.03955	2.82828
0.03960	3.13404
0.03965	1.91100
0.03970	2.21676
0.03975	1.07016
0.03980	2.14032
0.03985	2.90472
0.03990	2.82828
0.03995	3.43980
0.04000	4.20420
0.04005	3.28692
0.04010	3.43980
0.04015	2.21676
0.04020	1.98744
0.04025	1.98744
0.04030	3.21048
0.04035	1.14660
0.04040	3.51624
0.04045	1.91100
0.04050	1.37592
0.04055	2.59896
0.04060	3.51624
0.04065	2.06388
0.04070	4.81572
0.04075	2.98116
0.04080	1.68168
0.04085	2.82828
0.04090	3.36336
0.04095	2.90472
0.04100	3.28692
0.04105	3.66912
0.04110	4.50996
0.04115	2.44608
0.04120	3.51624
0.04125	3.66912
0.04130	3.05760
0.04135	2.75184
0.04140	3.74556
0.04145	1.60524
0.04150	2.75184
0.04155	2.29320
0.04160	4.89216
0.04165	3.66912
0.04170	1.60524
0.04175	4.73928
0.04180	2.21676
0.04185	4.89216
0.04190	2.90472
0.04195	4.12776
0.04200	4.12776
0.04205	3.51624
0.04210	2.14032
0.04215	4.66284
0.04220	4.50996
0.04225	1.60524
0.04230	1.52880
0.04235	1.29948
0.04240	3.66912
0.04245	2.59896
0.04250	0.99372
0.04255	4.58640
0.04260	4.35708
0.04265	2.98116
0.04270	3.21048
0.04275	1.91100
0.04280	1.37592
0.04285	3.13404
0.04290	4.12776
0.04295	4.35708
0.04300	2.52252
0.04305	3.13404
0.04310	4.96860
0.04315	1.68168
0.04320	3.36336
0.04325	2.21676
0.04330	2.67540
0.04335	2.75184
0.04340	2.98116
0.04345	2.90472
0.04350	3.28692
0.04355	3.59268
0.04360	3.13404
0.04365	2.21676
0.04370	2.59896
0.04375	3.43980
0.04380	1.91100
0.04385	2.67540
0.04390	3.74556
0.04395	3.59268
0.04400	2.36964
0.04405	1.45236
0.04410	3.51624
0.04415	1.37592
0.04420	3.13404
0.04425	3.05760
0.04430	2.52252
0.04435	2.75184
0.04440	2.36964
0.04445	2.36964
0.04450	2.29320
0.04455	1.68168
0.04460	2.59896
0.04465	1.22304
0.04470	3.21048
0.04475	1.68168
0.04480	2.67540
0.04485	3.66912
0.04490	0.68796
0.04495	1.37592
0.04500	1.68168
0.04505	2.90472
0.04510	2.75184
0.04515	2.75184
0.04520	3.59268
0.04525	2.67540
0.04530	3.74556
0.04535	3.59268
0.04540	2.44608
0.04545	3.97488
0.04550	3.28692
0.04555	1.83456
0.04560	3.36336
0.04565	2.67540
0.04570	2.44608
0.04575	2.52252
0.04580	7.94976
0.04585	4.66284
0.04590	4.43352
0.04595	3.05760
0.04600	2.75184
0.04605	2.21676
0.04610	4.35708
0.04615	4.73928
0.04620	1.91100
0.04625	0.99372
0.04630	1.68168
0.04635	3.28692
0.04640	1.22304
0.04645	1.98744
0.04650	1.83456
0.04655	2.44608
0.04660	0.68796
0.04665	2.21676
0.04670	2.75184
0.04675	1.07016
0.04680	3.97488
0.04685	2.29320
0.04690	4.12776
0.04695	2.44608
0.04700	3.59268
0.04705	2.21676
0.04710	2.90472
0.04715	3.21048
0.04720	2.44608
0.04725	1.60524
0.04730	2.75184
0.04735	4.12776
0.04740	3.74556
0.04745	3.51624
0.04750	0.99372
0.04755	3.82200
0.04760	3.36336
0.04765	2.14032
0.04770	3.21048
0.04775	3.13404
0.04780	1.75812
0.04785	1.98744
0.04790	2.44608
0.04795	3.36336
0.04800	2.52252
0.04805	3.59268
0.04810	1.83456
0.04815	2.82828
0.04820	1.68168
0.04825	1.60524
0.04830	1.29948
0.04835	1.22304
0.04840	1.91100
0.04845	1.91100
0.04850	3.66912
0.04855	2.52252
0.04860	2.52252
0.04865	3.89844
0.04870	2.06388
0.04875	3.21048
0.04880	1.83456
0.04885	3.13404
0.04890	4.28064
0.04895	4.05132
0.04900	4.12776
0.04905	4.28064
0.04910	2.98116
0.04915	3.28692
0.04920	1.68168
0.04925	2.36964
0.04930	1.45236
0.04935	2.36964
0.04940	4.66284
0.04945	1.98744
0.04950	1.52880
0.04955	2.14032
0.04960	2.98116
0.04965	1.22304
0.04970	2.82828
0.04975	2.82828
0.04980	3.89844
0.04985	0.61152
0.04990	3.36336
0.04995	1.22304
0.05000	2.21676
0.05005	1.37592
0.05010	2.21676
0.05015	2.36964
0.05020	4.20420
0.05025	2.98116
0.05030	2.14032
0.05035	3.43980
0.05040	3.82200
0.05045	2.75184
0.05050	2.21676
0.05055	4.12776
0.05060	4.66284
0.05065	2.52252
0.05070	2.36964
0.05075	2.59896
0.05080	2.21676
0.05085	2.06388
0.05090	3.51624
0.05095	1.75812
0.05100	3.97488
0.05105	2.36964
0.05110	2.21676
0.05115	6.42096
0.05120	3.82200
0.05125	3.74556
0.05130	1.98744
0.05135	2.36964
0.05140	0.99372
0.05145	2.98116
0.05150	2.29320
0.05155	5.65656
0.05160	2.44608
0.05165	2.67540
0.05170	2.98116
0.05175	3.43980
0.05180	1.45236
0.05185	3.43980
0.05190	2.75184
0.05195	0.99372
0.05200	3.89844
0.05205	3.13404
0.05210	3.36336
0.05215	2.36964
0.05220	4.05132
0.05225	1.98744
0.05230	2.44608
0.05235	3.28692
0.05240	2.36964
0.05245	2.59896
0.05250	1.60524
0.05255	3.43980
0.05260	1.83456
0.05265	1.37592
0.05270	2.59896
0.05275	1.75812
0.05280	2.06388
0.05285	1.29948
0.05290	2.98116
0.05295	2.75184
0.05300	3.66912
0.05305	1.83456
0.05310	3.51624
0.05315	2.52252
0.05320	1.52880
0.05325	2.14032
0.05330	2.29320
0.05335	1.68168
0.05340	1.07016
0.05345	1.14660
0.05350	4.05132
0.05355	1.52880
0.05360	3.05760
0.05365	1.83456
0.05370	1.60524
0.05375	3.05760
0.05380	2.14032
0.05385	2.67540
0.05390	0.61152
0.05395	3.21048
0.05400	3.43980
0.05405	2.06388
0.05410	1.91100
0.05415	3.13404
0.05420	2.06388
0.05425	1.75812
0.05430	1.22304
0.05435	2.44608
0.05440	2.67540
0.05445	3.82200
0.05450	1.91100
0.05455	1.98744
0.05460	3.66912
0.05465	2.14032
0.05470	2.06388
0.05475	2.59896
0.05480	2.59896
0.05485	2.21676
0.05490	1.22304
0.05495	2.29320
0.05500	2.90472
0.05505	2.14032
0.05510	2.21676
0.05515	1.98744
0.05520	4.96860
0.05525	5.27436
0.05530	2.44608
0.05535	2.75184
0.05540	3.28692
0.05545	2.14032
0.05550	2.06388
0.05555	5.04504
0.05560	2.06388
0.05565	2.36964
0.05570	2.44608
0.05575	2.06388
0.05580	3.21048
0.05585	1.14660
0.05590	1.60524
0.05595	4.73928
0.05600	3.43980
0.05605	2.14032
0.05610	1.68168
0.05615	1.22304
0.05620	2.90472
0.05625	2.06388
0.05630	4.66284
0.05635	0.68796
0.05640	2.14032
0.05645	2.98116
0.05650	1.91100
0.05655	2.82828
0.05660	4.20420
0.05665	2.67540
0.05670	2.59896
0.05675	3.82200
0.05680	4.66284
0.05685	0.61152
0.05690	1.22304
0.05695	1.52880
0.05700	3.43980
0.05705	1.98744
0.05710	1.22304
0.05715	1.14660
0.05720	2.14032
0.05725	2.75184
0.05730	2.82828
0.05735	3.59268
0.05740	2.44608
0.05745	3.36336
0.05750	2.36964
0.05755	3.13404
0.05760	1.60524
0.05765	3.97488
0.05770	1.45236
0.05775	2.82828
0.05780	2.90472
0.05785	2.44608
0.05790	5.04504
0.05795	1.75812
0.05800	1.07016
0.05805	2.52252
0.05810	3.51624
0.05815	3.51624
0.05820	2.59896
0.05825	2.21676
0.05830	2.82828
0.05835	2.29320
0.05840	1.14660
0.05845	1.52880
0.05850	1.45236
0.05855	2.36964
0.05860	0.53508
0.05865	1.29948
0.05870	3.43980
0.05875	3.05760
0.05880	5.58012
0.05885	3.59268
0.05890	3.43980
0.05895	2.59896
0.05900	5.04504
0.05905	2.06388
0.05910	3.05760
0.05915	3.28692
0.05920	1.91100
0.05925	2.59896
0.05930	2.14032
0.05935	2.29320
0.05940	2.44608
0.05945	1.60524
0.05950	3.13404
0.05955	2.75184
0.05960	4.81572
0.05965	3.36336
0.05970	1.98744
0.05975	2.98116
0.05980	4.28064
0.05985	2.59896
0.05990	3.21048
0.05995	3.05760
0.06000	2.06388
0.06005	2.36964
0.06010	4.12776
0.06015	0.61152
0.06020	2.67540
0.06025	3.13404
0.06030	2.44608
0.06035	4.12776
0.06040	1.07016
0.06045	3.05760
0.06050	3.21048
0.06055	2.52252
0.06060	2.36964
0.06065	2.14032
0.06070	4.28064
0.06075	3.89844
0.06080	3.89844
0.06085	3.89844
0.06090	2.82828
0.06095	3.21048
0.06100	3.59268
0.06105	2.59896
0.06110	1.75812
0.06115	1.45236
0.06120	2.52252
0.06125	2.75184
0.06130	4.20420
0.06135	1.75812
0.06140	3.28692
0.06145	4.20420
0.06150	4.43352
0.06155	2.21676
0.06160	2.21676
0.06165	2.29320
0.06170	3.36336
0.06175	0.84084
0.06180	1.75812
0.06185	1.45236
0.06190	2.14032
0.06195	3.36336
0.06200	2.98116
0.06205	3.36336
0.06210	2.14032
0.06215	2.06388
0.06220	4.43352
0.06225	2.90472
0.06230	3.05760
0.06235	3.28692
0.06240	1.52880
0.06245	3.05760
0.06250	3.43980
0.06255	3.89844
0.06260	4.35708
0.06265	2.29320
0.06270	1.91100
0.06275	1.68168
0.06280	3.66912
0.06285	2.14032
0.06290	2.29320
0.06295	1.22304
0.06300	2.82828
0.06305	3.43980
0.06310	3.51624
0.06315	2.44608
0.06320	1.37592
0.06325	1.14660
0.06330	0.91728
0.06335	0.53508
0.06340	2.06388
0.06345	3.21048
0.06350	4.89216
0.06355	3.36336
0.06360	2.21676
0.06365	1.68168
0.06370	1.68168
0.06375	6.19164
0.06380	3.74556
0.06385	3.13404
0.06390	3.51624
0.06395	3.66912
0.06400	2.44608
0.06405	2.21676
0.06410	1.98744
0.06415	2.06388
0.06420	1.14660
0.06425	1.98744
0.06430	1.83456
0.06435	2.36964
0.06440	1.98744
0.06445	3.21048
0.06450	2.98116
0.06455	2.75184
0.06460	1.83456
0.06465	1.75812
0.06470	4.58640
0.06475	1.68168
0.06480	1.75812
0.06485	2.36964
0.06490	2.67540
0.06495	2.29320
0.06500	1.98744
0.06505	2.29320
0.06510	1.98744
0.06515	1.91100
0.06520	2.52252
0.06525	1.22304
0.06530	1.14660
0.06535	3.66912
0.06540	1.14660
0.06545	2.67540
0.06550	1.60524
0.06555	3.13404
0.06560	2.36964
0.06565	2.21676
0.06570	4.05132
0.06575	3.28692
0.06580	1.45236
0.06585	0.68796
0.06590	1.68168
0.06595	2.06388
0.06600	4.35708
0.06605	2.44608
0.06610	2.21676
0.06615	4.12776
0.06620	1.52880
0.06625	1.91100
0.06630	0.99372
0.06635	0.84084
0.06640	2.29320
0.06645	2.44608
0.06650	2.98116
0.06655	3.13404
0.06660	2.06388
0.06665	1.29948
0.06670	2.82828
0.06675	3.21048
0.06680	2.29320
0.06685	1.98744
0.06690	2.52252
0.06695	1.75812
0.06700	1.98744
0.06705	1.45236
0.06710	3.43980
0.06715	1.83456
0.06720	1.29948
0.06725	2.82828
0.06730	2.75184
0.06735	3.28692
0.06740	1.98744
0.06745	1.98744
0.06750	2.14032
0.06755	1.75812
0.06760	2.36964
0.06765	1.83456
0.06770	1.91100
0.06775	0.61152
0.06780	1.60524
0.06785	3.36336
0.06790	1.45236
0.06795	2.90472
0.06800	3.43980
0.06805	3.21048
0.06810	2.44608
0.06815	1.98744
0.06820	3.36336
0.06825	5.04504
0.06830	2.90472
0.06835	1.07016
0.06840	1.52880
0.06845	1.68168
0.06850	0.61152
0.06855	1.45236
0.06860	1.37592
0.06865	2.06388
0.06870	3.66912
0.06875	4.20420
0.06880	3.43980
0.06885	1.98744
0.06890	3.97488
0.06895	2.52252
0.06900	5.12148
0.06905	2.06388
0.06910	2.29320
0.06915	2.29320
0.06920	2.14032
0.06925	4.96860
0.06930	2.75184
0.06935	1.83456
0.06940	3.21048
0.06945	2.59896
0.06950	4.05132
0.06955	5.88588
0.06960	3.43980
0.06965	2.44608
0.06970	4.12776
0.06975	1.83456
0.06980	1.98744
0.06985	3.89844
0.06990	2.36964
0.06995	1.22304
0.07000	3.28692
0.07005	1.98744
0.07010	2.29320
0.07015	3.21048
0.07020	2.98116
0.07025	3.36336
0.07030	3.21048
0.07035	2.59896
0.07040	1.68168
0.07045	3.05760
0.07050	0.99372
0.07055	7.10892
0.07060	0.76440
0.07065	2.90472
0.07070	2.44608
0.07075	2.29320
0.07080	2.21676
0.07085	6.57384
0.07090	4.73928
0.07095	3.05760
0.07100	5.27436
0.07105	3.28692
0.07110	1.68168
0.07115	2.67540
0.07120	1.68168
0.07125	2.98116
0.07130	2.75184
0.07135	4.28064
0.07140	2.90472
0.07145	3.97488
0.07150	3.74556
0.07155	5.27436
0.07160	1.75812
0.07165	2.36964
0.07170	3.36336
0.07175	1.98744
0.07180	3.36336
0.07185	2.82828
0.07190	7.56756
0.07195	2.21676
0.07200	3.82200
0.07205	3.82200
0.07210	4.05132
0.07215	5.35080
0.07220	0.91728
0.07225	1.75812
0.07230	1.29948
0.07235	4.58640
0.07240	3.59268
0.07245	2.21676
0.07250	4.81572
0.07255	3.36336
0.07260	2.90472
0.07265	3.28692
0.07270	1.98744
0.07275	2.44608
0.07280	4.81572
0.07285	2.67540
0.07290	2.52252
0.07295	6.57384
0.07300	0.76440
0.07305	3.13404
0.07310	3.82200
0.07315	5.42724
0.07320	3.36336
0.07325	3.74556
0.07330	2.36964
0.07335	3.43980
0.07340	2.52252
0.07345	3.05760
0.07350	3.89844
0.07355	4.66284
0.07360	3.74556
0.07365	1.45236
0.07370	3.13404
0.07375	3.74556
0.07380	2.44608
0.07385	5.19792
0.07390	1.52880
0.07395	1.14660
0.07400	5.12148
0.07405	1.52880
0.07410	3.59268
0.07415	5.04504
0.07420	2.59896
0.07425	1.45236
0.07430	3.05760
0.07435	2.90472
0.07440	3.28692
0.07445	1.45236
0.07450	1.22304
0.07455	4.28064
0.07460	2.21676
0.07465	3.74556
0.07470	2.90472
0.07475	2.59896
0.07480	6.03876
0.07485	1.14660
0.07490	2.59896
0.07495	1.14660
0.07500	1.91100
0.07505	1.68168
0.07510	4.43352
0.07515	2.59896
0.07520	2.82828
0.07525	3.28692
0.07530	3.13404
0.07535	4.12776
0.07540	5.50368
0.07545	2.90472
0.07550	2.67540
0.07555	3.51624
0.07560	1.75812
0.07565	4.43352
0.07570	3.97488
0.07575	3.13404
0.07580	3.13404
0.07585	3.82200
0.07590	5.58012
0.07595	3.43980
0.07600	2.44608
0.07605	3.05760
0.07610	0.61152
0.07615	2.14032
0.07620	2.29320
0.07625	3.21048
0.07630	0.53508
0.07635	0.99372
0.07640	2.29320
0.07645	5.27436
0.07650	3.28692
0.07655	3.13404
0.07660	2.52252
0.07665	3.36336
0.07670	1.14660
0.07675	4.35708
0.07680	2.59896
0.07685	2.75184
0.07690	3.21048
0.07695	2.44608
0.07700	0.76440
0.07705	2.52252
0.07710	1.98744
0.07715	2.44608
0.07720	2.90472
0.07725	3.28692
0.07730	2.36964
0.07735	0.68796
0.07740	2.06388
0.07745	2.75184
0.07750	0.38220
0.07755	1.75812
0.07760	4.05132
0.07765	0.61152
0.07770	1.75812
0.07775	1.83456
0.07780	2.52252
0.07785	3.28692
0.07790	1.98744
0.07795	3.36336
0.07800	2.90472
0.07805	2.29320
0.07810	4.50996
0.07815	2.52252
0.07820	2.36964
0.07825	1.60524
0.07830	3.28692
0.07835	2.90472
0.07840	3.97488
0.07845	2.06388
0.07850	5.35080
0.07855	2.52252
0.07860	2.36964
0.07865	2.90472
0.07870	2.98116
0.07875	1.22304
0.07880	2.90472
0.07885	1.29948
0.07890	1.29948
0.07895	6.26808
0.07900	2.90472
0.07905	2.90472
0.07910	2.52252
0.07915	0.38220
0.07920	3.89844
0.07925	2.14032
0.07930	2.14032
0.07935	3.36336
0.07940	1.52880
0.07945	2.14032
0.07950	7.33824
0.07955	4.20420
0.07960	3.43980
0.07965	3.36336
0.07970	2.82828
0.07975	2.75184
0.07980	0.68796
0.07985	3.59268
0.07990	1.45236
0.07995	1.29948
0.08000	3.89844
0.08005	1.68168
0.08010	3.05760
0.08015	2.59896
0.08020	2.14032
0.08025	0.53508
0.08030	3.43980
0.08035	1.60524
0.08040	2.59896
0.08045	2.14032
0.08050	1.45236
0.08055	1.98744
0.08060	3.36336
0.08065	4.35708
0.08070	2.06388
0.08075	3.51624
0.08080	2.52252
0.08085	2.52252
0.08090	2.52252
0.08095	2.67540
0.08100	0.53508
0.08105	2.44608
0.08110	1.45236
0.08115	1.52880
0.08120	2.29320
0.08125	3.82200
0.08130	3.43980
0.08135	4.12776
0.08140	3.51624
0.08145	2.36964
0.08150	1.68168
0.08155	3.13404
0.08160	2.75184
0.08165	0.84084
0.08170	1.75812
0.08175	2.44608
0.08180	1.83456
0.08185	2.59896
0.08190	3.43980
0.08195	5.65656
0.08200	0.99372
0.08205	1.68168
0.08210	1.91100
0.08215	1.98744
0.08220	2.44608
0.08225	3.28692
0.08230	1.07016
0.08235	3.28692
0.08240	3.28692
0.08245	0.99372
0.08250	0.68796
0.08255	2.44608
0.08260	2.44608
0.08265	3.21048
0.08270	1.75812
0.08275	1.75812
0.08280	3.59268
0.08285	2.36964
0.08290	2.75184
0.08295	1.91100
0.08300	4.43352
0.08305	1.60524
0.08310	1.22304
0.08315	4.28064
0.08320	3.28692
0.08325	2.36964
0.08330	4.43352
0.08335	4.58640
0.08340	3.28692
0.08345	1.60524
0.08350	4.50996
0.08355	6.42096
0.08360	4.89216
0.08365	1.75812
0.08370	1.45236
0.08375	2.67540
0.08380	3.36336
0.08385	4.50996
0.08390	3.51624
0.08395	3.05760
0.08400	3.43980
0.08405	2.36964
0.08410	1.60524
0.08415	1.60524
0.08420	1.91100
0.08425	4.28064
0.08430	1.83456
0.08435	1.07016
0.08440	1.83456
0.08445	2.36964
0.08450	3.05760
0.08455	2.36964
0.08460	1.22304
0.08465	3.05760
0.08470	1.98744
0.08475	2.29320
0.08480	1.60524
0.08485	1.37592
0.08490	3.21048
0.08495	1.98744
0.08500	4.28064
0.08505	4.89216
0.08510	4.96860
0.08515	3.51624
0.08520	2.14032
0.08525	4.58640
0.08530	1.91100
0.08535	1.52880
0.08540	3.97488
0.08545	1.75812
0.08550	2.98116
0.08555	1.98744
0.08560	2.90472
0.08565	2.29320
0.08570	2.44608
0.08575	4.12776
0.08580	1.52880
0.08585	3.28692
0.08590	1.91100
0.08595	1.22304
0.08600	1.52880
0.08605	1.83456
0.08610	1.29948
0.08615	2.98116
0.08620	2.75184
0.08625	2.52252
0.08630	1.37592
0.08635	1.91100
0.08640	4.35708
0.08645	2.90472
0.08650	4.81572
0.08655	1.68168
0.08660	2.52252
0.08665	2.67540
0.08670	2.14032
0.08675	1.29948
0.08680	2.29320
0.08685	3.36336
0.08690	2.90472
0.08695	2.67540
0.08700	1.29948
0.08705	2.21676
0.08710	2.21676
0.08715	2.52252
0.08720	2.29320
0.08725	2.14032
0.08730	1.98744
0.08735	2.14032
0.08740	2.29320
0.08745	0.22932
0.08750	2.29320
0.08755	2.29320
0.08760	2.75184
0.08765	2.90472
0.08770	2.98116
0.08775	1.45236
0.08780	1.75812
0.08785	5.42724
0.08790	2.36964
0.08795	1.07016
0.08800	1.37592
0.08805	2.36964
0.08810	2.36964
0.08815	1.68168
0.08820	1.83456
0.08825	2.14032
0.08830	1.98744
0.08835	1.14660
0.08840	3.13404
0.08845	3.89844
0.08850	1.45236
0.08855	2.67540
0.08860	0.84084
0.08865	2.06388
0.08870	1.98744
0.08875	3.51624
0.08880	2.52252
0.08885	3.21048
0.08890	4.96860
0.08895	2.36964
0.08900	2.29320
0.08905	4.28064
0.08910	3.82200
0.08915	2.44608
0.08920	1.83456
0.08925	1.14660
0.08930	3.43980
0.08935	1.83456
0.08940	2.82828
0.08945	3.43980
0.08950	2.29320
0.08955	4.43352
0.08960	3.13404
0.08965	4.73928
0.08970	2.67540
0.08975	2.44608
0.08980	2.90472
0.08985	3.66912
0.08990	0.99372
0.08995	3.28692
0.09000	0.61152
0.09005	3.43980
0.09010	3.28692
0.09015	3.13404
0.09020	2.75184
0.09025	1.91100
0.09030	4.28064
0.09035	2.67540
0.09040	2.29320
0.09045	3.51624
0.09050	2.82828
0.09055	4.58640
0.09060	1.91100
0.09065	2.98116
0.09070	7.03248
0.09075	2.29320
0.09080	2.21676
0.09085	2.52252
0.09090	3.05760
0.09095	2.06388
0.09100	5.12148
0.09105	0.84084
0.09110	1.45236
0.09115	3.43980
0.09120	0.99372
0.09125	2.21676
0.09130	1.37592
0.09135	1.52880
0.09140	0.99372
0.09145	1.98744
0.09150	3.82200
0.09155	3.51624
0.09160	2.52252
0.09165	2.29320
0.09170	4.73928
0.09175	1.68168
0.09180	2.90472
0.09185	2.52252
0.09190	3.51624
0.09195	1.83456
0.09200	1.45236
0.09205	1.37592
0.09210	5.42724
0.09215	4.35708
0.09220	2.52252
0.09225	0.91728
0.09230	1.60524
0.09235	4.43352
0.09240	4.50996
0.09245	1.14660
0.09250	2.21676
0.09255	1.45236
0.09260	1.29948
0.09265	3.89844
0.09270	5.35080
0.09275	3.21048
0.09280	1.29948
0.09285	2.21676
0.09290	2.21676
0.09295	2.36964
0.09300	1.45236
0.09305	0.99372
0.09310	2.06388
0.09315	4.05132
0.09320	0.76440
0.09325	1.37592
0.09330	2.29320
0.09335	3.28692
0.09340	3.21048
0.09345	2.90472
0.09350	2.21676
0.09355	1.07016
0.09360	1.29948
0.09365	2.29320
0.09370	1.91100
0.09375	3.43980
0.09380	1.91100
0.09385	1.83456
0.09390	3.05760
0.09395	2.67540
0.09400	1.75812
0.09405	1.07016
0.09410	1.91100
0.09415	1.98744
0.09420	3.05760
0.09425	1.83456
0.09430	4.20420
0.09435	3.05760
0.09440	3.43980
0.09445	1.45236
0.09450	1.75812
0.09455	3.13404
0.09460	3.74556
0.09465	4.28064
0.09470	2.75184
0.09475	2.52252
0.09480	2.98116
0.09485	3.21048
0.09490	2.06388
0.09495	1.45236
0.09500	1.68168
0.09505	3.13404
0.09510	1.91100
0.09515	1.91100
0.09520	2.90472
0.09525	3.21048
0.09530	2.29320
0.09535	4.43352
0.09540	3.21048
0.09545	2.06388
0.09550	1.75812
0.09555	1.75812
0.09560	1.52880
0.09565	2.75184
0.09570	4.35708
0.09575	1.60524
0.09580	2.59896
0.09585	4.73928
0.09590	2.14032
0.09595	1.37592
0.09600	1.07016
0.09605	2.14032
0.09610	2.82828
0.09615	1.91100
0.09620	4.50996
0.09625	3.51624
0.09630	3.89844
0.09635	1.07016
0.09640	2.90472
0.09645	4.50996
0.09650	1.98744
0.09655	3.89844
0.09660	2.29320
0.09665	4.20420
0.09670	3.13404
0.09675	3.74556
0.09680	3.36336
0.09685	2.14032
0.09690	2.44608
0.09695	2.44608
0.09700	3.74556
0.09705	2.75184
0.09710	4.43352
0.09715	2.67540
0.09720	3.05760
0.09725	2.44608
0.09730	2.82828
0.09735	1.37592
0.09740	3.51624
0.09745	1.91100
0.09750	1.45236
0.09755	3.13404
0.09760	2.14032
0.09765	1.22304
0.09770	3.28692
0.09775	5.27436
0.09780	2.52252
0.09785	1.98744
0.09790	3.97488
0.09795	1.52880
0.09800	2.14032
0.09805	4.28064
0.09810	4.35708
0.09815	2.29320
0.09820	1.14660
0.09825	0.84084
0.09830	3.36336
0.09835	4.58640
0.09840	4.81572
0.09845	1.83456
0.09850	3.97488
0.09855	2.67540
0.09860	1.52880
0.09865	3.05760
0.09870	1.37592
0.09875	0.68796
0.09880	1.68168
0.09885	3.74556
0.09890	1.75812
0.09895	2.06388
0.09900	1.14660
0.09905	2.98116
0.09910	1.91100
0.09915	1.91100
0.09920	1.45236
0.09925	1.37592
0.09930	2.36964
0.09935	4.05132
0.09940	2.82828
0.09945	3.74556
0.09950	1.98744
0.09955	2.52252
0.09960	2.82828
0.09965	2.59896
0.09970	1.83456
0.09975	3.59268
0.09980	1.98744
0.09985	4.81572
0.09990	3.82200
0.09995	2.90472
0.10000	2.98116
0.10005	0.53508
0.10010	4.12776
0.10015	5.42724
0.10020	2.59896
0.10025	2.59896
0.10030	2.52252
0.10035	2.98116
0.10040	2.06388
0.10045	1.29948
0.10050	2.14032
0.10055	2.29320
0.10060	2.98116
0.10065	1.75812
0.10070	1.52880
0.10075	3.13404
0.10080	2.75184
0.10085	3.66912
0.10090	3.89844
0.10095	1.29948
0.10100	1.91100
0.10105	3.59268
0.10110	3.89844
0.10115	5.19792
0.10120	6.57384
0.10125	9.70788
0.10130	10.62516
0.10135	13.14768
0.10140	8.79060
0.10145	15.05868
0.10150	17.35188
0.10155	27.59484
0.10160	36.61476
0.10165	48.69228
0.10170	58.47660
0.10175	79.72692
0.10180	95.70288
0.10185	121.84536
0.10190	139.12080
0.10195	149.82240
0.10200	183.99108
0.10205	179.55756
0.10210	191.10000
0.10215	211.35660
0.10220	214.79640
0.10225	216.09588
0.10230	211.81524
0.10235	199.04976
0.10240	180.55128
0.10245	157.38996
0.10250	154.86744
0.10255	138.73860
0.10260	133.15848
0.10265	114.43068
0.10270	97.30812
0.10275	95.70288
0.10280	73.15308
0.10285	69.63684
0.10290	78.80964
0.10295	72.46512
0.10300	58.78236
0.10305	52.82004
0.10310	56.03052
0.10315	45.40536
0.10320	42.57708
0.10325	53.50800
0.10330	37.83780
0.10335	30.95820
0.10340	48.00432
0.10345	37.37916
0.10350	34.78020
0.10355	31.18752
0.10360	34.78020
0.10365	34.78020
0.10370	32.63988
0.10375	29.58228
0.10380	22.54980
0.10385	23.39064
0.10390	19.72152
0.10395	26.83044
0.10400	24.61368
0.10405	27.67128
0.10410	22.77912
0.10415	19.72152
0.10420	23.31420
0.10425	18.19272
0.10430	17.12256
0.10435	16.89324
0.10440	18.34560
0.10445	28.74144
0.10450	21.93828
0.10455	18.42204
0.10460	19.72152
0.10465	21.32676
0.10470	20.71524
0.10475	17.81052
0.10480	14.14140
0.10485	10.70160
0.10490	13.98852
0.10495	16.74036
0.10500	12.45972
0.10505	10.85448
0.10510	17.12256
0.10515	16.20528
0.10520	14.21784
0.10525	17.35188
0.10530	14.98224
0.10535	14.82936
0.10540	17.12256
0.10545	18.80424
0.10550	15.74664
0.10555	17.96340
0.10560	19.49220
0.10565	18.11628
0.10570	16.28172
0.10575	14.44716
0.10580	12.45972
0.10585	13.14768
0.10590	15.13512
0.10595	12.45972
0.10600	13.52988
0.10605	10.62516
0.10610	16.20528
0.10615	10.01364
0.10620	12.38328
0.10625	13.14768
0.10630	12.30684
0.10635	15.89952
0.10640	16.43460
0.10645	11.08380
0.10650	11.23668
0.10655	8.79060
0.10660	11.23668
0.10665	8.40840
0.10670	10.93092
0.10675	12.15396
0.10680	13.14768
0.10685	14.21784
0.10690	13.14768
0.10695	11.61888
0.10700	14.14140
0.10705	13.75920
0.10710	7.10892
0.10715	7.49112
0.10720	11.08380
0.10725	14.06496
0.10730	13.68276
0.10735	12.07752
0.10740	13.30056
0.10745	7.64400
0.10750	6.95604
0.10755	12.68904
0.10760	13.07124
0.10765	11.16024
0.10770	11.69532
0.10775	12.61260
0.10780	12.15396
0.10785	10.47228
0.10790	10.62516
0.10795	15.44088
0.10800	15.74664
0.10805	9.55500
0.10810	9.01992
0.10815	12.23040
0.10820	11.69532
0.10825	9.86076
0.10830	10.62516
0.10835	14.75292
0.10840	15.28800
0.10845	10.24296
0.10850	9.93720
0.10855	4.89216
0.10860	10.93092
0.10865	9.09636
0.10870	12.84192
0.10875	14.06496
0.10880	11.08380
0.10885	11.77176
0.10890	15.74664
0.10895	11.38956
0.10900	14.75292
0.10905	11.38956
0.10910	11.46600
0.10915	7.41468
0.10920	14.82936
0.10925	9.17280
0.10930	12.91836
0.10935	11.84820
0.10940	10.85448
0.10945	13.68276
0.10950	15.05868
0.10955	10.85448
0.10960	11.31312
0.10965	7.10892
0.10970	7.72044
0.10975	18.03984
0.10980	11.84820
0.10985	11.16024
0.10990	9.32568
0.10995	6.26808
0.11000	11.46600
0.11005	8.10264
0.11010	10.47228
0.11015	11.31312
0.11020	11.08380
0.11025	8.56128
0.11030	6.80316
0.11035	12.38328
0.11040	10.54872
0.11045	11.46600
0.11050	9.70788
0.11055	9.55500
0.11060	13.68276
0.11065	11.31312
0.11070	10.09008
0.11075	5.65656
0.11080	11.31312
0.11085	12.68904
0.11090	9.24924
0.11095	6.72672
0.11100	12.91836
0.11105	9.17280
0.11110	12.76548
0.11115	11.84820
0.11120	10.01364
0.11125	8.17908
0.11130	13.22412
0.11135	12.45972
0.11140	13.14768
0.11145	10.47228
0.11150	8.79060
0.11155	8.40840
0.11160	11.69532
0.11165	4.12776
0.11170	5.65656
0.11175	4.58640
0.11180	6.80316
0.11185	8.17908
0.11190	6.57384
0.11195	5.27436
0.11200	9.09636
0.11205	9.40212
0.11210	7.03248
0.11215	11.46600
0.11220	12.53616
0.11225	10.39584
0.11230	4.73928
0.11235	14.75292
0.11240	10.31940
0.11245	15.44088
0.11250	7.41468
0.11255	9.09636
0.11260	11.23668
0.11265	8.40840
0.11270	8.02620
0.11275	14.75292
0.11280	6.95604
0.11285	6.95604
0.11290	12.30684
0.11295	10.85448
0.11300	7.64400
0.11305	11.00736
0.11310	10.09008
0.11315	13.22412
0.11320	7.49112
0.11325	9.93720
0.11330	7.56756
0.11335	5.35080
0.11340	5.73300
0.11345	9.86076
0.11350	7.64400
0.11355	10.31940
0.11360	9.17280
0.11365	7.18536
0.11370	7.72044
0.11375	9.78432
0.11380	8.48484
0.11385	8.25552
0.11390	9.09636
0.11395	7.49112
0.11400	12.99480
0.11405	8.40840
0.11410	6.95604
0.11415	7.49112
0.11420	5.73300
0.11425	9.55500
0.11430	5.88588
0.11435	7.79688
0.11440	9.17280
0.11445	8.40840
0.11450	8.71416
0.11455	9.47856
0.11460	6.80316
0.11465	8.40840
0.11470	11.61888
0.11475	10.01364
0.11480	11.54244
0.11485	8.71416
0.11490	11.31312
0.11495	12.30684
0.11500	8.33196
0.11505	7.10892
0.11510	6.03876
0.11515	12.99480
0.11520	9.70788
0.11525	8.48484
0.11530	10.31940
0.11535	8.25552
0.11540	12.68904
0.11545	5.19792
0.11550	11.38956
0.11555	14.60004
0.11560	5.58012
0.11565	10.01364
0.11570	6.34452
0.11575	6.57384
0.11580	9.55500
0.11585	8.86704
0.11590	7.49112
0.11595	9.55500
0.11600	9.32568
0.11605	10.85448
0.11610	8.40840
0.11615	7.10892
0.11620	7.64400
0.11625	9.09636
0.11630	10.93092
0.11635	9.47856
0.11640	6.72672
0.11645	5.42724
0.11650	6.80316
0.11655	11.16024
0.11660	13.07124
0.11665	7.41468
0.11670	8.48484
0.11675	8.17908
0.11680	7.03248
0.11685	8.25552
0.11690	10.70160
0.11695	7.41468
0.11700	11.31312
0.11705	7.79688
0.11710	12.07752
0.11715	9.09636
0.11720	8.02620
0.11725	6.80316
0.11730	9.09636
0.11735	9.01992
0.11740	11.08380
0.11745	6.49740
0.11750	7.10892
0.11755	6.42096
0.11760	9.17280
0.11765	9.63144
0.11770	7.72044
0.11775	4.20420
0.11780	9.47856
0.11785	8.48484
0.11790	9.63144
0.11795	7.03248
0.11800	7.03248
0.11805	13.07124
0.11810	5.42724
0.11815	12.99480
0.11820	8.48484
0.11825	5.73300
0.11830	10.16652
0.11835	8.56128
0.11840	7.26180
0.11845	9.70788
0.11850	6.87960
0.11855	9.63144
0.11860	9.93720
0.11865	7.18536
0.11870	7.41468
0.11875	6.72672
0.11880	6.57384
0.11885	7.33824
0.11890	7.79688
0.11895	7.56756
0.11900	9.40212
0.11905	11.23668
0.11910	7.33824
0.11915	4.66284
0.11920	6.87960
0.11925	4.43352
0.11930	7.41468
0.11935	7.26180
0.11940	7.49112
0.11945	6.72672
0.11950	10.01364
0.11955	8.33196
0.11960	5.27436
0.11965	6.95604
0.11970	11.77176
0.11975	4.58640
0.11980	8.86704
0.11985	7.10892
0.11990	6.57384
0.11995	8.25552
0.12000	8.25552
0.12005	5.12148
0.12010	6.19164
0.12015	8.17908
0.12020	6.11520
0.12025	7.18536
0.12030	9.01992
0.12035	6.72672
0.12040	9.78432
0.12045	10.85448
0.12050	8.71416
0.12055	6.11520
0.12060	8.94348
0.12065	11.31312
0.12070	8.25552
0.12075	7.03248
0.12080	6.80316
0.12085	9.17280
0.12090	7.87332
0.12095	8.79060
0.12100	10.85448
0.12105	7.03248
0.12110	8.40840
0.12115	12.76548
0.12120	10.70160
0.12125	3.59268
0.12130	4.58640
0.12135	8.86704
0.12140	4.12776
0.12145	4.05132
0.12150	8.25552
0.12155	4.05132
0.12160	8.79060
0.12165	7.18536
0.12170	4.89216
0.12175	7.49112
0.12180	8.48484
0.12185	6.34452
0.12190	5.42724
0.12195	7.49112
0.12200	9.55500
0.12205	8.48484
0.12210	6.72672
0.12215	7.87332
0.12220	4.73928
0.12225	8.86704
0.12230	5.35080
0.12235	4.43352
0.12240	6.72672
0.12245	6.19164
0.12250	7.72044
0.12255	8.48484
0.12260	10.39584
0.12265	4.43352
0.12270	8.79060
0.12275	8.71416
0.12280	9.24924
0.12285	9.86076
0.12290	7.10892
0.12295	5.50368
0.12300	8.40840
0.12305	8.48484
0.12310	6.72672
0.12315	9.32568
0.12320	9.32568
0.12325	10.85448
0.12330	9.93720
0.12335	6.57384
0.12340	6.87960
0.12345	4.43352
0.12350	9.09636
0.12355	7.18536
0.12360	12.45972
0.12365	7.03248
0.12370	5.42724
0.12375	8.94348
0.12380	7.10892
0.12385	6.80316
0.12390	7.72044
0.12395	6.42096
0.12400	7.79688
0.12405	8.33196
0.12410	7.26180
0.12415	10.70160
0.12420	9.40212
0.12425	5.65656
0.12430	7.03248
0.12435	8.02620
0.12440	6.80316
0.12445	6.87960
0.12450	7.41468
0.12455	7.26180
0.12460	6.95604
0.12465	9.70788
0.12470	6.80316
0.12475	5.96232
0.12480	6.34452
0.12485	5.19792
0.12490	12.15396
0.12495	8.94348
0.12500	8.48484
0.12505	7.64400
0.12510	5.73300
0.12515	6.26808
0.12520	5.88588
0.12525	7.56756
0.12530	8.63772
0.12535	8.71416
0.12540	7.18536
0.12545	7.49112
0.12550	4.66284
0.12555	7.03248
0.12560	9.86076
0.12565	7.56756
0.12570	5.50368
0.12575	3.59268
0.12580	7.72044
0.12585	5.80944
0.12590	6.80316
0.12595	6.34452
0.12600	7.26180
0.12605	8.71416
0.12610	9.09636
0.12615	7.87332
0.12620	6.26808
0.12625	3.89844
0.12630	7.79688
0.12635	6.49740
0.12640	7.56756
0.12645	6.57384
0.12650	7.10892
0.12655	7.03248
0.12660	5.12148
0.12665	8.63772
0.12670	5.50368
0.12675	6.87960
0.12680	3.66912
0.12685	4.89216
0.12690	9.17280
0.12695	8.48484
0.12700	9.93720
0.12705	4.73928
0.12710	4.66284
0.12715	6.26808
0.12720	5.58012
0.12725	3.05760
0.12730	7.18536
0.12735	6.49740
0.12740	2.82828
0.12745	6.11520
0.12750	5.27436
0.12755	8.94348
0.12760	7.03248
0.12765	4.96860
0.12770	4.50996
0.12775	6.72672
0.12780	9.63144
0.12785	7.18536
0.12790	6.03876
0.12795	8.56128
0.12800	12.15396
0.12805	6.80316
0.12810	7.56756
0.12815	6.26808
0.12820	5.42724
0.12825	3.89844
0.12830	6.87960
0.12835	5.12148
0.12840	7.94976
0.12845	5.96232
0.12850	5.73300
0.12855	4.05132
0.12860	7.49112
0.12865	6.49740
0.12870	4.20420
0.12875	4.81572
0.12880	3.43980
0.12885	6.11520
0.12890	9.47856
0.12895	7.10892
0.12900	6.87960
0.12905	7.10892
0.12910	4.20420
0.12915	3.74556
0.12920	7.49112
0.12925	7.56756
0.12930	4.96860
0.12935	3.13404
0.12940	4.12776
0.12945	5.12148
0.12950	9.09636
0.12955	8.02620
0.12960	5.88588
0.12965	6.26808
0.12970	7.87332
0.12975	6.87960
0.12980	5.65656
0.12985	4.58640
0.12990	6.72672
