0.034592 -0.0250000004 0.0341192922 -0.00780217258 asynchronous_release_0
0.048916 -0.0250000004 0.0300944587 0.0178696266 asynchronous_release_1
0.03888 -0.0250000004 -0.0266035703 0.0227431319 asynchronous_release_0
0.007514 -0.0250000004 0.0331325824 -0.0112797156 asynchronous_release_0
0.014521 -0.0250000004 0.0237131623 0.025742687 asynchronous_release_0
0.044968 -0.0250000004 0.0116059294 -0.0330197275 asynchronous_release_0
0.0358 -0.0250000004 -0.0039405171 0.0347774686 asynchronous_release_0
0.035472 -0.0250000004 -0.000615504983 -0.000788132994 asynchronous_release_0
0.048131 -0.0250000004 -0.000209792337 0.000977745967 asynchronous_release_0
0.042248 -0.0250000004 -0.0349947048 -0.000608796463 asynchronous_release_0
0.048271 -0.0250000004 0.0154584932 0.031401194 asynchronous_release_0
0.034346 -0.0250000004 -0.0168824099 -0.0306591623 asynchronous_release_1
0.031395 -0.0250000004 -0.0450265923 -0.040590713 asynchronous_release_0
0.045752 -0.0250000004 0.00314409871 0.0348584946 asynchronous_release_0
0.029334 -0.0250000004 -0.000736611569 0.000676316047 asynchronous_release_0
0.038989 -0.0250000004 -0.0192020949 -0.0292622547 asynchronous_release_4
0.043683 -0.0250000004 0.0159553265 -0.0311516862 asynchronous_release_0
0.023115 -0.0250000004 0.000890048178 0.000455866473 asynchronous_release_1
0.045357 -0.0250000004 -0.0013045481 -0.0349756795 asynchronous_release_0
0.03222 -0.0250000004 -0.00465370354 -0.0346892353 asynchronous_release_0
0.04147 -0.0250000004 -0.0173307288 0.0304079897 asynchronous_release_3
0.046384 -0.0250000004 0.0349199214 -0.00236624009 asynchronous_release_0
0.034649 -0.0250000004 0.0228609433 -0.0265024012 asynchronous_release_0
0.03601 -0.0250000004 0.00808883242 -0.0340524711 asynchronous_release_0
0.031642 -0.0250000004 -0.033858375 -0.00886625309 asynchronous_release_0
0.049433 -0.0250000004 0.0267410616 0.0225813113 asynchronous_release_0
0.041252 -0.0250000004 -0.00769813283 0.0341429166 asynchronous_release_0
0.022397 -0.0250000004 0.0273869502 0.0217934614 asynchronous_release_3
0.043465 -0.0250000004 -0.00898907519 -0.0338259742 asynchronous_release_0
0.035833 -0.0250000004 0.0349108902 0.00249594543 asynchronous_release_0
0.0361 -0.0250000004 -0.0189004981 -0.029457956 asynchronous_release_0
0.045822 -0.0250000004 0.000841655885 -0.000540014233 asynchronous_release_1
0.024906 -0.0250000004 -0.00218569797 -0.0349316865 asynchronous_release_3
0.039472 -0.0250000004 -0.0109674914 0.0332372402 asynchronous_release_0
0.039582 -0.0250000004 0.0346579694 -0.004881102 asynchronous_release_0
0.034902 -0.0250000004 0.0330249787 0.0115909786 asynchronous_release_1
0.044964 -0.0250000004 -0.000777167791 -0.0349913705 asynchronous_release_0
0.046358 -0.0250000004 0.0234557791 0.0259774215 asynchronous_release_0
0.023211 -0.0250000004 0.0310627548 0.0161277792 asynchronous_release_2
0.039674 -0.0250000004 -0.034575737 0.00543308475 asynchronous_release_0
0.047716 -0.0250000004 -0.0194160614 0.0291207239 asynchronous_release_0
0.025182 -0.0250000004 0.0172833672 0.0304349342 asynchronous_release_0
0.029222 -0.0250000004 -0.0125968544 0.0326545442 asynchronous_release_1
0.033946 -0.0250000004 0.0271616988 0.0220735615 asynchronous_release_0
0.044124 -0.0250000004 -0.0347933046 0.00379815129 asynchronous_release_3
0.045254 -0.0250000004 0.028715514 -0.0200104786 asynchronous_release_0
0.048517 -0.0250000004 0.00067912938 -0.000734018586 asynchronous_release_0
0.044275 -0.0250000004 6.7828818e-05 0.000997696974 asynchronous_release_0
0.047399 -0.0250000004 0.000244436644 -0.000969665266 asynchronous_release_2
0.03855 -0.0250000004 0.0348275637 -0.00346998649 asynchronous_release_0
0.035616 -0.0250000004 0.0241254957 0.025356665 asynchronous_release_0
0.042404 -0.0250000004 0.034791841 -0.00381153493 asynchronous_release_0
0.031041 -0.0250000004 0.000135938455 -0.000990717284 asynchronous_release_0
0.046385 -0.0250000004 -0.000957044845 0.000289939932 asynchronous_release_0
0.034961 -0.0250000004 0.000132994703 0.000991116748 asynchronous_release_0
0.030759 -0.0250000004 0.0308537821 0.016524047 asynchronous_release_4
0.009321 -0.0250000004 0.0204381878 0.0284126817 asynchronous_release_0
0.023488 -0.0250000004 -0.0327108908 -0.0124498042 asynchronous_release_0
0.038697 -0.0250000004 -0.0327096478 0.0124530695 asynchronous_release_0
0.030949 -0.0250000004 0.00765605378 -0.0341523768 asynchronous_release_3
0.025713 -0.0250000004 -0.0122299438 0.0327937261 asynchronous_release_0
0.041168 -0.0250000004 -0.034203638 -0.00742368818 asynchronous_release_0
0.035785 -0.0250000004 0.0298614968 0.0182562595 asynchronous_release_0
0.035372 -0.0250000004 0.0157243594 0.0312689066 asynchronous_release_0
0.039699 -0.0250000004 -0.000244418167 -0.000969669923 asynchronous_release_0
0.041682 -0.0250000004 0.00615323707 -0.0344548643 asynchronous_release_0
0.031172 -0.0250000004 0.0162190293 0.0310152074 asynchronous_release_0
0.04061 -0.0250000004 -0.0269947885 -0.022277374 asynchronous_release_0
0.041122 -0.0250000004 -0.0348786958 -0.00291145673 asynchronous_release_2
0.028798 -0.0250000004 -0.00561406231 -0.0345468132 asynchronous_release_4
0.018259 -0.0250000004 -0.0001809016 0.0009835012 asynchronous_release_0
0.024887 -0.0250000004 0.034021361 0.00821869791 asynchronous_release_0
0.033606 -0.0250000004 -0.0265329455 0.0228254858 asynchronous_release_0
0.040927 -0.0250000004 0.0265329455 -0.0228254858 asynchronous_release_3
0.048631 -0.0250000004 -0.0201204079 0.0286385961 asynchronous_release_1
0.023173 -0.0250000004 0.0104732782 0.0333962639 asynchronous_release_1
0.024392 -0.0250000004 0.0268810316 -0.0224145074 asynchronous_release_3
0.047058 -0.0250000004 0.00762917696 0.0341583908 asynchronous_release_0
0.024091 -0.0250000004 -0.0343709686 -0.0066057943 asynchronous_release_0
0.022975 -0.0250000004 -0.0183557541 -0.0298004411 asynchronous_release_4
0.031854 -0.0250000004 0.0252429237 -0.0242444799 asynchronous_release_0
0.03382 -0.0250000004 0.0266851768 0.0226473252 asynchronous_release_0
0.045071 -0.0250000004 -0.00644013117 -0.034402394 asynchronous_release_0
0.043004 -0.0250000004 0.0028523565 -0.0348835787 asynchronous_release_0
0.02508 -0.0250000004 0.0321935198 -0.0137323443 asynchronous_release_3
0.046988 -0.0250000004 -0.0301839708 -0.0177180108 asynchronous_release_0
0.027011 -0.0250000004 0.0128592346 0.0325521134 asynchronous_release_0
0.03542 -0.0250000004 0.00082679856 -0.034990233 asynchronous_release_4
0.041203 -0.0250000004 -0.000832732431 0.000553675626 asynchronous_release_1
0.033405 -0.0250000004 -0.0223509461 0.0269339044 asynchronous_release_0
0.047637 -0.0250000004 0.0345009185 0.00588953491 asynchronous_release_1
0.025198 -0.0250000004 0.0222860799 -0.0269876016 asynchronous_release_0
0.027354 -0.0250000004 0.0349765415 -0.00128122851 asynchronous_release_4
0.012764 -0.0250000004 0.0317010961 -0.0148337623 asynchronous_release_0
0.045648 -0.0250000004 -0.0349604194 -0.00166405285 asynchronous_release_0
0.014972 -0.0250000004 -0.0138542095 0.0321412644 asynchronous_release_0
0.031875 -0.0250000004 0.0161870949 0.0310318861 asynchronous_release_0
0.044346 -0.0250000004 0.0308127598 -0.0166004166 asynchronous_release_0
0.027849 -0.0250000004 -0.0199599169 -0.028750682 asynchronous_release_1
0.042529 -0.0250000004 0.000114416673 -0.000993432849 asynchronous_release_0
0.027616 -0.0250000004 0.0348056531 0.00368327501 asynchronous_release_4
0.037546 -0.0250000004 0.0251502083 -0.0243406455 asynchronous_release_0
0.048896 -0.0250000004 -0.0312878735 -0.0156865858 asynchronous_release_0
0.041758 -0.0250000004 -0.000575870244 -0.0349952622 asynchronous_release_0
0.041827 -0.0250000004 0.0290140581 0.0195750973 asynchronous_release_0
0.022467 -0.0250000004 0.0314595606 -0.0153393627 asynchronous_release_3
0.038314 -0.0250000004 -0.000832270377 0.0349901033 asynchronous_release_0
0.040922 -0.0250000004 0.0349704518 0.00143788129 asynchronous_release_0
0.035565 -0.0250000004 0.0337613756 -0.0092287331 asynchronous_release_1
0.019431 -0.0250000004 0.0271283037 -0.0221145911 asynchronous_release_0
0.048548 -0.0250000004 -0.000909194042 -0.000416372662 asynchronous_release_0
0.032127 -0.0250000004 0.0319437707 0.0143036887 asynchronous_release_0
0.025077 -0.0250000004 -0.0332252377 -0.0110037985 asynchronous_release_0
0.039586 -0.0250000004 -0.0349964949 0.000495320239 asynchronous_release_0
0.026011 -0.0250000004 0.000996999766 -7.74045657e-05 asynchronous_release_0
0.035067 -0.0250000004 0.0327579586 0.012325427 asynchronous_release_0
0.04567 -0.0250000004 -0.033790183 0.00912269347 asynchronous_release_0
0.032547 -0.0250000004 0.000723061611 0.000690783546 asynchronous_release_0
0.040033 -0.0250000004 0.000895798946 -0.000444459502 asynchronous_release_0
0.04764 -0.0250000004 -0.00228254505 -0.034925492 asynchronous_release_0
0.025389 -0.0250000004 0.0131590801 -0.0324320615 asynchronous_release_3
0.049884 -0.0250000004 0.0251725952 -0.0243174927 asynchronous_release_0
0.031859 -0.0250000004 -0.0154015819 0.0314291469 asynchronous_release_1
0.032599 -0.0250000004 -0.0337590771 0.00923713787 asynchronous_release_0
0.026449 -0.0250000004 -0.000733898664 -0.000679258972 asynchronous_release_0
0.028797 -0.0250000004 0.0348214868 0.00353044692 asynchronous_release_1
0.042333 -0.0250000004 -0.0258323701 0.0236154325 asynchronous_release_1
0.017856 -0.0250000004 -0.0253119944 0.024172359 asynchronous_release_0
0.038348 -0.0250000004 -0.0335898742 -0.00983465069 asynchronous_release_0
0.039652 -0.0250000004 0.0228696681 -0.0264948727 asynchronous_release_0
0.021376 -0.0250000004 0.0193614613 0.0291570543 asynchronous_release_0
0.036237 -0.0250000004 -0.0193614613 -0.0291570543 asynchronous_release_0
0.018002 -0.0250000004 -0.000999704398 2.43128753e-05 asynchronous_release_0
0.028799 -0.0250000004 -0.0235501944 -0.0258918586 asynchronous_release_0
0.047142 -0.0250000004 0.022431505 -0.0268668491 asynchronous_release_0
0.017965 -0.0250000004 -0.0111228311 -0.0331855786 asynchronous_release_0
0.047498 -0.0250000004 -0.0171732445 -0.0304972076 asynchronous_release_0
0.024449 -0.0250000004 0.0238235825 -0.0256405327 asynchronous_release_0
0.044653 -0.0250000004 0.0337633356 -0.00922156013 asynchronous_release_1
0.025928 -0.0250000004 0.0192918287 0.0292031735 asynchronous_release_3
0.028935 -0.0250000004 -0.00098947878 0.000144678069 asynchronous_release_0
0.028021 -0.0250000004 -0.000293128393 0.000956073086 asynchronous_release_0
0.030902 -0.0250000004 0.0122340201 -0.0327922056 asynchronous_release_1
0.013107 -0.0250000004 0.0336207104 -0.00972871168 asynchronous_release_0
0.011425 -0.0250000004 -0.00321343537 0.0348521711 asynchronous_release_0
0.043573 -0.0250000004 -0.0331609144 -0.0111961491 asynchronous_release_3
0.037551 -0.0250000004 -0.0228698153 0.0264947457 asynchronous_release_0
0.048628 -0.0250000004 0.0270665933 0.0221900772 asynchronous_release_0
0.047887 -0.0250000004 0.0341552957 0.00764302149 asynchronous_release_0
0.043967 -0.0250000004 -0.0349969165 0.000464583657 asynchronous_release_0
0.032234 -0.0250000004 -0.000214797652 -0.000976658573 asynchronous_release_1
0.039576 -0.0250000004 0.00469050562 -0.0346842782 asynchronous_release_0
0.010834 -0.0250000004 0.0020372421 0.0349406589 asynchronous_release_0
0.026017 -0.0250000004 -0.0275816328 -0.0215465434 asynchronous_release_0
0.008988 -0.0250000004 0.017858385 0.030101131 asynchronous_release_0
0.034876 -0.0250000004 0.0339791161 -0.00839164278 asynchronous_release_1
0.045782 -0.0250000004 -0.024337921 -0.0251528448 asynchronous_release_0
0.026735 -0.0250000004 0.0254523059 0.0240245734 asynchronous_release_0
0.030099 -0.0250000004 0.000525594256 -0.000850735375 asynchronous_release_0
0.047873 -0.0250000004 -0.0271794684 0.0220516778 asynchronous_release_0
0.031985 -0.0250000004 -0.00298927809 -0.0348721123 asynchronous_release_4
0.016133 -0.0250000004 0.00632736637 -0.0344233124 asynchronous_release_0
0.047341 -0.0250000004 0.000983523211 0.000180781896 asynchronous_release_3
0.037202 -0.0250000004 0.034612285 -0.00519516399 asynchronous_release_1
0.046142 -0.0250000004 0.014904272 -0.0316680072 asynchronous_release_4
0.0434 -0.0250000004 -0.0343402234 0.00676380515 asynchronous_release_0
0.041556 -0.0250000004 0.0205787311 0.0283110549 asynchronous_release_0
0.02834 -0.0250000004 -0.0342413132 0.00724792882 asynchronous_release_4
0.043842 -0.0250000004 0.000150105212 -0.000988670028 asynchronous_release_0
0.048436 -0.0250000004 -0.0343424398 -0.00675254218 asynchronous_release_0
0.019566 -0.0250000004 0.0257344894 0.0237220585 asynchronous_release_0
0.040336 -0.0250000004 0.0345247631 0.00574810679 asynchronous_release_0
0.019917 -0.0250000004 0.0311255489 0.0160062551 asynchronous_release_0
0.035333 -0.0250000004 0.0236160938 -0.0258317656 asynchronous_release_0
0.042453 -0.0250000004 -0.00101435307 -0.0349852982 asynchronous_release_0
0.036949 -0.0250000004 0.0343274444 -0.00682836442 asynchronous_release_4
0.03946 -0.0250000004 -0.0236158429 -0.025831995 asynchronous_release_0
0.034159 -0.0250000004 -0.00629589946 0.0344290815 asynchronous_release_0
0.040049 -0.0250000004 -0.034573976 -0.0054442801 asynchronous_release_0
0.029654 -0.0250000004 -2.66655864e-06 -0.000999996445 asynchronous_release_0
0.048181 -0.0250000004 0.0126017317 0.0326526623 asynchronous_release_0
0.035433 -0.0250000004 -0.0233253702 0.02609458 asynchronous_release_0
0.046329 -0.0250000004 0.0277406949 0.0213413647 asynchronous_release_0
0.029962 -0.0250000004 0.0303830748 0.0173743709 asynchronous_release_0
0.024787 -0.0250000004 0.0328236524 -0.0121493969 asynchronous_release_1
0.0267 -0.0250000004 0.0247763059 0.024721138 asynchronous_release_0
0.046047 -0.0250000004 0.00902098059 -0.0338174793 asynchronous_release_0
0.008735 -0.0250000004 0.034807485 -0.00366592206 asynchronous_release_3
0.033146 -0.0250000004 -0.000821930763 0.000569587413 asynchronous_release_3
0.036932 -0.0250000004 0.0346586304 0.00487640639 asynchronous_release_0
0.041429 -0.0250000004 0.0225981324 0.0267268482 asynchronous_release_0
0.04034 -0.0250000004 0.0164200042 0.030909278 asynchronous_release_0
0.046033 -0.0250000004 -0.0337348573 0.00932520258 asynchronous_release_0
0.043279 -0.0250000004 -0.0266801326 -0.0226532674 asynchronous_release_0
0.020102 -0.0250000004 0.00296132172 0.0348744975 asynchronous_release_0
0.046876 -0.0250000004 -0.0148842247 0.0316774345 asynchronous_release_0
0.035234 -0.0250000004 -0.0231829922 0.0262211531 asynchronous_release_0
0.046411 -0.0250000004 0.0288633937 0.0197965782 asynchronous_release_1
0.03694 -0.0250000004 0.00189849007 0.0349484726 asynchronous_release_1
0.047234 -0.0250000004 -0.027053409 -0.0222061491 asynchronous_release_0
0.038721 -0.0250000004 -0.0270389808 -0.0222237152 asynchronous_release_0
0.0297 -0.0250000004 0.034671063 -0.00478721108 asynchronous_release_0
0.031401 -0.0250000004 -0.0131896851 0.0324196269 asynchronous_release_0
0.046722 -0.0250000004 -0.034966532 0.00153024264 asynchronous_release_0
0.04534 -0.0250000004 0.0334306628 0.0103629526 asynchronous_release_0
0.041883 -0.0250000004 -0.0107269558 -0.0333156483 asynchronous_release_0
0.040553 -0.0250000004 0.000592439958 0.000805614608 asynchronous_release_0
0.025481 -0.0250000004 -0.0349547758 -0.00177866559 asynchronous_release_3
0.035846 -0.0250000004 -0.0312490265 0.0157638302 asynchronous_release_0
0.021952 -0.0250000004 -0.000146945818 -0.0349996915 asynchronous_release_4
0.046974 -0.0250000004 0.0195088489 0.0290586444 asynchronous_release_0
0.036307 -0.0250000004 -0.00593756657 0.0344926848 asynchronous_release_0
0.03668 -0.0250000004 -0.0109391762 -0.0332465701 asynchronous_release_0
0.042235 -0.0250000004 -0.0009989166 4.65362992e-05 asynchronous_release_1
0.02554 -0.0250000004 -0.000465291647 -0.000885157434 asynchronous_release_1
0.030752 -0.0250000004 0.0314538824 0.0153510026 asynchronous_release_1
0.036573 -0.0250000004 0.0349931982 -0.000689987825 asynchronous_release_0
0.049292 -0.0250000004 -0.000989977659 0.000141224056 asynchronous_release_0
0.033171 -0.0250000004 -0.0131953696 0.0324173136 asynchronous_release_0
0.024009 -0.0250000004 0.0313313479 0.0155995717 asynchronous_release_1
0.046779 -0.0250000004 0.0344551844 -0.00615144464 asynchronous_release_0
0.040076 -0.0250000004 -0.0330212119 0.0116017052 asynchronous_release_0
0.041999 -0.0250000004 -0.0234658314 -0.0259683414 asynchronous_release_0
0.041129 -0.0250000004 0.00535321112 -0.0345881935 asynchronous_release_4
0.044883 -0.0250000004 0.000763523208 0.000645780389 asynchronous_release_0
0.04296 -0.0250000004 -0.0344655807 -0.00609292583 asynchronous_release_0
0.046136 -0.0250000004 0.00780879677 -0.0341177768 asynchronous_release_0
0.040214 -0.0250000004 -0.000703888191 -0.000710310787 asynchronous_release_0
0.026272 -0.0250000004 0.0296366712 0.0186190151 asynchronous_release_1
0.036532 -0.0250000004 -0.0264529891 0.0229181013 asynchronous_release_0
0.023726 -0.0250000004 0.0349816074 -0.0011345246 asynchronous_release_4
0.02489 -0.0250000004 -0.034104592 0.00786618091 asynchronous_release_0
0.032218 -0.0250000004 0.034912425 0.00247438501 asynchronous_release_0
0.029457 -0.0250000004 -0.032573241 0.0128056226 asynchronous_release_1
0.038988 -0.0250000004 0.0148731343 0.0316826431 asynchronous_release_0
0.048183 -0.0250000004 0.0252245967 -0.0242635471 asynchronous_release_0
0.040462 -0.0250000004 -0.0123583983 0.0327455339 asynchronous_release_0
0.047105 -0.0250000004 -0.0322100316 -0.0136935702 asynchronous_release_1
0.047424 -0.0250000004 0.034297561 0.00697691237 asynchronous_release_0
0.042181 -0.0250000004 0.0344262472 0.00631137907 asynchronous_release_0
0.033175 -0.0250000004 0.0185408219 -0.0296856518 asynchronous_release_0
0.036341 -0.0250000004 -0.000997400048 -7.20634795e-05 asynchronous_release_0
0.043856 -0.0250000004 -0.0314931932 0.0152701927 asynchronous_release_0
0.039594 -0.0250000004 0.00254117894 -0.0349076268 asynchronous_release_0
0.035252 -0.0250000004 0.019322766 -0.0291827126 asynchronous_release_0
0.037779 -0.0250000004 0.0349769876 -0.00126899003 asynchronous_release_0
0.037684 -0.0250000004 0.00852975107 0.0339447101 asynchronous_release_1
0.049004 -0.0250000004 0.0339310136 -0.00858407359 asynchronous_release_0
0.046414 -0.0250000004 -0.0327285095 -0.0124034135 asynchronous_release_0
0.028704 -0.0250000004 0.000298611743 0.000954374679 asynchronous_release_0
0.027162 -0.0250000004 0.00160829831 -0.0349630287 asynchronous_release_0
0.042901 -0.0250000004 0.00082095367 -0.000570994809 asynchronous_release_0
0.020286 -0.0250000004 0.00626341485 -0.0344350059 asynchronous_release_0
0.027472 -0.0250000004 0.00786777193 -0.034104225 asynchronous_release_0
0.032504 -0.0250000004 -0.00368592594 0.0348053724 asynchronous_release_0
0.031407 -0.0250000004 0.034152338 -0.00765622702 asynchronous_release_3
0.037959 -0.0250000004 -4.06981606e-05 0.000999171487 asynchronous_release_0
0.027049 -0.0250000004 0.034971002 0.00142443562 asynchronous_release_1
0.035665 -0.0250000004 0.000548766969 -0.000835975367 asynchronous_release_1
0.037356 -0.0250000004 0.0129319798 0.0325232824 asynchronous_release_0
0.024047 -0.0250000004 -0.0197975873 -0.0288627015 asynchronous_release_3
0.047454 -0.0250000004 -0.000958103072 -0.000286423645 asynchronous_release_0
0.048074 -0.0250000004 -0.0171341383 0.0305191957 asynchronous_release_0
0.036126 -0.0250000004 0.0257318056 -0.0237249696 asynchronous_release_2
0.027561 -0.0250000004 -0.000996052579 -8.87651946e-05 asynchronous_release_1
0.029279 -0.0250000004 0.0326647979 0.0125702416 asynchronous_release_0
0.033438 -0.0250000004 0.00038548079 -0.000922715861 asynchronous_release_0
0.02307 -0.0250000004 -0.0216981295 -0.0274625413 asynchronous_release_0
0.030527 -0.0250000004 0.0320546681 -0.0140534071 asynchronous_release_4
0.040959 -0.0250000004 -0.00087891765 0.0349889626 asynchronous_release_0
0.029162 -0.0250000004 0.0254722708 0.0240034044 asynchronous_release_1
0.04036 -0.0250000004 -0.00108946038 0.0349830398 asynchronous_release_0
0.039331 -0.0250000004 0.0303806096 -0.0173786812 asynchronous_release_0
0.041824 -0.0250000004 -0.0265008783 -0.0228627087 asynchronous_release_0
0.040157 -0.0250000004 0.0341004682 -0.00788403886 asynchronous_release_0
0.035191 -0.0250000004 0.0342737976 -0.00709272843 asynchronous_release_1
0.045085 -0.0250000004 0.00442694922 0.0347189015 asynchronous_release_2
0.044389 -0.0250000004 -0.034809226 0.00364935452 asynchronous_release_0
0.03806 -0.0250000004 -0.000833714081 0.000552196371 asynchronous_release_1
0.031803 -0.0250000004 0.00624963836 0.0344375089 asynchronous_release_0
0.038052 -0.0250000004 0.0329135537 -0.0119036963 asynchronous_release_0
0.046213 -0.0250000004 -0.0323280004 -0.0134126951 asynchronous_release_0
0.04874 -0.0250000004 0.0225259454 -0.0267877171 asynchronous_release_0
0.039778 -0.0250000004 0.025235637 0.0242520644 asynchronous_release_0
0.031916 -0.0250000004 -0.0228075903 0.02654833 asynchronous_release_0
0.027465 -0.0250000004 0.0171785613 0.0304942131 asynchronous_release_0
0.011889 -0.0250000004 0.0155518904 -0.0313550427 asynchronous_release_0
0.041557 -0.0250000004 0.0344519817 0.00616935607 asynchronous_release_0
0.048987 -0.0250000004 0.0349768319 0.00127327635 asynchronous_release_0
0.025094 -0.0250000004 -0.000764489563 0.000644636105 asynchronous_release_0
0.02769 -0.0250000004 0.00756431172 -0.0341728136 asynchronous_release_0
0.039671 -0.0250000004 0.0258123688 0.0236372929 asynchronous_release_0
0.045126 -0.0250000004 0.0241355633 0.0657074926 asynchronous_release_0
0.041099 -0.0250000004 0.0324513413 0.0131114625 asynchronous_release_0
0.028519 -0.0250000004 -0.0337191617 -0.00938179785 asynchronous_release_0
0.026802 -0.0250000004 0.0141383033 -0.0320173138 asynchronous_release_0
0.029194 -0.0250000004 0.00290533188 0.0348792065 asynchronous_release_0
0.045057 -0.0250000004 0.0125393433 -0.0326766716 asynchronous_release_0
0.021035 -0.0250000004 -0.0260631391 -0.0233604961 asynchronous_release_0
0.039759 -0.0250000004 0.0328032924 0.0122042618 asynchronous_release_0
0.040164 -0.0250000004 0.0263678525 -0.0230160021 asynchronous_release_0
0.04107 -0.0250000004 -0.0336434731 0.00964970028 asynchronous_release_0
0.031233 -0.0250000004 0.017670332 -0.0302119077 asynchronous_release_1
