0.000000 0.085014
0.000050 0.106802
0.000100 0.097015
0.000150 0.094389
0.000200 0.092000
0.000250 0.097594
0.000300 0.097513
0.000350 0.096521
0.000400 0.117078
0.000450 0.094554
0.000500 0.104987
0.000550 0.099241
0.000600 0.115927
0.000650 0.096941
0.000700 0.103419
0.000750 0.111085
0.000800 0.134664
0.000850 0.089384
0.000900 0.095949
0.000950 0.104403
0.001000 0.100800
0.001050 0.097610
0.001100 0.132039
0.001150 0.117247
0.001200 0.134574
0.001250 0.143878
0.001300 0.187232
0.001350 0.185900
0.001400 0.202980
0.001450 0.302470
0.001500 0.369834
0.001550 0.456460
0.001600 0.683486
0.001650 0.822838
0.001700 1.112242
0.001750 1.490482
0.001800 1.981696
0.001850 2.562986
0.001900 3.201330
0.001950 3.716676
0.002000 4.451117
0.002050 5.048773
0.002100 5.739468
0.002150 6.116578
0.002200 6.482054
0.002250 6.459970
0.002300 6.404780
0.002350 6.217428
0.002400 5.738257
0.002450 5.388085
0.002500 4.768096
0.002550 4.206762
0.002600 3.910486
0.002650 3.503852
0.002700 3.289664
0.002750 3.094846
0.002800 2.739360
0.002850 2.605998
0.002900 2.485688
0.002950 2.402518
0.003000 2.268208
0.003050 2.111866
0.003100 2.106184
0.003150 1.972738
0.003200 1.997709
0.003250 1.818551
0.003300 1.689291
0.003350 1.687865
0.003400 1.616509
0.003450 1.624949
0.003500 1.553331
0.003550 1.550899
0.003600 1.421045
0.003650 1.477267
0.003700 1.389618
0.003750 1.368018
0.003800 1.258257
0.003850 1.339071
0.003900 1.193275
0.003950 1.243769
0.004000 1.235427
0.004050 1.230165
0.004100 1.156411
0.004150 1.161209
0.004200 1.199613
0.004250 1.165671
0.004300 1.123182
0.004350 1.087274
0.004400 1.085792
0.004450 1.022846
0.004500 1.019717
0.004550 1.006057
0.004600 1.002594
0.004650 1.061464
0.004700 1.031593
0.004750 0.981337
0.004800 1.008711
0.004850 0.973687
0.004900 0.931283
0.004950 0.924227
0.005000 0.904679
0.005050 0.931703
0.005100 0.901865
0.005150 0.891325
0.005200 0.904833
0.005250 0.938001
0.005300 0.822481
0.005350 0.842645
0.005400 0.861489
0.005450 0.832949
0.005500 0.819316
0.005550 0.808374
0.005600 0.841916
0.005650 0.853342
0.005700 0.807792
0.005750 0.835502
0.005800 0.807286
0.005850 0.809460
0.005900 0.794278
0.005950 0.818144
0.006000 0.797783
0.006050 0.808685
0.006100 0.796778
0.006150 0.808546
0.006200 0.744253
0.006250 0.805063
0.006300 0.801313
0.006350 0.749987
0.006400 0.794460
0.006450 0.793562
0.006500 0.745202
0.006550 0.785864
0.006600 0.745771
0.006650 0.737833
0.006700 0.704305
0.006750 0.730787
0.006800 0.765903
0.006850 0.731359
0.006900 0.763134
0.006950 0.751852
0.007000 0.728828
0.007050 0.725254
0.007100 0.735823
0.007150 0.757183
0.007200 0.747137
0.007250 0.698231
0.007300 0.698630
0.007350 0.704854
0.007400 0.730763
0.007450 0.682827
0.007500 0.664305
0.007550 0.641341
0.007600 0.670586
0.007650 0.720610
0.007700 0.670878
0.007750 0.706766
0.007800 0.667524
0.007850 0.673192
0.007900 0.667841
0.007950 0.665587
0.008000 0.684377
0.008050 0.643731
0.008100 0.661159
0.008150 0.695461
0.008200 0.632527
0.008250 0.665197
0.008300 0.614938
0.008350 0.684202
0.008400 0.707867
0.008450 0.632461
0.008500 0.630060
0.008550 0.629472
0.008600 0.662050
0.008650 0.663830
0.008700 0.629188
0.008750 0.640712
0.008800 0.662823
0.008850 0.632029
0.008900 0.669566
0.008950 0.596070
0.009000 0.649968
0.009050 0.662656
0.009100 0.719216
0.009150 0.651320
0.009200 0.674355
0.009250 0.647089
0.009300 0.632758
0.009350 0.562838
0.009400 0.634599
0.009450 0.624771
0.009500 0.604954
0.009550 0.574172
0.009600 0.591452
0.009650 0.603866
0.009700 0.633926
0.009750 0.616328
0.009800 0.625539
0.009850 0.665077
0.009900 0.601822
0.009950 0.653694
0.010000 0.610757
0.010050 0.608871
0.010100 0.632417
0.010150 0.608251
0.010200 0.512469
0.010250 0.617453
0.010300 0.547489
0.010350 0.578509
0.010400 0.621349
0.010450 0.570805
0.010500 0.585023
0.010550 0.606519
0.010600 0.571738
0.010650 0.569496
0.010700 0.641904
0.010750 0.621870
0.010800 0.598368
0.010850 0.593138
0.010900 0.605425
0.010950 0.592869
0.011000 0.630596
0.011050 0.559678
0.011100 0.554094
0.011150 0.575608
0.011200 0.612554
0.011250 0.592880
0.011300 0.577545
0.011350 0.569365
0.011400 0.546255
0.011450 0.576035
0.011500 0.606961
0.011550 0.544621
0.011600 0.560285
0.011650 0.546729
0.011700 0.551624
0.011750 0.538234
0.011800 0.576162
0.011850 0.564174
0.011900 0.560216
0.011950 0.578824
0.012000 0.543495
0.012050 0.566827
0.012100 0.598037
0.012150 0.561853
0.012200 0.593873
0.012250 0.533349
0.012300 0.529686
0.012350 0.558024
0.012400 0.605682
0.012450 0.556214
0.012500 0.622410
0.012550 0.612082
0.012600 0.554615
0.012650 0.570423
0.012700 0.560965
0.012750 0.543505
0.012800 0.555184
0.012850 0.538924
0.012900 0.559816
0.012950 0.567996
0.013000 0.546038
0.013050 0.541686
0.013100 0.593084
0.013150 0.519448
0.013200 0.513119
0.013250 0.541609
0.013300 0.575805
0.013350 0.551735
0.013400 0.543574
0.013450 0.543192
0.013500 0.561816
0.013550 0.532542
0.013600 0.597714
0.013650 0.569386
0.013700 0.498432
0.013750 0.522512
0.013800 0.571548
0.013850 0.521908
0.013900 0.543749
0.013950 0.503423
0.014000 0.530984
0.014050 0.529268
0.014100 0.506062
0.014150 0.547682
0.014200 0.486324
0.014250 0.549622
0.014300 0.541011
0.014350 0.534647
0.014400 0.525360
0.014450 0.527320
0.014500 0.556397
0.014550 0.524195
0.014600 0.486712
0.014650 0.515910
0.014700 0.523316
0.014750 0.521358
0.014800 0.509314
0.014850 0.476618
0.014900 0.516581
0.014950 0.511079
0.015000 0.547392
0.015050 0.548764
0.015100 0.505637
0.015150 0.496767
0.015200 0.495160
0.015250 0.514070
0.015300 0.553151
0.015350 0.486999
0.015400 0.471214
0.015450 0.512966
0.015500 0.519388
0.015550 0.507804
0.015600 0.550285
0.015650 0.500257
0.015700 0.515611
0.015750 0.511547
0.015800 0.530929
0.015850 0.488511
0.015900 0.553540
0.015950 0.521608
0.016000 0.504487
0.016050 0.505907
0.016100 0.494123
0.016150 0.536039
0.016200 0.551394
0.016250 0.513450
0.016300 0.534366
0.016350 0.472842
0.016400 0.500924
0.016450 0.481108
0.016500 0.485299
0.016550 0.478265
0.016600 0.510486
0.016650 0.481900
0.016700 0.520750
0.016750 0.495124
0.016800 0.521863
0.016850 0.489713
0.016900 0.504420
0.016950 0.467940
0.017000 0.527663
0.017050 0.513721
0.017100 0.539122
0.017150 0.500782
0.017200 0.482482
0.017250 0.489994
0.017300 0.506962
0.017350 0.486862
0.017400 0.506046
0.017450 0.510016
0.017500 0.512285
0.017550 0.469185
0.017600 0.478687
0.017650 0.469883
0.017700 0.503625
0.017750 0.484985
0.017800 0.480487
0.017850 0.494945
0.017900 0.494825
0.017950 0.501923
0.018000 0.501879
0.018050 0.482305
0.018100 0.491990
0.018150 0.452270
0.018200 0.502396
0.018250 0.490734
0.018300 0.470553
0.018350 0.508001
0.018400 0.454261
0.018450 0.490751
0.018500 0.476729
0.018550 0.509111
0.018600 0.535058
0.018650 0.473714
0.018700 0.509393
0.018750 0.488599
0.018800 0.503470
0.018850 0.484834
0.018900 0.502829
0.018950 0.502363
0.019000 0.485526
0.019050 0.479268
0.019100 0.472594
0.019150 0.501212
0.019200 0.458460
0.019250 0.452832
0.019300 0.499422
0.019350 0.485086
0.019400 0.487381
0.019450 0.501019
0.019500 0.451826
0.019550 0.483022
0.019600 0.447663
0.019650 0.477453
0.019700 0.447446
0.019750 0.463954
0.019800 0.454004
0.019850 0.474242
0.019900 0.456344
0.019950 0.492326
0.020000 0.477666
0.020050 0.495472
0.020100 0.491663
0.020150 0.450671
0.020200 0.440573
0.020250 0.464519
0.020300 0.435747
0.020350 0.487969
0.020400 0.448156
0.020450 0.435124
0.020500 0.435985
0.020550 0.444695
0.020600 0.460504
0.020650 0.419310
0.020700 0.452116
0.020750 0.452726
0.020800 0.484629
0.020850 0.460345
0.020900 0.465229
0.020950 0.475621
0.021000 0.483574
0.021050 0.486110
0.021100 0.547896
0.021150 0.600380
0.021200 0.628595
0.021250 0.721769
0.021300 0.760096
0.021350 0.802976
0.021400 0.929814
0.021450 1.116880
0.021500 1.365157
0.021550 1.629841
0.021600 2.114578
0.021650 2.737622
0.021700 3.334047
0.021750 4.305561
0.021800 5.146900
0.021850 5.883092
0.021900 7.177771
0.021950 8.369381
0.022000 9.422067
0.022050 10.476821
0.022100 10.914285
0.022150 11.573311
0.022200 11.885826
0.022250 12.035106
0.022300 11.720181
0.022350 11.651451
0.022400 10.689329
0.022450 10.058413
0.022500 9.146092
0.022550 8.496830
0.022600 7.988436
0.022650 7.492804
0.022700 6.710688
0.022750 6.407960
0.022800 5.989288
0.022850 5.596114
0.022900 5.367763
0.022950 5.060055
0.023000 4.933701
0.023050 4.703391
0.023100 4.458518
0.023150 4.208250
0.023200 4.206445
0.023250 3.968285
0.023300 3.753262
0.023350 3.807756
0.023400 3.574097
0.023450 3.485985
0.023500 3.444820
0.023550 3.273062
0.023600 3.170159
0.023650 3.099731
0.023700 3.015033
0.023750 3.032569
0.023800 3.047786
0.023850 2.847954
0.023900 2.768489
0.023950 2.664967
0.024000 2.666581
0.024050 2.624791
0.024100 2.589952
0.024150 2.542280
0.024200 2.469061
0.024250 2.390985
0.024300 2.581710
0.024350 2.389040
0.024400 2.296867
0.024450 2.324153
0.024500 2.220977
0.024550 2.346419
0.024600 2.272940
0.024650 2.242462
0.024700 2.172177
0.024750 2.111365
0.024800 2.212188
0.024850 2.043686
0.024900 2.082232
0.024950 2.109494
0.025000 2.031192
0.025050 1.953408
0.025100 2.005924
0.025150 2.076884
0.025200 2.003317
0.025250 1.942959
0.025300 1.954730
0.025350 1.930490
0.025400 1.841960
0.025450 1.879376
0.025500 1.961459
0.025550 1.920621
0.025600 1.789243
0.025650 1.795865
0.025700 1.837022
0.025750 1.749410
0.025800 1.777087
0.025850 1.825119
0.025900 1.754570
0.025950 1.768364
0.026000 1.658232
0.026050 1.725460
0.026100 1.789931
0.026150 1.684465
0.026200 1.759512
0.026250 1.652460
0.026300 1.731875
0.026350 1.706137
0.026400 1.662260
0.026450 1.594808
0.026500 1.600778
0.026550 1.722754
0.026600 1.678052
0.026650 1.678482
0.026700 1.591704
0.026750 1.750458
0.026800 1.601859
0.026850 1.652559
0.026900 1.604362
0.026950 1.669832
0.027000 1.640987
0.027050 1.624443
0.027100 1.542643
0.027150 1.610531
0.027200 1.540361
0.027250 1.601387
0.027300 1.540218
0.027350 1.577350
0.027400 1.488962
0.027450 1.581038
0.027500 1.534212
0.027550 1.620712
0.027600 1.562794
0.027650 1.564390
0.027700 1.573762
0.027750 1.580958
0.027800 1.558112
0.027850 1.459810
0.027900 1.483398
0.027950 1.549112
0.028000 1.485025
0.028050 1.503769
0.028100 1.447733
0.028150 1.465281
0.028200 1.486877
0.028250 1.534623
0.028300 1.516849
0.028350 1.484779
0.028400 1.398483
0.028450 1.442831
0.028500 1.425174
0.028550 1.462336
0.028600 1.485941
0.028650 1.450547
0.028700 1.481667
0.028750 1.477813
0.028800 1.432971
0.028850 1.459567
0.028900 1.445771
0.028950 1.449883
0.029000 1.524898
0.029050 1.462948
0.029100 1.413503
0.029150 1.408771
0.029200 1.452570
0.029250 1.398732
0.029300 1.374555
0.029350 1.460799
0.029400 1.344279
0.029450 1.382335
0.029500 1.347302
0.029550 1.388460
0.029600 1.421526
0.029650 1.425060
0.029700 1.389937
0.029750 1.358213
0.029800 1.286331
0.029850 1.413821
0.029900 1.415564
0.029950 1.413716
0.030000 1.381208
0.030050 1.418972
0.030100 1.376726
0.030150 1.312526
0.030200 1.320608
0.030250 1.378424
0.030300 1.387968
0.030350 1.320952
0.030400 1.341302
0.030450 1.430074
0.030500 1.331096
0.030550 1.311804
0.030600 1.285676
0.030650 1.315910
0.030700 1.348754
0.030750 1.292440
0.030800 1.370976
0.030850 1.377590
0.030900 1.344002
0.030950 1.359232
0.031000 1.313058
0.031050 1.295274
0.031100 1.310425
0.031150 1.294451
0.031200 1.294652
0.031250 1.286092
0.031300 1.327026
0.031350 1.332990
0.031400 1.357854
0.031450 1.242978
0.031500 1.374277
0.031550 1.278051
0.031600 1.323161
0.031650 1.308257
0.031700 1.368214
0.031750 1.241472
0.031800 1.314788
0.031850 1.356552
0.031900 1.290523
0.031950 1.258105
0.032000 1.216563
0.032050 1.278833
0.032100 1.241732
0.032150 1.248252
0.032200 1.238680
0.032250 1.295604
0.032300 1.229865
0.032350 1.312863
0.032400 1.261256
0.032450 1.267262
0.032500 1.248560
0.032550 1.257158
0.032600 1.252085
0.032650 1.296041
0.032700 1.285181
0.032750 1.219825
0.032800 1.236954
0.032850 1.214026
0.032900 1.206812
0.032950 1.223988
0.033000 1.218110
0.033050 1.188376
0.033100 1.220169
0.033150 1.274685
0.033200 1.205095
0.033250 1.189139
0.033300 1.169112
0.033350 1.201770
0.033400 1.308837
0.033450 1.204667
0.033500 1.198669
0.033550 1.206759
0.033600 1.206139
0.033650 1.239893
0.033700 1.208325
0.033750 1.205011
0.033800 1.245013
0.033850 1.243159
0.033900 1.142844
0.033950 1.180128
0.034000 1.223709
0.034050 1.129039
0.034100 1.157578
0.034150 1.204714
0.034200 1.222605
0.034250 1.195987
0.034300 1.177499
0.034350 1.152741
0.034400 1.194022
0.034450 1.131296
0.034500 1.156748
0.034550 1.158094
0.034600 1.249539
0.034650 1.188009
0.034700 1.170000
0.034750 1.114332
0.034800 1.139279
0.034850 1.128739
0.034900 1.173378
0.034950 1.200712
0.035000 1.205734
0.035050 1.090738
0.035100 1.174905
0.035150 1.193963
0.035200 1.149655
0.035250 1.120693
0.035300 1.124133
0.035350 1.073783
0.035400 1.089160
0.035450 1.143656
0.035500 1.137240
0.035550 1.140056
0.035600 1.147878
0.035650 1.124320
0.035700 1.130696
0.035750 1.144978
0.035800 1.126341
0.035850 1.088961
0.035900 1.195228
0.035950 1.158662
0.036000 1.095990
0.036050 1.111036
0.036100 1.139885
0.036150 1.024781
0.036200 1.075228
0.036250 1.098300
0.036300 1.074943
0.036350 1.133757
0.036400 1.078364
0.036450 1.105236
0.036500 1.120526
0.036550 1.129294
0.036600 1.081660
0.036650 1.138062
0.036700 1.105028
0.036750 1.019606
0.036800 1.098927
0.036850 1.202929
0.036900 1.127780
0.036950 1.098208
0.037000 1.104828
0.037050 1.043956
0.037100 1.046739
0.037150 1.085249
0.037200 1.091138
0.037250 1.100784
0.037300 1.167991
0.037350 1.109059
0.037400 1.100825
0.037450 1.128561
0.037500 1.097082
0.037550 1.170760
0.037600 1.104677
0.037650 1.058691
0.037700 1.079720
0.037750 1.069084
0.037800 1.069764
0.037850 1.062870
0.037900 1.084035
0.037950 1.032327
0.038000 1.048147
0.038050 1.010693
0.038100 1.065418
0.038150 1.062298
0.038200 1.047694
0.038250 0.971756
0.038300 1.001370
0.038350 1.046464
0.038400 1.018683
0.038450 1.100907
0.038500 1.076286
0.038550 1.083224
0.038600 1.086327
0.038650 1.032943
0.038700 1.018880
0.038750 1.026494
0.038800 1.037249
0.038850 1.082281
0.038900 0.994281
0.038950 1.010465
0.039000 0.943929
0.039050 1.064039
0.039100 1.066381
0.039150 1.010719
0.039200 1.002732
0.039250 1.037162
0.039300 1.030016
0.039350 1.048062
0.039400 1.007005
0.039450 0.977645
0.039500 1.002756
0.039550 1.041430
0.039600 1.063601
0.039650 1.014399
0.039700 1.024639
0.039750 1.025369
0.039800 1.034872
0.039850 0.970998
0.039900 1.016350
0.039950 1.032276
0.040000 0.994598
0.040050 1.043398
0.040100 1.064279
0.040150 1.036197
0.040200 1.024918
0.040250 1.036974
0.040300 1.068446
0.040350 1.029742
0.040400 0.966627
0.040450 0.980231
0.040500 1.018219
0.040550 0.978399
0.040600 1.010792
0.040650 0.997724
0.040700 0.882736
0.040750 1.005600
0.040800 1.012906
0.040850 0.999792
0.040900 1.021850
0.040950 0.980852
0.041000 0.979936
0.041050 0.935454
0.041100 0.948423
0.041150 1.016651
0.041200 0.970456
0.041250 1.006696
0.041300 0.962852
0.041350 0.942864
0.041400 0.931926
0.041450 0.989012
0.041500 1.009744
0.041550 0.962330
0.041600 0.933074
0.041650 0.970436
0.041700 1.001256
0.041750 1.027174
0.041800 1.011338
0.041850 0.961090
0.041900 0.916538
0.041950 0.992790
0.042000 1.018017
0.042050 0.959979
0.042100 1.011327
0.042150 0.936261
0.042200 0.995286
0.042250 0.989382
0.042300 0.963132
0.042350 0.960536
0.042400 0.950293
0.042450 0.951917
0.042500 0.935679
0.042550 0.952615
0.042600 0.935494
0.042650 0.978096
0.042700 0.974681
0.042750 0.931025
0.042800 0.919785
0.042850 0.939397
0.042900 0.922144
0.042950 0.943534
0.043000 0.942616
0.043050 0.956352
0.043100 0.914907
0.043150 0.891465
0.043200 0.911195
0.043250 0.914543
0.043300 0.927443
0.043350 0.926503
0.043400 0.914266
0.043450 0.932440
0.043500 0.908872
0.043550 0.948010
0.043600 0.937525
0.043650 0.922637
0.043700 0.892826
0.043750 0.940880
0.043800 0.949637
0.043850 0.874139
0.043900 0.943421
0.043950 0.864223
0.044000 0.921313
0.044050 0.911569
0.044100 0.893848
0.044150 0.884026
0.044200 0.925504
0.044250 0.921054
0.044300 0.903287
0.044350 0.923647
0.044400 0.926299
0.044450 0.920063
0.044500 0.902226
0.044550 0.974424
0.044600 0.919169
0.044650 0.936145
0.044700 0.880686
0.044750 0.958548
0.044800 0.872523
0.044850 0.925403
0.044900 0.893058
0.044950 0.928108
0.045000 0.940753
0.045050 0.935403
0.045100 0.961643
0.045150 0.897573
0.045200 0.911123
0.045250 0.946465
0.045300 0.896669
0.045350 0.880307
0.045400 0.984791
0.045450 0.970413
0.045500 0.883110
0.045550 0.856626
0.045600 0.958791
0.045650 0.834623
0.045700 0.851875
0.045750 0.943383
0.045800 0.842624
0.045850 0.885664
0.045900 0.922415
0.045950 0.912369
0.046000 0.883873
0.046050 0.869117
0.046100 0.863546
0.046150 0.905084
0.046200 0.912535
0.046250 0.842229
0.046300 0.843077
0.046350 0.944155
0.046400 0.900639
0.046450 0.884885
0.046500 0.956597
0.046550 0.898063
0.046600 0.833745
0.046650 0.873831
0.046700 0.850469
0.046750 0.926251
0.046800 0.853296
0.046850 0.959268
0.046900 0.883416
0.046950 0.819544
0.047000 0.906031
0.047050 0.887293
0.047100 0.865669
0.047150 0.885515
0.047200 0.820377
0.047250 0.860987
0.047300 0.873319
0.047350 0.864837
0.047400 0.899985
0.047450 0.833597
0.047500 0.833572
0.047550 0.836406
0.047600 0.883090
0.047650 0.870776
0.047700 0.901401
0.047750 0.913961
0.047800 0.896896
0.047850 0.829964
0.047900 0.873110
0.047950 0.878954
0.048000 0.830042
0.048050 0.861788
0.048100 0.856079
0.048150 0.832039
0.048200 0.903462
0.048250 0.893966
0.048300 0.835126
0.048350 0.850642
0.048400 0.793534
0.048450 0.820642
0.048500 0.832301
0.048550 0.853719
0.048600 0.845043
0.048650 0.843161
0.048700 0.851026
0.048750 0.848182
0.048800 0.864872
0.048850 0.871836
0.048900 0.840643
0.048950 0.839737
0.049000 0.769180
0.049050 0.814286
0.049100 0.828077
0.049150 0.803537
0.049200 0.854770
0.049250 0.819394
0.049300 0.844120
0.049350 0.807668
0.049400 0.802756
0.049450 0.789912
0.049500 0.816672
0.049550 0.753244
0.049600 0.819710
0.049650 0.833698
0.049700 0.769126
0.049750 0.783046
0.049800 0.823930
0.049850 0.848972
0.049900 0.811155
