0.024185 -0.0250000004 -0.00658723295 -0.0343745307 synchronous_release_0
0.030631 -0.0250000004 -0.000654056469 -0.000756445725 synchronous_release_0
0.035015 -0.0250000004 0.00658723295 0.0343745307 synchronous_release_0
0.032102 -0.0250000004 0.0239801291 0.0254941838 synchronous_release_0
0.026536 -0.0250000004 0.0348384727 -0.00335869342 synchronous_release_0
0.033838 -0.0250000004 -0.0145105225 0.0318503491 synchronous_release_1
0.027739 -0.0250000004 0.00851272193 0.0339489847 synchronous_release_0
0.034592 -0.0250000004 0.0341192922 -0.00780217258 asynchronous_release_0
0.049974 -0.0250000004 -0.0267661249 0.0225515977 synchronous_release_0
0.049874 -0.0250000004 0.000168392916 -0.000985719953 synchronous_release_0
0.0252 -0.0250000004 -0.0224221473 -0.0268746593 synchronous_release_0
0.028527 -0.0250000004 0.0040288313 0.0347673485 synchronous_release_0
0.003764 -0.0250000004 0.0317281001 -0.0147759151 synchronous_release_0
0.022981 -0.0250000004 -0.0030677322 0.0348652982 synchronous_release_0
0.029183 -0.0250000004 0.000573982375 -0.000818867653 synchronous_release_0
0.032074 -0.0250000004 0.0030677322 -0.0348652982 synchronous_release_0
0.048916 -0.0250000004 0.0300944587 0.0178696266 asynchronous_release_1
0.021178 -0.0250000004 0.0327624076 0.012313596 synchronous_release_0
0.030928 -0.0250000004 0.0270450907 -0.0222162793 synchronous_release_0
0.023892 -0.0250000004 -0.00941713744 -0.0337093091 synchronous_release_0
0.037599 -0.0250000004 0.000248547837 -0.000968619622 synchronous_release_0
0.03134 -0.0250000004 0.0244845493 -0.0250101348 synchronous_release_1
0.026733 -0.0250000004 0.0343716625 -0.0066021826 synchronous_release_1
0.024306 -0.0250000004 0.00326173236 -0.0348476843 synchronous_release_0
0.033074 -0.0250000004 0.0318098461 -0.0145990991 synchronous_release_0
0.026439 -0.0250000004 0.0285481137 0.0202485852 synchronous_release_1
0.029166 -0.0250000004 -0.00326173236 0.0348476843 synchronous_release_2
0.026206 -0.0250000004 -0.0229384407 0.026435354 synchronous_release_0
0.024304 -0.0250000004 0.0329848457 0.0117046978 synchronous_release_1
0.022527 -0.0250000004 0.0344010396 -0.00644736178 synchronous_release_0
0.008285 -0.0250000004 0.0212845611 0.0277843024 synchronous_release_0
0.024367 -0.0250000004 0.0349913192 -0.000779472802 synchronous_release_1
0.011949 -0.0250000004 0.0349444059 0.00197192686 synchronous_release_0
0.02838 -0.0250000004 -0.0346259573 0.00510324205 synchronous_release_0
0.026359 -0.0250000004 0.000340391052 -0.0349983447 asynchronous_release_4
0.04607 -0.0250000004 0.0304796512 -0.0172043851 synchronous_release_0
0.022221 -0.0250000004 0.0323770141 0.0132939444 synchronous_release_2
0.032182 -0.0250000004 -0.000349731303 0.00093685005 synchronous_release_0
0.043405 -0.0250000004 -0.000808139181 0.000588991565 asynchronous_release_0
0.022938 -0.0250000004 0.0348027695 -0.00371042234 synchronous_release_0
0.033952 -0.0250000004 0.0278399 0.0212117884 synchronous_release_1
0.04705 -0.0250000004 -0.000991884424 -0.000127142788 synchronous_release_1
0.025157 -0.0250000004 0.0303155964 -0.0174918442 synchronous_release_0
0.024136 -0.0250000004 0.00842999183 -0.0339696223 synchronous_release_0
0.027066 -0.0250000004 0.00722183994 0.0342468251 synchronous_release_0
0.023363 -0.0250000004 0.013285237 -0.032380588 synchronous_release_0
0.044891 -0.0250000004 0.0213997933 0.0276956467 synchronous_release_0
0.023479 -0.0250000004 0.00306493118 -0.0348655446 synchronous_release_0
0.02633 -0.0250000004 -0.00306493118 0.0348655446 synchronous_release_1
0.023808 -0.0250000004 0.0214826911 0.0276313949 synchronous_release_0
0.02753 -0.0250000004 0.0131881444 -0.0324202537 synchronous_release_1
0.023027 -0.0250000004 0.025879496 -0.0235637791 synchronous_release_1
0.02564 -0.0250000004 -0.00087320142 0.000487359497 synchronous_release_0
0.029729 -0.0250000004 0.0170575824 0.0305620497 synchronous_release_0
0.044249 -0.0250000004 0.0349963026 0.00050872516 synchronous_release_0
0.036867 -0.0250000004 0.0179387202 -0.0300533245 synchronous_release_1
0.022998 -0.0250000004 -0.034407274 -0.00641400759 synchronous_release_0
0.0231 -0.0250000004 0.0200302063 0.0287017566 synchronous_release_1
0.03926 -0.0250000004 0.0347520654 -0.00415859929 synchronous_release_1
0.03358 -0.0250000004 -0.000363347549 0.000931653669 synchronous_release_0
0.035145 -0.0250000004 -0.00529055193 -0.0345978332 synchronous_release_0
0.023732 -0.0250000004 0.0326078784 0.0127171642 synchronous_release_1
0.00503 -0.0250000004 -0.034545899 -0.00561968537 synchronous_release_0
0.022796 -0.0250000004 0.0221397398 -0.0271077834 synchronous_release_0
0.030625 -0.0250000004 0.034545899 0.00561968537 synchronous_release_0
0.024396 -0.0250000004 0.0349691587 -0.00146899313 synchronous_release_0
0.037233 -0.0250000004 0.0187567647 0.0295496832 synchronous_release_1
0.031849 -0.0250000004 0.0265159652 0.0228452094 synchronous_release_0
0.03307 -0.0250000004 -0.0330425143 0.0115408947 synchronous_release_0
0.034068 -0.0250000004 0.0216696274 0.0274850368 synchronous_release_1
0.03221 -0.0250000004 0.0159431513 -0.0311579191 synchronous_release_0
0.033939 -0.0250000004 0.0190119738 0.0293861336 synchronous_release_0
0.025144 -0.0250000004 -0.0190119738 -0.0293861336 synchronous_release_1
0.007797 -0.0250000004 0.0125880879 -0.0326579247 synchronous_release_0
0.017542 -0.0250000004 0.0219885484 0.0272305662 synchronous_release_0
0.028716 -0.0250000004 -0.0345766363 0.0054273584 synchronous_release_0
0.031548 -0.0250000004 0.000933083561 0.000359659655 synchronous_release_1
0.03888 -0.0250000004 -0.0266035703 0.0227431319 asynchronous_release_0
0.034836 -0.0250000004 0.00251543939 -0.034909491 synchronous_release_0
0.03124 -0.0250000004 -0.00675751972 0.0343414608 synchronous_release_0
0.024889 -0.0250000004 -3.79315908e-05 -0.000999280338 synchronous_release_0
0.023234 -0.0250000004 0.034450894 0.00617542756 synchronous_release_1
0.007514 -0.0250000004 0.0331325824 -0.0112797156 asynchronous_release_0
0.002696 -0.0250000004 0.0348270864 -0.00347477364 synchronous_release_0
0.016245 -0.0250000004 0.014404301 -0.0318985284 synchronous_release_0
0.023628 -0.0250000004 0.0204227855 0.0284237548 synchronous_release_1
0.013036 -0.0250000004 -0.00195412299 -0.034945406 synchronous_release_0
0.022328 -0.0250000004 0.0292865479 -0.0191650232 synchronous_release_0
0.030845 -0.0250000004 0.00195412299 0.034945406 synchronous_release_0
0.026146 -0.0250000004 0.0314458829 0.0153673826 synchronous_release_0
0.026024 -0.0250000004 -0.000685094595 0.000728454114 synchronous_release_0
0.036507 -0.0250000004 0.0335137733 -0.0100909365 synchronous_release_0
0.02251 -0.0250000004 -0.0335137733 0.0100909365 synchronous_release_1
0.024228 -0.0250000004 -0.00448452257 0.0698562027 synchronous_release_0
0.027647 -0.0250000004 0.0291274924 0.0194059059 synchronous_release_0
0.022947 -0.0250000004 0.00636343828 -0.0344166624 synchronous_release_0
0.043008 -0.0250000004 0.000649120869 -0.000760685281 synchronous_release_1
0.046432 -0.0250000004 0.018531822 -0.029691271 synchronous_release_0
0.026619 -0.0250000004 0.0173796023 -0.0303800827 synchronous_release_0
0.045179 -0.0250000004 -0.0173796023 0.0303800827 synchronous_release_0
0.014521 -0.0250000004 0.0237131623 0.025742687 asynchronous_release_0
0.045362 -0.0250000004 0.000218995926 0.000975725773 synchronous_release_0
0.022904 -0.0250000004 0.0104372398 -0.0334075444 synchronous_release_1
0.028307 -0.0250000004 0.0341504021 -0.00766485741 synchronous_release_2
0.03006 -0.0250000004 -0.0322189889 -0.0136724817 synchronous_release_0
0.039251 -0.0250000004 0.00426877794 0.0347387037 synchronous_release_0
0.032367 -0.0250000004 0.0322189889 0.0136724817 synchronous_release_1
0.023003 -0.0250000004 0.0335020092 0.0101299249 synchronous_release_0
0.049374 -0.0250000004 -0.0079782323 -0.0340785535 synchronous_release_1
0.023522 -0.0250000004 0.000547177262 0.000837016753 synchronous_release_0
0.027508 -0.0250000004 0.0312332225 0.0157951199 synchronous_release_0
0.033066 -0.0250000004 0.0302341307 0.0176322812 synchronous_release_0
0.045289 -0.0250000004 0.0303870688 -0.0173673846 synchronous_release_0
0.023772 -0.0250000004 0.0215490285 0.0275796913 synchronous_release_1
0.039801 -0.0250000004 0.013110199 -0.0324518517 synchronous_release_1
0.02879 -0.0250000004 0.00924415104 -0.0337571573 synchronous_release_0
0.043731 -0.0250000004 0.00123223518 0.0606092534 synchronous_release_0
0.025752 -0.0250000004 0.000187711159 -0.000982224272 synchronous_release_0
0.046766 -0.0250000004 -0.0228786169 0.0264871457 synchronous_release_0
0.044968 -0.0250000004 0.0116059294 -0.0330197275 asynchronous_release_0
0.031366 -0.0250000004 0.0340258959 0.00819990298 synchronous_release_0
0.028475 -0.0250000004 0.00991162365 0.0335672417 synchronous_release_1
0.024353 -0.0250000004 -0.000817409109 -0.000576057591 synchronous_release_0
0.023427 -0.0250000004 0.0345423417 0.00564150947 synchronous_release_0
0.036788 -0.0250000004 0.0123854803 0.0327353002 synchronous_release_0
0.029446 -0.0250000004 0.0221568614 -0.0270937907 synchronous_release_1
0.025037 -0.0250000004 -0.000733224555 0.000679986582 synchronous_release_0
0.023354 -0.0250000004 0.0282093662 0.0207179068 synchronous_release_0
0.004659 -0.0250000004 0.0348654382 -0.0030661405 synchronous_release_0
0.022839 -0.0250000004 0.0147773635 -0.0317274255 synchronous_release_0
0.026436 -0.0250000004 0.0200880747 0.028661285 synchronous_release_0
0.023648 -0.0250000004 0.0323820038 0.0132817855 synchronous_release_0
0.028539 -0.0250000004 0.00805914752 0.0340595088 synchronous_release_0
0.026095 -0.0250000004 0.0338646094 -0.00884241098 synchronous_release_0
0.047767 -0.0250000004 -0.000964251929 -0.000264987204 synchronous_release_0
0.023648 -0.0250000004 0.0298516375 -0.0182723764 synchronous_release_0
0.029182 -0.0250000004 0.000898523438 0.0349884646 synchronous_release_0
0.037489 -0.0250000004 0.0307501609 0.0167160882 synchronous_release_0
0.020787 -0.0250000004 0.0342426835 0.00724145188 synchronous_release_0
0.022495 -0.0250000004 0.0108500605 0.0332757598 synchronous_release_1
0.028175 -0.0250000004 0.0152448144 0.0315054858 synchronous_release_0
0.039323 -0.0250000004 -0.0152448144 -0.0315054858 synchronous_release_0
0.024901 -0.0250000004 0.020941948 0.0280434451 synchronous_release_0
0.015609 -0.0250000004 0.000256089839 -0.0349990631 synchronous_release_0
0.032233 -0.0250000004 -0.000256089839 0.0349990631 synchronous_release_0
0.022212 -0.0250000004 0.0301820328 0.0177213119 synchronous_release_1
0.022895 -0.0250000004 0.0304381227 -0.0172777512 synchronous_release_1
0.042077 -0.0250000004 -0.0325289483 0.0129177214 synchronous_release_1
0.031813 -0.0250000004 0.0230317256 -0.0263541195 synchronous_release_0
0.0358 -0.0250000004 -0.0039405171 0.0347774686 asynchronous_release_0
0.035106 -0.0250000004 -0.0214816327 0.0276322177 synchronous_release_0
0.034934 -0.0250000004 0.00414299184 -0.0347539295 synchronous_release_0
0.022834 -0.0250000004 0.0323602871 0.0133346098 synchronous_release_0
0.023613 -0.0250000004 0.00463203277 0.0346921356 synchronous_release_0
0.032006 -0.0250000004 0.0277282544 -0.0213575258 synchronous_release_0
0.009742 -0.0250000004 0.0206250395 -0.0282773363 synchronous_release_0
0.034696 -0.0250000004 -0.00267465249 0.0348976537 synchronous_release_1
0.022811 -0.0250000004 0.0235026141 -0.025935056 synchronous_release_0
0.031829 -0.0250000004 0.0342117244 0.00738633289 synchronous_release_1
0.017972 -0.0250000004 0.0347293824 -0.00434396075 synchronous_release_0
0.034386 -0.0250000004 -0.0341354424 -0.00773120755 synchronous_release_0
0.0224 -0.0250000004 0.0103722991 0.0334277641 synchronous_release_1
0.027589 -0.0250000004 0.0317366116 0.0147576246 synchronous_release_0
0.046295 -0.0250000004 0.00308782797 0.0348635242 synchronous_release_0
0.02456 -0.0250000004 0.02365645 0.0257948129 synchronous_release_1
0.022634 -0.0250000004 0.00691277295 0.034310546 synchronous_release_0
0.03088 -0.0250000004 -0.00691277295 -0.034310546 synchronous_release_0
0.038579 -0.0250000004 0.033170191 0.011168636 synchronous_release_0
0.035472 -0.0250000004 -0.000615504983 -0.000788132994 asynchronous_release_0
0.013531 -0.0250000004 0.0275846548 -0.0215426744 synchronous_release_0
0.022515 -0.0250000004 -0.0048641759 -0.034660349 synchronous_release_0
0.043796 -0.0250000004 -0.0275846548 0.0215426744 synchronous_release_0
0.024429 -0.0250000004 0.0140554996 -0.0320537507 synchronous_release_0
0.026492 -0.0250000004 -0.000796741736 0.000604319954 synchronous_release_0
0.036308 -0.0250000004 -0.0135743512 0.0322604555 synchronous_release_0
0.023397 -0.0250000004 0.0349352952 -0.00212723963 synchronous_release_0
0.003172 -0.0250000004 0.0213556816 -0.0277296748 synchronous_release_0
0.029005 -0.0250000004 0.0346924436 0.00462972536 synchronous_release_0
0.048131 -0.0250000004 -0.000209792337 0.000977745967 asynchronous_release_0
0.030516 -0.0250000004 0.0234695467 -0.0259649837 synchronous_release_0
0.026193 -0.0250000004 0.0317344848 -0.0147621975 synchronous_release_0
0.022692 -0.0250000004 0.0253306622 -0.024152796 synchronous_release_0
0.0326 -0.0250000004 0.033582266 0.00986059891 synchronous_release_0
0.022263 -0.0250000004 0.034076388 0.00798747667 synchronous_release_0
0.023675 -0.0250000004 -0.0101208363 -0.033504756 synchronous_release_0
0.035867 -0.0250000004 -0.0239555517 0.0255172793 synchronous_release_0
0.024385 -0.0250000004 0.029785637 -0.0183797669 synchronous_release_0
0.029056 -0.0250000004 -0.0294491391 0.0189142328 synchronous_release_0
0.006979 -0.0250000004 0.0294491391 -0.0189142328 synchronous_release_1
0.032355 -0.0250000004 0.0336001288 -0.0097995584 synchronous_release_1
0.022842 -0.0250000004 -0.000937549357 0.000347852271 synchronous_release_0
0.040887 -0.0250000004 0.0345053694 0.00586340213 synchronous_release_0
0.042248 -0.0250000004 -0.0349947048 -0.000608796463 asynchronous_release_0
0.024833 -0.0250000004 0.0183445877 0.0298073163 synchronous_release_0
0.00439 -0.0250000004 0.0335898608 -0.00983469637 synchronous_release_0
0.031301 -0.0250000004 0.00864213014 -0.0339162732 synchronous_release_0
0.017028 -0.0250000004 0.0250512891 0.0244424408 synchronous_release_1
0.02592 -0.0250000004 0.0326118875 -0.0127068797 synchronous_release_1
0.022494 -0.0250000004 0.0349508206 0.00185476107 synchronous_release_0
0.006568 -0.0250000004 0.0346686476 -0.0048046719 synchronous_release_0
0.035588 -0.0250000004 -0.0214952917 -0.0276215936 synchronous_release_0
0.043772 -0.0250000004 -0.0131733559 0.0324262655 synchronous_release_0
0.023759 -0.0250000004 0.0214952917 0.0276215936 synchronous_release_1
0.027772 -0.0250000004 0.00013727634 0.000990532789 synchronous_release_1
0.002919 -0.0250000004 -0.000349889303 0.0349982511 synchronous_release_0
0.023044 -0.0250000004 -0.0301344299 -0.0178021386 synchronous_release_0
0.043386 -0.0250000004 0.0301344299 0.0178021386 synchronous_release_0
0.026412 -0.0250000004 0.0308081457 0.0166089783 synchronous_release_0
0.030838 -0.0250000004 0.0311537342 0.0159513275 synchronous_release_0
0.039392 -0.0250000004 0.0293911219 -0.0190042615 synchronous_release_0
0.023941 -0.0250000004 0.0114361775 -0.0330789033 synchronous_release_0
0.048271 -0.0250000004 0.0154584932 0.031401194 asynchronous_release_0
0.023627 -0.0250000004 0.0349234784 0.00231314919 synchronous_release_0
0.028112 -0.0250000004 -0.0194649851 0.0290880449 synchronous_release_1
0.034346 -0.0250000004 -0.0168824099 -0.0306591623 asynchronous_release_1
0.031395 -0.0250000004 -0.0450265923 -0.040590713 asynchronous_release_0
0.023236 -0.0250000004 0.0234350591 -0.0259961152 synchronous_release_0
0.026356 -0.0250000004 0.0271237669 -0.0221201553 synchronous_release_1
0.033133 -0.0250000004 0.0312712202 0.0157197578 synchronous_release_0
0.044618 -0.0250000004 -0.0292493197 0.0192217922 synchronous_release_1
0.023324 -0.0250000004 0.0337550758 -0.00925174892 synchronous_release_1
0.022261 -0.0250000004 0.0332780714 -0.0108429683 synchronous_release_1
0.02962 -0.0250000004 0.0233351176 0.0260858637 synchronous_release_0
0.038721 -0.0250000004 -0.0109234619 0.0332517365 synchronous_release_1
0.028517 -0.0250000004 0.0249640246 0.0245315608 synchronous_release_1
0.013454 -0.0250000004 0.0272580245 0.0219545007 synchronous_release_1
0.025378 -0.0250000004 0.0326421676 -0.0126288914 synchronous_release_1
0.030148 -0.0250000004 -0.019378375 0.0291458159 synchronous_release_0
0.045752 -0.0250000004 0.00314409871 0.0348584946 asynchronous_release_0
0.026156 -0.0250000004 -0.0321513054 -0.0138308915 synchronous_release_1
0.027954 -0.0250000004 -0.0336908167 -0.00948308323 synchronous_release_0
0.03003 -0.0250000004 -0.0341177573 0.00780888203 synchronous_release_0
0.034603 -0.0250000004 0.0102961884 -0.0334512855 synchronous_release_0
0.038325 -0.0250000004 0.0238215688 0.0256424035 synchronous_release_0
0.024273 -0.0250000004 0.0234633953 -0.0259705425 synchronous_release_1
0.030139 -0.0250000004 0.015710178 0.031276034 synchronous_release_0
0.023124 -0.0250000004 0.0296752332 0.0185574927 synchronous_release_0
0.039138 -0.0250000004 0.0309088767 -0.0164207594 synchronous_release_1
0.024368 -0.0250000004 -0.00577872957 -0.0345196507 synchronous_release_1
0.029227 -0.0250000004 0.000636124342 0.000771586562 synchronous_release_1
0.023159 -0.0250000004 -0.0191448125 0.0292997637 synchronous_release_0
0.029334 -0.0250000004 -0.000736611569 0.000676316047 asynchronous_release_0
0.024031 -0.0250000004 0.0341628824 -0.00760903827 synchronous_release_0
0.004446 -0.0250000004 0.0249109842 -0.0245854198 synchronous_release_0
0.039775 -0.0250000004 0.00883610601 0.033866255 synchronous_release_0
0.02356 -0.0250000004 0.0336727937 -0.00954688241 synchronous_release_0
0.039646 -0.0250000004 0.00069680153 -0.000717263987 synchronous_release_1
0.024385 -0.0250000004 0.0226828493 0.0266549873 synchronous_release_0
0.024102 -0.0250000004 -0.027907767 0.021122418 synchronous_release_0
0.02887 -0.0250000004 0.032246434 0.0136076262 synchronous_release_1
0.032491 -0.0250000004 -0.00433866703 -0.0347300442 synchronous_release_1
0.023407 -0.0250000004 -0.0313250932 -0.0156121278 synchronous_release_0
0.025273 -0.0250000004 0.00214204732 0.0349343904 synchronous_release_0
0.033112 -0.0250000004 -0.00214204732 -0.0349343904 synchronous_release_0
0.030358 -0.0250000004 0.000446060795 -0.000895002663 synchronous_release_1
0.038989 -0.0250000004 -0.0192020949 -0.0292622547 asynchronous_release_4
0.043683 -0.0250000004 0.0159553265 -0.0311516862 asynchronous_release_0
0.023115 -0.0250000004 0.000890048178 0.000455866473 asynchronous_release_1
0.026602 -0.0250000004 0.0539563033 0.0276354362 synchronous_release_0
0.045357 -0.0250000004 -0.0013045481 -0.0349756795 asynchronous_release_0
0.024748 -0.0250000004 -0.0296375529 0.0186176115 synchronous_release_0
0.031618 -0.0250000004 0.0013045481 0.0349756795 synchronous_release_0
0.003213 -0.0250000004 0.0170178921 -0.0305841683 synchronous_release_0
0.026365 -0.0250000004 0.0349956127 -0.000554157226 synchronous_release_0
0.031373 -0.0250000004 -0.0349956127 0.000554157226 synchronous_release_0
0.028228 -0.0250000004 0.0263684531 -0.023015314 synchronous_release_1
0.023039 -0.0250000004 0.033523216 -0.0100595224 synchronous_release_0
0.03222 -0.0250000004 -0.00465370354 -0.0346892353 asynchronous_release_0
0.043253 -0.0250000004 0.00465370354 0.0346892353 synchronous_release_0
0.024078 -0.0250000004 0.0128573797 0.0325528461 synchronous_release_0
0.04147 -0.0250000004 -0.0173307288 0.0304079897 asynchronous_release_3
0.046384 -0.0250000004 0.0349199214 -0.00236624009 asynchronous_release_0
0.038278 -0.0250000004 -0.0254727668 -0.024002878 synchronous_release_0
0.025188 -0.0250000004 0.0348311681 0.00343361745 synchronous_release_0
0.024998 -0.0250000004 0.0349789892 0.00121256473 synchronous_release_0
0.02616 -0.0250000004 0.0185396065 -0.0296864109 synchronous_release_0
0.034686 -0.0250000004 0.0164393828 0.0308989756 synchronous_release_0
0.037584 -0.0250000004 -0.0349789892 -0.00121256473 synchronous_release_0
0.02773 -0.0250000004 0.0201697927 0.0286038365 synchronous_release_0
0.039245 -0.0250000004 0.000998942513 -4.59766759e-05 synchronous_release_0
0.034649 -0.0250000004 0.0228609433 -0.0265024012 asynchronous_release_0
0.022811 -0.0250000004 0.0343822244 0.00654695704 synchronous_release_0
0.046897 -0.0250000004 0.000909822585 0.000414997426 synchronous_release_0
0.026753 -0.0250000004 0.0111065337 0.0331910366 synchronous_release_1
0.03601 -0.0250000004 0.00808883242 -0.0340524711 asynchronous_release_0
0.031642 -0.0250000004 -0.033858375 -0.00886625309 asynchronous_release_0
0.034631 -0.0250000004 -0.000964438269 0.000264308202 synchronous_release_0
0.009388 -0.0250000004 0.0149920988 0.0316265233 synchronous_release_0
0.049433 -0.0250000004 0.0267410616 0.0225813113 asynchronous_release_0
0.023605 -0.0250000004 -0.00081681361 -0.000576901661 synchronous_release_0
0.004645 -0.0250000004 0.0229683534 -0.0264093684 synchronous_release_0
0.006654 -0.0250000004 0.0113870072 0.0330958618 synchronous_release_0
0.024866 -0.0250000004 0.0343553607 0.00668649336 synchronous_release_0
0.023087 -0.0250000004 0.0339028824 -0.00869451344 synchronous_release_0
0.031072 -0.0250000004 -0.0161212404 0.0310661489 synchronous_release_0
0.033193 -0.0250000004 -0.000887604254 -0.000460606869 synchronous_release_1
0.025276 -0.0250000004 0.0313218273 -0.015618679 synchronous_release_0
0.041312 -0.0250000004 -0.00213474091 0.0349348376 synchronous_release_1
0.02365 -0.0250000004 0.0140122648 -0.0320726743 synchronous_release_1
0.029848 -0.0250000004 -0.0207696183 -0.0281713144 synchronous_release_1
0.027457 -0.0250000004 0.0334431968 0.0103224313 synchronous_release_1
0.027754 -0.0250000004 0.0254847553 0.023990149 synchronous_release_0
0.033191 -0.0250000004 0.00803370085 -0.03406552 synchronous_release_0
0.027528 -0.0250000004 0.0310213399 -0.0162072969 synchronous_release_0
0.023948 -0.0250000004 0.0295466008 0.01876162 synchronous_release_1
0.035373 -0.0250000004 -0.00255754709 -0.0349064314 synchronous_release_0
0.003113 -0.0250000004 0.0315086299 0.015238315 synchronous_release_1
0.023733 -0.0250000004 0.00586033826 -0.0345058899 synchronous_release_0
0.022751 -0.0250000004 0.0328547675 -0.0120650011 synchronous_release_0
0.041252 -0.0250000004 -0.00769813283 0.0341429166 asynchronous_release_0
0.025631 -0.0250000004 -0.0334176995 0.0104046797 synchronous_release_0
0.039837 -0.0250000004 -0.000259361208 0.034999039 synchronous_release_1
0.022969 -0.0250000004 0.0349309707 -0.00219710797 synchronous_release_0
0.027771 -0.0250000004 0.0155627341 -0.031349662 synchronous_release_0
0.002707 -0.0250000004 0.0255220677 -0.0239504501 synchronous_release_0
0.006987 -0.0250000004 -0.00798066431 -0.0340779841 synchronous_release_0
0.018629 -0.0250000004 0.0344733957 -0.00604855259 synchronous_release_0
0.026714 -0.0250000004 0.0224748981 0.0268305601 synchronous_release_0
0.032877 -0.0250000004 -0.0224748981 -0.0268305601 synchronous_release_0
0.024102 -0.0250000004 0.0196883351 -0.0289373368 synchronous_release_0
0.02875 -0.0250000004 0.0152163012 0.0315192668 synchronous_release_0
0.035681 -0.0250000004 0.0349046363 0.00258193001 synchronous_release_0
0.027612 -0.0250000004 0.000396536893 -0.000918018787 synchronous_release_1
0.017366 -0.0250000004 0.0208971506 0.0280768427 synchronous_release_0
0.034094 -0.0250000004 0.0344725894 -0.00605314657 synchronous_release_0
0.022397 -0.0250000004 0.0273869502 0.0217934614 asynchronous_release_3
0.043465 -0.0250000004 -0.00898907519 -0.0338259742 asynchronous_release_0
0.024029 -0.0250000004 -0.000505339462 0.000862920638 synchronous_release_0
0.04421 -0.0250000004 0.0304183996 -0.0173124512 synchronous_release_0
0.024836 -0.0250000004 0.0247160288 -0.0247814027 synchronous_release_0
0.025747 -0.0250000004 0.034810627 0.00363596541 synchronous_release_0
0.027192 -0.0250000004 0.0205541519 -0.0283289046 synchronous_release_0
0.031195 -0.0250000004 -0.0142564751 -0.03196487 synchronous_release_0
0.0358 -0.0250000004 0.0142564751 0.03196487 synchronous_release_0
0.025241 -0.0250000004 0.0349540421 0.00179302618 synchronous_release_0
0.023501 -0.0250000004 0.00922025788 -0.0337636912 synchronous_release_0
0.038702 -0.0250000004 0.0506605054 -0.0332943418 synchronous_release_0
0.025001 -0.0250000004 0.0157190041 -0.0312715991 synchronous_release_1
0.035833 -0.0250000004 0.0349108902 0.00249594543 asynchronous_release_0
0.007418 -0.0250000004 0.0106797539 0.0333308094 synchronous_release_0
0.024211 -0.0250000004 0.0342052046 0.00741646649 synchronous_release_0
0.022645 -0.0250000004 0.0285868511 0.0201938591 synchronous_release_0
0.024887 -0.0250000004 0.0336953062 0.00946711901 synchronous_release_0
0.022478 -0.0250000004 0.0344401986 0.00623479899 synchronous_release_0
0.029112 -0.0250000004 0.000941242469 -0.000337731572 synchronous_release_0
0.0361 -0.0250000004 -0.0189004981 -0.029457956 asynchronous_release_0
0.045822 -0.0250000004 0.000841655885 -0.000540014233 asynchronous_release_1
0.023341 -0.0250000004 0.0349615873 -0.00163933355 synchronous_release_0
0.024906 -0.0250000004 -0.00218569797 -0.0349316865 asynchronous_release_3
0.009111 -0.0250000004 0.0349638407 0.00159054767 synchronous_release_0
0.03014 -0.0250000004 -0.0188593751 0.0294843004 synchronous_release_0
0.041943 -0.0250000004 0.0161044657 0.0310748481 synchronous_release_0
0.023133 -0.0250000004 0.0320019601 -0.0141730219 synchronous_release_0
0.047177 -0.0250000004 -0.00099773199 6.73117899e-05 synchronous_release_0
0.037398 -0.0250000004 0.0282580868 -0.0206514051 synchronous_release_0
0.027151 -0.0250000004 -0.0231631092 -0.0262387189 synchronous_release_0
0.031444 -0.0250000004 0.0111418425 -0.0331792005 synchronous_release_0
0.003548 -0.0250000004 -0.0340457685 0.00811699758 synchronous_release_0
0.042365 -0.0250000004 0.0240524103 0.0254260016 synchronous_release_0
0.027219 -0.0250000004 0.0338844274 -0.00876616097 synchronous_release_0
0.007075 -0.0250000004 0.0340741509 -0.00799701443 synchronous_release_0
0.024632 -0.0250000004 0.0336130376 -0.00975518858 synchronous_release_0
0.029425 -0.0250000004 -0.0252547599 -0.0242321502 synchronous_release_0
0.022532 -0.0250000004 -0.0040470387 -0.0347652338 synchronous_release_0
0.023362 -0.0250000004 0.0280840562 -0.0208874552 synchronous_release_0
0.022717 -0.0250000004 0.0310742604 -0.0161055997 synchronous_release_0
0.031711 -0.0250000004 0.0294849887 0.0188582991 synchronous_release_0
0.039472 -0.0250000004 -0.0109674914 0.0332372402 asynchronous_release_0
0.018093 -0.0250000004 0.0109674914 -0.0332372402 synchronous_release_0
0.031759 -0.0250000004 0.03426804 -0.00712049394 synchronous_release_0
0.028613 -0.0250000004 0.0331579316 0.0112049799 synchronous_release_1
0.039582 -0.0250000004 0.0346579694 -0.004881102 asynchronous_release_0
0.035843 -0.0250000004 0.00690942815 -0.0343112198 synchronous_release_0
0.025539 -0.0250000004 0.032903827 -0.0119305562 synchronous_release_0
0.022808 -0.0250000004 -0.00611974873 0.0344608281 synchronous_release_1
0.035364 -0.0250000004 0.00611974873 -0.0344608281 synchronous_release_1
0.024549 -0.0250000004 0.00449134078 0.0347106303 synchronous_release_0
0.032828 -0.0250000004 0.0278146173 -0.0212449304 synchronous_release_0
0.038204 -0.0250000004 -0.032305958 -0.0134657 synchronous_release_1
0.027329 -0.0250000004 0.00286472099 -0.0348825655 synchronous_release_0
0.009956 -0.0250000004 0.0316415483 -0.0149603616 synchronous_release_1
0.025721 -0.0250000004 0.0234192957 0.026010317 synchronous_release_0
0.034902 -0.0250000004 0.0330249787 0.0115909786 asynchronous_release_1
0.023253 -0.0250000004 0.00198412217 -0.0349437156 synchronous_release_0
0.010458 -0.0250000004 0.0321238535 0.0138945326 synchronous_release_0
0.025894 -0.0250000004 -0.0040289085 -0.0347673395 synchronous_release_1
0.024501 -0.0250000004 -0.0348675147 0.00304243637 synchronous_release_0
0.031932 -0.0250000004 0.0348675147 -0.00304243637 synchronous_release_0
0.034583 -0.0250000004 0.0147989302 -0.0317173717 synchronous_release_0
0.025045 -0.0250000004 0.0180957271 -0.0299590497 synchronous_release_0
0.022892 -0.0250000004 0.0349931617 0.000691834525 synchronous_release_1
0.044964 -0.0250000004 -0.000777167791 -0.0349913705 asynchronous_release_0
0.025219 -0.0250000004 -0.00536843132 -0.0345858345 synchronous_release_0
0.022585 -0.0250000004 0.0259884023 0.0234436121 synchronous_release_0
0.037909 -0.0250000004 -0.0259884023 -0.0234436121 synchronous_release_1
0.022773 -0.0250000004 0.0127722204 0.0325863527 synchronous_release_0
0.009364 -0.0250000004 0.0309729351 -0.0162996102 synchronous_release_0
0.046358 -0.0250000004 0.0234557791 0.0259774215 asynchronous_release_0
0.029799 -0.0250000004 0.000431806921 0.000901966065 synchronous_release_0
0.027871 -0.0250000004 -0.00269595444 0.0348960145 synchronous_release_1
0.022356 -0.0250000004 0.0288728578 0.0197827723 synchronous_release_2
0.02545 -0.0250000004 0.0315688123 -0.0151132422 synchronous_release_2
0.035028 -0.0250000004 -0.0295889024 -0.018694835 synchronous_release_0
0.044157 -0.0250000004 -0.0339633161 0.00845536294 synchronous_release_0
0.02803 -0.0250000004 0.0339633161 -0.00845536294 synchronous_release_2
0.031242 -0.0250000004 -0.000970025389 0.00024300359 synchronous_release_0
0.02324 -0.0250000004 0.0291087837 0.0194339576 synchronous_release_0
0.035397 -0.0250000004 -0.0291087837 -0.0194339576 synchronous_release_0
0.029868 -0.0250000004 0.0290350221 0.0195439886 synchronous_release_0
0.044516 -0.0250000004 0.00240807957 -0.0349170611 synchronous_release_0
0.023799 -0.0250000004 0.0314431017 -0.0153730724 synchronous_release_1
0.042325 -0.0250000004 0.000558399675 -0.00082957206 synchronous_release_1
0.024005 -0.0250000004 -0.00199308925 0.0349432053 synchronous_release_1
0.023671 -0.0250000004 0.0347316851 -0.00432551132 synchronous_release_0
0.026596 -0.0250000004 0.026761771 0.0225567642 synchronous_release_0
0.028783 -0.0250000004 -0.026761771 -0.0225567642 synchronous_release_0
0.0233 -0.0250000004 -0.0167252199 0.0307451951 synchronous_release_0
0.031366 -0.0250000004 0.0182635101 0.0298570628 synchronous_release_0
0.041817 -0.0250000004 0.0365270201 0.0597141256 synchronous_release_0
0.037151 -0.0250000004 0.0349887299 -0.000888132262 synchronous_release_2
0.023211 -0.0250000004 0.0310627548 0.0161277792 asynchronous_release_2
0.025805 -0.0250000004 -0.000538207005 -0.000842812683 synchronous_release_1
0.022893 -0.0250000004 0.0208747746 0.028093483 synchronous_release_0
0.027823 -0.0250000004 -0.0138922826 0.0321248266 synchronous_release_0
0.041272 -0.0250000004 0.0138922826 -0.0321248266 synchronous_release_0
0.039674 -0.0250000004 -0.034575737 0.00543308475 asynchronous_release_0
0.023346 -0.0250000004 -0.00588837688 -0.0345011162 synchronous_release_0
0.037171 -0.0250000004 -0.0269346546 0.0223500421 synchronous_release_0
0.041117 -0.0250000004 0.0269346546 -0.0223500421 synchronous_release_0
0.043591 -0.0250000004 0.00063857263 0.000769561561 synchronous_release_0
0.048887 -0.0250000004 0.0328230315 0.0121510741 synchronous_release_0
0.027096 -0.0250000004 0.0349507331 0.00185640894 synchronous_release_0
0.047716 -0.0250000004 -0.0194160614 0.0291207239 asynchronous_release_0
0.036324 -0.0250000004 -0.0349273174 -0.00225444052 synchronous_release_0
0.03229 -0.0250000004 0.0270110451 -0.0222576603 synchronous_release_0
0.028343 -0.0250000004 -0.00789775431 -0.0340972943 synchronous_release_0
0.011067 -0.0250000004 0.000252808659 0.034999087 synchronous_release_0
0.023815 -0.0250000004 0.0224611706 -0.0268420531 synchronous_release_0
0.030536 -0.0250000004 -0.0344764852 -0.0060309178 synchronous_release_0
0.043413 -0.0250000004 0.0120153146 0.0328729709 synchronous_release_0
0.023306 -0.0250000004 0.00133166576 -0.0349746575 synchronous_release_0
0.022556 -0.0250000004 0.0168644965 -0.0306690195 synchronous_release_1
0.035401 -0.0250000004 0.0181279017 0.0299395922 synchronous_release_1
0.046538 -0.0250000004 0.0349923983 -0.000729427337 synchronous_release_2
0.025182 -0.0250000004 0.0172833672 0.0304349342 asynchronous_release_0
0.005915 -0.0250000004 -0.0347493108 0.00418155462 synchronous_release_0
0.023586 -0.0250000004 0.0347493108 -0.00418155462 synchronous_release_0
0.027466 -0.0250000004 0.0137533229 -0.0321845632 synchronous_release_0
0.037933 -0.0250000004 0.0209959879 0.0280030086 synchronous_release_0
0.023149 -0.0250000004 0.00522444239 0.0346078777 synchronous_release_0
0.029372 -0.0250000004 -0.0325835225 -0.012779439 synchronous_release_0
0.035398 -0.0250000004 0.0273590801 -0.0218284387 synchronous_release_0
0.045708 -0.0250000004 -0.0273590801 0.0218284387 synchronous_release_0
0.029222 -0.0250000004 -0.0125968544 0.0326545442 asynchronous_release_1
0.035065 -0.0250000004 0.0007781848 -0.000628035362 synchronous_release_0
0.00406 -0.0250000004 0.0196114357 0.0289895083 synchronous_release_0
0.027504 -0.0250000004 -0.0259082072 0.0235322077 synchronous_release_0
0.022684 -0.0250000004 0.034707881 -0.00451253793 synchronous_release_0
0.042274 -0.0250000004 -0.034707881 0.00451253793 synchronous_release_0
0.036904 -0.0250000004 0.013445968 -0.0323141756 synchronous_release_1
0.045245 -0.0250000004 0.021261913 0.0278016377 synchronous_release_1
0.02361 -0.0250000004 0.0256221221 -0.0238433819 synchronous_release_0
0.023906 -0.0250000004 -0.0288071445 -0.0198783406 synchronous_release_0
0.023733 -0.0250000004 0.0338269594 -0.00898536694 synchronous_release_1
0.029643 -0.0250000004 0.0337800935 0.00915998263 synchronous_release_0
0.03057 -0.0250000004 -0.0219111853 -0.0272928554 synchronous_release_0
0.02312 -0.0250000004 0.00710299245 -0.0342716719 synchronous_release_1
0.024004 -0.0250000004 -0.00423095314 -0.0347433308 synchronous_release_0
0.028954 -0.0250000004 0.0322040837 0.0137075525 synchronous_release_0
0.037777 -0.0250000004 -0.000992666594 0.000120884376 synchronous_release_1
0.039543 -0.0250000004 -0.0279731305 0.0210357783 synchronous_release_1
0.022224 -0.0250000004 0.0162501846 -0.0309988952 synchronous_release_1
0.022761 -0.0250000004 0.034970923 -0.0014263749 synchronous_release_1
0.023409 -0.0250000004 0.0349480644 -0.00190598914 synchronous_release_1
0.02629 -0.0250000004 -0.0205327702 -0.028344406 synchronous_release_0
0.022188 -0.0250000004 0.0121417057 -0.0328264982 synchronous_release_0
0.033946 -0.0250000004 0.0271616988 0.0220735615 asynchronous_release_0
0.025651 -0.0250000004 0.0055354156 -0.0345595019 synchronous_release_0
0.02318 -0.0250000004 -0.00344741737 -0.034829805 synchronous_release_1
0.003124 -0.0250000004 0.0144226473 0.0318902374 synchronous_release_0
0.048519 -0.0250000004 -0.000315790647 -0.000948828893 synchronous_release_0
0.044124 -0.0250000004 -0.0347933046 0.00379815129 asynchronous_release_3
0.023168 -0.0250000004 0.0347933046 -0.00379815129 synchronous_release_0
0.023398 -0.0250000004 0.0344392786 0.00623987911 synchronous_release_0
0.045254 -0.0250000004 0.028715514 -0.0200104786 asynchronous_release_0
0.022529 -0.0250000004 -0.000571727961 -0.000820443258 synchronous_release_0
0.033627 -0.0250000004 0.0316873398 0.0148631253 synchronous_release_0
0.028397 -0.0250000004 0.0345637543 -0.00550880076 synchronous_release_0
0.032121 -0.0250000004 -0.0125111158 0.0326874897 synchronous_release_0
0.038552 -0.0250000004 -0.0347105244 0.0044921595 synchronous_release_1
0.025475 -0.0250000004 0.000719456972 0.000694537015 synchronous_release_2
0.032179 -0.0250000004 0.0280840313 0.0208874887 synchronous_release_0
0.023554 -0.0250000004 0.0190596836 -0.0293552118 synchronous_release_0
0.031498 -0.0250000004 0.034952201 0.00182856432 synchronous_release_0
0.048517 -0.0250000004 0.00067912938 -0.000734018586 asynchronous_release_0
0.028102 -0.0250000004 -0.0256906505 -0.0237695283 synchronous_release_0
0.024911 -0.0250000004 0.0312151569 -0.0158307921 synchronous_release_0
0.044275 -0.0250000004 6.7828818e-05 0.000997696974 asynchronous_release_0
0.026293 -0.0250000004 0.0349193941 -0.00237400863 synchronous_release_0
0.04915 -0.0250000004 0.0154037453 -0.0314280867 synchronous_release_0
0.039614 -0.0250000004 0.00847554484 0.0339582853 synchronous_release_1
0.047399 -0.0250000004 0.000244436644 -0.000969665266 asynchronous_release_2
0.010948 -0.0250000004 0.00956005014 0.0336690576 synchronous_release_0
0.024377 -0.0250000004 0.0243782342 -0.0251137751 synchronous_release_0
0.002745 -0.0250000004 0.0318521551 0.0145065576 synchronous_release_0
0.033199 -0.0250000004 0.0199410384 0.0287637791 synchronous_release_0
0.039028 -0.0250000004 -0.0199410384 -0.0287637791 synchronous_release_0
0.03494 -0.0250000004 -0.000904323867 -0.000426846978 synchronous_release_1
0.03855 -0.0250000004 0.0348275637 -0.00346998649 asynchronous_release_0
0.007068 -0.0250000004 -0.000441217421 -0.0349972188 synchronous_release_0
0.011994 -0.0250000004 0.0349946907 0.000609611307 synchronous_release_0
0.037062 -0.0250000004 0.0295274193 0.0187917937 synchronous_release_0
0.024295 -0.0250000004 -0.0230659507 0.0263241698 synchronous_release_0
0.022998 -0.0250000004 0.0273837827 -0.0217974413 synchronous_release_0
0.022624 -0.0250000004 -0.0112154924 0.0331543772 synchronous_release_0
0.024278 -0.0250000004 0.028762696 0.0199426005 synchronous_release_0
0.027238 -0.0250000004 0.0309675247 -0.0163098871 synchronous_release_0
0.029988 -0.0250000004 0.0241185276 0.0253632929 synchronous_release_0
0.038273 -0.0250000004 0.000234446035 0.000972129136 synchronous_release_0
0.025465 -0.0250000004 -0.0142992793 -0.0319457448 synchronous_release_0
0.02489 -0.0250000004 0.000997853028 6.5493004e-05 synchronous_release_0
0.029126 -0.0250000004 0.00229225514 -0.034924856 synchronous_release_0
0.022672 -0.0250000004 0.031276284 0.0157096804 synchronous_release_1
0.025381 -0.0250000004 0.0292431243 -0.0192312163 synchronous_release_1
0.029838 -0.0250000004 0.0322891439 -0.0135059685 synchronous_release_0
0.030715 -0.0250000004 0.0349050157 -0.00257679584 synchronous_release_1
0.035616 -0.0250000004 0.0241254957 0.025356665 asynchronous_release_0
0.042404 -0.0250000004 0.034791841 -0.00381153493 asynchronous_release_0
0.048272 -0.0250000004 0.0310231202 0.0162038888 synchronous_release_1
0.031041 -0.0250000004 0.000135938455 -0.000990717284 asynchronous_release_0
0.029058 -0.0250000004 -0.0346751049 -0.00475784594 synchronous_release_0
0.029704 -0.0250000004 0.013217137 0.0324084447 synchronous_release_1
0.031144 -0.0250000004 0.00045238044 -0.00089182506 synchronous_release_0
0.023035 -0.0250000004 0.00189488518 0.0349486682 synchronous_release_1
0.023932 -0.0250000004 0.0347895581 -0.00383231598 synchronous_release_0
0.031152 -0.0250000004 -0.0140758961 0.0320447991 synchronous_release_0
0.022643 -0.0250000004 0.0250138495 0.0244807544 synchronous_release_1
0.031061 -0.0250000004 -0.000968657322 -0.000248400869 synchronous_release_1
0.022914 -0.0250000004 0.034606349 -0.00523455919 synchronous_release_0
0.022805 -0.0250000004 -0.0225985976 -0.0267264548 synchronous_release_1
0.036529 -0.0250000004 0.0344450876 -0.00620773225 synchronous_release_2
0.00433 -0.0250000004 0.00405102476 0.0347647695 synchronous_release_0
0.019669 -0.0250000004 -0.000795340526 0.000606162888 synchronous_release_0
0.022838 -0.0250000004 -0.0212157011 -0.0278369184 synchronous_release_0
0.026344 -0.0250000004 -0.0347153291 0.00445487689 synchronous_release_0
0.029032 -0.0250000004 0.030851713 0.0165279099 synchronous_release_0
0.003202 -0.0250000004 0.000984035777 -0.000177970757 synchronous_release_0
0.023432 -0.0250000004 0.0329414876 0.0118261742 synchronous_release_0
0.03661 -0.0250000004 0.0062289765 0.0344412522 synchronous_release_0
0.041683 -0.0250000004 0.0267125111 -0.022615078 synchronous_release_1
0.023212 -0.0250000004 0.034961476 -0.00164170443 synchronous_release_1
0.029621 -0.0250000004 0.0291850623 -0.0193192168 synchronous_release_1
0.03884 -0.0250000004 0.0313234637 0.0156153969 synchronous_release_1
0.023419 -0.0250000004 0.000998847962 -4.79869618e-05 synchronous_release_0
0.036515 -0.0250000004 0.0311157417 0.0160253119 synchronous_release_0
0.022914 -0.0250000004 0.0296346422 -0.0186222443 synchronous_release_0
0.027439 -0.0250000004 0.0198960706 -0.0287949019 synchronous_release_0
0.03896 -0.0250000004 0.0348851518 0.00283305158 synchronous_release_0
0.022087 -0.0250000004 0.0342012873 0.0074345105 synchronous_release_1
0.023052 -0.0250000004 0.0149850548 0.0316298614 synchronous_release_1
0.021616 -0.0250000004 0.0275681352 -0.0215638105 synchronous_release_1
0.027492 -0.0250000004 0.0345727423 -0.00545210904 synchronous_release_1
0.041763 -0.0250000004 -0.000227253386 -0.000973835663 synchronous_release_0
0.003799 -0.0250000004 0.0284061818 -0.0204472207 synchronous_release_0
0.023014 -0.0250000004 -0.0284061818 0.0204472207 synchronous_release_0
0.045515 -0.0250000004 0.00099497387 -0.000100134903 synchronous_release_0
0.047218 -0.0250000004 -0.00350472161 -0.0348240854 synchronous_release_0
0.024066 -0.0250000004 -0.00575484553 -0.0603480054 synchronous_release_0
0.034535 -0.0250000004 0.0348419371 -0.00332256161 synchronous_release_0
0.026673 -0.0250000004 -0.0330434852 0.0115381146 synchronous_release_0
0.022513 -0.0250000004 0.0065294422 -0.0343855549 synchronous_release_1
0.023971 -0.0250000004 0.0274516727 0.0217118784 synchronous_release_0
0.040426 -0.0250000004 0.00507720189 -0.0346297852 synchronous_release_0
0.035649 -0.0250000004 0.0178211457 -0.0301231932 synchronous_release_1
0.024533 -0.0250000004 -0.0270857697 0.0221666659 synchronous_release_0
0.022902 -0.0250000004 0.0197949706 -0.0288644962 synchronous_release_0
0.025849 -0.0250000004 -0.0197949706 0.0288644962 synchronous_release_1
0.026314 -0.0250000004 -0.000624591505 0.000780951632 synchronous_release_0
0.02301 -0.0250000004 0.0175568117 0.0302780178 synchronous_release_0
0.038519 -0.0250000004 -0.0175568117 -0.0302780178 synchronous_release_0
0.022938 -0.0250000004 0.0160254469 -0.0311156721 synchronous_release_0
0.047341 -0.0250000004 -0.0189342391 -0.0294362802 synchronous_release_0
0.045609 -0.0250000004 -0.034959686 0.00167939194 synchronous_release_1
0.026492 -0.0250000004 -0.0137992601 -0.0321648942 synchronous_release_1
0.022453 -0.0250000004 -0.0268649425 -0.0224337885 synchronous_release_0
0.024991 -0.0250000004 0.000344252239 0.000938877199 synchronous_release_0
0.042382 -0.0250000004 -0.00599575953 0.0344826169 synchronous_release_0
0.046404 -0.0250000004 0.032860702 -0.0120488284 synchronous_release_0
0.040341 -0.0250000004 0.0306587472 -0.0168831638 synchronous_release_0
0.027361 -0.0250000004 0.0299506223 0.018109672 synchronous_release_1
0.026135 -0.0250000004 0.000965940565 0.000258764033 synchronous_release_0
0.023393 -0.0250000004 -0.0336446918 -0.00964545032 synchronous_release_0
