0.00000	5.50800
0.00005	29.37600
0.00010	20.19600
0.00015	16.52400
0.00020	14.68800
0.00025	0.00000
0.00030	25.70400
0.00035	18.36000
0.00040	38.55600
0.00045	12.85200
0.00050	36.72000
0.00055	27.54000
0.00060	42.22800
0.00065	18.36000
0.00070	38.55600
0.00075	9.18000
0.00080	40.39200
0.00085	18.36000
0.00090	22.03200
0.00095	34.88400
0.00100	22.03200
0.00105	66.09600
0.00110	78.94800
0.00115	56.91600
0.00120	139.53600
0.00125	128.52000
0.00130	246.02400
0.00135	301.10400
0.00140	383.72400
0.00145	354.34800
0.00150	673.81200
0.00155	772.95600
0.00160	701.35200
0.00165	1149.33600
0.00170	1672.59600
0.00175	1922.29200
0.00180	2601.61200
0.00185	3460.86000
0.00190	3563.67600
0.00195	4595.50800
0.00200	5219.74800
0.00205	5976.18000
0.00210	5478.62400
0.00215	5642.02800
0.00220	5799.92400
0.00225	5796.25200
0.00230	5904.57600
0.00235	5474.95200
0.00240	5684.25600
0.00245	4771.76400
0.00250	3974.94000
0.00255	3828.06000
0.00260	3631.60800
0.00265	2871.50400
0.00270	2902.71600
0.00275	2225.23200
0.00280	2331.72000
0.00285	2026.94400
0.00290	1955.34000
0.00295	1795.60800
0.00300	1549.58400
0.00305	1279.69200
0.00310	1327.42800
0.00315	982.26000
0.00320	1063.04400
0.00325	987.76800
0.00330	973.08000
0.00335	846.39600
0.00340	969.40800
0.00345	721.54800
0.00350	714.20400
0.00355	591.19200
0.00360	730.72800
0.00365	642.60000
0.00370	490.21200
0.00375	547.12800
0.00380	572.83200
0.00385	409.42800
0.00390	490.21200
0.00395	521.42400
0.00400	523.26000
0.00405	402.08400
0.00410	504.90000
0.00415	381.88800
0.00420	449.82000
0.00425	391.06800
0.00430	435.13200
0.00435	313.95600
0.00440	453.49200
0.00445	295.59600
0.00450	370.87200
0.00455	288.25200
0.00460	512.24400
0.00465	262.54800
0.00470	321.30000
0.00475	334.15200
0.00480	341.49600
0.00485	288.25200
0.00490	271.72800
0.00495	255.20400
0.00500	290.08800
0.00505	249.69600
0.00510	258.87600
0.00515	201.96000
0.00520	372.70800
0.00525	212.97600
0.00530	290.08800
0.00535	297.43200
0.00540	378.21600
0.00545	209.30400
0.00550	192.78000
0.00555	306.61200
0.00560	315.79200
0.00565	313.95600
0.00570	356.18400
0.00575	370.87200
0.00580	302.94000
0.00585	323.13600
0.00590	255.20400
0.00595	231.33600
0.00600	179.92800
0.00605	181.76400
0.00610	233.17200
0.00615	233.17200
0.00620	293.76000
0.00625	229.50000
0.00630	190.94400
0.00635	185.43600
0.00640	301.10400
0.00645	179.92800
0.00650	222.15600
0.00655	159.73200
0.00660	290.08800
0.00665	163.40400
0.00670	179.92800
0.00675	209.30400
0.00680	174.42000
0.00685	216.64800
0.00690	168.91200
0.00695	302.94000
0.00700	211.14000
0.00705	132.19200
0.00710	262.54800
0.00715	211.14000
0.00720	196.45200
0.00725	214.81200
0.00730	220.32000
0.00735	159.73200
0.00740	275.40000
0.00745	223.99200
0.00750	233.17200
0.00755	178.09200
0.00760	141.37200
0.00765	183.60000
0.00770	132.19200
0.00775	192.78000
0.00780	165.24000
0.00785	211.14000
0.00790	159.73200
0.00795	183.60000
0.00800	207.46800
0.00805	190.94400
0.00810	137.70000
0.00815	189.10800
0.00820	255.20400
0.00825	192.78000
0.00830	334.15200
0.00835	249.69600
0.00840	176.25600
0.00845	134.02800
0.00850	159.73200
0.00855	154.22400
0.00860	163.40400
0.00865	246.02400
0.00870	115.66800
0.00875	95.47200
0.00880	273.56400
0.00885	167.07600
0.00890	249.69600
0.00895	216.64800
0.00900	157.89600
0.00905	189.10800
0.00910	100.98000
0.00915	84.45600
0.00920	128.52000
0.00925	174.42000
0.00930	130.35600
0.00935	134.02800
0.00940	223.99200
0.00945	113.83200
0.00950	137.70000
0.00955	172.58400
0.00960	148.71600
0.00965	156.06000
0.00970	150.55200
0.00975	132.19200
0.00980	150.55200
0.00985	139.53600
0.00990	181.76400
0.00995	216.64800
0.01000	236.84400
0.01005	198.28800
0.01010	187.27200
0.01015	187.27200
0.01020	128.52000
0.01025	137.70000
0.01030	185.43600
0.01035	201.96000
0.01040	113.83200
0.01045	137.70000
0.01050	134.02800
0.01055	150.55200
0.01060	113.83200
0.01065	146.88000
0.01070	110.16000
0.01075	301.10400
0.01080	172.58400
0.01085	106.48800
0.01090	150.55200
0.01095	89.96400
0.01100	124.84800
0.01105	130.35600
0.01110	124.84800
0.01115	113.83200
0.01120	126.68400
0.01125	187.27200
0.01130	174.42000
0.01135	73.44000
0.01140	77.11200
0.01145	146.88000
0.01150	44.06400
0.01155	183.60000
0.01160	97.30800
0.01165	126.68400
0.01170	93.63600
0.01175	183.60000
0.01180	77.11200
0.01185	104.65200
0.01190	106.48800
0.01195	187.27200
0.01200	146.88000
0.01205	88.12800
0.01210	207.46800
0.01215	156.06000
0.01220	165.24000
0.01225	80.78400
0.01230	154.22400
0.01235	152.38800
0.01240	291.92400
0.01245	134.02800
0.01250	100.98000
0.01255	134.02800
0.01260	189.10800
0.01265	143.20800
0.01270	174.42000
0.01275	209.30400
0.01280	97.30800
0.01285	106.48800
0.01290	123.01200
0.01295	216.64800
0.01300	108.32400
0.01305	126.68400
0.01310	143.20800
0.01315	77.11200
0.01320	69.76800
0.01325	223.99200
0.01330	170.74800
0.01335	119.34000
0.01340	137.70000
0.01345	130.35600
0.01350	134.02800
0.01355	95.47200
0.01360	51.40800
0.01365	128.52000
0.01370	137.70000
0.01375	130.35600
0.01380	108.32400
0.01385	84.45600
0.01390	134.02800
0.01395	113.83200
0.01400	172.58400
0.01405	130.35600
0.01410	251.53200
0.01415	115.66800
0.01420	150.55200
0.01425	82.62000
0.01430	150.55200
0.01435	139.53600
0.01440	77.11200
0.01445	45.90000
0.01450	130.35600
0.01455	124.84800
0.01460	71.60400
0.01465	167.07600
0.01470	207.46800
0.01475	119.34000
0.01480	100.98000
0.01485	214.81200
0.01490	152.38800
0.01495	179.92800
0.01500	253.36800
0.01505	88.12800
0.01510	242.35200
0.01515	146.88000
0.01520	145.04400
0.01525	75.27600
0.01530	137.70000
0.01535	137.70000
0.01540	156.06000
0.01545	163.40400
0.01550	156.06000
0.01555	64.26000
0.01560	220.32000
0.01565	123.01200
0.01570	77.11200
0.01575	95.47200
0.01580	104.65200
0.01585	156.06000
0.01590	132.19200
0.01595	181.76400
0.01600	113.83200
0.01605	91.80000
0.01610	99.14400
0.01615	128.52000
0.01620	106.48800
0.01625	73.44000
0.01630	137.70000
0.01635	51.40800
0.01640	119.34000
0.01645	84.45600
0.01650	97.30800
0.01655	49.57200
0.01660	84.45600
0.01665	106.48800
0.01670	111.99600
0.01675	67.93200
0.01680	80.78400
0.01685	139.53600
0.01690	172.58400
0.01695	141.37200
0.01700	49.57200
0.01705	78.94800
0.01710	97.30800
0.01715	86.29200
0.01720	179.92800
0.01725	157.89600
0.01730	135.86400
0.01735	156.06000
0.01740	102.81600
0.01745	134.02800
0.01750	124.84800
0.01755	42.22800
0.01760	93.63600
0.01765	95.47200
0.01770	117.50400
0.01775	145.04400
0.01780	207.46800
0.01785	115.66800
0.01790	146.88000
0.01795	128.52000
0.01800	100.98000
0.01805	78.94800
0.01810	82.62000
0.01815	89.96400
0.01820	84.45600
0.01825	95.47200
0.01830	141.37200
0.01835	110.16000
0.01840	135.86400
0.01845	86.29200
0.01850	111.99600
0.01855	102.81600
0.01860	104.65200
0.01865	167.07600
0.01870	75.27600
0.01875	190.94400
0.01880	216.64800
0.01885	181.76400
0.01890	126.68400
0.01895	124.84800
0.01900	113.83200
0.01905	73.44000
0.01910	71.60400
0.01915	135.86400
0.01920	100.98000
0.01925	150.55200
0.01930	73.44000
0.01935	86.29200
0.01940	106.48800
0.01945	102.81600
0.01950	82.62000
0.01955	165.24000
0.01960	106.48800
0.01965	132.19200
0.01970	110.16000
0.01975	111.99600
0.01980	86.29200
0.01985	80.78400
0.01990	95.47200
0.01995	95.47200
0.02000	110.16000
0.02005	110.16000
0.02010	176.25600
0.02015	192.78000
0.02020	157.89600
0.02025	179.92800
0.02030	174.42000
0.02035	93.63600
0.02040	106.48800
0.02045	62.42400
0.02050	115.66800
0.02055	18.36000
0.02060	104.65200
0.02065	132.19200
0.02070	49.57200
0.02075	135.86400
0.02080	124.84800
0.02085	64.26000
0.02090	75.27600
0.02095	53.24400
0.02100	89.96400
0.02105	73.44000
0.02110	86.29200
0.02115	123.01200
0.02120	60.58800
0.02125	104.65200
0.02130	152.38800
0.02135	91.80000
0.02140	77.11200
0.02145	77.11200
0.02150	75.27600
0.02155	111.99600
0.02160	126.68400
0.02165	56.91600
0.02170	58.75200
0.02175	88.12800
0.02180	58.75200
0.02185	178.09200
0.02190	102.81600
0.02195	115.66800
0.02200	73.44000
0.02205	73.44000
0.02210	36.72000
0.02215	89.96400
0.02220	102.81600
0.02225	86.29200
0.02230	78.94800
0.02235	88.12800
0.02240	89.96400
0.02245	110.16000
0.02250	89.96400
0.02255	102.81600
0.02260	119.34000
0.02265	80.78400
0.02270	117.50400
0.02275	75.27600
0.02280	91.80000
0.02285	150.55200
0.02290	56.91600
0.02295	123.01200
0.02300	132.19200
0.02305	128.52000
0.02310	117.50400
0.02315	64.26000
0.02320	137.70000
0.02325	80.78400
0.02330	84.45600
0.02335	53.24400
0.02340	119.34000
0.02345	108.32400
0.02350	93.63600
0.02355	99.14400
0.02360	128.52000
0.02365	93.63600
0.02370	152.38800
0.02375	135.86400
0.02380	97.30800
0.02385	128.52000
0.02390	104.65200
0.02395	102.81600
0.02400	119.34000
0.02405	130.35600
0.02410	119.34000
0.02415	71.60400
0.02420	111.99600
0.02425	156.06000
0.02430	115.66800
0.02435	192.78000
0.02440	121.17600
0.02445	126.68400
0.02450	179.92800
0.02455	44.06400
0.02460	124.84800
0.02465	115.66800
0.02470	84.45600
0.02475	44.06400
0.02480	137.70000
0.02485	121.17600
0.02490	196.45200
0.02495	117.50400
0.02500	126.68400
0.02505	86.29200
0.02510	88.12800
0.02515	53.24400
0.02520	44.06400
0.02525	126.68400
0.02530	51.40800
0.02535	165.24000
0.02540	93.63600
0.02545	111.99600
0.02550	69.76800
0.02555	115.66800
0.02560	111.99600
0.02565	121.17600
0.02570	156.06000
0.02575	100.98000
0.02580	84.45600
0.02585	161.56800
0.02590	190.94400
0.02595	80.78400
0.02600	78.94800
0.02605	134.02800
0.02610	86.29200
0.02615	45.90000
0.02620	93.63600
0.02625	108.32400
0.02630	102.81600
0.02635	82.62000
0.02640	135.86400
0.02645	66.09600
0.02650	117.50400
0.02655	77.11200
0.02660	135.86400
0.02665	66.09600
0.02670	99.14400
0.02675	40.39200
0.02680	88.12800
0.02685	145.04400
0.02690	67.93200
0.02695	93.63600
0.02700	73.44000
0.02705	148.71600
0.02710	148.71600
0.02715	47.73600
0.02720	51.40800
0.02725	82.62000
0.02730	66.09600
0.02735	117.50400
0.02740	58.75200
0.02745	84.45600
0.02750	49.57200
0.02755	108.32400
0.02760	78.94800
0.02765	93.63600
0.02770	170.74800
0.02775	119.34000
0.02780	119.34000
0.02785	64.26000
0.02790	75.27600
0.02795	97.30800
0.02800	130.35600
0.02805	89.96400
0.02810	91.80000
0.02815	100.98000
0.02820	64.26000
0.02825	66.09600
0.02830	88.12800
0.02835	95.47200
0.02840	53.24400
0.02845	84.45600
0.02850	100.98000
0.02855	124.84800
0.02860	233.17200
0.02865	78.94800
0.02870	80.78400
0.02875	91.80000
0.02880	123.01200
0.02885	91.80000
0.02890	78.94800
0.02895	69.76800
0.02900	56.91600
0.02905	36.72000
0.02910	86.29200
0.02915	66.09600
0.02920	124.84800
0.02925	141.37200
0.02930	82.62000
0.02935	75.27600
0.02940	29.37600
0.02945	73.44000
0.02950	121.17600
0.02955	64.26000
0.02960	66.09600
0.02965	77.11200
0.02970	71.60400
0.02975	38.55600
0.02980	132.19200
0.02985	49.57200
0.02990	69.76800
0.02995	53.24400
0.03000	82.62000
0.03005	111.99600
0.03010	89.96400
0.03015	91.80000
0.03020	121.17600
0.03025	67.93200
0.03030	113.83200
0.03035	66.09600
0.03040	198.28800
0.03045	124.84800
0.03050	157.89600
0.03055	77.11200
0.03060	77.11200
0.03065	60.58800
0.03070	88.12800
0.03075	97.30800
0.03080	47.73600
0.03085	71.60400
0.03090	84.45600
0.03095	146.88000
0.03100	18.36000
0.03105	64.26000
0.03110	159.73200
0.03115	102.81600
0.03120	121.17600
0.03125	86.29200
0.03130	58.75200
0.03135	89.96400
0.03140	71.60400
0.03145	47.73600
0.03150	80.78400
0.03155	106.48800
0.03160	86.29200
0.03165	73.44000
0.03170	91.80000
0.03175	88.12800
0.03180	58.75200
0.03185	56.91600
0.03190	88.12800
0.03195	106.48800
0.03200	89.96400
0.03205	71.60400
0.03210	73.44000
0.03215	47.73600
0.03220	102.81600
0.03225	93.63600
0.03230	64.26000
0.03235	66.09600
0.03240	108.32400
0.03245	97.30800
0.03250	121.17600
0.03255	88.12800
0.03260	86.29200
0.03265	121.17600
0.03270	135.86400
0.03275	45.90000
0.03280	51.40800
0.03285	84.45600
0.03290	134.02800
0.03295	44.06400
0.03300	99.14400
0.03305	97.30800
0.03310	154.22400
0.03315	64.26000
0.03320	75.27600
0.03325	97.30800
0.03330	73.44000
0.03335	58.75200
0.03340	100.98000
0.03345	38.55600
0.03350	31.21200
0.03355	91.80000
0.03360	99.14400
0.03365	27.54000
0.03370	86.29200
0.03375	75.27600
0.03380	106.48800
0.03385	113.83200
0.03390	53.24400
0.03395	78.94800
0.03400	148.71600
0.03405	89.96400
0.03410	75.27600
0.03415	110.16000
0.03420	117.50400
0.03425	143.20800
0.03430	123.01200
0.03435	78.94800
0.03440	86.29200
0.03445	56.91600
0.03450	139.53600
0.03455	80.78400
0.03460	110.16000
0.03465	45.90000
0.03470	121.17600
0.03475	86.29200
0.03480	93.63600
0.03485	146.88000
0.03490	69.76800
0.03495	119.34000
0.03500	88.12800
0.03505	88.12800
0.03510	23.86800
0.03515	97.30800
0.03520	108.32400
0.03525	110.16000
0.03530	77.11200
0.03535	67.93200
0.03540	146.88000
0.03545	141.37200
0.03550	165.24000
0.03555	62.42400
0.03560	91.80000
0.03565	93.63600
0.03570	145.04400
0.03575	71.60400
0.03580	71.60400
0.03585	71.60400
0.03590	82.62000
0.03595	53.24400
0.03600	124.84800
0.03605	141.37200
0.03610	100.98000
0.03615	45.90000
0.03620	111.99600
0.03625	108.32400
0.03630	97.30800
0.03635	64.26000
0.03640	82.62000
0.03645	80.78400
0.03650	89.96400
0.03655	172.58400
0.03660	124.84800
0.03665	82.62000
0.03670	60.58800
0.03675	100.98000
0.03680	123.01200
0.03685	110.16000
0.03690	104.65200
0.03695	42.22800
0.03700	111.99600
0.03705	78.94800
0.03710	29.37600
0.03715	154.22400
0.03720	95.47200
0.03725	36.72000
0.03730	56.91600
0.03735	73.44000
0.03740	106.48800
0.03745	71.60400
0.03750	67.93200
0.03755	97.30800
0.03760	77.11200
0.03765	56.91600
0.03770	106.48800
0.03775	159.73200
0.03780	69.76800
0.03785	119.34000
0.03790	53.24400
0.03795	106.48800
0.03800	66.09600
0.03805	73.44000
0.03810	88.12800
0.03815	99.14400
0.03820	64.26000
0.03825	113.83200
0.03830	53.24400
0.03835	75.27600
0.03840	113.83200
0.03845	100.98000
0.03850	64.26000
0.03855	121.17600
0.03860	58.75200
0.03865	88.12800
0.03870	78.94800
0.03875	73.44000
0.03880	108.32400
0.03885	128.52000
0.03890	64.26000
0.03895	146.88000
0.03900	71.60400
0.03905	102.81600
0.03910	113.83200
0.03915	53.24400
0.03920	106.48800
0.03925	60.58800
0.03930	69.76800
0.03935	119.34000
0.03940	102.81600
0.03945	42.22800
0.03950	78.94800
0.03955	135.86400
0.03960	88.12800
0.03965	106.48800
0.03970	172.58400
0.03975	69.76800
0.03980	106.48800
0.03985	113.83200
0.03990	86.29200
0.03995	25.70400
0.04000	115.66800
0.04005	80.78400
0.04010	130.35600
0.04015	145.04400
0.04020	128.52000
0.04025	75.27600
0.04030	78.94800
0.04035	67.93200
0.04040	99.14400
0.04045	67.93200
0.04050	86.29200
0.04055	42.22800
0.04060	82.62000
0.04065	51.40800
0.04070	75.27600
0.04075	75.27600
0.04080	78.94800
0.04085	82.62000
0.04090	47.73600
0.04095	64.26000
0.04100	106.48800
0.04105	110.16000
0.04110	69.76800
0.04115	33.04800
0.04120	73.44000
0.04125	124.84800
0.04130	106.48800
0.04135	121.17600
0.04140	89.96400
0.04145	49.57200
0.04150	113.83200
0.04155	51.40800
0.04160	117.50400
0.04165	100.98000
0.04170	141.37200
0.04175	115.66800
0.04180	123.01200
0.04185	29.37600
0.04190	95.47200
0.04195	89.96400
0.04200	82.62000
0.04205	108.32400
0.04210	97.30800
0.04215	115.66800
0.04220	143.20800
0.04225	126.68400
0.04230	60.58800
0.04235	91.80000
0.04240	106.48800
0.04245	36.72000
0.04250	119.34000
0.04255	58.75200
0.04260	80.78400
0.04265	93.63600
0.04270	36.72000
0.04275	77.11200
0.04280	55.08000
0.04285	60.58800
0.04290	31.21200
0.04295	104.65200
0.04300	51.40800
0.04305	62.42400
0.04310	108.32400
0.04315	66.09600
0.04320	157.89600
0.04325	73.44000
0.04330	102.81600
0.04335	86.29200
0.04340	93.63600
0.04345	86.29200
0.04350	91.80000
0.04355	66.09600
0.04360	82.62000
0.04365	42.22800
0.04370	31.21200
0.04375	86.29200
0.04380	47.73600
0.04385	60.58800
0.04390	165.24000
0.04395	117.50400
0.04400	49.57200
0.04405	44.06400
0.04410	64.26000
0.04415	126.68400
0.04420	64.26000
0.04425	33.04800
0.04430	49.57200
0.04435	58.75200
0.04440	134.02800
0.04445	97.30800
0.04450	111.99600
0.04455	51.40800
0.04460	71.60400
0.04465	53.24400
0.04470	58.75200
0.04475	60.58800
0.04480	132.19200
0.04485	91.80000
0.04490	121.17600
0.04495	49.57200
0.04500	99.14400
0.04505	119.34000
0.04510	80.78400
0.04515	139.53600
0.04520	82.62000
0.04525	128.52000
0.04530	64.26000
0.04535	27.54000
0.04540	82.62000
0.04545	56.91600
0.04550	104.65200
0.04555	66.09600
0.04560	25.70400
0.04565	95.47200
0.04570	69.76800
0.04575	89.96400
0.04580	25.70400
0.04585	73.44000
0.04590	102.81600
0.04595	75.27600
0.04600	77.11200
0.04605	100.98000
0.04610	45.90000
0.04615	47.73600
0.04620	45.90000
0.04625	106.48800
0.04630	82.62000
0.04635	86.29200
0.04640	62.42400
0.04645	108.32400
0.04650	7.34400
0.04655	60.58800
0.04660	75.27600
0.04665	99.14400
0.04670	104.65200
0.04675	78.94800
0.04680	89.96400
0.04685	154.22400
0.04690	100.98000
0.04695	73.44000
0.04700	99.14400
0.04705	80.78400
0.04710	84.45600
0.04715	115.66800
0.04720	75.27600
0.04725	89.96400
0.04730	88.12800
0.04735	99.14400
0.04740	49.57200
0.04745	75.27600
0.04750	139.53600
0.04755	119.34000
0.04760	97.30800
0.04765	97.30800
0.04770	111.99600
0.04775	106.48800
0.04780	47.73600
0.04785	67.93200
0.04790	38.55600
0.04795	77.11200
0.04800	62.42400
0.04805	75.27600
0.04810	71.60400
0.04815	55.08000
0.04820	73.44000
0.04825	95.47200
0.04830	58.75200
0.04835	84.45600
0.04840	73.44000
0.04845	75.27600
0.04850	97.30800
0.04855	106.48800
0.04860	143.20800
0.04865	66.09600
0.04870	93.63600
0.04875	60.58800
0.04880	99.14400
0.04885	154.22400
0.04890	49.57200
0.04895	130.35600
0.04900	121.17600
0.04905	47.73600
0.04910	60.58800
0.04915	62.42400
0.04920	58.75200
0.04925	49.57200
0.04930	84.45600
0.04935	78.94800
0.04940	66.09600
0.04945	34.88400
0.04950	58.75200
0.04955	93.63600
0.04960	102.81600
0.04965	73.44000
0.04970	91.80000
0.04975	36.72000
0.04980	53.24400
0.04985	29.37600
0.04990	51.40800
0.04995	36.72000
0.05000	108.32400
0.05005	71.60400
0.05010	29.37600
0.05015	62.42400
0.05020	47.73600
0.05025	55.08000
0.05030	84.45600
0.05035	56.91600
0.05040	64.26000
0.05045	58.75200
0.05050	47.73600
0.05055	135.86400
0.05060	86.29200
0.05065	55.08000
0.05070	38.55600
0.05075	176.25600
0.05080	45.90000
0.05085	66.09600
0.05090	33.04800
0.05095	62.42400
0.05100	53.24400
0.05105	77.11200
0.05110	71.60400
0.05115	84.45600
0.05120	60.58800
0.05125	71.60400
0.05130	66.09600
0.05135	56.91600
0.05140	29.37600
0.05145	73.44000
0.05150	60.58800
0.05155	47.73600
0.05160	53.24400
0.05165	69.76800
0.05170	60.58800
0.05175	36.72000
0.05180	58.75200
0.05185	77.11200
0.05190	178.09200
0.05195	97.30800
0.05200	123.01200
0.05205	58.75200
0.05210	106.48800
0.05215	91.80000
0.05220	53.24400
0.05225	161.56800
0.05230	110.16000
0.05235	40.39200
0.05240	55.08000
0.05245	51.40800
0.05250	64.26000
0.05255	49.57200
0.05260	51.40800
0.05265	38.55600
0.05270	45.90000
0.05275	69.76800
0.05280	66.09600
0.05285	58.75200
0.05290	60.58800
0.05295	67.93200
0.05300	88.12800
0.05305	36.72000
0.05310	123.01200
0.05315	100.98000
0.05320	25.70400
0.05325	60.58800
0.05330	45.90000
0.05335	119.34000
0.05340	82.62000
0.05345	47.73600
0.05350	86.29200
0.05355	80.78400
0.05360	75.27600
0.05365	60.58800
0.05370	89.96400
0.05375	89.96400
0.05380	55.08000
0.05385	69.76800
0.05390	38.55600
0.05395	187.27200
0.05400	201.96000
0.05405	64.26000
0.05410	78.94800
0.05415	91.80000
0.05420	55.08000
0.05425	53.24400
0.05430	185.43600
0.05435	121.17600
0.05440	99.14400
0.05445	75.27600
0.05450	67.93200
0.05455	75.27600
0.05460	110.16000
0.05465	102.81600
0.05470	55.08000
0.05475	99.14400
0.05480	40.39200
0.05485	42.22800
0.05490	141.37200
0.05495	42.22800
0.05500	67.93200
0.05505	75.27600
0.05510	75.27600
0.05515	66.09600
0.05520	62.42400
0.05525	56.91600
0.05530	47.73600
0.05535	86.29200
0.05540	11.01600
0.05545	56.91600
0.05550	82.62000
0.05555	29.37600
0.05560	163.40400
0.05565	115.66800
0.05570	73.44000
0.05575	64.26000
0.05580	93.63600
0.05585	66.09600
0.05590	80.78400
0.05595	88.12800
0.05600	99.14400
0.05605	55.08000
0.05610	69.76800
0.05615	86.29200
0.05620	80.78400
0.05625	75.27600
0.05630	88.12800
0.05635	58.75200
0.05640	78.94800
0.05645	64.26000
0.05650	91.80000
0.05655	33.04800
0.05660	106.48800
0.05665	84.45600
0.05670	93.63600
0.05675	45.90000
0.05680	36.72000
0.05685	34.88400
0.05690	86.29200
0.05695	93.63600
0.05700	126.68400
0.05705	91.80000
0.05710	86.29200
0.05715	97.30800
0.05720	34.88400
0.05725	47.73600
0.05730	84.45600
0.05735	66.09600
0.05740	33.04800
0.05745	104.65200
0.05750	58.75200
0.05755	66.09600
0.05760	88.12800
0.05765	40.39200
0.05770	64.26000
0.05775	82.62000
0.05780	56.91600
0.05785	45.90000
0.05790	62.42400
0.05795	88.12800
0.05800	88.12800
0.05805	60.58800
0.05810	80.78400
0.05815	145.04400
0.05820	91.80000
0.05825	27.54000
0.05830	58.75200
0.05835	51.40800
0.05840	31.21200
0.05845	93.63600
0.05850	53.24400
0.05855	67.93200
0.05860	106.48800
0.05865	33.04800
0.05870	77.11200
0.05875	51.40800
0.05880	33.04800
0.05885	47.73600
0.05890	117.50400
0.05895	42.22800
0.05900	9.18000
0.05905	82.62000
0.05910	67.93200
0.05915	67.93200
0.05920	51.40800
0.05925	60.58800
0.05930	86.29200
0.05935	78.94800
0.05940	75.27600
0.05945	45.90000
0.05950	99.14400
0.05955	62.42400
0.05960	58.75200
0.05965	97.30800
0.05970	80.78400
0.05975	93.63600
0.05980	67.93200
0.05985	27.54000
0.05990	100.98000
0.05995	148.71600
0.06000	75.27600
0.06005	31.21200
0.06010	38.55600
0.06015	58.75200
0.06020	64.26000
0.06025	102.81600
0.06030	34.88400
0.06035	73.44000
0.06040	71.60400
0.06045	38.55600
0.06050	47.73600
0.06055	75.27600
0.06060	99.14400
0.06065	82.62000
0.06070	95.47200
0.06075	73.44000
0.06080	73.44000
0.06085	89.96400
0.06090	126.68400
0.06095	60.58800
0.06100	82.62000
0.06105	38.55600
0.06110	45.90000
0.06115	44.06400
0.06120	40.39200
0.06125	62.42400
0.06130	42.22800
0.06135	77.11200
0.06140	82.62000
0.06145	95.47200
0.06150	93.63600
0.06155	71.60400
0.06160	78.94800
0.06165	42.22800
0.06170	123.01200
0.06175	82.62000
0.06180	86.29200
0.06185	69.76800
0.06190	67.93200
0.06195	108.32400
0.06200	60.58800
0.06205	139.53600
0.06210	71.60400
0.06215	75.27600
0.06220	115.66800
0.06225	34.88400
0.06230	108.32400
0.06235	67.93200
0.06240	77.11200
0.06245	89.96400
0.06250	102.81600
0.06255	95.47200
0.06260	64.26000
0.06265	130.35600
0.06270	102.81600
0.06275	93.63600
0.06280	47.73600
0.06285	71.60400
0.06290	64.26000
0.06295	84.45600
0.06300	97.30800
0.06305	69.76800
0.06310	29.37600
0.06315	38.55600
0.06320	44.06400
0.06325	124.84800
0.06330	66.09600
0.06335	66.09600
0.06340	42.22800
0.06345	51.40800
0.06350	82.62000
0.06355	60.58800
0.06360	60.58800
0.06365	44.06400
0.06370	23.86800
0.06375	40.39200
0.06380	80.78400
0.06385	97.30800
0.06390	36.72000
0.06395	36.72000
0.06400	44.06400
0.06405	40.39200
0.06410	77.11200
0.06415	25.70400
0.06420	23.86800
0.06425	75.27600
0.06430	104.65200
0.06435	38.55600
0.06440	104.65200
0.06445	67.93200
0.06450	88.12800
0.06455	42.22800
0.06460	84.45600
0.06465	84.45600
0.06470	55.08000
0.06475	60.58800
0.06480	44.06400
0.06485	93.63600
0.06490	47.73600
0.06495	78.94800
0.06500	67.93200
0.06505	89.96400
0.06510	126.68400
0.06515	55.08000
0.06520	66.09600
0.06525	110.16000
0.06530	88.12800
0.06535	44.06400
0.06540	34.88400
0.06545	47.73600
0.06550	36.72000
0.06555	64.26000
0.06560	47.73600
0.06565	23.86800
0.06570	62.42400
0.06575	121.17600
0.06580	84.45600
0.06585	82.62000
0.06590	75.27600
0.06595	45.90000
0.06600	84.45600
0.06605	64.26000
0.06610	56.91600
0.06615	80.78400
0.06620	88.12800
0.06625	38.55600
0.06630	67.93200
0.06635	44.06400
0.06640	89.96400
0.06645	75.27600
0.06650	89.96400
0.06655	69.76800
0.06660	69.76800
0.06665	44.06400
0.06670	97.30800
0.06675	33.04800
0.06680	38.55600
0.06685	29.37600
0.06690	124.84800
0.06695	64.26000
0.06700	36.72000
0.06705	106.48800
0.06710	55.08000
0.06715	137.70000
0.06720	73.44000
0.06725	40.39200
0.06730	108.32400
0.06735	82.62000
0.06740	86.29200
0.06745	56.91600
0.06750	104.65200
0.06755	104.65200
0.06760	62.42400
0.06765	34.88400
0.06770	23.86800
0.06775	53.24400
0.06780	69.76800
0.06785	55.08000
0.06790	67.93200
0.06795	126.68400
0.06800	95.47200
0.06805	100.98000
0.06810	110.16000
0.06815	69.76800
0.06820	40.39200
0.06825	91.80000
0.06830	38.55600
0.06835	100.98000
0.06840	34.88400
0.06845	69.76800
0.06850	23.86800
0.06855	104.65200
0.06860	73.44000
0.06865	104.65200
0.06870	60.58800
0.06875	67.93200
0.06880	47.73600
0.06885	23.86800
0.06890	56.91600
0.06895	49.57200
0.06900	27.54000
0.06905	75.27600
0.06910	78.94800
0.06915	34.88400
0.06920	25.70400
0.06925	12.85200
0.06930	71.60400
0.06935	60.58800
0.06940	38.55600
0.06945	38.55600
0.06950	60.58800
0.06955	66.09600
0.06960	86.29200
0.06965	69.76800
0.06970	73.44000
0.06975	18.36000
0.06980	34.88400
0.06985	104.65200
0.06990	22.03200
0.06995	73.44000
0.07000	55.08000
0.07005	44.06400
0.07010	45.90000
0.07015	36.72000
0.07020	25.70400
0.07025	40.39200
0.07030	71.60400
0.07035	128.52000
0.07040	84.45600
0.07045	67.93200
0.07050	73.44000
0.07055	78.94800
0.07060	77.11200
0.07065	67.93200
0.07070	100.98000
0.07075	64.26000
0.07080	58.75200
0.07085	113.83200
0.07090	84.45600
0.07095	31.21200
0.07100	71.60400
0.07105	108.32400
0.07110	102.81600
0.07115	51.40800
0.07120	44.06400
0.07125	42.22800
0.07130	119.34000
0.07135	100.98000
0.07140	60.58800
0.07145	34.88400
0.07150	77.11200
0.07155	60.58800
0.07160	38.55600
0.07165	80.78400
0.07170	84.45600
0.07175	102.81600
0.07180	44.06400
0.07185	69.76800
0.07190	51.40800
0.07195	29.37600
0.07200	42.22800
0.07205	86.29200
0.07210	100.98000
0.07215	36.72000
0.07220	75.27600
0.07225	56.91600
0.07230	66.09600
0.07235	22.03200
0.07240	18.36000
0.07245	86.29200
0.07250	42.22800
0.07255	53.24400
0.07260	95.47200
0.07265	34.88400
0.07270	23.86800
0.07275	73.44000
0.07280	55.08000
0.07285	113.83200
0.07290	100.98000
0.07295	78.94800
0.07300	88.12800
0.07305	104.65200
0.07310	49.57200
0.07315	86.29200
0.07320	77.11200
0.07325	29.37600
0.07330	75.27600
0.07335	51.40800
0.07340	80.78400
0.07345	88.12800
0.07350	67.93200
0.07355	97.30800
0.07360	146.88000
0.07365	89.96400
0.07370	66.09600
0.07375	42.22800
0.07380	47.73600
0.07385	97.30800
0.07390	31.21200
0.07395	152.38800
0.07400	132.19200
0.07405	73.44000
0.07410	148.71600
0.07415	145.04400
0.07420	64.26000
0.07425	60.58800
0.07430	102.81600
0.07435	67.93200
0.07440	71.60400
0.07445	102.81600
0.07450	66.09600
0.07455	117.50400
0.07460	80.78400
0.07465	93.63600
0.07470	42.22800
0.07475	29.37600
0.07480	14.68800
0.07485	38.55600
0.07490	78.94800
0.07495	93.63600
0.07500	100.98000
0.07505	36.72000
0.07510	25.70400
0.07515	82.62000
0.07520	146.88000
0.07525	93.63600
0.07530	89.96400
0.07535	75.27600
0.07540	38.55600
0.07545	99.14400
0.07550	62.42400
0.07555	53.24400
0.07560	51.40800
0.07565	73.44000
0.07570	9.18000
0.07575	86.29200
0.07580	111.99600
0.07585	89.96400
0.07590	62.42400
0.07595	75.27600
0.07600	95.47200
0.07605	51.40800
0.07610	49.57200
0.07615	75.27600
0.07620	67.93200
0.07625	67.93200
0.07630	77.11200
0.07635	56.91600
0.07640	62.42400
0.07645	93.63600
0.07650	38.55600
0.07655	44.06400
0.07660	47.73600
0.07665	45.90000
0.07670	42.22800
0.07675	77.11200
0.07680	53.24400
0.07685	77.11200
0.07690	75.27600
0.07695	31.21200
0.07700	42.22800
0.07705	25.70400
0.07710	128.52000
0.07715	119.34000
0.07720	77.11200
0.07725	58.75200
0.07730	121.17600
0.07735	82.62000
0.07740	56.91600
0.07745	60.58800
0.07750	51.40800
0.07755	58.75200
0.07760	75.27600
0.07765	88.12800
0.07770	77.11200
0.07775	47.73600
0.07780	111.99600
0.07785	100.98000
0.07790	47.73600
0.07795	156.06000
0.07800	139.53600
0.07805	34.88400
0.07810	80.78400
0.07815	56.91600
0.07820	110.16000
0.07825	62.42400
0.07830	91.80000
0.07835	88.12800
0.07840	38.55600
0.07845	73.44000
0.07850	86.29200
0.07855	102.81600
0.07860	91.80000
0.07865	82.62000
0.07870	110.16000
0.07875	71.60400
0.07880	86.29200
0.07885	91.80000
0.07890	34.88400
0.07895	73.44000
0.07900	78.94800
0.07905	60.58800
0.07910	150.55200
0.07915	100.98000
0.07920	27.54000
0.07925	51.40800
0.07930	58.75200
0.07935	66.09600
0.07940	34.88400
0.07945	80.78400
0.07950	36.72000
0.07955	49.57200
0.07960	106.48800
0.07965	47.73600
0.07970	62.42400
0.07975	60.58800
0.07980	55.08000
0.07985	42.22800
0.07990	31.21200
0.07995	55.08000
0.08000	84.45600
0.08005	18.36000
0.08010	78.94800
0.08015	40.39200
0.08020	51.40800
0.08025	84.45600
0.08030	20.19600
0.08035	22.03200
0.08040	100.98000
0.08045	78.94800
0.08050	31.21200
0.08055	73.44000
0.08060	73.44000
0.08065	42.22800
0.08070	86.29200
0.08075	69.76800
0.08080	111.99600
0.08085	45.90000
0.08090	60.58800
0.08095	102.81600
0.08100	53.24400
0.08105	106.48800
0.08110	51.40800
0.08115	44.06400
0.08120	11.01600
0.08125	44.06400
0.08130	78.94800
0.08135	80.78400
0.08140	66.09600
0.08145	49.57200
0.08150	73.44000
0.08155	99.14400
0.08160	110.16000
0.08165	58.75200
0.08170	88.12800
0.08175	86.29200
0.08180	75.27600
0.08185	100.98000
0.08190	102.81600
0.08195	49.57200
0.08200	73.44000
0.08205	60.58800
0.08210	84.45600
0.08215	34.88400
0.08220	108.32400
0.08225	51.40800
0.08230	71.60400
0.08235	100.98000
0.08240	88.12800
0.08245	99.14400
0.08250	95.47200
0.08255	56.91600
0.08260	179.92800
0.08265	78.94800
0.08270	78.94800
0.08275	77.11200
0.08280	75.27600
0.08285	130.35600
0.08290	49.57200
0.08295	45.90000
0.08300	18.36000
0.08305	31.21200
0.08310	16.52400
0.08315	47.73600
0.08320	66.09600
0.08325	78.94800
0.08330	33.04800
0.08335	91.80000
0.08340	58.75200
0.08345	45.90000
0.08350	69.76800
0.08355	42.22800
0.08360	47.73600
0.08365	53.24400
0.08370	93.63600
0.08375	42.22800
0.08380	77.11200
0.08385	27.54000
0.08390	64.26000
0.08395	106.48800
0.08400	56.91600
0.08405	49.57200
0.08410	29.37600
0.08415	49.57200
0.08420	60.58800
0.08425	16.52400
0.08430	16.52400
0.08435	84.45600
0.08440	33.04800
0.08445	25.70400
0.08450	34.88400
0.08455	29.37600
0.08460	88.12800
0.08465	115.66800
0.08470	12.85200
0.08475	47.73600
0.08480	64.26000
0.08485	104.65200
0.08490	111.99600
0.08495	110.16000
0.08500	36.72000
0.08505	55.08000
0.08510	53.24400
0.08515	40.39200
0.08520	102.81600
0.08525	66.09600
0.08530	51.40800
0.08535	99.14400
0.08540	108.32400
0.08545	55.08000
0.08550	47.73600
0.08555	123.01200
0.08560	126.68400
0.08565	55.08000
0.08570	73.44000
0.08575	69.76800
0.08580	77.11200
0.08585	58.75200
0.08590	34.88400
0.08595	22.03200
0.08600	67.93200
0.08605	53.24400
0.08610	20.19600
0.08615	45.90000
0.08620	29.37600
0.08625	36.72000
0.08630	124.84800
0.08635	44.06400
0.08640	44.06400
0.08645	16.52400
0.08650	27.54000
0.08655	77.11200
0.08660	38.55600
0.08665	82.62000
0.08670	22.03200
0.08675	62.42400
0.08680	84.45600
0.08685	44.06400
0.08690	42.22800
0.08695	20.19600
0.08700	58.75200
0.08705	44.06400
0.08710	71.60400
0.08715	80.78400
0.08720	71.60400
0.08725	36.72000
0.08730	56.91600
0.08735	47.73600
0.08740	53.24400
0.08745	33.04800
0.08750	62.42400
0.08755	38.55600
0.08760	45.90000
0.08765	97.30800
0.08770	42.22800
0.08775	33.04800
0.08780	111.99600
0.08785	97.30800
0.08790	75.27600
0.08795	64.26000
0.08800	56.91600
0.08805	113.83200
0.08810	33.04800
0.08815	95.47200
0.08820	44.06400
0.08825	117.50400
0.08830	66.09600
0.08835	22.03200
0.08840	53.24400
0.08845	73.44000
0.08850	91.80000
0.08855	38.55600
0.08860	55.08000
0.08865	60.58800
0.08870	66.09600
0.08875	82.62000
0.08880	75.27600
0.08885	64.26000
0.08890	66.09600
0.08895	47.73600
0.08900	110.16000
0.08905	45.90000
0.08910	73.44000
0.08915	36.72000
0.08920	56.91600
0.08925	31.21200
0.08930	126.68400
0.08935	106.48800
0.08940	93.63600
0.08945	40.39200
0.08950	62.42400
0.08955	53.24400
0.08960	157.89600
0.08965	78.94800
0.08970	64.26000
0.08975	66.09600
0.08980	84.45600
0.08985	23.86800
0.08990	23.86800
0.08995	132.19200
0.09000	82.62000
0.09005	89.96400
0.09010	45.90000
0.09015	31.21200
0.09020	42.22800
0.09025	97.30800
0.09030	91.80000
0.09035	40.39200
0.09040	64.26000
0.09045	9.18000
0.09050	55.08000
0.09055	73.44000
0.09060	58.75200
0.09065	51.40800
0.09070	78.94800
0.09075	62.42400
0.09080	56.91600
0.09085	23.86800
0.09090	69.76800
0.09095	42.22800
0.09100	73.44000
0.09105	102.81600
0.09110	47.73600
0.09115	55.08000
0.09120	77.11200
0.09125	16.52400
0.09130	31.21200
0.09135	42.22800
0.09140	86.29200
0.09145	80.78400
0.09150	84.45600
0.09155	49.57200
0.09160	45.90000
0.09165	93.63600
0.09170	64.26000
0.09175	102.81600
0.09180	69.76800
0.09185	49.57200
0.09190	53.24400
0.09195	14.68800
0.09200	143.20800
0.09205	49.57200
0.09210	64.26000
0.09215	67.93200
0.09220	44.06400
0.09225	82.62000
0.09230	56.91600
0.09235	91.80000
0.09240	53.24400
0.09245	66.09600
0.09250	34.88400
0.09255	58.75200
0.09260	33.04800
0.09265	33.04800
0.09270	82.62000
0.09275	66.09600
0.09280	82.62000
0.09285	55.08000
0.09290	108.32400
0.09295	110.16000
0.09300	67.93200
0.09305	104.65200
0.09310	67.93200
0.09315	84.45600
0.09320	36.72000
0.09325	71.60400
0.09330	69.76800
0.09335	45.90000
0.09340	56.91600
0.09345	12.85200
0.09350	42.22800
0.09355	36.72000
0.09360	89.96400
0.09365	53.24400
0.09370	42.22800
0.09375	49.57200
0.09380	16.52400
0.09385	78.94800
0.09390	20.19600
0.09395	34.88400
0.09400	78.94800
0.09405	66.09600
0.09410	99.14400
0.09415	45.90000
0.09420	22.03200
0.09425	42.22800
0.09430	31.21200
0.09435	62.42400
0.09440	27.54000
0.09445	25.70400
0.09450	53.24400
0.09455	23.86800
0.09460	75.27600
0.09465	44.06400
0.09470	16.52400
0.09475	25.70400
0.09480	86.29200
0.09485	80.78400
0.09490	33.04800
0.09495	25.70400
0.09500	66.09600
0.09505	60.58800
0.09510	78.94800
0.09515	67.93200
0.09520	66.09600
0.09525	80.78400
0.09530	47.73600
0.09535	27.54000
0.09540	58.75200
0.09545	51.40800
0.09550	34.88400
0.09555	47.73600
0.09560	71.60400
0.09565	93.63600
0.09570	53.24400
0.09575	58.75200
0.09580	69.76800
0.09585	51.40800
0.09590	34.88400
0.09595	7.34400
0.09600	58.75200
0.09605	31.21200
0.09610	38.55600
0.09615	60.58800
0.09620	38.55600
0.09625	77.11200
0.09630	95.47200
0.09635	71.60400
0.09640	31.21200
0.09645	44.06400
0.09650	71.60400
0.09655	93.63600
0.09660	71.60400
0.09665	45.90000
0.09670	73.44000
0.09675	23.86800
0.09680	62.42400
0.09685	73.44000
0.09690	40.39200
0.09695	71.60400
0.09700	47.73600
0.09705	75.27600
0.09710	44.06400
0.09715	38.55600
0.09720	51.40800
0.09725	80.78400
0.09730	130.35600
0.09735	38.55600
0.09740	31.21200
0.09745	47.73600
0.09750	27.54000
0.09755	121.17600
0.09760	73.44000
0.09765	88.12800
0.09770	53.24400
0.09775	135.86400
0.09780	71.60400
0.09785	12.85200
0.09790	60.58800
0.09795	27.54000
0.09800	49.57200
0.09805	67.93200
0.09810	75.27600
0.09815	75.27600
0.09820	33.04800
0.09825	11.01600
0.09830	55.08000
0.09835	33.04800
0.09840	42.22800
0.09845	27.54000
0.09850	20.19600
0.09855	18.36000
0.09860	38.55600
0.09865	55.08000
0.09870	53.24400
0.09875	27.54000
0.09880	42.22800
0.09885	69.76800
0.09890	38.55600
0.09895	55.08000
0.09900	45.90000
0.09905	44.06400
0.09910	27.54000
0.09915	53.24400
0.09920	62.42400
0.09925	31.21200
0.09930	64.26000
0.09935	42.22800
0.09940	47.73600
0.09945	82.62000
0.09950	25.70400
0.09955	51.40800
0.09960	33.04800
0.09965	66.09600
0.09970	31.21200
0.09975	80.78400
0.09980	34.88400
0.09985	66.09600
0.09990	67.93200
0.09995	40.39200
0.10000	95.47200
0.10005	45.90000
0.10010	97.30800
0.10015	34.88400
0.10020	97.30800
0.10025	73.44000
0.10030	55.08000
0.10035	29.37600
0.10040	34.88400
0.10045	62.42400
0.10050	84.45600
0.10055	84.45600
0.10060	40.39200
0.10065	14.68800
0.10070	64.26000
0.10075	110.16000
0.10080	34.88400
0.10085	18.36000
0.10090	60.58800
0.10095	53.24400
0.10100	27.54000
0.10105	33.04800
0.10110	56.91600
0.10115	47.73600
0.10120	82.62000
0.10125	27.54000
0.10130	18.36000
0.10135	38.55600
0.10140	106.48800
0.10145	82.62000
0.10150	82.62000
0.10155	73.44000
0.10160	89.96400
0.10165	78.94800
0.10170	80.78400
0.10175	16.52400
0.10180	18.36000
0.10185	47.73600
0.10190	66.09600
0.10195	71.60400
0.10200	60.58800
0.10205	49.57200
0.10210	47.73600
0.10215	33.04800
0.10220	47.73600
0.10225	67.93200
0.10230	31.21200
0.10235	45.90000
0.10240	9.18000
0.10245	53.24400
0.10250	128.52000
0.10255	42.22800
0.10260	53.24400
0.10265	56.91600
0.10270	51.40800
0.10275	20.19600
0.10280	113.83200
0.10285	53.24400
0.10290	95.47200
0.10295	40.39200
0.10300	66.09600
0.10305	45.90000
0.10310	18.36000
0.10315	64.26000
0.10320	45.90000
0.10325	23.86800
0.10330	45.90000
0.10335	36.72000
0.10340	58.75200
0.10345	55.08000
0.10350	49.57200
0.10355	55.08000
0.10360	38.55600
0.10365	56.91600
0.10370	40.39200
0.10375	45.90000
0.10380	95.47200
0.10385	14.68800
0.10390	20.19600
0.10395	42.22800
0.10400	45.90000
0.10405	78.94800
0.10410	42.22800
0.10415	22.03200
0.10420	84.45600
0.10425	53.24400
0.10430	93.63600
0.10435	38.55600
0.10440	51.40800
0.10445	53.24400
0.10450	51.40800
0.10455	42.22800
0.10460	47.73600
0.10465	93.63600
0.10470	25.70400
0.10475	69.76800
0.10480	80.78400
0.10485	60.58800
0.10490	77.11200
0.10495	56.91600
0.10500	31.21200
0.10505	124.84800
0.10510	34.88400
0.10515	60.58800
0.10520	23.86800
0.10525	53.24400
0.10530	82.62000
0.10535	86.29200
0.10540	75.27600
0.10545	25.70400
0.10550	121.17600
0.10555	38.55600
0.10560	100.98000
0.10565	53.24400
0.10570	31.21200
0.10575	44.06400
0.10580	9.18000
0.10585	123.01200
0.10590	62.42400
0.10595	66.09600
0.10600	84.45600
0.10605	82.62000
0.10610	110.16000
0.10615	18.36000
0.10620	33.04800
0.10625	62.42400
0.10630	80.78400
0.10635	36.72000
0.10640	73.44000
0.10645	97.30800
0.10650	71.60400
0.10655	78.94800
0.10660	42.22800
0.10665	62.42400
0.10670	45.90000
0.10675	58.75200
0.10680	33.04800
0.10685	53.24400
0.10690	34.88400
0.10695	58.75200
0.10700	22.03200
0.10705	20.19600
0.10710	93.63600
0.10715	29.37600
0.10720	53.24400
0.10725	31.21200
0.10730	42.22800
0.10735	51.40800
0.10740	40.39200
0.10745	25.70400
0.10750	58.75200
0.10755	67.93200
0.10760	104.65200
0.10765	55.08000
0.10770	93.63600
0.10775	62.42400
0.10780	58.75200
0.10785	42.22800
0.10790	51.40800
0.10795	29.37600
0.10800	12.85200
0.10805	51.40800
0.10810	25.70400
0.10815	22.03200
0.10820	33.04800
0.10825	88.12800
0.10830	64.26000
0.10835	29.37600
0.10840	40.39200
0.10845	86.29200
0.10850	67.93200
0.10855	88.12800
0.10860	40.39200
0.10865	47.73600
0.10870	78.94800
0.10875	56.91600
0.10880	91.80000
0.10885	44.06400
0.10890	77.11200
0.10895	93.63600
0.10900	38.55600
0.10905	27.54000
0.10910	36.72000
0.10915	77.11200
0.10920	82.62000
0.10925	22.03200
0.10930	40.39200
0.10935	36.72000
0.10940	51.40800
0.10945	45.90000
0.10950	40.39200
0.10955	86.29200
0.10960	64.26000
0.10965	14.68800
0.10970	47.73600
0.10975	23.86800
0.10980	75.27600
0.10985	44.06400
0.10990	80.78400
0.10995	18.36000
0.11000	71.60400
0.11005	29.37600
0.11010	31.21200
0.11015	23.86800
0.11020	47.73600
0.11025	44.06400
0.11030	67.93200
0.11035	49.57200
0.11040	49.57200
0.11045	20.19600
0.11050	33.04800
0.11055	42.22800
0.11060	42.22800
0.11065	31.21200
0.11070	23.86800
0.11075	55.08000
0.11080	49.57200
0.11085	67.93200
0.11090	34.88400
0.11095	38.55600
0.11100	40.39200
0.11105	20.19600
0.11110	56.91600
0.11115	49.57200
0.11120	117.50400
0.11125	16.52400
0.11130	88.12800
0.11135	75.27600
0.11140	55.08000
0.11145	36.72000
0.11150	77.11200
0.11155	55.08000
0.11160	148.71600
0.11165	64.26000
0.11170	33.04800
0.11175	18.36000
0.11180	67.93200
0.11185	60.58800
0.11190	29.37600
0.11195	45.90000
0.11200	51.40800
0.11205	69.76800
0.11210	29.37600
0.11215	40.39200
0.11220	44.06400
0.11225	42.22800
0.11230	27.54000
0.11235	12.85200
0.11240	56.91600
0.11245	58.75200
0.11250	31.21200
0.11255	22.03200
0.11260	73.44000
0.11265	47.73600
0.11270	69.76800
0.11275	31.21200
0.11280	40.39200
0.11285	49.57200
0.11290	64.26000
0.11295	42.22800
0.11300	20.19600
0.11305	29.37600
0.11310	55.08000
0.11315	64.26000
0.11320	31.21200
0.11325	49.57200
0.11330	18.36000
0.11335	75.27600
0.11340	91.80000
0.11345	40.39200
0.11350	38.55600
0.11355	55.08000
0.11360	44.06400
0.11365	29.37600
0.11370	33.04800
0.11375	38.55600
0.11380	40.39200
0.11385	93.63600
0.11390	75.27600
0.11395	119.34000
0.11400	29.37600
0.11405	56.91600
0.11410	33.04800
0.11415	58.75200
0.11420	66.09600
0.11425	42.22800
0.11430	64.26000
0.11435	100.98000
0.11440	22.03200
0.11445	38.55600
0.11450	23.86800
0.11455	60.58800
0.11460	22.03200
0.11465	67.93200
0.11470	38.55600
0.11475	45.90000
0.11480	18.36000
0.11485	33.04800
0.11490	1.83600
0.11495	62.42400
0.11500	67.93200
0.11505	110.16000
0.11510	22.03200
0.11515	75.27600
0.11520	18.36000
0.11525	27.54000
0.11530	47.73600
0.11535	36.72000
0.11540	31.21200
0.11545	62.42400
0.11550	45.90000
0.11555	49.57200
0.11560	27.54000
0.11565	51.40800
0.11570	77.11200
0.11575	58.75200
0.11580	66.09600
0.11585	51.40800
0.11590	60.58800
0.11595	84.45600
0.11600	40.39200
0.11605	25.70400
0.11610	115.66800
0.11615	47.73600
0.11620	29.37600
0.11625	14.68800
0.11630	128.52000
0.11635	91.80000
0.11640	56.91600
0.11645	47.73600
0.11650	42.22800
0.11655	45.90000
0.11660	44.06400
0.11665	36.72000
0.11670	49.57200
0.11675	31.21200
0.11680	58.75200
0.11685	31.21200
0.11690	12.85200
0.11695	69.76800
0.11700	49.57200
0.11705	36.72000
0.11710	27.54000
0.11715	47.73600
0.11720	7.34400
0.11725	89.96400
0.11730	44.06400
0.11735	75.27600
0.11740	36.72000
0.11745	77.11200
0.11750	84.45600
0.11755	67.93200
0.11760	51.40800
0.11765	47.73600
0.11770	95.47200
0.11775	56.91600
0.11780	29.37600
0.11785	44.06400
0.11790	58.75200
0.11795	89.96400
0.11800	113.83200
0.11805	23.86800
0.11810	86.29200
0.11815	56.91600
0.11820	16.52400
0.11825	33.04800
0.11830	44.06400
0.11835	55.08000
0.11840	66.09600
0.11845	88.12800
0.11850	25.70400
0.11855	27.54000
0.11860	71.60400
0.11865	23.86800
0.11870	44.06400
0.11875	27.54000
0.11880	78.94800
0.11885	45.90000
0.11890	55.08000
0.11895	69.76800
0.11900	51.40800
0.11905	73.44000
0.11910	40.39200
0.11915	110.16000
0.11920	22.03200
0.11925	99.14400
0.11930	11.01600
0.11935	42.22800
0.11940	62.42400
0.11945	67.93200
0.11950	16.52400
0.11955	73.44000
0.11960	45.90000
0.11965	36.72000
0.11970	38.55600
0.11975	86.29200
0.11980	25.70400
0.11985	23.86800
0.11990	60.58800
0.11995	18.36000
0.12000	58.75200
0.12005	27.54000
0.12010	93.63600
0.12015	36.72000
0.12020	82.62000
0.12025	75.27600
0.12030	58.75200
0.12035	20.19600
0.12040	60.58800
0.12045	53.24400
0.12050	51.40800
0.12055	75.27600
0.12060	53.24400
0.12065	40.39200
0.12070	77.11200
0.12075	67.93200
0.12080	86.29200
0.12085	14.68800
0.12090	1.83600
0.12095	44.06400
0.12100	29.37600
0.12105	119.34000
0.12110	31.21200
0.12115	45.90000
0.12120	34.88400
0.12125	14.68800
0.12130	56.91600
0.12135	62.42400
0.12140	60.58800
0.12145	64.26000
0.12150	113.83200
0.12155	33.04800
0.12160	67.93200
0.12165	40.39200
0.12170	22.03200
0.12175	110.16000
0.12180	47.73600
0.12185	40.39200
0.12190	51.40800
0.12195	42.22800
0.12200	56.91600
0.12205	16.52400
0.12210	75.27600
0.12215	12.85200
0.12220	22.03200
0.12225	84.45600
0.12230	34.88400
0.12235	25.70400
0.12240	55.08000
0.12245	97.30800
0.12250	60.58800
0.12255	16.52400
0.12260	22.03200
0.12265	40.39200
0.12270	42.22800
0.12275	25.70400
0.12280	77.11200
0.12285	89.96400
0.12290	14.68800
0.12295	25.70400
0.12300	89.96400
0.12305	22.03200
0.12310	56.91600
0.12315	33.04800
0.12320	25.70400
0.12325	25.70400
0.12330	22.03200
0.12335	33.04800
0.12340	42.22800
0.12345	36.72000
0.12350	38.55600
0.12355	51.40800
0.12360	27.54000
0.12365	69.76800
0.12370	51.40800
0.12375	38.55600
0.12380	23.86800
0.12385	66.09600
0.12390	36.72000
0.12395	11.01600
0.12400	40.39200
0.12405	91.80000
0.12410	111.99600
0.12415	84.45600
0.12420	64.26000
0.12425	62.42400
0.12430	134.02800
0.12435	62.42400
0.12440	53.24400
0.12445	113.83200
0.12450	20.19600
0.12455	11.01600
0.12460	73.44000
0.12465	86.29200
0.12470	80.78400
0.12475	49.57200
0.12480	60.58800
0.12485	77.11200
0.12490	60.58800
0.12495	69.76800
0.12500	69.76800
0.12505	53.24400
0.12510	99.14400
0.12515	86.29200
0.12520	51.40800
0.12525	80.78400
0.12530	82.62000
0.12535	55.08000
0.12540	25.70400
0.12545	44.06400
0.12550	7.34400
0.12555	34.88400
0.12560	97.30800
0.12565	38.55600
0.12570	22.03200
0.12575	69.76800
0.12580	40.39200
0.12585	27.54000
0.12590	42.22800
0.12595	33.04800
0.12600	20.19600
0.12605	34.88400
0.12610	49.57200
0.12615	12.85200
0.12620	67.93200
0.12625	47.73600
0.12630	7.34400
0.12635	45.90000
0.12640	47.73600
0.12645	25.70400
0.12650	60.58800
0.12655	18.36000
0.12660	44.06400
0.12665	126.68400
0.12670	104.65200
0.12675	73.44000
0.12680	55.08000
0.12685	45.90000
0.12690	14.68800
0.12695	23.86800
0.12700	9.18000
0.12705	53.24400
0.12710	44.06400
0.12715	44.06400
0.12720	40.39200
0.12725	38.55600
0.12730	66.09600
0.12735	80.78400
0.12740	34.88400
0.12745	38.55600
0.12750	84.45600
0.12755	38.55600
0.12760	49.57200
0.12765	53.24400
0.12770	27.54000
0.12775	91.80000
0.12780	29.37600
0.12785	36.72000
0.12790	11.01600
0.12795	16.52400
0.12800	38.55600
0.12805	64.26000
0.12810	73.44000
0.12815	36.72000
0.12820	27.54000
0.12825	23.86800
0.12830	40.39200
0.12835	23.86800
0.12840	55.08000
0.12845	62.42400
0.12850	47.73600
0.12855	84.45600
0.12860	38.55600
0.12865	42.22800
0.12870	25.70400
0.12875	20.19600
0.12880	67.93200
0.12885	58.75200
0.12890	77.11200
0.12895	56.91600
0.12900	47.73600
0.12905	12.85200
0.12910	23.86800
0.12915	51.40800
0.12920	64.26000
0.12925	113.83200
0.12930	29.37600
0.12935	44.06400
0.12940	56.91600
0.12945	42.22800
0.12950	58.75200
0.12955	64.26000
0.12960	34.88400
0.12965	20.19600
0.12970	55.08000
0.12975	99.14400
0.12980	29.37600
0.12985	16.52400
0.12990	33.04800
0.12995	44.06400
0.13000	27.54000
0.13005	44.06400
0.13010	47.73600
0.13015	62.42400
0.13020	29.37600
0.13025	38.55600
0.13030	53.24400
0.13035	64.26000
0.13040	20.19600
0.13045	84.45600
0.13050	86.29200
0.13055	111.99600
0.13060	62.42400
0.13065	71.60400
0.13070	34.88400
0.13075	47.73600
0.13080	58.75200
0.13085	97.30800
0.13090	88.12800
0.13095	55.08000
0.13100	40.39200
0.13105	23.86800
0.13110	80.78400
0.13115	77.11200
0.13120	40.39200
0.13125	55.08000
0.13130	14.68800
0.13135	49.57200
0.13140	38.55600
0.13145	47.73600
0.13150	23.86800
0.13155	25.70400
0.13160	56.91600
0.13165	67.93200
0.13170	36.72000
0.13175	44.06400
0.13180	42.22800
0.13185	91.80000
0.13190	49.57200
0.13195	47.73600
0.13200	40.39200
0.13205	86.29200
0.13210	111.99600
0.13215	58.75200
0.13220	84.45600
0.13225	38.55600
0.13230	45.90000
0.13235	97.30800
0.13240	42.22800
0.13245	47.73600
0.13250	58.75200
0.13255	58.75200
0.13260	34.88400
0.13265	9.18000
0.13270	49.57200
0.13275	56.91600
0.13280	23.86800
0.13285	23.86800
0.13290	16.52400
0.13295	53.24400
0.13300	95.47200
0.13305	102.81600
0.13310	157.89600
0.13315	44.06400
0.13320	31.21200
0.13325	25.70400
0.13330	55.08000
0.13335	20.19600
0.13340	58.75200
0.13345	44.06400
0.13350	23.86800
0.13355	69.76800
0.13360	58.75200
0.13365	47.73600
0.13370	115.66800
0.13375	73.44000
0.13380	75.27600
0.13385	31.21200
0.13390	29.37600
0.13395	34.88400
0.13400	106.48800
0.13405	55.08000
0.13410	56.91600
0.13415	102.81600
0.13420	78.94800
0.13425	40.39200
0.13430	34.88400
0.13435	78.94800
0.13440	69.76800
0.13445	60.58800
0.13450	27.54000
0.13455	60.58800
0.13460	12.85200
0.13465	40.39200
0.13470	67.93200
0.13475	29.37600
0.13480	73.44000
0.13485	40.39200
0.13490	25.70400
0.13495	23.86800
0.13500	33.04800
0.13505	75.27600
0.13510	49.57200
0.13515	51.40800
0.13520	49.57200
0.13525	58.75200
0.13530	12.85200
0.13535	44.06400
0.13540	18.36000
0.13545	102.81600
0.13550	66.09600
0.13555	16.52400
0.13560	77.11200
0.13565	29.37600
0.13570	29.37600
0.13575	20.19600
0.13580	20.19600
0.13585	38.55600
0.13590	84.45600
0.13595	75.27600
0.13600	67.93200
0.13605	62.42400
0.13610	42.22800
0.13615	42.22800
0.13620	42.22800
0.13625	49.57200
0.13630	77.11200
0.13635	47.73600
0.13640	95.47200
0.13645	108.32400
0.13650	18.36000
0.13655	18.36000
0.13660	14.68800
0.13665	60.58800
0.13670	40.39200
0.13675	34.88400
0.13680	78.94800
0.13685	40.39200
0.13690	29.37600
0.13695	23.86800
0.13700	45.90000
0.13705	45.90000
0.13710	25.70400
0.13715	38.55600
0.13720	36.72000
0.13725	29.37600
0.13730	27.54000
0.13735	36.72000
0.13740	53.24400
0.13745	51.40800
0.13750	34.88400
0.13755	45.90000
0.13760	23.86800
0.13765	47.73600
0.13770	80.78400
0.13775	44.06400
0.13780	42.22800
0.13785	44.06400
0.13790	27.54000
0.13795	51.40800
0.13800	22.03200
0.13805	36.72000
0.13810	40.39200
0.13815	47.73600
0.13820	29.37600
0.13825	97.30800
0.13830	95.47200
0.13835	60.58800
0.13840	62.42400
0.13845	77.11200
0.13850	66.09600
0.13855	93.63600
0.13860	23.86800
0.13865	36.72000
0.13870	42.22800
0.13875	11.01600
0.13880	58.75200
0.13885	0.00000
0.13890	34.88400
0.13895	58.75200
0.13900	73.44000
0.13905	12.85200
0.13910	33.04800
0.13915	49.57200
0.13920	64.26000
0.13925	9.18000
0.13930	62.42400
0.13935	27.54000
0.13940	29.37600
0.13945	91.80000
0.13950	25.70400
0.13955	47.73600
0.13960	69.76800
0.13965	27.54000
0.13970	23.86800
0.13975	44.06400
0.13980	33.04800
0.13985	36.72000
0.13990	47.73600
0.13995	40.39200
0.14000	42.22800
0.14005	42.22800
0.14010	84.45600
0.14015	34.88400
0.14020	51.40800
0.14025	60.58800
0.14030	27.54000
0.14035	47.73600
0.14040	29.37600
0.14045	51.40800
0.14050	16.52400
0.14055	40.39200
0.14060	88.12800
0.14065	53.24400
0.14070	86.29200
0.14075	64.26000
0.14080	22.03200
0.14085	49.57200
0.14090	36.72000
0.14095	14.68800
0.14100	51.40800
0.14105	62.42400
0.14110	55.08000
0.14115	49.57200
0.14120	58.75200
0.14125	29.37600
0.14130	25.70400
0.14135	53.24400
0.14140	55.08000
0.14145	20.19600
0.14150	49.57200
0.14155	88.12800
0.14160	49.57200
0.14165	23.86800
0.14170	27.54000
0.14175	12.85200
0.14180	47.73600
0.14185	69.76800
0.14190	56.91600
0.14195	49.57200
0.14200	27.54000
0.14205	38.55600
0.14210	106.48800
0.14215	36.72000
0.14220	29.37600
0.14225	36.72000
0.14230	71.60400
0.14235	78.94800
0.14240	23.86800
0.14245	73.44000
0.14250	58.75200
0.14255	58.75200
0.14260	55.08000
0.14265	55.08000
0.14270	51.40800
0.14275	44.06400
0.14280	42.22800
0.14285	33.04800
0.14290	33.04800
0.14295	77.11200
0.14300	60.58800
0.14305	18.36000
0.14310	71.60400
0.14315	73.44000
0.14320	119.34000
0.14325	23.86800
0.14330	78.94800
0.14335	89.96400
0.14340	44.06400
0.14345	53.24400
0.14350	14.68800
0.14355	33.04800
0.14360	45.90000
0.14365	93.63600
0.14370	45.90000
0.14375	36.72000
0.14380	36.72000
0.14385	45.90000
0.14390	51.40800
0.14395	51.40800
0.14400	23.86800
0.14405	18.36000
0.14410	47.73600
0.14415	11.01600
0.14420	73.44000
0.14425	66.09600
0.14430	73.44000
0.14435	40.39200
0.14440	16.52400
0.14445	45.90000
0.14450	38.55600
0.14455	20.19600
0.14460	31.21200
0.14465	23.86800
0.14470	29.37600
0.14475	73.44000
0.14480	102.81600
0.14485	12.85200
0.14490	42.22800
0.14495	49.57200
0.14500	49.57200
0.14505	62.42400
0.14510	23.86800
0.14515	16.52400
0.14520	23.86800
0.14525	66.09600
0.14530	40.39200
0.14535	42.22800
0.14540	69.76800
0.14545	36.72000
0.14550	62.42400
0.14555	25.70400
0.14560	45.90000
0.14565	42.22800
0.14570	51.40800
0.14575	18.36000
0.14580	51.40800
0.14585	18.36000
0.14590	36.72000
0.14595	58.75200
0.14600	27.54000
0.14605	25.70400
0.14610	29.37600
0.14615	45.90000
0.14620	62.42400
0.14625	29.37600
0.14630	64.26000
0.14635	22.03200
0.14640	7.34400
0.14645	121.17600
0.14650	18.36000
0.14655	40.39200
0.14660	34.88400
0.14665	60.58800
0.14670	73.44000
0.14675	67.93200
0.14680	42.22800
0.14685	40.39200
0.14690	66.09600
0.14695	60.58800
0.14700	152.38800
0.14705	9.18000
0.14710	27.54000
0.14715	27.54000
0.14720	49.57200
0.14725	29.37600
0.14730	27.54000
0.14735	18.36000
0.14740	49.57200
0.14745	38.55600
0.14750	12.85200
0.14755	51.40800
0.14760	20.19600
0.14765	25.70400
0.14770	40.39200
0.14775	31.21200
0.14780	64.26000
0.14785	12.85200
0.14790	47.73600
0.14795	77.11200
0.14800	49.57200
0.14805	47.73600
0.14810	67.93200
0.14815	64.26000
0.14820	33.04800
0.14825	51.40800
0.14830	99.14400
0.14835	64.26000
0.14840	84.45600
0.14845	53.24400
0.14850	55.08000
0.14855	29.37600
0.14860	60.58800
0.14865	67.93200
0.14870	16.52400
0.14875	36.72000
0.14880	66.09600
0.14885	86.29200
0.14890	22.03200
0.14895	58.75200
0.14900	102.81600
0.14905	67.93200
0.14910	51.40800
0.14915	38.55600
0.14920	23.86800
0.14925	31.21200
0.14930	25.70400
0.14935	73.44000
0.14940	29.37600
0.14945	40.39200
0.14950	49.57200
0.14955	73.44000
0.14960	1.83600
0.14965	34.88400
0.14970	34.88400
0.14975	60.58800
0.14980	33.04800
0.14985	78.94800
0.14990	60.58800
0.14995	38.55600
0.15000	86.29200
0.15005	44.06400
0.15010	33.04800
0.15015	89.96400
0.15020	1.83600
0.15025	22.03200
0.15030	36.72000
0.15035	33.04800
0.15040	22.03200
0.15045	42.22800
0.15050	62.42400
0.15055	53.24400
0.15060	33.04800
0.15065	51.40800
0.15070	22.03200
0.15075	88.12800
0.15080	60.58800
0.15085	69.76800
0.15090	91.80000
0.15095	55.08000
0.15100	45.90000
0.15105	38.55600
0.15110	45.90000
0.15115	53.24400
0.15120	56.91600
0.15125	47.73600
0.15130	25.70400
0.15135	47.73600
0.15140	27.54000
0.15145	49.57200
0.15150	60.58800
0.15155	53.24400
0.15160	18.36000
0.15165	31.21200
0.15170	97.30800
0.15175	36.72000
0.15180	20.19600
0.15185	45.90000
0.15190	71.60400
0.15195	31.21200
0.15200	49.57200
0.15205	27.54000
0.15210	49.57200
0.15215	66.09600
0.15220	14.68800
0.15225	25.70400
0.15230	62.42400
0.15235	53.24400
0.15240	25.70400
0.15245	55.08000
0.15250	20.19600
0.15255	33.04800
0.15260	23.86800
0.15265	34.88400
0.15270	117.50400
0.15275	31.21200
0.15280	115.66800
0.15285	55.08000
0.15290	62.42400
0.15295	31.21200
0.15300	55.08000
0.15305	102.81600
0.15310	45.90000
0.15315	33.04800
0.15320	66.09600
0.15325	18.36000
0.15330	38.55600
0.15335	18.36000
0.15340	106.48800
0.15345	124.84800
0.15350	89.96400
0.15355	29.37600
0.15360	60.58800
0.15365	60.58800
0.15370	12.85200
0.15375	40.39200
0.15380	29.37600
0.15385	86.29200
0.15390	73.44000
0.15395	91.80000
0.15400	75.27600
0.15405	40.39200
0.15410	71.60400
0.15415	14.68800
0.15420	12.85200
0.15425	20.19600
0.15430	95.47200
0.15435	40.39200
0.15440	25.70400
0.15445	97.30800
0.15450	45.90000
0.15455	95.47200
0.15460	53.24400
0.15465	18.36000
0.15470	123.01200
0.15475	66.09600
0.15480	16.52400
0.15485	27.54000
0.15490	23.86800
0.15495	33.04800
0.15500	23.86800
0.15505	110.16000
0.15510	89.96400
0.15515	95.47200
0.15520	89.96400
0.15525	78.94800
0.15530	44.06400
0.15535	58.75200
0.15540	42.22800
0.15545	49.57200
0.15550	69.76800
0.15555	62.42400
0.15560	73.44000
0.15565	44.06400
0.15570	71.60400
0.15575	20.19600
0.15580	40.39200
0.15585	53.24400
0.15590	5.50800
0.15595	47.73600
0.15600	42.22800
0.15605	84.45600
0.15610	88.12800
0.15615	20.19600
0.15620	53.24400
0.15625	75.27600
0.15630	18.36000
0.15635	40.39200
0.15640	75.27600
0.15645	51.40800
0.15650	71.60400
0.15655	40.39200
0.15660	47.73600
0.15665	40.39200
0.15670	38.55600
0.15675	42.22800
0.15680	44.06400
0.15685	93.63600
0.15690	121.17600
0.15695	42.22800
0.15700	25.70400
0.15705	55.08000
0.15710	14.68800
0.15715	20.19600
0.15720	29.37600
0.15725	23.86800
0.15730	36.72000
0.15735	40.39200
0.15740	66.09600
0.15745	84.45600
0.15750	38.55600
0.15755	102.81600
0.15760	22.03200
0.15765	49.57200
0.15770	69.76800
0.15775	14.68800
0.15780	71.60400
0.15785	67.93200
0.15790	62.42400
0.15795	45.90000
0.15800	23.86800
0.15805	60.58800
0.15810	78.94800
0.15815	91.80000
0.15820	33.04800
0.15825	11.01600
0.15830	5.50800
0.15835	23.86800
0.15840	45.90000
0.15845	55.08000
0.15850	80.78400
0.15855	36.72000
0.15860	40.39200
0.15865	20.19600
0.15870	44.06400
0.15875	18.36000
0.15880	36.72000
0.15885	47.73600
0.15890	38.55600
0.15895	47.73600
0.15900	49.57200
0.15905	91.80000
0.15910	58.75200
0.15915	66.09600
0.15920	58.75200
0.15925	91.80000
0.15930	60.58800
0.15935	66.09600
0.15940	47.73600
0.15945	49.57200
0.15950	49.57200
0.15955	49.57200
0.15960	40.39200
0.15965	34.88400
0.15970	53.24400
0.15975	69.76800
0.15980	71.60400
0.15985	9.18000
0.15990	64.26000
0.15995	128.52000
0.16000	40.39200
0.16005	45.90000
0.16010	117.50400
0.16015	55.08000
0.16020	51.40800
0.16025	22.03200
0.16030	22.03200
0.16035	58.75200
0.16040	33.04800
0.16045	100.98000
0.16050	49.57200
0.16055	16.52400
0.16060	20.19600
0.16065	82.62000
0.16070	67.93200
0.16075	29.37600
0.16080	51.40800
0.16085	20.19600
0.16090	64.26000
0.16095	69.76800
0.16100	69.76800
0.16105	44.06400
0.16110	45.90000
0.16115	34.88400
0.16120	33.04800
0.16125	47.73600
0.16130	56.91600
0.16135	55.08000
0.16140	45.90000
0.16145	69.76800
0.16150	84.45600
0.16155	58.75200
0.16160	60.58800
0.16165	60.58800
0.16170	47.73600
0.16175	29.37600
0.16180	27.54000
0.16185	33.04800
0.16190	62.42400
0.16195	31.21200
0.16200	100.98000
0.16205	45.90000
0.16210	51.40800
0.16215	25.70400
0.16220	66.09600
0.16225	47.73600
0.16230	67.93200
0.16235	16.52400
0.16240	67.93200
0.16245	75.27600
0.16250	45.90000
0.16255	67.93200
0.16260	36.72000
0.16265	33.04800
0.16270	33.04800
0.16275	77.11200
0.16280	82.62000
0.16285	45.90000
0.16290	29.37600
0.16295	20.19600
0.16300	25.70400
0.16305	51.40800
0.16310	64.26000
0.16315	56.91600
0.16320	45.90000
0.16325	11.01600
0.16330	11.01600
0.16335	93.63600
0.16340	42.22800
0.16345	55.08000
0.16350	55.08000
0.16355	33.04800
0.16360	53.24400
0.16365	67.93200
0.16370	11.01600
0.16375	53.24400
0.16380	58.75200
0.16385	47.73600
0.16390	91.80000
0.16395	69.76800
0.16400	16.52400
0.16405	36.72000
0.16410	23.86800
0.16415	18.36000
0.16420	80.78400
0.16425	44.06400
0.16430	38.55600
0.16435	67.93200
0.16440	31.21200
0.16445	60.58800
0.16450	20.19600
0.16455	71.60400
0.16460	27.54000
0.16465	16.52400
0.16470	22.03200
0.16475	33.04800
0.16480	20.19600
0.16485	89.96400
0.16490	27.54000
0.16495	33.04800
0.16500	22.03200
0.16505	64.26000
0.16510	64.26000
0.16515	56.91600
0.16520	69.76800
0.16525	51.40800
0.16530	55.08000
0.16535	67.93200
0.16540	58.75200
0.16545	25.70400
0.16550	33.04800
0.16555	60.58800
0.16560	64.26000
0.16565	47.73600
0.16570	36.72000
0.16575	56.91600
0.16580	66.09600
0.16585	58.75200
0.16590	27.54000
0.16595	55.08000
0.16600	75.27600
0.16605	34.88400
0.16610	89.96400
0.16615	25.70400
0.16620	44.06400
0.16625	53.24400
0.16630	29.37600
0.16635	67.93200
0.16640	18.36000
0.16645	66.09600
0.16650	36.72000
0.16655	67.93200
0.16660	23.86800
0.16665	47.73600
0.16670	88.12800
0.16675	38.55600
0.16680	12.85200
0.16685	12.85200
0.16690	86.29200
0.16695	71.60400
0.16700	27.54000
0.16705	14.68800
0.16710	60.58800
0.16715	29.37600
0.16720	45.90000
0.16725	36.72000
0.16730	44.06400
0.16735	82.62000
0.16740	40.39200
0.16745	82.62000
0.16750	23.86800
0.16755	16.52400
0.16760	80.78400
0.16765	25.70400
0.16770	29.37600
0.16775	38.55600
0.16780	47.73600
0.16785	38.55600
0.16790	47.73600
0.16795	49.57200
0.16800	18.36000
0.16805	36.72000
0.16810	47.73600
0.16815	75.27600
0.16820	80.78400
0.16825	64.26000
0.16830	27.54000
0.16835	62.42400
0.16840	45.90000
0.16845	42.22800
0.16850	27.54000
0.16855	40.39200
0.16860	18.36000
0.16865	45.90000
0.16870	22.03200
0.16875	53.24400
0.16880	14.68800
0.16885	69.76800
0.16890	12.85200
0.16895	29.37600
0.16900	29.37600
0.16905	49.57200
0.16910	34.88400
0.16915	86.29200
0.16920	84.45600
0.16925	47.73600
0.16930	34.88400
0.16935	56.91600
0.16940	91.80000
0.16945	45.90000
0.16950	31.21200
0.16955	40.39200
0.16960	25.70400
0.16965	23.86800
0.16970	34.88400
0.16975	49.57200
0.16980	44.06400
0.16985	64.26000
0.16990	33.04800
0.16995	45.90000
0.17000	89.96400
0.17005	62.42400
0.17010	20.19600
0.17015	67.93200
0.17020	18.36000
0.17025	34.88400
0.17030	73.44000
0.17035	47.73600
0.17040	108.32400
0.17045	69.76800
0.17050	89.96400
0.17055	33.04800
0.17060	23.86800
0.17065	29.37600
0.17070	16.52400
0.17075	22.03200
0.17080	55.08000
0.17085	27.54000
0.17090	34.88400
0.17095	58.75200
0.17100	45.90000
0.17105	38.55600
0.17110	56.91600
0.17115	14.68800
0.17120	33.04800
0.17125	40.39200
0.17130	27.54000
0.17135	56.91600
0.17140	69.76800
0.17145	27.54000
0.17150	51.40800
0.17155	40.39200
0.17160	47.73600
0.17165	95.47200
0.17170	34.88400
0.17175	29.37600
0.17180	23.86800
0.17185	22.03200
0.17190	44.06400
0.17195	64.26000
0.17200	23.86800
0.17205	34.88400
0.17210	80.78400
0.17215	53.24400
0.17220	55.08000
0.17225	75.27600
0.17230	71.60400
0.17235	55.08000
0.17240	38.55600
0.17245	62.42400
0.17250	36.72000
0.17255	55.08000
0.17260	25.70400
0.17265	55.08000
0.17270	55.08000
0.17275	69.76800
0.17280	66.09600
0.17285	34.88400
0.17290	20.19600
0.17295	34.88400
0.17300	23.86800
0.17305	66.09600
0.17310	9.18000
0.17315	34.88400
0.17320	97.30800
0.17325	40.39200
0.17330	80.78400
0.17335	123.01200
0.17340	123.01200
0.17345	42.22800
0.17350	23.86800
0.17355	40.39200
0.17360	51.40800
0.17365	84.45600
0.17370	44.06400
0.17375	58.75200
0.17380	80.78400
0.17385	22.03200
0.17390	47.73600
0.17395	58.75200
0.17400	80.78400
0.17405	56.91600
0.17410	51.40800
0.17415	69.76800
0.17420	69.76800
0.17425	36.72000
0.17430	23.86800
0.17435	27.54000
0.17440	27.54000
0.17445	40.39200
0.17450	33.04800
0.17455	66.09600
0.17460	38.55600
0.17465	62.42400
0.17470	60.58800
0.17475	56.91600
0.17480	44.06400
0.17485	42.22800
0.17490	44.06400
0.17495	124.84800
0.17500	49.57200
0.17505	51.40800
0.17510	64.26000
0.17515	80.78400
0.17520	58.75200
0.17525	44.06400
0.17530	22.03200
0.17535	62.42400
0.17540	49.57200
0.17545	27.54000
0.17550	75.27600
0.17555	77.11200
0.17560	73.44000
0.17565	75.27600
0.17570	40.39200
0.17575	1.83600
0.17580	58.75200
0.17585	47.73600
0.17590	40.39200
0.17595	53.24400
0.17600	75.27600
0.17605	9.18000
0.17610	47.73600
0.17615	53.24400
0.17620	31.21200
0.17625	67.93200
0.17630	67.93200
0.17635	75.27600
0.17640	27.54000
0.17645	42.22800
0.17650	78.94800
0.17655	40.39200
0.17660	47.73600
0.17665	38.55600
0.17670	40.39200
0.17675	5.50800
0.17680	58.75200
0.17685	77.11200
0.17690	25.70400
0.17695	47.73600
0.17700	49.57200
0.17705	51.40800
0.17710	60.58800
0.17715	31.21200
0.17720	51.40800
0.17725	36.72000
0.17730	55.08000
0.17735	47.73600
0.17740	71.60400
0.17745	22.03200
0.17750	58.75200
0.17755	56.91600
0.17760	31.21200
0.17765	53.24400
0.17770	111.99600
0.17775	84.45600
0.17780	31.21200
0.17785	20.19600
0.17790	27.54000
0.17795	110.16000
0.17800	38.55600
0.17805	34.88400
0.17810	16.52400
0.17815	58.75200
0.17820	12.85200
0.17825	51.40800
0.17830	9.18000
0.17835	31.21200
0.17840	67.93200
0.17845	95.47200
0.17850	36.72000
0.17855	53.24400
0.17860	47.73600
0.17865	38.55600
0.17870	47.73600
0.17875	49.57200
0.17880	38.55600
0.17885	27.54000
0.17890	27.54000
0.17895	27.54000
0.17900	55.08000
0.17905	7.34400
0.17910	12.85200
0.17915	49.57200
0.17920	55.08000
0.17925	47.73600
0.17930	38.55600
0.17935	7.34400
0.17940	16.52400
0.17945	73.44000
0.17950	56.91600
0.17955	44.06400
0.17960	97.30800
0.17965	64.26000
0.17970	42.22800
0.17975	38.55600
0.17980	45.90000
0.17985	73.44000
0.17990	44.06400
0.17995	88.12800
0.18000	47.73600
0.18005	3.67200
0.18010	7.34400
0.18015	51.40800
0.18020	12.85200
0.18025	53.24400
0.18030	34.88400
0.18035	80.78400
0.18040	60.58800
0.18045	69.76800
0.18050	27.54000
0.18055	78.94800
0.18060	11.01600
0.18065	53.24400
0.18070	23.86800
0.18075	16.52400
0.18080	45.90000
0.18085	40.39200
0.18090	38.55600
0.18095	55.08000
0.18100	73.44000
0.18105	69.76800
0.18110	51.40800
0.18115	124.84800
0.18120	203.79600
0.18125	181.76400
0.18130	181.76400
0.18135	290.08800
0.18140	407.59200
0.18145	444.31200
0.18150	806.00400
0.18155	965.73600
0.18160	1318.24800
0.18165	1496.34000
0.18170	2032.45200
0.18175	2537.35200
0.18180	3264.40800
0.18185	4105.29600
0.18190	4749.73200
0.18195	4867.23600
0.18200	5770.54800
0.18205	6429.67200
0.18210	6840.93600
0.18215	7479.86400
0.18220	7063.09200
0.18225	8072.89200
0.18230	7255.87200
0.18235	7191.61200
0.18240	6528.81600
0.18245	5814.61200
0.18250	5550.22800
0.18255	4746.06000
0.18260	4474.33200
0.18265	4153.03200
0.18270	3771.14400
0.18275	3064.28400
0.18280	3394.76400
0.18285	2757.67200
0.18290	2462.07600
0.18295	2355.58800
0.18300	2441.88000
0.18305	1959.01200
0.18310	1947.99600
0.18315	1819.47600
0.18320	1810.29600
0.18325	1720.33200
0.18330	1746.03600
0.18335	1404.54000
0.18340	1343.95200
0.18345	1389.85200
0.18350	1186.05600
0.18355	1136.48400
0.18360	1064.88000
0.18365	1235.62800
0.18370	1321.92000
0.18375	1145.66400
0.18380	940.03200
0.18385	1048.35600
0.18390	1178.71200
0.18395	976.75200
0.18400	949.21200
0.18405	872.10000
0.18410	670.14000
0.18415	894.13200
0.18420	708.69600
0.18425	895.96800
0.18430	984.09600
0.18435	721.54800
0.18440	789.48000
0.18445	695.84400
0.18450	624.24000
0.18455	714.20400
0.18460	714.20400
0.18465	567.32400
0.18470	828.03600
0.18475	739.90800
0.18480	602.20800
0.18485	497.55600
0.18490	504.90000
0.18495	433.29600
0.18500	433.29600
0.18505	624.24000
0.18510	574.66800
0.18515	677.48400
0.18520	334.15200
0.18525	512.24400
0.18530	622.40400
0.18535	464.50800
0.18540	446.14800
0.18545	572.83200
0.18550	442.47600
0.18555	530.60400
0.18560	512.24400
0.18565	493.88400
0.18570	453.49200
0.18575	488.37600
0.18580	376.38000
0.18585	446.14800
0.18590	324.97200
0.18595	389.23200
0.18600	372.70800
0.18605	446.14800
0.18610	440.64000
0.18615	306.61200
0.18620	352.51200
0.18625	295.59600
0.18630	537.94800
0.18635	407.59200
0.18640	369.03600
0.18645	499.39200
0.18650	383.72400
0.18655	381.88800
0.18660	370.87200
0.18665	381.88800
0.18670	381.88800
0.18675	350.67600
0.18680	286.41600
0.18685	424.11600
0.18690	297.43200
0.18695	460.83600
0.18700	335.98800
0.18705	372.70800
0.18710	422.28000
0.18715	326.80800
0.18720	504.90000
0.18725	380.05200
0.18730	286.41600
0.18735	324.97200
0.18740	405.75600
0.18745	345.16800
0.18750	317.62800
0.18755	251.53200
0.18760	352.51200
0.18765	247.86000
0.18770	293.76000
0.18775	284.58000
0.18780	268.05600
0.18785	361.69200
0.18790	288.25200
0.18795	506.73600
0.18800	277.23600
0.18805	271.72800
0.18810	352.51200
0.18815	392.90400
0.18820	332.31600
0.18825	449.82000
0.18830	277.23600
0.18835	359.85600
0.18840	420.44400
0.18845	352.51200
0.18850	321.30000
0.18855	313.95600
0.18860	236.84400
0.18865	436.96800
0.18870	268.05600
0.18875	200.12400
0.18880	302.94000
0.18885	290.08800
0.18890	264.38400
0.18895	402.08400
0.18900	350.67600
0.18905	297.43200
0.18910	345.16800
0.18915	229.50000
0.18920	255.20400
0.18925	449.82000
0.18930	299.26800
0.18935	324.97200
0.18940	246.02400
0.18945	290.08800
0.18950	383.72400
0.18955	345.16800
0.18960	308.44800
0.18965	317.62800
0.18970	242.35200
0.18975	264.38400
0.18980	264.38400
0.18985	231.33600
0.18990	453.49200
0.18995	323.13600
0.19000	290.08800
0.19005	455.32800
0.19010	253.36800
0.19015	249.69600
0.19020	352.51200
0.19025	295.59600
0.19030	238.68000
0.19035	235.00800
0.19040	409.42800
0.19045	293.76000
0.19050	189.10800
0.19055	247.86000
0.19060	271.72800
0.19065	317.62800
0.19070	247.86000
0.19075	334.15200
0.19080	277.23600
0.19085	257.04000
0.19090	242.35200
0.19095	235.00800
0.19100	334.15200
0.19105	268.05600
0.19110	165.24000
0.19115	324.97200
0.19120	402.08400
0.19125	236.84400
0.19130	251.53200
0.19135	280.90800
0.19140	422.28000
0.19145	249.69600
0.19150	378.21600
0.19155	244.18800
0.19160	258.87600
0.19165	301.10400
0.19170	222.15600
0.19175	167.07600
0.19180	247.86000
0.19185	363.52800
0.19190	209.30400
0.19195	216.64800
0.19200	209.30400
0.19205	190.94400
0.19210	277.23600
0.19215	301.10400
0.19220	227.66400
0.19225	205.63200
0.19230	330.48000
0.19235	343.33200
0.19240	299.26800
0.19245	211.14000
0.19250	280.90800
0.19255	321.30000
0.19260	223.99200
0.19265	286.41600
0.19270	266.22000
0.19275	205.63200
0.19280	317.62800
0.19285	167.07600
0.19290	321.30000
0.19295	280.90800
0.19300	326.80800
0.19305	262.54800
0.19310	214.81200
0.19315	218.48400
0.19320	236.84400
0.19325	275.40000
0.19330	242.35200
0.19335	176.25600
0.19340	310.28400
0.19345	205.63200
0.19350	110.16000
0.19355	165.24000
0.19360	223.99200
0.19365	214.81200
0.19370	218.48400
0.19375	235.00800
0.19380	315.79200
0.19385	255.20400
0.19390	121.17600
0.19395	251.53200
0.19400	284.58000
0.19405	190.94400
0.19410	258.87600
0.19415	317.62800
0.19420	216.64800
0.19425	253.36800
0.19430	246.02400
0.19435	172.58400
0.19440	179.92800
0.19445	262.54800
0.19450	172.58400
0.19455	385.56000
0.19460	273.56400
0.19465	249.69600
0.19470	341.49600
0.19475	455.32800
0.19480	286.41600
0.19485	176.25600
0.19490	290.08800
0.19495	187.27200
0.19500	244.18800
0.19505	185.43600
0.19510	332.31600
0.19515	290.08800
0.19520	258.87600
0.19525	291.92400
0.19530	280.90800
0.19535	348.84000
0.19540	242.35200
0.19545	348.84000
0.19550	312.12000
0.19555	264.38400
0.19560	200.12400
0.19565	189.10800
0.19570	205.63200
0.19575	304.77600
0.19580	313.95600
0.19585	288.25200
0.19590	288.25200
0.19595	284.58000
0.19600	277.23600
0.19605	235.00800
0.19610	257.04000
0.19615	135.86400
0.19620	240.51600
0.19625	143.20800
0.19630	172.58400
0.19635	229.50000
0.19640	295.59600
0.19645	200.12400
0.19650	257.04000
0.19655	352.51200
0.19660	345.16800
0.19665	268.05600
0.19670	264.38400
0.19675	317.62800
0.19680	365.36400
0.19685	257.04000
0.19690	277.23600
0.19695	244.18800
0.19700	163.40400
0.19705	249.69600
0.19710	176.25600
0.19715	304.77600
0.19720	183.60000
0.19725	284.58000
0.19730	380.05200
0.19735	157.89600
0.19740	157.89600
0.19745	203.79600
0.19750	196.45200
0.19755	279.07200
0.19760	268.05600
0.19765	189.10800
0.19770	400.24800
0.19775	266.22000
0.19780	268.05600
0.19785	227.66400
0.19790	308.44800
0.19795	203.79600
0.19800	139.53600
0.19805	179.92800
0.19810	157.89600
0.19815	222.15600
0.19820	277.23600
0.19825	249.69600
0.19830	121.17600
0.19835	163.40400
0.19840	165.24000
0.19845	247.86000
0.19850	178.09200
0.19855	290.08800
0.19860	277.23600
0.19865	211.14000
0.19870	247.86000
0.19875	268.05600
0.19880	277.23600
0.19885	123.01200
0.19890	196.45200
0.19895	225.82800
0.19900	161.56800
0.19905	135.86400
0.19910	381.88800
0.19915	212.97600
0.19920	242.35200
0.19925	249.69600
0.19930	238.68000
0.19935	132.19200
0.19940	264.38400
0.19945	280.90800
0.19950	284.58000
0.19955	185.43600
0.19960	242.35200
0.19965	235.00800
0.19970	178.09200
0.19975	134.02800
0.19980	198.28800
0.19985	212.97600
0.19990	183.60000
0.19995	179.92800
0.20000	154.22400
0.20005	279.07200
0.20010	203.79600
0.20015	185.43600
0.20020	128.52000
0.20025	231.33600
0.20030	253.36800
0.20035	233.17200
0.20040	317.62800
0.20045	100.98000
0.20050	286.41600
0.20055	201.96000
0.20060	251.53200
0.20065	242.35200
0.20070	299.26800
0.20075	207.46800
0.20080	341.49600
0.20085	310.28400
0.20090	201.96000
0.20095	189.10800
0.20100	154.22400
0.20105	150.55200
0.20110	183.60000
0.20115	196.45200
0.20120	246.02400
0.20125	156.06000
0.20130	196.45200
0.20135	335.98800
0.20140	183.60000
0.20145	321.30000
0.20150	262.54800
0.20155	279.07200
0.20160	266.22000
0.20165	172.58400
0.20170	216.64800
0.20175	297.43200
0.20180	222.15600
0.20185	330.48000
0.20190	280.90800
0.20195	174.42000
0.20200	181.76400
0.20205	156.06000
0.20210	240.51600
0.20215	218.48400
0.20220	222.15600
0.20225	313.95600
0.20230	212.97600
0.20235	249.69600
0.20240	266.22000
0.20245	223.99200
0.20250	209.30400
0.20255	231.33600
0.20260	209.30400
0.20265	168.91200
0.20270	200.12400
0.20275	172.58400
0.20280	167.07600
0.20285	236.84400
0.20290	235.00800
0.20295	185.43600
0.20300	220.32000
0.20305	126.68400
0.20310	257.04000
0.20315	214.81200
0.20320	247.86000
0.20325	279.07200
0.20330	310.28400
0.20335	185.43600
0.20340	157.89600
0.20345	370.87200
0.20350	293.76000
0.20355	168.91200
0.20360	295.59600
0.20365	231.33600
0.20370	244.18800
0.20375	323.13600
0.20380	271.72800
0.20385	286.41600
0.20390	313.95600
0.20395	268.05600
0.20400	187.27200
0.20405	223.99200
0.20410	170.74800
0.20415	212.97600
0.20420	253.36800
0.20425	141.37200
0.20430	196.45200
0.20435	172.58400
0.20440	196.45200
0.20445	212.97600
0.20450	192.78000
0.20455	253.36800
0.20460	271.72800
0.20465	332.31600
0.20470	266.22000
0.20475	236.84400
0.20480	257.04000
0.20485	212.97600
0.20490	168.91200
0.20495	273.56400
0.20500	200.12400
0.20505	229.50000
0.20510	216.64800
0.20515	235.00800
0.20520	154.22400
0.20525	145.04400
0.20530	253.36800
0.20535	286.41600
0.20540	266.22000
0.20545	262.54800
0.20550	137.70000
0.20555	222.15600
0.20560	150.55200
0.20565	218.48400
0.20570	365.36400
0.20575	258.87600
0.20580	201.96000
0.20585	299.26800
0.20590	271.72800
0.20595	211.14000
0.20600	249.69600
0.20605	152.38800
0.20610	273.56400
0.20615	293.76000
0.20620	247.86000
0.20625	159.73200
0.20630	304.77600
0.20635	282.74400
0.20640	242.35200
0.20645	361.69200
0.20650	231.33600
0.20655	431.46000
0.20660	212.97600
0.20665	185.43600
0.20670	201.96000
0.20675	200.12400
0.20680	201.96000
0.20685	310.28400
0.20690	207.46800
0.20695	277.23600
0.20700	269.89200
0.20705	302.94000
0.20710	167.07600
0.20715	178.09200
0.20720	205.63200
0.20725	222.15600
0.20730	251.53200
0.20735	161.56800
0.20740	231.33600
0.20745	200.12400
0.20750	306.61200
0.20755	207.46800
0.20760	240.51600
0.20765	170.74800
0.20770	196.45200
0.20775	167.07600
0.20780	279.07200
0.20785	236.84400
0.20790	207.46800
0.20795	209.30400
0.20800	212.97600
0.20805	205.63200
0.20810	236.84400
0.20815	211.14000
0.20820	223.99200
0.20825	269.89200
0.20830	203.79600
0.20835	238.68000
0.20840	212.97600
0.20845	189.10800
0.20850	235.00800
0.20855	132.19200
0.20860	176.25600
0.20865	189.10800
0.20870	246.02400
0.20875	290.08800
0.20880	201.96000
0.20885	235.00800
0.20890	246.02400
0.20895	299.26800
0.20900	222.15600
0.20905	185.43600
0.20910	212.97600
0.20915	207.46800
0.20920	295.59600
0.20925	326.80800
0.20930	247.86000
0.20935	460.83600
0.20940	251.53200
0.20945	190.94400
0.20950	242.35200
0.20955	223.99200
0.20960	214.81200
0.20965	227.66400
0.20970	148.71600
0.20975	196.45200
0.20980	227.66400
0.20985	174.42000
0.20990	269.89200
