0.00000	0.91728
0.00005	0.00000
0.00010	-0.00000
0.00015	0.15288
0.00020	0.30576
0.00025	0.07644
0.00030	0.00000
0.00035	0.68796
0.00040	1.83456
0.00045	0.38220
0.00050	0.45864
0.00055	1.37592
0.00060	2.29320
0.00065	0.22932
0.00070	1.37592
0.00075	0.68796
0.00080	0.00000
0.00085	0.30576
0.00090	1.14660
0.00095	1.52880
0.00100	1.83456
0.00105	1.75812
0.00110	1.45236
0.00115	2.67540
0.00120	5.04504
0.00125	6.03876
0.00130	6.19164
0.00135	7.79688
0.00140	7.87332
0.00145	10.77804
0.00150	18.03984
0.00155	27.51840
0.00160	43.72368
0.00165	51.67344
0.00170	67.72584
0.00175	82.09656
0.00180	99.67776
0.00185	134.22864
0.00190	161.05908
0.00195	178.56384
0.00200	188.42460
0.00205	220.14720
0.00210	215.33148
0.00215	249.95880
0.00220	254.46876
0.00225	238.26348
0.00230	218.84772
0.00235	225.95664
0.00240	213.03828
0.00245	197.59740
0.00250	181.31568
0.00255	148.75224
0.00260	153.49152
0.00265	130.71240
0.00270	104.41704
0.00275	100.21284
0.00280	96.16152
0.00285	80.33844
0.00290	77.58660
0.00295	62.75724
0.00300	53.20224
0.00305	47.62212
0.00310	48.69228
0.00315	57.78864
0.00320	39.36660
0.00325	37.91424
0.00330	29.81160
0.00335	24.84300
0.00340	22.09116
0.00345	23.69640
0.00350	21.02100
0.00355	22.24404
0.00360	25.07232
0.00365	23.61996
0.00370	24.23148
0.00375	19.18644
0.00380	20.18016
0.00385	20.10372
0.00390	12.68904
0.00395	17.35188
0.00400	16.89324
0.00405	14.29428
0.00410	15.97596
0.00415	19.18644
0.00420	16.66392
0.00425	12.38328
0.00430	18.80424
0.00435	13.75920
0.00440	10.70160
0.00445	12.68904
0.00450	13.30056
0.00455	11.23668
0.00460	10.77804
0.00465	9.01992
0.00470	13.45344
0.00475	13.52988
0.00480	9.93720
0.00485	11.08380
0.00490	10.93092
0.00495	14.44716
0.00500	9.78432
0.00505	10.16652
0.00510	12.30684
0.00515	6.34452
0.00520	9.17280
0.00525	13.22412
0.00530	12.07752
0.00535	8.33196
0.00540	10.24296
0.00545	10.93092
0.00550	7.03248
0.00555	8.94348
0.00560	6.65028
0.00565	8.17908
0.00570	8.94348
0.00575	7.49112
0.00580	7.64400
0.00585	11.92464
0.00590	12.00108
0.00595	8.56128
0.00600	7.64400
0.00605	6.87960
0.00610	9.47856
0.00615	6.57384
0.00620	7.18536
0.00625	6.19164
0.00630	7.49112
0.00635	8.48484
0.00640	7.18536
0.00645	7.56756
0.00650	7.79688
0.00655	8.02620
0.00660	11.16024
0.00665	6.26808
0.00670	7.33824
0.00675	11.08380
0.00680	7.41468
0.00685	7.56756
0.00690	6.57384
0.00695	8.17908
0.00700	9.01992
0.00705	7.56756
0.00710	9.63144
0.00715	4.43352
0.00720	4.43352
0.00725	7.41468
0.00730	9.01992
0.00735	6.42096
0.00740	4.66284
0.00745	7.79688
0.00750	7.72044
0.00755	13.37700
0.00760	9.09636
0.00765	6.95604
0.00770	9.40212
0.00775	5.35080
0.00780	5.80944
0.00785	9.63144
0.00790	8.79060
0.00795	7.49112
0.00800	12.00108
0.00805	5.65656
0.00810	9.86076
0.00815	6.42096
0.00820	5.42724
0.00825	7.26180
0.00830	5.58012
0.00835	7.56756
0.00840	11.46600
0.00845	9.09636
0.00850	4.28064
0.00855	6.72672
0.00860	6.80316
0.00865	4.81572
0.00870	7.26180
0.00875	4.66284
0.00880	8.17908
0.00885	6.34452
0.00890	9.24924
0.00895	5.35080
0.00900	4.20420
0.00905	6.57384
0.00910	5.27436
0.00915	5.58012
0.00920	7.33824
0.00925	4.50996
0.00930	3.82200
0.00935	9.93720
0.00940	6.72672
0.00945	7.49112
0.00950	4.73928
0.00955	7.10892
0.00960	8.25552
0.00965	7.79688
0.00970	4.66284
0.00975	5.96232
0.00980	7.64400
0.00985	6.65028
0.00990	2.98116
0.00995	8.10264
0.01000	9.47856
0.01005	5.19792
0.01010	8.56128
0.01015	4.73928
0.01020	5.58012
0.01025	6.19164
0.01030	4.89216
0.01035	8.94348
0.01040	7.49112
0.01045	3.05760
0.01050	7.18536
0.01055	5.80944
0.01060	9.09636
0.01065	3.66912
0.01070	7.26180
0.01075	6.95604
0.01080	5.65656
0.01085	6.42096
0.01090	4.58640
0.01095	6.19164
0.01100	5.19792
0.01105	3.97488
0.01110	4.43352
0.01115	5.12148
0.01120	6.26808
0.01125	5.19792
0.01130	5.73300
0.01135	7.94976
0.01140	5.73300
0.01145	3.89844
0.01150	3.82200
0.01155	11.00736
0.01160	4.73928
0.01165	6.34452
0.01170	6.87960
0.01175	7.56756
0.01180	8.10264
0.01185	6.95604
0.01190	6.34452
0.01195	5.73300
0.01200	6.72672
0.01205	6.49740
0.01210	4.73928
0.01215	7.94976
0.01220	5.96232
0.01225	4.73928
0.01230	5.65656
0.01235	4.58640
0.01240	2.98116
0.01245	3.59268
0.01250	7.03248
0.01255	4.43352
0.01260	3.82200
0.01265	5.88588
0.01270	6.95604
0.01275	5.19792
0.01280	5.50368
0.01285	1.83456
0.01290	3.74556
0.01295	4.20420
0.01300	4.66284
0.01305	3.21048
0.01310	6.87960
0.01315	4.35708
0.01320	3.51624
0.01325	7.49112
0.01330	7.56756
0.01335	3.05760
0.01340	6.65028
0.01345	6.49740
0.01350	3.66912
0.01355	3.97488
0.01360	4.81572
0.01365	4.66284
0.01370	7.18536
0.01375	8.40840
0.01380	4.35708
0.01385	4.43352
0.01390	4.81572
0.01395	4.43352
0.01400	5.65656
0.01405	5.50368
0.01410	6.87960
0.01415	5.12148
0.01420	3.36336
0.01425	6.49740
0.01430	5.42724
0.01435	4.73928
0.01440	5.27436
0.01445	7.41468
0.01450	7.94976
0.01455	4.05132
0.01460	5.35080
0.01465	6.95604
0.01470	2.36964
0.01475	2.82828
0.01480	3.89844
0.01485	5.42724
0.01490	9.01992
0.01495	3.36336
0.01500	4.73928
0.01505	1.60524
0.01510	3.43980
0.01515	4.12776
0.01520	5.96232
0.01525	5.04504
0.01530	5.27436
0.01535	7.33824
0.01540	9.24924
0.01545	5.88588
0.01550	5.19792
0.01555	6.19164
0.01560	4.43352
0.01565	5.58012
0.01570	5.96232
0.01575	3.51624
0.01580	7.94976
0.01585	6.72672
0.01590	3.59268
0.01595	3.97488
0.01600	3.82200
0.01605	5.12148
0.01610	10.24296
0.01615	5.80944
0.01620	6.65028
0.01625	3.13404
0.01630	2.21676
0.01635	6.03876
0.01640	4.20420
0.01645	3.82200
0.01650	5.80944
0.01655	5.80944
0.01660	2.52252
0.01665	2.67540
0.01670	7.41468
0.01675	3.66912
0.01680	2.75184
0.01685	3.89844
0.01690	3.89844
0.01695	3.59268
0.01700	1.75812
0.01705	4.28064
0.01710	3.51624
0.01715	5.35080
0.01720	3.43980
0.01725	3.89844
0.01730	4.43352
0.01735	3.66912
0.01740	4.43352
0.01745	5.50368
0.01750	2.44608
0.01755	4.35708
0.01760	4.20420
0.01765	5.65656
0.01770	5.27436
0.01775	4.89216
0.01780	3.66912
0.01785	5.58012
0.01790	5.12148
0.01795	3.89844
0.01800	5.19792
0.01805	2.67540
0.01810	5.50368
0.01815	3.59268
0.01820	4.28064
0.01825	3.82200
0.01830	5.96232
0.01835	4.05132
0.01840	2.21676
0.01845	8.33196
0.01850	3.82200
0.01855	6.34452
0.01860	3.89844
0.01865	4.12776
0.01870	6.11520
0.01875	6.03876
0.01880	4.66284
0.01885	5.04504
0.01890	5.50368
0.01895	5.96232
0.01900	6.42096
0.01905	4.05132
0.01910	3.51624
0.01915	5.96232
0.01920	4.20420
0.01925	6.42096
0.01930	3.97488
0.01935	2.67540
0.01940	2.67540
0.01945	1.98744
0.01950	5.04504
0.01955	4.43352
0.01960	5.19792
0.01965	3.59268
0.01970	2.36964
0.01975	4.50996
0.01980	3.82200
0.01985	5.04504
0.01990	7.18536
0.01995	2.59896
0.02000	4.28064
0.02005	4.89216
0.02010	6.65028
0.02015	3.59268
0.02020	2.44608
0.02025	3.43980
0.02030	2.44608
0.02035	5.12148
0.02040	4.43352
0.02045	2.82828
0.02050	5.27436
0.02055	3.28692
0.02060	6.03876
0.02065	4.73928
0.02070	6.72672
0.02075	6.03876
0.02080	7.49112
0.02085	1.29948
0.02090	4.81572
0.02095	5.12148
0.02100	3.43980
0.02105	5.19792
0.02110	2.98116
0.02115	3.97488
0.02120	4.89216
0.02125	3.05760
0.02130	5.58012
0.02135	4.35708
0.02140	4.58640
0.02145	5.35080
0.02150	6.19164
0.02155	3.51624
0.02160	3.51624
0.02165	3.21048
0.02170	4.58640
0.02175	2.90472
0.02180	1.98744
0.02185	4.35708
0.02190	3.82200
0.02195	3.13404
0.02200	1.52880
0.02205	4.28064
0.02210	7.18536
0.02215	4.66284
0.02220	3.21048
0.02225	7.03248
0.02230	4.28064
0.02235	6.42096
0.02240	4.73928
0.02245	7.49112
0.02250	4.73928
0.02255	3.66912
0.02260	3.13404
0.02265	3.43980
0.02270	6.19164
0.02275	3.13404
0.02280	6.26808
0.02285	1.52880
0.02290	7.56756
0.02295	3.43980
0.02300	3.97488
0.02305	6.65028
0.02310	3.59268
0.02315	5.58012
0.02320	4.20420
0.02325	2.36964
0.02330	4.73928
0.02335	2.29320
0.02340	3.43980
0.02345	5.04504
0.02350	3.59268
0.02355	4.81572
0.02360	5.50368
0.02365	2.06388
0.02370	4.28064
0.02375	5.73300
0.02380	3.21048
0.02385	4.35708
0.02390	2.06388
0.02395	3.13404
0.02400	7.79688
0.02405	3.51624
0.02410	1.98744
0.02415	2.67540
0.02420	5.35080
0.02425	3.82200
0.02430	3.59268
0.02435	3.97488
0.02440	2.52252
0.02445	4.73928
0.02450	4.66284
0.02455	5.19792
0.02460	2.21676
0.02465	3.51624
0.02470	3.13404
0.02475	3.43980
0.02480	3.13404
0.02485	4.89216
0.02490	3.74556
0.02495	2.98116
0.02500	2.90472
0.02505	2.82828
0.02510	4.73928
0.02515	3.43980
0.02520	2.06388
0.02525	2.90472
0.02530	1.98744
0.02535	4.96860
0.02540	1.98744
0.02545	5.50368
0.02550	6.34452
0.02555	2.98116
0.02560	3.97488
0.02565	4.50996
0.02570	6.34452
0.02575	1.91100
0.02580	3.13404
0.02585	3.43980
0.02590	2.67540
0.02595	3.13404
0.02600	2.29320
0.02605	5.88588
0.02610	4.89216
0.02615	5.65656
0.02620	4.73928
0.02625	2.82828
0.02630	2.75184
0.02635	3.28692
0.02640	4.89216
0.02645	2.44608
0.02650	3.66912
0.02655	3.66912
0.02660	1.91100
0.02665	5.42724
0.02670	2.36964
0.02675	1.45236
0.02680	4.35708
0.02685	3.89844
0.02690	4.96860
0.02695	5.19792
0.02700	2.90472
0.02705	3.51624
0.02710	1.83456
0.02715	1.83456
0.02720	5.12148
0.02725	2.52252
0.02730	3.89844
0.02735	4.50996
0.02740	3.74556
0.02745	3.21048
0.02750	2.36964
0.02755	4.35708
0.02760	4.35708
0.02765	4.20420
0.02770	1.98744
0.02775	2.67540
0.02780	5.12148
0.02785	1.60524
0.02790	2.36964
0.02795	1.91100
0.02800	2.36964
0.02805	3.74556
0.02810	2.52252
0.02815	1.91100
0.02820	1.60524
0.02825	2.29320
0.02830	2.98116
0.02835	3.36336
0.02840	2.52252
0.02845	2.06388
0.02850	1.91100
0.02855	3.97488
0.02860	3.89844
0.02865	2.67540
0.02870	3.21048
0.02875	2.52252
0.02880	1.07016
0.02885	4.96860
0.02890	3.36336
0.02895	5.12148
0.02900	2.75184
0.02905	4.96860
0.02910	3.43980
0.02915	5.12148
0.02920	5.04504
0.02925	4.66284
0.02930	3.05760
0.02935	1.83456
0.02940	3.74556
0.02945	4.58640
0.02950	4.50996
0.02955	2.82828
0.02960	1.75812
0.02965	1.14660
0.02970	1.83456
0.02975	4.73928
0.02980	3.13404
0.02985	2.44608
0.02990	5.12148
0.02995	6.80316
0.03000	6.34452
0.03005	1.83456
0.03010	2.44608
0.03015	6.19164
0.03020	5.19792
0.03025	3.13404
0.03030	3.74556
0.03035	2.29320
0.03040	2.75184
0.03045	4.81572
0.03050	2.36964
0.03055	3.21048
0.03060	5.73300
0.03065	3.36336
0.03070	4.05132
0.03075	3.28692
0.03080	2.06388
0.03085	2.06388
0.03090	3.05760
0.03095	2.52252
0.03100	5.42724
0.03105	4.28064
0.03110	3.21048
0.03115	5.73300
0.03120	3.05760
0.03125	2.90472
0.03130	2.90472
0.03135	3.59268
0.03140	1.91100
0.03145	3.51624
0.03150	1.68168
0.03155	3.05760
0.03160	2.52252
0.03165	2.52252
0.03170	3.74556
0.03175	6.42096
0.03180	1.98744
0.03185	1.91100
0.03190	1.07016
0.03195	1.68168
0.03200	3.43980
0.03205	4.43352
0.03210	4.12776
0.03215	4.89216
0.03220	1.68168
0.03225	4.73928
0.03230	3.13404
0.03235	3.97488
0.03240	4.43352
0.03245	3.28692
0.03250	3.21048
0.03255	5.80944
0.03260	3.05760
0.03265	2.98116
0.03270	4.20420
0.03275	3.28692
0.03280	3.74556
0.03285	4.58640
0.03290	3.82200
0.03295	5.12148
0.03300	3.13404
0.03305	2.75184
0.03310	2.06388
0.03315	3.13404
0.03320	1.29948
0.03325	4.20420
0.03330	2.98116
0.03335	3.59268
0.03340	3.13404
0.03345	1.60524
0.03350	2.75184
0.03355	5.12148
0.03360	4.96860
0.03365	4.05132
0.03370	3.13404
0.03375	4.50996
0.03380	1.98744
0.03385	3.74556
0.03390	3.51624
0.03395	4.66284
0.03400	1.91100
0.03405	1.83456
0.03410	3.13404
0.03415	3.05760
0.03420	3.66912
0.03425	3.28692
0.03430	2.52252
0.03435	3.82200
0.03440	2.36964
0.03445	2.36964
0.03450	3.43980
0.03455	3.05760
0.03460	4.12776
0.03465	2.36964
0.03470	3.82200
0.03475	3.82200
0.03480	2.59896
0.03485	3.51624
0.03490	2.75184
0.03495	4.12776
0.03500	3.51624
0.03505	2.67540
0.03510	4.43352
0.03515	1.91100
0.03520	5.04504
0.03525	3.59268
0.03530	2.36964
0.03535	1.83456
0.03540	2.67540
0.03545	5.88588
0.03550	4.89216
0.03555	2.21676
0.03560	5.80944
0.03565	3.89844
0.03570	4.43352
0.03575	2.98116
0.03580	3.51624
0.03585	3.21048
0.03590	3.89844
0.03595	3.59268
0.03600	3.66912
0.03605	0.91728
0.03610	4.50996
0.03615	2.14032
0.03620	5.73300
0.03625	2.44608
0.03630	3.36336
0.03635	2.90472
0.03640	2.52252
0.03645	1.22304
0.03650	3.43980
0.03655	3.51624
0.03660	2.52252
0.03665	3.82200
0.03670	3.28692
0.03675	2.21676
0.03680	7.33824
0.03685	3.51624
0.03690	4.58640
0.03695	3.05760
0.03700	1.98744
0.03705	2.52252
0.03710	5.27436
0.03715	4.50996
0.03720	7.72044
0.03725	2.82828
0.03730	2.29320
0.03735	2.29320
0.03740	2.75184
0.03745	3.36336
0.03750	2.44608
0.03755	2.29320
0.03760	3.05760
0.03765	2.36964
0.03770	5.12148
0.03775	1.37592
0.03780	2.44608
0.03785	3.13404
0.03790	1.68168
0.03795	3.05760
0.03800	2.59896
0.03805	3.51624
0.03810	1.60524
0.03815	3.82200
0.03820	2.59896
0.03825	5.19792
0.03830	3.82200
0.03835	4.28064
0.03840	3.74556
0.03845	2.90472
0.03850	5.73300
0.03855	4.43352
0.03860	5.50368
0.03865	2.14032
0.03870	5.58012
0.03875	3.28692
0.03880	1.52880
0.03885	5.12148
0.03890	3.82200
0.03895	3.59268
0.03900	1.45236
0.03905	3.43980
0.03910	3.82200
0.03915	3.82200
0.03920	3.51624
0.03925	4.66284
0.03930	2.06388
0.03935	2.67540
0.03940	3.74556
0.03945	3.43980
0.03950	3.21048
0.03955	2.67540
0.03960	2.52252
0.03965	3.28692
0.03970	6.65028
0.03975	2.52252
0.03980	2.98116
0.03985	2.21676
0.03990	1.52880
0.03995	2.06388
0.04000	4.89216
0.04005	3.74556
0.04010	2.44608
0.04015	5.04504
0.04020	3.51624
0.04025	4.73928
0.04030	5.80944
0.04035	2.36964
0.04040	3.21048
0.04045	4.66284
0.04050	4.96860
0.04055	2.59896
0.04060	3.05760
0.04065	1.37592
0.04070	1.98744
0.04075	3.89844
0.04080	3.51624
0.04085	2.21676
0.04090	3.36336
0.04095	5.80944
0.04100	1.83456
0.04105	1.60524
0.04110	3.59268
0.04115	1.83456
0.04120	1.22304
0.04125	2.59896
0.04130	6.03876
0.04135	2.21676
0.04140	3.51624
0.04145	1.83456
0.04150	1.91100
0.04155	2.14032
0.04160	3.05760
0.04165	2.36964
0.04170	1.98744
0.04175	1.37592
0.04180	2.21676
0.04185	2.14032
0.04190	4.81572
0.04195	3.66912
0.04200	1.14660
0.04205	2.98116
0.04210	3.13404
0.04215	2.21676
0.04220	1.37592
0.04225	3.89844
0.04230	2.90472
0.04235	4.43352
0.04240	3.51624
0.04245	2.98116
0.04250	2.59896
0.04255	2.14032
0.04260	1.45236
0.04265	2.90472
0.04270	2.59896
0.04275	3.66912
0.04280	2.67540
0.04285	3.59268
0.04290	3.51624
0.04295	3.28692
0.04300	2.98116
0.04305	3.89844
0.04310	3.43980
0.04315	3.89844
0.04320	2.98116
0.04325	4.96860
0.04330	1.07016
0.04335	2.82828
0.04340	2.98116
0.04345	2.06388
0.04350	2.21676
0.04355	1.45236
0.04360	2.75184
0.04365	2.21676
0.04370	2.67540
0.04375	2.82828
0.04380	2.67540
0.04385	6.03876
0.04390	5.04504
0.04395	2.90472
0.04400	3.21048
0.04405	2.29320
0.04410	3.66912
0.04415	4.73928
0.04420	4.50996
0.04425	2.21676
0.04430	3.74556
0.04435	1.75812
0.04440	3.05760
0.04445	2.44608
0.04450	2.29320
0.04455	2.14032
0.04460	3.43980
0.04465	1.68168
0.04470	2.14032
0.04475	2.52252
0.04480	2.44608
0.04485	1.68168
0.04490	2.06388
0.04495	4.50996
0.04500	1.60524
0.04505	1.22304
0.04510	2.21676
0.04515	3.74556
0.04520	3.82200
0.04525	4.50996
0.04530	4.05132
0.04535	2.44608
0.04540	1.52880
0.04545	1.83456
0.04550	1.22304
0.04555	2.06388
0.04560	2.06388
0.04565	2.52252
0.04570	3.82200
0.04575	0.91728
0.04580	3.13404
0.04585	3.74556
0.04590	3.28692
0.04595	1.75812
0.04600	3.82200
0.04605	3.51624
0.04610	4.12776
0.04615	3.13404
0.04620	3.13404
0.04625	2.44608
0.04630	1.37592
0.04635	1.52880
0.04640	1.07016
0.04645	1.52880
0.04650	1.91100
0.04655	1.29948
0.04660	2.98116
0.04665	2.75184
0.04670	2.21676
0.04675	2.75184
0.04680	2.14032
0.04685	0.99372
0.04690	2.67540
0.04695	3.82200
0.04700	1.75812
0.04705	2.36964
0.04710	0.84084
0.04715	1.29948
0.04720	2.82828
0.04725	3.43980
0.04730	3.36336
0.04735	1.45236
0.04740	4.43352
0.04745	5.50368
0.04750	2.67540
0.04755	2.29320
0.04760	4.20420
0.04765	3.13404
0.04770	2.82828
0.04775	2.52252
0.04780	2.06388
0.04785	3.05760
0.04790	3.36336
0.04795	2.14032
0.04800	2.06388
0.04805	1.52880
0.04810	1.37592
0.04815	3.89844
0.04820	3.59268
0.04825	3.66912
0.04830	2.59896
0.04835	4.20420
0.04840	3.36336
0.04845	2.75184
0.04850	2.98116
0.04855	2.90472
0.04860	2.67540
0.04865	2.90472
0.04870	4.50996
0.04875	4.28064
0.04880	4.89216
0.04885	1.68168
0.04890	1.98744
0.04895	3.51624
0.04900	2.67540
0.04905	2.82828
0.04910	1.91100
0.04915	1.83456
0.04920	1.98744
0.04925	1.60524
0.04930	3.21048
0.04935	1.52880
0.04940	2.21676
0.04945	6.19164
0.04950	1.83456
0.04955	2.52252
0.04960	2.36964
0.04965	4.05132
0.04970	3.28692
0.04975	3.51624
0.04980	3.82200
0.04985	2.59896
0.04990	2.67540
0.04995	2.44608
0.05000	3.05760
0.05005	3.74556
0.05010	1.29948
0.05015	1.91100
0.05020	1.83456
0.05025	1.52880
0.05030	5.27436
0.05035	1.91100
0.05040	4.20420
0.05045	1.98744
0.05050	4.66284
0.05055	3.21048
0.05060	2.67540
0.05065	2.21676
0.05070	3.21048
0.05075	3.13404
0.05080	2.14032
0.05085	2.44608
0.05090	2.98116
0.05095	3.28692
0.05100	4.73928
0.05105	2.90472
0.05110	3.74556
0.05115	4.66284
0.05120	2.29320
0.05125	1.45236
0.05130	1.22304
0.05135	2.75184
0.05140	2.59896
0.05145	3.66912
0.05150	2.06388
0.05155	4.05132
0.05160	3.82200
0.05165	4.58640
0.05170	3.66912
0.05175	1.52880
0.05180	3.82200
0.05185	3.13404
0.05190	2.98116
0.05195	2.44608
0.05200	3.74556
0.05205	3.28692
0.05210	2.67540
0.05215	2.75184
0.05220	1.45236
0.05225	2.06388
0.05230	3.59268
0.05235	2.90472
0.05240	3.28692
0.05245	2.14032
0.05250	2.52252
0.05255	1.29948
0.05260	3.66912
0.05265	2.98116
0.05270	1.52880
0.05275	2.75184
0.05280	1.07016
0.05285	1.68168
0.05290	1.14660
0.05295	3.66912
0.05300	3.66912
0.05305	2.59896
0.05310	2.90472
0.05315	0.99372
0.05320	0.84084
0.05325	3.13404
0.05330	3.13404
0.05335	2.44608
0.05340	4.43352
0.05345	3.43980
0.05350	4.35708
0.05355	3.66912
0.05360	2.67540
0.05365	3.43980
0.05370	4.28064
0.05375	2.90472
0.05380	0.76440
0.05385	2.06388
0.05390	2.98116
0.05395	0.91728
0.05400	1.60524
0.05405	2.06388
0.05410	3.21048
0.05415	2.52252
0.05420	3.89844
0.05425	1.52880
0.05430	1.83456
0.05435	4.89216
0.05440	3.21048
0.05445	3.66912
0.05450	1.52880
0.05455	0.91728
0.05460	0.68796
0.05465	3.36336
0.05470	3.51624
0.05475	2.75184
0.05480	2.36964
0.05485	2.90472
0.05490	3.28692
0.05495	3.21048
0.05500	3.43980
0.05505	1.98744
0.05510	1.68168
0.05515	2.21676
0.05520	2.29320
0.05525	1.37592
0.05530	4.50996
0.05535	1.75812
0.05540	1.14660
0.05545	0.53508
0.05550	1.29948
0.05555	2.36964
0.05560	3.59268
0.05565	1.98744
0.05570	2.21676
0.05575	1.83456
0.05580	1.98744
0.05585	1.75812
0.05590	2.36964
0.05595	2.44608
0.05600	2.75184
0.05605	3.05760
0.05610	2.75184
0.05615	2.06388
0.05620	2.59896
0.05625	1.98744
0.05630	3.28692
0.05635	2.21676
0.05640	5.88588
0.05645	2.29320
0.05650	2.14032
0.05655	3.66912
0.05660	2.36964
0.05665	1.29948
0.05670	2.90472
0.05675	1.45236
0.05680	2.75184
0.05685	1.14660
0.05690	2.21676
0.05695	1.60524
0.05700	3.21048
0.05705	1.83456
0.05710	2.67540
0.05715	2.82828
0.05720	1.52880
0.05725	0.91728
0.05730	1.07016
0.05735	1.98744
0.05740	6.03876
0.05745	3.89844
0.05750	1.29948
0.05755	5.04504
0.05760	2.06388
0.05765	2.36964
0.05770	2.44608
0.05775	1.98744
0.05780	1.91100
0.05785	0.99372
0.05790	2.98116
0.05795	2.36964
0.05800	3.28692
0.05805	2.44608
0.05810	1.45236
0.05815	1.52880
0.05820	2.59896
0.05825	2.82828
0.05830	4.12776
0.05835	1.91100
0.05840	1.37592
0.05845	2.75184
0.05850	2.75184
0.05855	2.98116
0.05860	3.05760
0.05865	1.98744
0.05870	3.89844
0.05875	3.74556
0.05880	1.68168
0.05885	2.98116
0.05890	1.60524
0.05895	2.90472
0.05900	2.98116
0.05905	2.90472
0.05910	2.52252
0.05915	1.91100
0.05920	1.68168
0.05925	2.59896
0.05930	2.44608
0.05935	1.83456
0.05940	0.68796
0.05945	0.99372
0.05950	2.36964
0.05955	1.52880
0.05960	2.14032
0.05965	1.60524
0.05970	3.13404
0.05975	3.66912
0.05980	1.29948
0.05985	1.83456
0.05990	4.66284
0.05995	3.82200
0.06000	3.51624
0.06005	1.45236
0.06010	3.28692
0.06015	2.36964
0.06020	3.82200
0.06025	1.60524
0.06030	2.29320
0.06035	4.50996
0.06040	3.36336
0.06045	2.59896
0.06050	3.82200
0.06055	2.21676
0.06060	1.22304
0.06065	2.59896
0.06070	4.35708
0.06075	2.90472
0.06080	2.75184
0.06085	2.98116
0.06090	2.98116
0.06095	2.14032
0.06100	0.76440
0.06105	1.60524
0.06110	2.67540
0.06115	0.76440
0.06120	1.91100
0.06125	2.52252
0.06130	0.76440
0.06135	0.61152
0.06140	3.36336
0.06145	1.75812
0.06150	2.36964
0.06155	4.58640
0.06160	3.51624
0.06165	3.82200
0.06170	3.74556
0.06175	1.75812
0.06180	1.83456
0.06185	3.89844
0.06190	5.04504
0.06195	1.07016
0.06200	1.98744
0.06205	3.51624
0.06210	1.22304
0.06215	2.21676
0.06220	1.75812
0.06225	3.74556
0.06230	2.59896
0.06235	2.44608
0.06240	2.98116
0.06245	2.36964
0.06250	2.29320
0.06255	2.52252
0.06260	1.83456
0.06265	3.51624
0.06270	3.05760
0.06275	1.75812
0.06280	1.22304
0.06285	3.74556
0.06290	5.04504
0.06295	1.83456
0.06300	2.75184
0.06305	3.59268
0.06310	1.45236
0.06315	2.98116
0.06320	1.22304
0.06325	1.22304
0.06330	4.05132
0.06335	1.75812
0.06340	3.13404
0.06345	1.98744
0.06350	5.73300
0.06355	1.75812
0.06360	4.50996
0.06365	0.45864
0.06370	4.28064
0.06375	4.81572
0.06380	1.22304
0.06385	1.45236
0.06390	3.05760
0.06395	3.51624
0.06400	1.60524
0.06405	1.91100
0.06410	2.14032
0.06415	2.90472
0.06420	4.50996
0.06425	1.91100
0.06430	3.43980
0.06435	1.60524
0.06440	2.29320
0.06445	0.68796
0.06450	2.14032
0.06455	3.36336
0.06460	2.98116
0.06465	0.99372
0.06470	2.36964
0.06475	3.13404
0.06480	3.51624
0.06485	2.75184
0.06490	1.29948
0.06495	2.21676
0.06500	3.66912
0.06505	4.73928
0.06510	3.13404
0.06515	2.67540
0.06520	1.45236
0.06525	1.29948
0.06530	3.36336
0.06535	1.98744
0.06540	2.14032
0.06545	3.66912
0.06550	3.89844
0.06555	1.29948
0.06560	1.60524
0.06565	2.21676
0.06570	2.98116
0.06575	2.90472
0.06580	1.91100
0.06585	4.81572
0.06590	3.05760
0.06595	2.06388
0.06600	4.43352
0.06605	1.45236
0.06610	3.82200
0.06615	2.52252
0.06620	1.98744
0.06625	2.29320
0.06630	4.43352
0.06635	2.82828
0.06640	1.52880
0.06645	1.45236
0.06650	3.05760
0.06655	2.75184
0.06660	2.52252
0.06665	4.81572
0.06670	4.05132
0.06675	0.91728
0.06680	2.14032
0.06685	0.76440
0.06690	1.98744
0.06695	2.75184
0.06700	2.14032
0.06705	1.68168
0.06710	2.67540
0.06715	3.89844
0.06720	5.27436
0.06725	4.28064
0.06730	2.82828
0.06735	2.67540
0.06740	3.05760
0.06745	3.43980
0.06750	4.89216
0.06755	3.59268
0.06760	1.91100
0.06765	2.44608
0.06770	1.83456
0.06775	3.28692
0.06780	3.66912
0.06785	4.12776
0.06790	2.52252
0.06795	6.57384
0.06800	2.59896
0.06805	3.28692
0.06810	4.05132
0.06815	4.66284
0.06820	2.67540
0.06825	4.96860
0.06830	2.82828
0.06835	5.04504
0.06840	2.59896
0.06845	4.05132
0.06850	1.07016
0.06855	3.66912
0.06860	0.99372
0.06865	1.98744
0.06870	1.91100
0.06875	3.28692
0.06880	4.73928
0.06885	1.91100
0.06890	0.76440
0.06895	3.28692
0.06900	2.14032
0.06905	1.91100
0.06910	1.83456
0.06915	1.52880
0.06920	4.58640
0.06925	1.75812
0.06930	1.83456
0.06935	2.06388
0.06940	3.97488
0.06945	1.22304
0.06950	3.21048
0.06955	2.21676
0.06960	3.74556
0.06965	2.29320
0.06970	2.67540
0.06975	2.75184
0.06980	1.45236
0.06985	1.45236
0.06990	4.12776
0.06995	2.44608
0.07000	2.67540
0.07005	2.90472
0.07010	2.14032
0.07015	3.97488
0.07020	2.14032
0.07025	3.43980
0.07030	2.75184
0.07035	2.14032
0.07040	1.52880
0.07045	2.75184
0.07050	3.51624
0.07055	2.21676
0.07060	2.36964
0.07065	4.81572
0.07070	5.04504
0.07075	2.44608
0.07080	5.65656
0.07085	3.13404
0.07090	2.06388
0.07095	2.82828
0.07100	1.52880
0.07105	3.51624
0.07110	1.91100
0.07115	0.68796
0.07120	1.29948
0.07125	2.75184
0.07130	3.13404
0.07135	3.28692
0.07140	5.04504
0.07145	2.06388
0.07150	1.60524
0.07155	2.59896
0.07160	2.98116
0.07165	2.36964
0.07170	3.13404
0.07175	2.36964
0.07180	0.91728
0.07185	2.36964
0.07190	1.60524
0.07195	2.82828
0.07200	2.90472
0.07205	3.59268
0.07210	0.99372
0.07215	4.81572
0.07220	2.44608
0.07225	1.75812
0.07230	3.82200
0.07235	1.75812
0.07240	2.67540
0.07245	3.66912
0.07250	0.91728
0.07255	2.29320
0.07260	1.37592
0.07265	0.76440
0.07270	1.14660
0.07275	2.59896
0.07280	1.91100
0.07285	2.75184
0.07290	3.13404
0.07295	1.22304
0.07300	3.74556
0.07305	1.98744
0.07310	4.50996
0.07315	4.28064
0.07320	4.12776
0.07325	2.82828
0.07330	2.59896
0.07335	3.97488
0.07340	2.67540
0.07345	1.22304
0.07350	1.83456
0.07355	1.75812
0.07360	1.68168
0.07365	1.14660
0.07370	2.59896
0.07375	2.14032
0.07380	3.21048
0.07385	4.12776
0.07390	2.52252
0.07395	0.91728
0.07400	2.29320
0.07405	3.05760
0.07410	2.59896
0.07415	1.83456
0.07420	1.68168
0.07425	1.83456
0.07430	2.21676
0.07435	1.83456
0.07440	1.45236
0.07445	2.29320
0.07450	1.60524
0.07455	1.68168
0.07460	3.13404
0.07465	3.28692
0.07470	2.98116
0.07475	1.22304
0.07480	2.75184
0.07485	2.29320
0.07490	2.75184
0.07495	1.98744
0.07500	3.13404
0.07505	1.29948
0.07510	2.14032
0.07515	1.22304
0.07520	2.75184
0.07525	2.06388
0.07530	2.14032
0.07535	0.84084
0.07540	1.14660
0.07545	2.52252
0.07550	1.75812
0.07555	3.05760
0.07560	2.21676
0.07565	2.90472
0.07570	2.36964
0.07575	2.98116
0.07580	1.60524
0.07585	1.83456
0.07590	3.05760
0.07595	2.36964
0.07600	2.59896
0.07605	1.91100
0.07610	3.59268
0.07615	2.21676
0.07620	1.75812
0.07625	2.21676
0.07630	1.22304
0.07635	0.68796
0.07640	2.14032
0.07645	2.21676
0.07650	0.91728
0.07655	1.37592
0.07660	4.05132
0.07665	1.91100
0.07670	1.98744
0.07675	1.45236
0.07680	2.14032
0.07685	1.14660
0.07690	3.36336
0.07695	1.83456
0.07700	0.45864
0.07705	1.22304
0.07710	2.52252
0.07715	2.29320
0.07720	2.44608
0.07725	1.75812
0.07730	4.20420
0.07735	2.14032
0.07740	0.91728
0.07745	1.75812
0.07750	0.53508
0.07755	2.44608
0.07760	2.52252
0.07765	1.22304
0.07770	0.76440
0.07775	1.29948
0.07780	2.67540
0.07785	0.38220
0.07790	2.52252
0.07795	1.52880
0.07800	3.66912
0.07805	1.60524
0.07810	1.98744
0.07815	1.14660
0.07820	3.59268
0.07825	1.75812
0.07830	3.13404
0.07835	3.36336
0.07840	1.60524
0.07845	2.98116
0.07850	0.99372
0.07855	3.05760
0.07860	3.05760
0.07865	5.27436
0.07870	2.67540
0.07875	1.52880
0.07880	3.66912
0.07885	3.66912
0.07890	2.36964
0.07895	1.91100
0.07900	2.29320
0.07905	1.98744
0.07910	3.59268
0.07915	1.29948
0.07920	3.36336
0.07925	3.82200
0.07930	1.14660
0.07935	2.75184
0.07940	1.22304
0.07945	2.75184
0.07950	2.98116
0.07955	3.43980
0.07960	3.21048
0.07965	2.52252
0.07970	1.37592
0.07975	2.44608
0.07980	3.36336
0.07985	2.59896
0.07990	5.80944
0.07995	2.44608
0.08000	2.29320
0.08005	3.05760
0.08010	2.36964
0.08015	2.44608
0.08020	0.61152
0.08025	2.75184
0.08030	0.76440
0.08035	3.13404
0.08040	3.36336
0.08045	2.75184
0.08050	0.76440
0.08055	5.73300
0.08060	3.59268
0.08065	3.74556
0.08070	3.51624
0.08075	3.51624
0.08080	1.60524
0.08085	1.07016
0.08090	2.90472
0.08095	1.52880
0.08100	1.60524
0.08105	3.21048
0.08110	4.12776
0.08115	2.14032
0.08120	2.29320
0.08125	2.82828
0.08130	3.82200
0.08135	3.21048
0.08140	0.76440
0.08145	2.98116
0.08150	0.61152
0.08155	2.06388
0.08160	2.59896
0.08165	2.98116
0.08170	2.21676
0.08175	1.14660
0.08180	3.13404
0.08185	1.75812
0.08190	3.59268
0.08195	1.52880
0.08200	1.52880
0.08205	3.97488
0.08210	2.82828
0.08215	3.21048
0.08220	1.07016
0.08225	1.91100
0.08230	1.91100
0.08235	2.75184
0.08240	3.13404
0.08245	1.45236
0.08250	2.44608
0.08255	1.83456
0.08260	1.22304
0.08265	2.29320
0.08270	0.91728
0.08275	1.68168
0.08280	1.37592
0.08285	2.36964
0.08290	3.51624
0.08295	1.07016
0.08300	1.37592
0.08305	2.14032
0.08310	2.06388
0.08315	1.45236
0.08320	2.67540
0.08325	4.20420
0.08330	1.91100
0.08335	1.22304
0.08340	3.21048
0.08345	1.68168
0.08350	0.76440
0.08355	3.51624
0.08360	2.29320
0.08365	3.28692
0.08370	1.07016
0.08375	2.36964
0.08380	3.28692
0.08385	0.76440
0.08390	1.60524
0.08395	2.59896
0.08400	2.67540
0.08405	3.13404
0.08410	2.67540
0.08415	3.66912
0.08420	0.99372
0.08425	1.83456
0.08430	1.22304
0.08435	1.75812
0.08440	1.91100
0.08445	2.21676
0.08450	1.75812
0.08455	1.98744
0.08460	0.53508
0.08465	1.45236
0.08470	2.36964
0.08475	0.76440
0.08480	0.53508
0.08485	1.22304
0.08490	3.36336
0.08495	2.21676
0.08500	3.21048
0.08505	1.60524
0.08510	2.36964
0.08515	1.45236
0.08520	2.36964
0.08525	2.21676
0.08530	3.97488
0.08535	3.51624
0.08540	3.89844
0.08545	3.13404
0.08550	3.43980
0.08555	4.12776
0.08560	1.75812
0.08565	2.52252
0.08570	2.06388
0.08575	1.37592
0.08580	2.06388
0.08585	5.50368
0.08590	2.29320
0.08595	2.36964
0.08600	1.07016
0.08605	2.06388
0.08610	4.20420
0.08615	1.83456
0.08620	1.83456
0.08625	2.52252
0.08630	0.91728
0.08635	2.44608
0.08640	3.74556
0.08645	2.52252
0.08650	1.45236
0.08655	3.28692
0.08660	2.98116
0.08665	1.98744
0.08670	0.76440
0.08675	1.91100
0.08680	2.59896
0.08685	1.83456
0.08690	3.13404
0.08695	1.91100
0.08700	1.52880
0.08705	2.21676
0.08710	1.91100
0.08715	2.59896
0.08720	2.75184
0.08725	3.66912
0.08730	1.91100
0.08735	1.98744
0.08740	3.05760
0.08745	1.22304
0.08750	2.14032
0.08755	1.14660
0.08760	1.45236
0.08765	2.52252
0.08770	2.06388
0.08775	1.29948
0.08780	2.75184
0.08785	1.60524
0.08790	0.76440
0.08795	2.14032
0.08800	2.90472
0.08805	3.36336
0.08810	2.29320
0.08815	3.13404
0.08820	1.60524
0.08825	2.98116
0.08830	2.67540
0.08835	1.07016
0.08840	2.52252
0.08845	1.29948
0.08850	2.36964
0.08855	3.59268
0.08860	1.52880
0.08865	1.29948
0.08870	2.52252
0.08875	1.29948
0.08880	1.60524
0.08885	1.91100
0.08890	2.36964
0.08895	5.35080
0.08900	3.28692
0.08905	2.44608
0.08910	2.44608
0.08915	3.28692
0.08920	3.13404
0.08925	3.97488
0.08930	2.98116
0.08935	3.43980
0.08940	1.75812
0.08945	2.06388
0.08950	3.05760
0.08955	3.59268
0.08960	2.59896
0.08965	2.59896
0.08970	0.84084
0.08975	3.97488
0.08980	1.75812
0.08985	2.90472
0.08990	2.14032
0.08995	1.75812
0.09000	1.29948
0.09005	1.37592
0.09010	0.22932
0.09015	4.20420
0.09020	1.83456
0.09025	1.91100
0.09030	2.52252
0.09035	1.60524
0.09040	2.44608
0.09045	3.05760
0.09050	1.75812
0.09055	1.83456
0.09060	1.91100
0.09065	1.60524
0.09070	1.37592
0.09075	2.44608
0.09080	0.84084
0.09085	1.98744
0.09090	1.14660
0.09095	1.29948
0.09100	1.83456
0.09105	1.14660
0.09110	1.37592
0.09115	2.90472
0.09120	1.60524
0.09125	1.68168
0.09130	3.13404
0.09135	2.06388
0.09140	3.21048
0.09145	1.83456
0.09150	2.59896
0.09155	3.13404
0.09160	0.84084
0.09165	1.07016
0.09170	0.45864
0.09175	2.59896
0.09180	0.99372
0.09185	2.59896
0.09190	3.13404
0.09195	2.06388
0.09200	1.83456
0.09205	1.68168
0.09210	3.28692
0.09215	1.60524
0.09220	1.60524
0.09225	3.66912
0.09230	1.45236
0.09235	1.37592
0.09240	0.15288
0.09245	2.14032
0.09250	1.07016
0.09255	0.91728
0.09260	6.03876
0.09265	0.84084
0.09270	1.83456
0.09275	1.60524
0.09280	0.91728
0.09285	1.83456
0.09290	1.45236
0.09295	1.07016
0.09300	4.28064
0.09305	2.21676
0.09310	3.66912
0.09315	1.83456
0.09320	0.76440
0.09325	0.68796
0.09330	0.84084
0.09335	1.98744
0.09340	2.21676
0.09345	1.29948
0.09350	1.98744
0.09355	2.06388
0.09360	0.84084
0.09365	3.43980
0.09370	0.53508
0.09375	1.37592
0.09380	1.07016
0.09385	1.14660
0.09390	1.14660
0.09395	1.68168
0.09400	0.68796
0.09405	4.50996
0.09410	2.14032
0.09415	2.98116
0.09420	2.14032
0.09425	1.91100
0.09430	0.99372
0.09435	2.44608
0.09440	3.05760
0.09445	3.13404
0.09450	0.68796
0.09455	2.29320
0.09460	0.45864
0.09465	1.07016
0.09470	1.68168
0.09475	1.98744
0.09480	3.82200
0.09485	1.83456
0.09490	1.68168
0.09495	5.80944
0.09500	2.29320
0.09505	2.21676
0.09510	2.14032
0.09515	1.14660
0.09520	3.05760
0.09525	2.59896
0.09530	2.90472
0.09535	1.60524
0.09540	3.66912
0.09545	1.52880
0.09550	1.52880
0.09555	1.07016
0.09560	1.52880
0.09565	2.06388
0.09570	4.58640
0.09575	3.51624
0.09580	1.83456
0.09585	1.07016
0.09590	2.14032
0.09595	0.99372
0.09600	0.99372
0.09605	6.03876
0.09610	1.14660
0.09615	2.21676
0.09620	1.68168
0.09625	0.99372
0.09630	1.75812
0.09635	2.29320
0.09640	2.21676
0.09645	2.59896
0.09650	1.29948
0.09655	2.36964
0.09660	1.29948
0.09665	0.91728
0.09670	3.82200
0.09675	2.44608
0.09680	2.90472
0.09685	1.52880
0.09690	3.21048
0.09695	2.14032
0.09700	3.74556
0.09705	1.75812
0.09710	1.22304
0.09715	3.82200
0.09720	3.05760
0.09725	3.05760
0.09730	4.35708
0.09735	2.90472
0.09740	3.28692
0.09745	1.22304
0.09750	2.21676
0.09755	1.60524
0.09760	4.20420
0.09765	1.98744
0.09770	0.91728
0.09775	1.60524
0.09780	1.68168
0.09785	2.44608
0.09790	2.98116
0.09795	1.75812
0.09800	1.29948
0.09805	2.21676
0.09810	0.99372
0.09815	1.07016
0.09820	0.84084
0.09825	1.75812
0.09830	2.82828
0.09835	2.90472
0.09840	2.67540
0.09845	1.22304
0.09850	1.45236
0.09855	0.84084
0.09860	1.37592
0.09865	1.98744
0.09870	1.37592
0.09875	1.91100
0.09880	0.99372
0.09885	3.89844
0.09890	1.45236
0.09895	1.60524
0.09900	1.45236
0.09905	2.52252
0.09910	1.52880
0.09915	1.52880
0.09920	1.45236
0.09925	1.91100
0.09930	0.38220
0.09935	2.06388
0.09940	2.82828
0.09945	7.33824
0.09950	0.99372
0.09955	2.21676
0.09960	2.14032
0.09965	2.14032
0.09970	3.13404
0.09975	3.97488
0.09980	2.67540
0.09985	2.29320
0.09990	1.37592
0.09995	1.91100
0.10000	1.68168
0.10005	1.52880
0.10010	3.13404
0.10015	1.60524
0.10020	2.82828
0.10025	0.45864
0.10030	2.59896
0.10035	2.29320
0.10040	2.36964
0.10045	3.28692
0.10050	0.76440
0.10055	3.66912
0.10060	2.75184
0.10065	2.29320
0.10070	1.37592
0.10075	0.68796
0.10080	2.82828
0.10085	1.83456
0.10090	1.83456
0.10095	0.84084
0.10100	4.05132
0.10105	4.20420
0.10110	0.76440
0.10115	0.68796
0.10120	3.89844
0.10125	2.44608
0.10130	1.60524
0.10135	4.28064
0.10140	2.21676
0.10145	2.52252
0.10150	1.37592
0.10155	0.22932
0.10160	0.84084
0.10165	1.83456
0.10170	0.91728
0.10175	3.13404
0.10180	2.44608
0.10185	4.58640
0.10190	1.98744
0.10195	0.99372
0.10200	2.59896
0.10205	4.43352
0.10210	0.61152
0.10215	1.07016
0.10220	2.06388
0.10225	0.76440
0.10230	1.45236
0.10235	1.83456
0.10240	1.37592
0.10245	4.50996
0.10250	1.68168
0.10255	0.84084
0.10260	3.66912
0.10265	1.22304
0.10270	1.83456
0.10275	2.67540
0.10280	1.98744
0.10285	1.75812
0.10290	2.98116
0.10295	1.29948
0.10300	2.06388
0.10305	1.37592
0.10310	1.37592
0.10315	0.91728
0.10320	1.45236
0.10325	1.60524
0.10330	2.36964
0.10335	1.52880
0.10340	1.52880
0.10345	1.75812
0.10350	2.59896
0.10355	2.29320
0.10360	3.05760
0.10365	3.66912
0.10370	2.90472
0.10375	2.75184
0.10380	4.89216
0.10385	0.68796
0.10390	1.37592
0.10395	1.52880
0.10400	2.67540
0.10405	2.36964
0.10410	1.60524
0.10415	1.14660
0.10420	1.60524
0.10425	0.91728
0.10430	1.37592
0.10435	1.14660
0.10440	2.67540
0.10445	2.06388
0.10450	3.51624
0.10455	1.29948
0.10460	1.75812
0.10465	3.36336
0.10470	3.13404
0.10475	0.53508
0.10480	4.12776
0.10485	3.82200
0.10490	1.91100
0.10495	3.28692
0.10500	3.97488
0.10505	0.22932
0.10510	0.76440
0.10515	2.36964
0.10520	1.68168
0.10525	1.14660
0.10530	2.21676
0.10535	1.91100
0.10540	2.14032
0.10545	2.59896
0.10550	2.67540
0.10555	1.68168
0.10560	1.60524
0.10565	1.98744
0.10570	2.52252
0.10575	3.74556
0.10580	2.29320
0.10585	1.45236
0.10590	2.29320
0.10595	1.29948
0.10600	3.36336
0.10605	3.05760
0.10610	1.91100
0.10615	0.99372
0.10620	1.37592
0.10625	1.83456
0.10630	1.22304
0.10635	1.91100
0.10640	1.91100
0.10645	1.07016
0.10650	2.67540
0.10655	3.21048
0.10660	0.76440
0.10665	1.98744
0.10670	0.30576
0.10675	2.36964
0.10680	1.60524
0.10685	2.44608
0.10690	1.83456
0.10695	2.06388
0.10700	1.37592
0.10705	1.52880
0.10710	2.14032
0.10715	2.59896
0.10720	2.14032
0.10725	2.06388
0.10730	1.98744
0.10735	1.83456
0.10740	2.29320
0.10745	1.52880
0.10750	2.36964
0.10755	1.29948
0.10760	0.38220
0.10765	2.82828
0.10770	1.07016
0.10775	0.68796
0.10780	3.82200
0.10785	1.68168
0.10790	1.29948
0.10795	0.99372
0.10800	1.98744
0.10805	2.59896
0.10810	4.35708
0.10815	2.75184
0.10820	1.91100
0.10825	2.14032
0.10830	2.67540
0.10835	2.44608
0.10840	2.59896
0.10845	1.68168
0.10850	1.91100
0.10855	2.52252
0.10860	1.52880
0.10865	4.05132
0.10870	3.05760
0.10875	2.82828
0.10880	1.91100
0.10885	2.21676
0.10890	1.68168
0.10895	1.75812
0.10900	1.75812
0.10905	1.37592
0.10910	3.43980
0.10915	1.45236
0.10920	2.29320
0.10925	1.75812
0.10930	1.98744
0.10935	2.82828
0.10940	1.22304
0.10945	3.97488
0.10950	1.75812
0.10955	1.91100
0.10960	6.80316
0.10965	0.53508
0.10970	2.36964
0.10975	1.75812
0.10980	2.75184
0.10985	2.52252
0.10990	1.14660
0.10995	0.91728
0.11000	1.37592
0.11005	1.07016
0.11010	1.68168
0.11015	1.75812
0.11020	2.36964
0.11025	5.35080
0.11030	2.06388
0.11035	1.45236
0.11040	0.38220
0.11045	1.98744
0.11050	2.29320
0.11055	2.90472
0.11060	1.52880
0.11065	2.90472
0.11070	1.83456
0.11075	1.60524
0.11080	2.59896
0.11085	1.91100
0.11090	3.51624
0.11095	0.15288
0.11100	1.29948
0.11105	2.67540
0.11110	2.21676
0.11115	1.22304
0.11120	1.98744
0.11125	2.36964
0.11130	0.99372
0.11135	1.98744
0.11140	1.29948
0.11145	0.84084
0.11150	2.14032
0.11155	0.68796
0.11160	3.82200
0.11165	1.29948
0.11170	1.98744
0.11175	1.52880
0.11180	2.06388
0.11185	2.14032
0.11190	2.82828
0.11195	3.36336
0.11200	2.21676
0.11205	2.67540
0.11210	3.13404
0.11215	0.99372
0.11220	1.91100
0.11225	1.68168
0.11230	1.60524
0.11235	1.45236
0.11240	1.91100
0.11245	3.36336
0.11250	2.67540
0.11255	1.07016
0.11260	1.14660
0.11265	2.06388
0.11270	1.29948
0.11275	1.52880
0.11280	2.59896
0.11285	1.45236
0.11290	0.30576
0.11295	1.60524
0.11300	3.05760
0.11305	3.51624
0.11310	2.67540
0.11315	1.68168
0.11320	2.14032
0.11325	2.36964
0.11330	2.52252
0.11335	2.52252
0.11340	2.06388
0.11345	2.14032
0.11350	0.91728
0.11355	0.84084
0.11360	1.22304
0.11365	2.36964
0.11370	2.14032
0.11375	1.45236
0.11380	1.29948
0.11385	1.68168
0.11390	2.21676
0.11395	1.60524
0.11400	1.07016
0.11405	1.75812
0.11410	2.98116
0.11415	0.30576
0.11420	2.98116
0.11425	1.45236
0.11430	1.68168
0.11435	3.13404
0.11440	1.22304
0.11445	0.84084
0.11450	2.44608
0.11455	2.82828
0.11460	2.90472
0.11465	2.14032
0.11470	0.99372
0.11475	2.21676
0.11480	2.90472
0.11485	5.19792
0.11490	0.84084
0.11495	2.59896
0.11500	2.75184
0.11505	3.13404
0.11510	2.14032
0.11515	1.83456
0.11520	1.75812
0.11525	0.99372
0.11530	2.36964
0.11535	5.35080
0.11540	4.66284
0.11545	1.45236
0.11550	1.07016
0.11555	3.82200
0.11560	3.66912
0.11565	0.76440
0.11570	1.75812
0.11575	1.91100
0.11580	2.36964
0.11585	1.29948
0.11590	0.84084
0.11595	2.82828
0.11600	1.22304
0.11605	1.98744
0.11610	1.37592
0.11615	0.99372
0.11620	1.83456
0.11625	2.75184
0.11630	0.45864
0.11635	3.05760
0.11640	1.91100
0.11645	3.13404
0.11650	1.45236
0.11655	1.91100
0.11660	2.29320
0.11665	2.90472
0.11670	1.22304
0.11675	1.98744
0.11680	2.36964
0.11685	2.90472
0.11690	2.29320
0.11695	2.06388
0.11700	4.12776
0.11705	0.68796
0.11710	1.75812
0.11715	1.83456
0.11720	2.67540
0.11725	1.91100
0.11730	1.37592
0.11735	1.29948
0.11740	0.38220
0.11745	2.44608
0.11750	2.44608
0.11755	1.83456
0.11760	1.14660
0.11765	1.37592
0.11770	3.05760
0.11775	1.37592
0.11780	4.05132
0.11785	3.21048
0.11790	1.52880
0.11795	2.36964
0.11800	1.83456
0.11805	0.84084
0.11810	0.45864
0.11815	1.75812
0.11820	3.21048
0.11825	1.07016
0.11830	2.14032
0.11835	1.37592
0.11840	4.96860
0.11845	1.75812
0.11850	3.36336
0.11855	1.68168
0.11860	3.05760
0.11865	2.21676
0.11870	0.76440
0.11875	1.75812
0.11880	4.20420
0.11885	1.68168
0.11890	2.82828
0.11895	1.07016
0.11900	1.60524
0.11905	1.98744
0.11910	0.45864
0.11915	2.98116
0.11920	2.90472
0.11925	0.99372
0.11930	2.59896
0.11935	1.22304
0.11940	2.21676
0.11945	1.29948
0.11950	0.99372
0.11955	1.22304
0.11960	1.68168
0.11965	1.37592
0.11970	2.67540
0.11975	2.14032
0.11980	2.36964
0.11985	2.36964
0.11990	1.07016
0.11995	1.52880
0.12000	1.91100
0.12005	1.68168
0.12010	0.61152
0.12015	1.45236
0.12020	3.82200
0.12025	1.75812
0.12030	1.98744
0.12035	1.98744
0.12040	1.52880
0.12045	-0.00000
0.12050	1.52880
0.12055	0.84084
0.12060	1.45236
0.12065	1.75812
0.12070	1.75812
0.12075	0.53508
0.12080	2.52252
0.12085	0.91728
0.12090	2.29320
0.12095	0.76440
0.12100	2.52252
0.12105	1.14660
0.12110	1.45236
0.12115	1.75812
0.12120	2.06388
0.12125	1.75812
0.12130	3.82200
0.12135	1.45236
0.12140	1.45236
0.12145	4.20420
0.12150	3.13404
0.12155	1.98744
0.12160	1.14660
0.12165	2.75184
0.12170	2.14032
0.12175	2.06388
0.12180	1.52880
0.12185	1.07016
0.12190	2.29320
0.12195	1.37592
0.12200	0.53508
0.12205	2.14032
0.12210	0.61152
0.12215	1.52880
0.12220	0.84084
0.12225	2.06388
0.12230	4.89216
0.12235	1.45236
0.12240	1.45236
0.12245	0.84084
0.12250	1.45236
0.12255	1.07016
0.12260	0.76440
0.12265	1.14660
0.12270	3.28692
0.12275	1.37592
0.12280	2.52252
0.12285	0.61152
0.12290	1.68168
0.12295	2.67540
0.12300	3.05760
0.12305	3.97488
0.12310	0.68796
0.12315	2.44608
0.12320	0.53508
0.12325	1.45236
0.12330	1.14660
0.12335	0.84084
0.12340	3.43980
0.12345	0.91728
0.12350	3.36336
0.12355	1.75812
0.12360	2.14032
0.12365	1.60524
0.12370	4.12776
0.12375	3.82200
0.12380	1.68168
0.12385	1.75812
0.12390	0.30576
0.12395	0.22932
0.12400	2.59896
0.12405	1.14660
0.12410	0.76440
0.12415	1.45236
0.12420	1.75812
0.12425	1.37592
0.12430	1.68168
0.12435	1.91100
0.12440	1.22304
0.12445	1.14660
0.12450	1.45236
0.12455	2.67540
0.12460	3.43980
0.12465	1.83456
0.12470	0.99372
0.12475	4.50996
0.12480	1.52880
0.12485	1.29948
0.12490	2.44608
0.12495	2.21676
0.12500	1.07016
0.12505	1.52880
0.12510	1.22304
0.12515	1.75812
0.12520	1.22304
0.12525	1.68168
0.12530	1.29948
0.12535	2.21676
0.12540	0.99372
0.12545	1.45236
0.12550	0.76440
0.12555	5.04504
0.12560	3.74556
0.12565	0.22932
0.12570	1.14660
0.12575	2.59896
0.12580	3.43980
0.12585	1.37592
0.12590	1.83456
0.12595	2.06388
0.12600	0.84084
0.12605	0.38220
0.12610	1.37592
0.12615	2.67540
0.12620	2.21676
0.12625	0.68796
0.12630	0.53508
0.12635	0.99372
0.12640	0.38220
0.12645	4.05132
0.12650	3.13404
0.12655	1.07016
0.12660	0.99372
0.12665	1.75812
0.12670	2.75184
0.12675	0.45864
0.12680	2.59896
0.12685	2.21676
0.12690	3.21048
0.12695	0.61152
0.12700	1.60524
0.12705	0.99372
0.12710	2.44608
0.12715	1.07016
0.12720	4.05132
0.12725	2.52252
0.12730	1.45236
0.12735	1.60524
0.12740	1.75812
0.12745	1.91100
0.12750	1.29948
0.12755	2.52252
0.12760	0.61152
0.12765	2.36964
0.12770	1.98744
0.12775	2.29320
0.12780	2.21676
0.12785	1.29948
0.12790	1.14660
0.12795	0.68796
0.12800	0.61152
0.12805	2.29320
0.12810	1.91100
0.12815	1.37592
0.12820	1.60524
0.12825	1.45236
0.12830	0.30576
0.12835	2.67540
0.12840	1.91100
0.12845	1.60524
0.12850	0.91728
0.12855	1.98744
0.12860	1.68168
0.12865	1.07016
0.12870	2.29320
0.12875	1.14660
0.12880	1.75812
0.12885	1.91100
0.12890	2.14032
0.12895	2.29320
0.12900	1.83456
0.12905	1.98744
0.12910	0.76440
0.12915	2.98116
0.12920	2.52252
0.12925	3.21048
0.12930	2.21676
0.12935	2.67540
0.12940	2.67540
0.12945	1.60524
0.12950	1.98744
0.12955	1.98744
0.12960	0.91728
0.12965	0.15288
0.12970	1.07016
0.12975	1.14660
0.12980	1.68168
0.12985	1.68168
0.12990	2.98116
0.12995	3.05760
0.13000	2.98116
0.13005	4.12776
0.13010	0.53508
0.13015	2.21676
0.13020	2.29320
0.13025	3.28692
0.13030	0.84084
0.13035	2.52252
0.13040	2.59896
0.13045	1.45236
0.13050	1.60524
0.13055	1.52880
0.13060	1.98744
0.13065	1.91100
0.13070	1.07016
0.13075	2.67540
0.13080	2.82828
0.13085	1.22304
0.13090	1.98744
0.13095	3.05760
0.13100	1.68168
0.13105	1.68168
0.13110	1.98744
0.13115	1.52880
0.13120	2.21676
0.13125	1.91100
0.13130	4.28064
0.13135	1.91100
0.13140	1.60524
0.13145	2.67540
0.13150	3.28692
0.13155	3.05760
0.13160	1.91100
0.13165	3.05760
0.13170	1.29948
0.13175	2.52252
0.13180	1.60524
0.13185	1.68168
0.13190	0.45864
0.13195	2.29320
0.13200	3.74556
0.13205	3.66912
0.13210	2.36964
0.13215	3.89844
0.13220	1.22304
0.13225	0.53508
0.13230	0.30576
0.13235	1.83456
0.13240	1.52880
0.13245	1.52880
0.13250	1.14660
0.13255	2.36964
0.13260	2.44608
0.13265	1.45236
0.13270	0.84084
0.13275	2.59896
0.13280	0.91728
0.13285	0.68796
0.13290	2.14032
0.13295	2.52252
0.13300	2.67540
0.13305	3.59268
0.13310	3.66912
0.13315	1.37592
0.13320	2.36964
0.13325	1.68168
0.13330	2.14032
0.13335	1.29948
0.13340	4.35708
0.13345	0.76440
0.13350	0.91728
0.13355	1.75812
0.13360	1.83456
0.13365	2.44608
0.13370	0.53508
0.13375	1.91100
0.13380	2.59896
0.13385	0.68796
0.13390	1.29948
0.13395	2.14032
0.13400	1.52880
0.13405	1.68168
0.13410	1.22304
0.13415	0.76440
0.13420	3.05760
0.13425	3.36336
0.13430	3.28692
0.13435	1.68168
0.13440	2.67540
0.13445	0.84084
0.13450	0.84084
0.13455	0.76440
0.13460	1.07016
0.13465	1.29948
0.13470	0.53508
0.13475	0.76440
0.13480	1.52880
0.13485	2.98116
0.13490	4.12776
0.13495	2.82828
0.13500	0.99372
0.13505	2.36964
0.13510	3.13404
0.13515	2.06388
0.13520	3.28692
0.13525	1.29948
0.13530	2.82828
0.13535	0.99372
0.13540	2.21676
0.13545	3.66912
0.13550	3.66912
0.13555	0.53508
0.13560	1.91100
0.13565	0.30576
0.13570	1.91100
0.13575	0.99372
0.13580	2.90472
0.13585	2.44608
0.13590	1.37592
0.13595	1.07016
0.13600	2.29320
0.13605	0.61152
0.13610	1.37592
0.13615	1.91100
0.13620	1.60524
0.13625	3.82200
0.13630	0.84084
0.13635	1.68168
0.13640	2.14032
0.13645	1.83456
0.13650	0.99372
0.13655	1.14660
0.13660	2.14032
0.13665	1.52880
0.13670	1.22304
0.13675	2.21676
0.13680	2.75184
0.13685	0.99372
0.13690	1.60524
0.13695	0.84084
0.13700	2.90472
0.13705	3.51624
0.13710	1.22304
0.13715	1.98744
0.13720	1.60524
0.13725	2.44608
0.13730	0.30576
0.13735	2.52252
0.13740	1.07016
0.13745	1.98744
0.13750	2.14032
0.13755	1.07016
0.13760	0.68796
0.13765	1.07016
0.13770	2.21676
0.13775	2.06388
0.13780	1.68168
0.13785	1.68168
0.13790	4.66284
0.13795	2.14032
0.13800	2.14032
0.13805	0.61152
0.13810	4.73928
0.13815	1.91100
0.13820	1.29948
0.13825	1.60524
0.13830	0.38220
0.13835	0.99372
0.13840	1.91100
0.13845	1.75812
0.13850	0.68796
0.13855	1.45236
0.13860	1.14660
0.13865	2.06388
0.13870	2.90472
0.13875	3.74556
0.13880	1.68168
0.13885	1.60524
0.13890	1.22304
0.13895	3.13404
0.13900	2.90472
0.13905	1.45236
0.13910	1.98744
0.13915	3.74556
0.13920	0.68796
0.13925	2.36964
0.13930	2.14032
0.13935	1.37592
0.13940	1.22304
0.13945	1.52880
0.13950	2.36964
0.13955	0.53508
0.13960	2.52252
0.13965	1.98744
0.13970	1.75812
0.13975	0.68796
0.13980	1.98744
0.13985	1.98744
0.13990	1.75812
0.13995	3.43980
0.14000	3.43980
0.14005	0.61152
0.14010	1.37592
0.14015	1.22304
0.14020	0.68796
0.14025	2.82828
0.14030	2.90472
0.14035	0.53508
0.14040	1.60524
0.14045	0.76440
0.14050	2.21676
0.14055	1.29948
0.14060	2.36964
0.14065	1.52880
0.14070	2.59896
0.14075	2.36964
0.14080	1.60524
0.14085	2.06388
0.14090	2.14032
0.14095	1.91100
0.14100	2.98116
0.14105	2.52252
0.14110	1.45236
0.14115	3.82200
0.14120	0.45864
0.14125	1.07016
0.14130	1.98744
0.14135	2.21676
0.14140	1.83456
0.14145	2.14032
0.14150	1.45236
0.14155	3.51624
0.14160	0.61152
0.14165	2.82828
0.14170	0.84084
0.14175	0.30576
0.14180	0.91728
0.14185	0.76440
0.14190	1.68168
0.14195	1.45236
0.14200	3.43980
0.14205	2.06388
0.14210	2.29320
0.14215	0.38220
0.14220	1.45236
0.14225	3.66912
0.14230	2.21676
0.14235	1.60524
0.14240	2.06388
0.14245	2.14032
0.14250	1.14660
0.14255	4.35708
0.14260	4.12776
0.14265	3.74556
0.14270	2.75184
0.14275	2.06388
0.14280	2.06388
0.14285	2.14032
0.14290	0.76440
0.14295	0.91728
0.14300	1.45236
0.14305	2.67540
0.14310	1.37592
0.14315	3.21048
0.14320	0.68796
0.14325	1.83456
0.14330	0.99372
0.14335	2.06388
0.14340	0.68796
0.14345	2.06388
0.14350	1.83456
0.14355	1.45236
0.14360	2.36964
0.14365	1.75812
0.14370	1.83456
0.14375	2.90472
0.14380	2.14032
0.14385	2.44608
0.14390	2.44608
0.14395	1.52880
0.14400	2.98116
0.14405	2.98116
0.14410	3.82200
0.14415	3.13404
0.14420	1.68168
0.14425	1.37592
0.14430	2.98116
0.14435	1.83456
0.14440	3.21048
0.14445	1.37592
0.14450	2.75184
0.14455	1.60524
0.14460	3.13404
0.14465	2.44608
0.14470	1.75812
0.14475	1.52880
0.14480	0.91728
0.14485	2.36964
0.14490	1.75812
0.14495	2.98116
0.14500	3.05760
0.14505	1.83456
0.14510	1.29948
0.14515	1.22304
0.14520	2.75184
0.14525	2.14032
0.14530	3.66912
0.14535	3.66912
0.14540	2.21676
0.14545	2.52252
0.14550	0.53508
0.14555	1.83456
0.14560	0.91728
0.14565	0.53508
0.14570	3.13404
0.14575	4.73928
0.14580	1.98744
0.14585	1.83456
0.14590	1.45236
0.14595	2.14032
0.14600	0.99372
0.14605	1.60524
0.14610	1.52880
0.14615	2.06388
0.14620	1.37592
0.14625	1.68168
0.14630	2.14032
0.14635	3.66912
0.14640	4.73928
0.14645	2.21676
0.14650	0.61152
0.14655	1.37592
0.14660	0.61152
0.14665	1.22304
0.14670	1.75812
0.14675	2.36964
0.14680	2.21676
0.14685	1.45236
0.14690	3.21048
0.14695	2.21676
0.14700	2.82828
0.14705	2.75184
0.14710	1.98744
0.14715	1.60524
0.14720	2.59896
0.14725	1.07016
0.14730	2.14032
0.14735	0.76440
0.14740	4.35708
0.14745	3.13404
0.14750	2.75184
0.14755	3.21048
0.14760	1.68168
0.14765	3.89844
0.14770	2.82828
0.14775	1.52880
0.14780	1.52880
0.14785	0.84084
0.14790	2.36964
0.14795	0.76440
0.14800	1.68168
0.14805	1.83456
0.14810	2.98116
0.14815	2.52252
0.14820	1.29948
0.14825	1.29948
0.14830	1.45236
0.14835	1.29948
0.14840	2.36964
0.14845	1.14660
0.14850	0.84084
0.14855	1.52880
0.14860	0.53508
0.14865	3.36336
0.14870	1.37592
0.14875	3.36336
0.14880	1.98744
0.14885	3.21048
0.14890	2.82828
0.14895	0.91728
0.14900	3.66912
0.14905	0.22932
0.14910	1.45236
0.14915	1.60524
0.14920	2.59896
0.14925	0.53508
0.14930	1.29948
0.14935	1.98744
0.14940	1.22304
0.14945	1.83456
0.14950	0.07644
0.14955	1.52880
0.14960	1.68168
0.14965	2.82828
0.14970	1.60524
0.14975	1.37592
0.14980	2.90472
0.14985	4.35708
0.14990	2.21676
0.14995	0.84084
0.15000	1.98744
0.15005	1.45236
0.15010	3.74556
0.15015	1.45236
0.15020	0.30576
0.15025	1.91100
0.15030	0.91728
0.15035	2.14032
0.15040	2.14032
0.15045	0.68796
0.15050	1.37592
0.15055	0.84084
0.15060	1.75812
0.15065	3.05760
0.15070	1.91100
0.15075	1.45236
0.15080	2.90472
0.15085	1.45236
0.15090	1.29948
0.15095	3.36336
0.15100	2.29320
0.15105	1.22304
0.15110	1.75812
0.15115	1.22304
0.15120	0.38220
0.15125	1.14660
0.15130	2.06388
0.15135	1.68168
0.15140	2.21676
0.15145	0.76440
0.15150	1.98744
0.15155	3.21048
0.15160	2.29320
0.15165	3.82200
0.15170	1.91100
0.15175	1.60524
0.15180	2.29320
0.15185	3.74556
0.15190	2.36964
0.15195	1.07016
0.15200	0.91728
0.15205	2.29320
0.15210	1.29948
0.15215	2.36964
0.15220	2.52252
0.15225	2.98116
0.15230	0.53508
0.15235	1.22304
0.15240	1.14660
0.15245	1.22304
0.15250	0.68796
0.15255	0.61152
0.15260	3.36336
0.15265	0.38220
0.15270	2.82828
0.15275	2.44608
0.15280	1.45236
0.15285	2.14032
0.15290	1.07016
0.15295	1.29948
0.15300	0.91728
0.15305	3.59268
0.15310	2.14032
0.15315	1.52880
0.15320	1.75812
0.15325	3.82200
0.15330	1.83456
0.15335	2.82828
0.15340	0.91728
0.15345	2.21676
0.15350	2.06388
0.15355	0.99372
0.15360	2.67540
0.15365	3.05760
0.15370	2.90472
0.15375	1.75812
0.15380	1.91100
0.15385	2.98116
0.15390	1.83456
0.15395	0.38220
0.15400	0.91728
0.15405	1.83456
0.15410	0.68796
0.15415	0.99372
0.15420	1.98744
0.15425	1.45236
0.15430	1.29948
0.15435	0.15288
0.15440	3.28692
0.15445	2.36964
0.15450	2.14032
0.15455	1.45236
0.15460	0.76440
0.15465	2.21676
0.15470	3.43980
0.15475	1.98744
0.15480	2.98116
0.15485	1.52880
0.15490	1.22304
0.15495	3.28692
0.15500	1.22304
0.15505	0.76440
0.15510	2.82828
0.15515	2.14032
0.15520	1.45236
0.15525	1.83456
0.15530	2.75184
0.15535	1.29948
0.15540	1.75812
0.15545	0.99372
0.15550	2.59896
0.15555	0.61152
0.15560	2.67540
0.15565	1.22304
0.15570	1.29948
0.15575	1.22304
0.15580	1.07016
0.15585	3.66912
0.15590	2.21676
0.15595	1.83456
0.15600	0.07644
0.15605	0.45864
0.15610	1.98744
0.15615	2.06388
0.15620	1.07016
0.15625	1.91100
0.15630	0.68796
0.15635	1.22304
0.15640	1.52880
0.15645	1.07016
0.15650	0.84084
0.15655	2.52252
0.15660	1.07016
0.15665	1.98744
0.15670	1.75812
0.15675	1.45236
0.15680	1.29948
0.15685	3.21048
0.15690	3.13404
0.15695	1.22304
0.15700	0.53508
0.15705	2.82828
0.15710	1.68168
0.15715	1.83456
0.15720	1.98744
0.15725	1.22304
0.15730	0.07644
0.15735	0.00000
0.15740	0.91728
0.15745	0.68796
0.15750	0.84084
0.15755	0.61152
0.15760	7.87332
0.15765	1.60524
0.15770	2.29320
0.15775	1.22304
0.15780	1.07016
0.15785	1.60524
0.15790	1.52880
0.15795	0.99372
0.15800	4.05132
0.15805	1.07016
0.15810	1.68168
0.15815	2.98116
0.15820	2.52252
0.15825	1.91100
0.15830	1.45236
0.15835	1.91100
0.15840	2.52252
0.15845	0.91728
0.15850	0.99372
0.15855	3.66912
0.15860	3.28692
0.15865	0.99372
0.15870	1.37592
0.15875	2.52252
0.15880	2.98116
0.15885	1.22304
0.15890	0.38220
0.15895	1.37592
0.15900	3.89844
0.15905	0.91728
0.15910	1.91100
0.15915	0.76440
0.15920	1.68168
0.15925	1.75812
0.15930	1.68168
0.15935	0.68796
0.15940	2.29320
0.15945	1.98744
0.15950	1.83456
0.15955	2.59896
0.15960	0.61152
0.15965	1.45236
0.15970	1.83456
0.15975	0.91728
0.15980	2.90472
0.15985	1.68168
0.15990	3.13404
0.15995	1.37592
0.16000	1.91100
0.16005	1.60524
0.16010	2.52252
0.16015	1.37592
0.16020	1.83456
0.16025	2.21676
0.16030	0.22932
0.16035	1.52880
0.16040	1.60524
0.16045	1.68168
0.16050	1.91100
0.16055	1.52880
0.16060	1.83456
0.16065	1.14660
0.16070	0.30576
0.16075	1.68168
0.16080	0.76440
0.16085	2.98116
0.16090	2.98116
0.16095	0.84084
0.16100	1.83456
0.16105	0.91728
0.16110	4.20420
0.16115	0.38220
0.16120	1.37592
0.16125	2.67540
0.16130	0.91728
0.16135	0.22932
0.16140	1.29948
0.16145	2.52252
0.16150	2.90472
0.16155	2.06388
0.16160	3.36336
0.16165	1.60524
0.16170	1.52880
0.16175	0.99372
0.16180	0.99372
0.16185	0.91728
0.16190	1.83456
0.16195	1.98744
0.16200	2.29320
0.16205	1.68168
0.16210	1.75812
0.16215	1.98744
0.16220	0.76440
0.16225	2.29320
0.16230	1.14660
0.16235	1.37592
0.16240	1.07016
0.16245	1.37592
0.16250	1.75812
0.16255	2.52252
0.16260	1.91100
0.16265	2.59896
0.16270	2.36964
0.16275	1.29948
0.16280	1.37592
0.16285	2.29320
0.16290	1.14660
0.16295	2.98116
0.16300	2.90472
0.16305	2.82828
0.16310	2.67540
0.16315	3.21048
0.16320	2.14032
0.16325	2.82828
0.16330	2.06388
0.16335	1.91100
0.16340	3.97488
0.16345	1.22304
0.16350	2.75184
0.16355	1.83456
0.16360	4.35708
0.16365	1.22304
0.16370	1.52880
0.16375	1.29948
0.16380	2.36964
0.16385	1.98744
0.16390	2.52252
0.16395	1.29948
0.16400	3.51624
0.16405	2.59896
0.16410	2.44608
0.16415	2.67540
0.16420	1.37592
0.16425	3.82200
0.16430	2.59896
0.16435	1.37592
0.16440	1.91100
0.16445	2.82828
0.16450	1.98744
0.16455	1.52880
0.16460	3.89844
0.16465	1.68168
0.16470	1.98744
0.16475	1.83456
0.16480	1.68168
0.16485	0.76440
0.16490	1.22304
0.16495	0.68796
0.16500	2.14032
0.16505	1.98744
0.16510	3.21048
0.16515	1.68168
0.16520	0.68796
0.16525	3.28692
0.16530	3.66912
0.16535	3.21048
0.16540	2.59896
0.16545	0.68796
0.16550	1.14660
0.16555	1.68168
0.16560	1.22304
0.16565	2.21676
0.16570	0.99372
0.16575	2.21676
0.16580	0.84084
0.16585	1.98744
0.16590	2.59896
0.16595	1.45236
0.16600	0.68796
0.16605	0.76440
0.16610	3.97488
0.16615	1.07016
0.16620	3.74556
0.16625	1.14660
0.16630	0.84084
0.16635	1.83456
0.16640	4.20420
0.16645	2.06388
0.16650	1.91100
0.16655	1.22304
0.16660	1.91100
0.16665	1.75812
0.16670	3.59268
0.16675	2.29320
0.16680	2.82828
0.16685	3.21048
0.16690	1.98744
0.16695	2.21676
0.16700	3.28692
0.16705	4.35708
0.16710	1.14660
0.16715	1.91100
0.16720	0.45864
0.16725	2.29320
0.16730	1.98744
0.16735	2.98116
0.16740	2.36964
0.16745	2.44608
0.16750	2.14032
0.16755	3.05760
0.16760	2.90472
0.16765	1.45236
0.16770	3.05760
0.16775	1.37592
0.16780	1.52880
0.16785	2.52252
0.16790	1.52880
0.16795	2.21676
0.16800	3.59268
0.16805	0.99372
0.16810	3.43980
0.16815	2.75184
0.16820	0.99372
0.16825	2.36964
0.16830	0.84084
0.16835	2.82828
0.16840	0.61152
0.16845	2.29320
0.16850	0.84084
0.16855	0.68796
0.16860	1.60524
0.16865	1.07016
0.16870	1.07016
0.16875	0.84084
0.16880	1.83456
0.16885	1.07016
0.16890	1.37592
0.16895	1.07016
0.16900	2.21676
0.16905	0.53508
0.16910	2.44608
0.16915	2.67540
0.16920	2.36964
0.16925	2.52252
0.16930	0.91728
0.16935	0.76440
0.16940	1.37592
0.16945	3.05760
0.16950	3.36336
0.16955	3.21048
0.16960	2.36964
0.16965	0.76440
0.16970	1.52880
0.16975	1.37592
0.16980	2.21676
0.16985	0.84084
0.16990	0.84084
0.16995	1.75812
0.17000	2.21676
0.17005	2.82828
0.17010	1.14660
0.17015	1.98744
0.17020	1.52880
0.17025	3.05760
0.17030	1.29948
0.17035	2.06388
0.17040	2.82828
0.17045	1.60524
0.17050	1.52880
0.17055	1.68168
0.17060	2.52252
0.17065	1.91100
0.17070	1.22304
0.17075	0.61152
0.17080	2.21676
0.17085	1.98744
0.17090	1.75812
0.17095	1.37592
0.17100	4.50996
0.17105	1.68168
0.17110	2.67540
0.17115	0.45864
0.17120	2.06388
0.17125	1.29948
0.17130	1.29948
0.17135	1.68168
0.17140	2.14032
0.17145	0.91728
0.17150	1.83456
0.17155	1.83456
0.17160	0.45864
0.17165	1.68168
0.17170	1.14660
0.17175	1.75812
0.17180	2.06388
0.17185	0.45864
0.17190	2.44608
0.17195	2.75184
0.17200	2.29320
0.17205	3.36336
0.17210	1.07016
0.17215	1.22304
0.17220	1.68168
0.17225	0.68796
0.17230	0.99372
0.17235	1.45236
0.17240	1.98744
0.17245	1.68168
0.17250	1.37592
0.17255	1.37592
0.17260	1.37592
0.17265	1.91100
0.17270	0.61152
0.17275	2.98116
0.17280	1.52880
0.17285	1.52880
0.17290	0.45864
0.17295	1.83456
0.17300	1.60524
0.17305	1.14660
0.17310	2.14032
0.17315	1.52880
0.17320	0.38220
0.17325	0.68796
0.17330	0.99372
0.17335	3.74556
0.17340	2.29320
0.17345	1.07016
0.17350	0.61152
0.17355	1.07016
0.17360	0.45864
0.17365	2.29320
0.17370	2.44608
0.17375	2.14032
0.17380	1.75812
0.17385	1.83456
0.17390	0.91728
0.17395	2.14032
0.17400	1.52880
0.17405	1.45236
0.17410	0.76440
0.17415	4.89216
0.17420	2.21676
0.17425	2.14032
0.17430	3.21048
0.17435	3.36336
0.17440	1.37592
0.17445	0.22932
0.17450	4.58640
0.17455	1.22304
0.17460	1.91100
0.17465	1.37592
0.17470	0.53508
0.17475	1.37592
0.17480	0.61152
0.17485	1.22304
0.17490	0.68796
0.17495	0.91728
0.17500	0.91728
0.17505	0.91728
0.17510	1.45236
0.17515	1.14660
0.17520	1.68168
0.17525	1.22304
0.17530	1.29948
0.17535	2.52252
0.17540	2.06388
0.17545	1.91100
0.17550	0.91728
0.17555	1.52880
0.17560	0.53508
0.17565	2.59896
0.17570	1.98744
0.17575	2.06388
0.17580	1.98744
0.17585	1.68168
0.17590	3.36336
0.17595	0.84084
0.17600	1.75812
0.17605	0.99372
0.17610	1.91100
0.17615	1.14660
0.17620	2.14032
0.17625	2.36964
0.17630	2.06388
0.17635	0.99372
0.17640	1.14660
0.17645	1.22304
0.17650	2.82828
0.17655	0.91728
0.17660	2.21676
0.17665	3.66912
0.17670	0.91728
0.17675	1.45236
0.17680	0.61152
0.17685	0.68796
0.17690	3.21048
0.17695	2.82828
0.17700	1.29948
0.17705	0.91728
0.17710	1.07016
0.17715	0.91728
0.17720	2.52252
0.17725	1.91100
0.17730	2.44608
0.17735	0.53508
0.17740	4.20420
0.17745	0.61152
0.17750	1.60524
0.17755	1.98744
0.17760	1.29948
0.17765	1.07016
0.17770	1.68168
0.17775	3.97488
0.17780	1.07016
0.17785	4.50996
0.17790	1.68168
0.17795	1.83456
0.17800	0.45864
0.17805	2.75184
0.17810	1.83456
0.17815	1.75812
0.17820	0.61152
0.17825	2.59896
0.17830	3.05760
0.17835	1.37592
0.17840	2.36964
0.17845	0.91728
0.17850	2.06388
0.17855	1.07016
0.17860	1.07016
0.17865	3.05760
0.17870	2.29320
0.17875	0.68796
0.17880	0.99372
0.17885	1.98744
0.17890	2.21676
0.17895	2.06388
0.17900	1.14660
0.17905	0.91728
0.17910	1.22304
0.17915	2.21676
0.17920	0.76440
0.17925	4.12776
0.17930	0.99372
0.17935	0.99372
0.17940	1.68168
0.17945	3.36336
0.17950	1.52880
0.17955	1.60524
0.17960	1.22304
0.17965	3.13404
0.17970	0.76440
0.17975	2.06388
0.17980	1.98744
0.17985	2.44608
0.17990	0.84084
0.17995	0.61152
0.18000	0.53508
0.18005	1.14660
0.18010	1.07016
0.18015	0.53508
0.18020	2.82828
0.18025	1.07016
0.18030	4.35708
0.18035	1.07016
0.18040	1.68168
0.18045	0.53508
0.18050	0.84084
0.18055	1.45236
0.18060	2.29320
0.18065	1.60524
0.18070	2.21676
0.18075	1.91100
0.18080	1.37592
0.18085	5.42724
0.18090	1.45236
0.18095	2.52252
0.18100	3.89844
0.18105	2.52252
0.18110	5.96232
0.18115	3.97488
0.18120	5.65656
0.18125	10.16652
0.18130	7.79688
0.18135	10.47228
0.18140	14.67648
0.18145	15.67020
0.18150	37.30272
0.18155	33.48072
0.18160	42.04200
0.18165	59.47032
0.18170	78.88608
0.18175	101.97096
0.18180	126.35532
0.18185	153.33864
0.18190	199.20264
0.18195	223.05192
0.18200	224.27496
0.18205	264.63528
0.18210	264.48240
0.18215	276.86568
0.18220	306.83016
0.18225	293.98824
0.18230	296.43432
0.18235	246.97764
0.18240	268.07508
0.18245	220.30008
0.18250	202.26024
0.18255	184.37328
0.18260	185.59632
0.18265	150.05172
0.18270	143.63076
0.18275	128.11344
0.18280	103.80552
0.18285	93.79188
0.18290	82.78452
0.18295	87.37092
0.18300	86.68296
0.18305	88.74684
0.18310	71.31852
0.18315	69.48396
0.18320	59.31744
0.18325	72.00648
0.18330	50.22108
0.18335	50.22108
0.18340	47.23992
0.18345	44.79384
0.18350	48.23364
0.18355	38.29644
0.18360	40.20744
0.18365	37.30272
0.18370	35.54460
0.18375	32.18124
0.18380	34.62732
0.18385	23.46708
0.18390	27.51840
0.18395	29.04720
0.18400	23.00844
0.18405	25.98960
0.18410	21.09744
0.18415	27.13620
0.18420	25.37808
0.18425	23.31420
0.18430	20.86812
0.18435	18.88068
0.18440	19.87440
0.18445	22.77912
0.18450	15.05868
0.18455	15.51732
0.18460	22.77912
0.18465	11.46600
0.18470	18.95712
0.18475	21.55608
0.18480	15.36444
0.18485	16.58748
0.18490	15.44088
0.18495	14.67648
0.18500	18.72780
0.18505	15.74664
0.18510	14.52360
0.18515	12.68904
0.18520	14.98224
0.18525	16.05240
0.18530	18.49848
0.18535	15.67020
0.18540	20.02728
0.18545	16.96968
0.18550	15.74664
0.18555	11.84820
0.18560	15.82308
0.18565	17.50476
0.18570	14.29428
0.18575	18.72780
0.18580	14.75292
0.18585	12.38328
0.18590	15.82308
0.18595	15.21156
0.18600	14.06496
0.18605	8.48484
0.18610	14.98224
0.18615	12.53616
0.18620	13.60632
0.18625	14.82936
0.18630	13.75920
0.18635	8.33196
0.18640	11.69532
0.18645	11.31312
0.18650	13.75920
0.18655	11.23668
0.18660	9.24924
0.18665	11.00736
0.18670	8.02620
0.18675	13.52988
0.18680	10.62516
0.18685	9.55500
0.18690	12.53616
0.18695	11.08380
0.18700	16.81680
0.18705	9.32568
0.18710	14.60004
0.18715	10.54872
0.18720	12.61260
0.18725	11.92464
0.18730	13.07124
0.18735	9.32568
0.18740	9.47856
0.18745	10.39584
0.18750	11.61888
0.18755	12.07752
0.18760	14.21784
0.18765	12.38328
0.18770	9.93720
0.18775	11.16024
0.18780	10.24296
0.18785	9.78432
0.18790	9.17280
0.18795	9.17280
0.18800	9.55500
0.18805	9.32568
0.18810	8.10264
0.18815	14.67648
0.18820	11.08380
0.18825	8.56128
0.18830	13.07124
0.18835	12.07752
0.18840	7.26180
0.18845	9.78432
0.18850	14.98224
0.18855	7.10892
0.18860	7.72044
0.18865	11.38956
0.18870	10.93092
0.18875	10.70160
0.18880	8.48484
0.18885	10.09008
0.18890	11.92464
0.18895	8.25552
0.18900	11.54244
0.18905	11.54244
0.18910	9.55500
0.18915	10.77804
0.18920	10.01364
0.18925	9.70788
0.18930	6.72672
0.18935	9.93720
0.18940	9.09636
0.18945	11.92464
0.18950	10.70160
0.18955	9.70788
0.18960	8.71416
0.18965	5.96232
0.18970	9.32568
0.18975	8.71416
0.18980	20.10372
0.18985	10.39584
0.18990	8.40840
0.18995	10.54872
0.19000	6.19164
0.19005	7.49112
0.19010	5.12148
0.19015	7.56756
0.19020	5.58012
0.19025	9.01992
0.19030	8.10264
0.19035	10.93092
0.19040	5.19792
0.19045	6.87960
0.19050	5.96232
0.19055	8.79060
0.19060	9.70788
0.19065	9.70788
0.19070	7.94976
0.19075	9.09636
0.19080	8.40840
0.19085	9.93720
0.19090	6.87960
0.19095	5.96232
0.19100	14.14140
0.19105	10.70160
0.19110	12.15396
0.19115	8.79060
0.19120	10.47228
0.19125	7.94976
0.19130	8.94348
0.19135	9.09636
0.19140	10.85448
0.19145	11.46600
0.19150	9.47856
0.19155	4.20420
0.19160	10.62516
0.19165	5.96232
0.19170	7.79688
0.19175	8.79060
0.19180	8.71416
0.19185	7.26180
0.19190	6.03876
0.19195	8.02620
0.19200	9.24924
0.19205	7.64400
0.19210	11.31312
0.19215	8.48484
0.19220	10.01364
0.19225	7.33824
0.19230	10.77804
0.19235	8.79060
0.19240	6.42096
0.19245	7.26180
0.19250	10.39584
0.19255	9.40212
0.19260	8.10264
0.19265	5.42724
0.19270	10.77804
0.19275	10.01364
0.19280	6.34452
0.19285	6.26808
0.19290	6.72672
0.19295	8.79060
0.19300	6.03876
0.19305	11.23668
0.19310	6.65028
0.19315	6.72672
0.19320	8.17908
0.19325	8.33196
0.19330	6.87960
0.19335	8.71416
0.19340	5.58012
0.19345	9.78432
0.19350	6.49740
0.19355	11.61888
0.19360	4.20420
0.19365	9.09636
0.19370	10.77804
0.19375	4.43352
0.19380	9.47856
0.19385	6.80316
0.19390	8.17908
0.19395	9.01992
0.19400	7.87332
0.19405	8.86704
0.19410	8.40840
0.19415	7.79688
0.19420	6.26808
0.19425	8.25552
0.19430	7.26180
0.19435	7.03248
0.19440	7.10892
0.19445	8.86704
0.19450	9.40212
0.19455	7.41468
0.19460	7.41468
0.19465	6.49740
0.19470	6.65028
0.19475	8.56128
0.19480	6.65028
0.19485	6.49740
0.19490	7.10892
0.19495	7.64400
0.19500	7.26180
0.19505	9.40212
0.19510	6.80316
0.19515	8.71416
0.19520	7.33824
0.19525	7.72044
0.19530	9.63144
0.19535	6.65028
0.19540	5.58012
0.19545	6.87960
0.19550	6.72672
0.19555	11.77176
0.19560	5.88588
0.19565	6.26808
0.19570	8.56128
0.19575	5.88588
0.19580	5.73300
0.19585	8.63772
0.19590	4.50996
0.19595	8.79060
0.19600	5.50368
0.19605	8.86704
0.19610	6.26808
0.19615	5.73300
0.19620	7.03248
0.19625	6.19164
0.19630	9.09636
0.19635	8.25552
0.19640	5.04504
0.19645	6.03876
0.19650	9.40212
0.19655	5.35080
0.19660	6.42096
0.19665	6.26808
0.19670	6.80316
0.19675	5.96232
0.19680	5.96232
0.19685	8.71416
0.19690	8.79060
0.19695	6.26808
0.19700	5.65656
0.19705	7.56756
0.19710	8.02620
0.19715	4.05132
0.19720	4.89216
0.19725	6.72672
0.19730	5.50368
0.19735	6.03876
0.19740	6.03876
0.19745	5.35080
0.19750	7.18536
0.19755	8.94348
0.19760	9.01992
0.19765	6.87960
0.19770	8.17908
0.19775	8.02620
0.19780	7.49112
0.19785	7.94976
0.19790	8.25552
0.19795	5.27436
0.19800	6.72672
0.19805	5.19792
0.19810	7.10892
0.19815	2.29320
0.19820	7.33824
0.19825	4.20420
0.19830	8.71416
0.19835	3.74556
0.19840	5.42724
0.19845	7.64400
0.19850	3.89844
0.19855	7.87332
0.19860	6.11520
0.19865	6.42096
0.19870	4.58640
0.19875	4.20420
0.19880	7.18536
0.19885	8.10264
0.19890	7.18536
0.19895	4.73928
0.19900	7.10892
0.19905	4.66284
0.19910	8.40840
0.19915	4.43352
0.19920	6.42096
0.19925	7.10892
0.19930	6.34452
0.19935	3.97488
0.19940	5.50368
0.19945	8.33196
0.19950	7.49112
0.19955	7.41468
0.19960	8.10264
0.19965	7.03248
0.19970	7.03248
0.19975	10.09008
0.19980	7.79688
0.19985	9.32568
0.19990	9.70788
0.19995	6.95604
0.20000	8.71416
0.20005	9.32568
0.20010	5.88588
0.20015	3.21048
0.20020	9.63144
0.20025	8.33196
0.20030	5.19792
0.20035	8.25552
0.20040	5.80944
0.20045	4.81572
0.20050	10.62516
0.20055	4.89216
0.20060	3.36336
0.20065	8.02620
0.20070	6.87960
0.20075	3.59268
0.20080	5.73300
0.20085	11.16024
0.20090	5.88588
0.20095	4.81572
0.20100	5.50368
0.20105	5.96232
0.20110	7.03248
0.20115	3.28692
0.20120	9.55500
0.20125	7.72044
0.20130	7.03248
0.20135	8.86704
0.20140	6.95604
0.20145	8.40840
0.20150	11.08380
0.20155	8.10264
0.20160	5.12148
0.20165	5.50368
0.20170	6.19164
0.20175	5.58012
0.20180	3.21048
0.20185	6.57384
0.20190	8.40840
0.20195	6.49740
0.20200	6.26808
0.20205	7.79688
0.20210	4.43352
0.20215	4.96860
0.20220	9.01992
0.20225	7.64400
0.20230	6.19164
0.20235	8.10264
0.20240	10.09008
0.20245	7.10892
0.20250	7.94976
0.20255	5.58012
0.20260	8.63772
0.20265	9.78432
0.20270	6.72672
0.20275	6.65028
0.20280	7.87332
0.20285	10.62516
0.20290	4.12776
0.20295	7.72044
0.20300	6.34452
0.20305	3.59268
0.20310	3.97488
0.20315	6.57384
0.20320	7.03248
0.20325	3.89844
0.20330	5.80944
0.20335	3.05760
0.20340	5.65656
0.20345	7.10892
0.20350	2.98116
0.20355	7.56756
0.20360	5.42724
0.20365	3.05760
0.20370	6.11520
0.20375	10.54872
0.20380	7.87332
0.20385	3.43980
0.20390	4.96860
0.20395	3.97488
0.20400	7.10892
0.20405	6.95604
0.20410	4.81572
0.20415	8.56128
0.20420	4.05132
0.20425	7.64400
0.20430	6.95604
0.20435	7.03248
0.20440	5.27436
0.20445	6.72672
0.20450	6.03876
0.20455	4.50996
0.20460	4.12776
0.20465	7.49112
0.20470	12.91836
0.20475	7.79688
0.20480	9.86076
0.20485	6.11520
0.20490	4.81572
0.20495	8.10264
0.20500	9.01992
0.20505	3.28692
0.20510	5.27436
0.20515	8.63772
0.20520	7.26180
0.20525	7.33824
0.20530	7.41468
0.20535	9.63144
0.20540	5.73300
0.20545	8.10264
0.20550	4.73928
0.20555	4.81572
0.20560	5.27436
0.20565	5.96232
0.20570	6.03876
0.20575	5.04504
0.20580	7.79688
0.20585	5.80944
0.20590	5.80944
0.20595	5.80944
0.20600	4.73928
0.20605	4.28064
0.20610	7.26180
0.20615	3.36336
0.20620	7.33824
0.20625	9.78432
0.20630	7.18536
0.20635	9.01992
0.20640	5.58012
0.20645	7.26180
0.20650	6.65028
0.20655	3.51624
0.20660	3.36336
0.20665	5.65656
0.20670	4.50996
0.20675	8.17908
0.20680	11.00736
0.20685	5.50368
0.20690	4.12776
0.20695	4.12776
0.20700	10.09008
0.20705	9.24924
0.20710	8.02620
0.20715	3.74556
0.20720	4.81572
0.20725	5.35080
0.20730	4.20420
0.20735	5.19792
0.20740	6.65028
0.20745	6.87960
0.20750	4.05132
0.20755	2.21676
0.20760	3.97488
0.20765	6.49740
0.20770	2.75184
0.20775	4.50996
0.20780	4.81572
0.20785	4.50996
0.20790	6.26808
0.20795	8.17908
0.20800	6.03876
0.20805	5.42724
0.20810	7.64400
0.20815	3.82200
0.20820	3.97488
0.20825	7.18536
0.20830	5.96232
0.20835	3.13404
0.20840	6.49740
0.20845	6.34452
0.20850	4.81572
0.20855	4.73928
0.20860	3.97488
0.20865	6.11520
0.20870	5.58012
0.20875	6.19164
0.20880	7.64400
0.20885	6.26808
0.20890	7.56756
0.20895	8.33196
0.20900	4.05132
0.20905	4.28064
0.20910	5.80944
0.20915	7.56756
0.20920	4.73928
0.20925	5.58012
0.20930	5.12148
0.20935	8.10264
0.20940	4.96860
0.20945	4.05132
0.20950	5.27436
0.20955	5.65656
0.20960	6.95604
0.20965	7.33824
0.20970	3.28692
0.20975	8.02620
0.20980	6.80316
0.20985	5.12148
0.20990	2.44608
