0.044403 -0.0250000004 0.0349699751 -0.0014494285 asynchronous_release_0
0.019228 -0.0250000004 -0.0349699751 0.0014494285 asynchronous_release_4
0.04067 -0.0250000004 -0.0309381646 -0.0163655116 asynchronous_release_0
0.035275 -0.0250000004 0.0263462752 -0.0230406984 asynchronous_release_0
0.035347 -0.0250000004 -0.00617287713 0.034451351 asynchronous_release_0
0.036668 -0.0250000004 -0.0207490603 0.0281864594 asynchronous_release_0
0.02187 -0.0250000004 0.0193223663 0.0291829773 asynchronous_release_1
0.026917 -0.0250000004 -0.029867995 -0.0182456261 asynchronous_release_0
0.033089 -0.0250000004 0.0342929102 -0.00699973652 asynchronous_release_4
0.038708 -0.0250000004 -0.0329984564 -0.0116662709 asynchronous_release_0
0.040518 -0.0250000004 0.000538020115 0.000842931999 asynchronous_release_0
0.003901 -0.0250000004 0.0252010806 -0.024287971 asynchronous_release_1
0.037836 -0.0250000004 0.000928768964 -0.000370659159 asynchronous_release_0
0.046662 -0.0250000004 0.0128024386 0.0325744926 asynchronous_release_0
0.036178 -0.0250000004 0.0329608157 -0.0117721974 asynchronous_release_3
0.046445 -0.0250000004 0.0303195154 -0.0174850503 asynchronous_release_0
0.009034 -0.0250000004 3.49637492e-07 0.000999999939 asynchronous_release_1
0.037887 -0.0250000004 -0.000242669404 0.000970109046 asynchronous_release_0
0.040939 -0.0250000004 -0.00642714327 0.0344048228 asynchronous_release_0
0.024889 -0.0250000004 -0.000956922496 0.000290343482 asynchronous_release_1
0.028123 -0.0250000004 0.0295412106 0.0187701059 asynchronous_release_3
0.047227 -0.0250000004 0.0008582861 0.000513171483 asynchronous_release_0
0.039835 -0.0250000004 0.0117278217 -0.0329766311 asynchronous_release_0
0.049922 -0.0250000004 0.0216659004 -0.0274879748 asynchronous_release_0
0.017554 -0.0250000004 0.0322979925 0.0134847944 asynchronous_release_0
0.033642 -0.0250000004 0.000991807977 -0.000127737763 asynchronous_release_1
0.026159 -0.0250000004 -0.0325189578 -0.0129428507 asynchronous_release_4
0.040448 -0.0250000004 0.0341549732 0.00764446226 asynchronous_release_0
0.045768 -0.0250000004 0.0100721564 0.0335194222 asynchronous_release_0
0.042109 -0.0250000004 0.0340647493 0.00803696784 asynchronous_release_3
0.011485 -0.0250000004 0.00929879134 0.0337421469 asynchronous_release_0
0.007208 -0.0250000004 0.0245721608 -0.024924063 asynchronous_release_1
0.013487 -0.0250000004 -0.0220334048 -0.0271942838 asynchronous_release_0
0.017548 -0.0250000004 -0.00270399495 0.0348953924 asynchronous_release_1
0.042007 -0.0250000004 -0.0336046823 0.00978393215 asynchronous_release_0
0.048442 -0.0250000004 -0.0342294941 0.00730354274 asynchronous_release_2
0.035826 -0.0250000004 -0.00060028349 0.000799787304 asynchronous_release_1
0.022993 -0.0250000004 0.0321914041 -0.0137373032 asynchronous_release_4
0.016555 -0.0250000004 0.0165677503 -0.0308303365 asynchronous_release_0
0.041678 -0.0250000004 0.022885686 0.026481038 asynchronous_release_0
0.047603 -0.0250000004 -0.0212193893 0.0278341071 asynchronous_release_0
0.031965 -0.0250000004 0.00581451186 0.0345136415 asynchronous_release_0
0.012165 -0.0250000004 0.0309897402 -0.0162676367 asynchronous_release_0
0.045638 -0.0250000004 0.00976300317 0.0336107686 asynchronous_release_0
0.017985 -0.0250000004 -0.022799179 -0.0265555538 asynchronous_release_0
0.04988 -0.0250000004 0.0260427831 0.0233831873 asynchronous_release_0
0.038944 -0.0250000004 0.0349460233 -0.00194305398 asynchronous_release_0
0.044661 -0.0250000004 -0.0349460233 0.00194305398 asynchronous_release_0
0.035079 -0.0250000004 0.0342618969 -0.0071499943 asynchronous_release_2
0.033488 -0.0250000004 -0.000722801896 0.000691055294 asynchronous_release_4
0.028497 -0.0250000004 -0.0158609992 0.031199819 asynchronous_release_0
0.036729 -0.0250000004 -0.0177679647 -0.0301545922 asynchronous_release_0
0.041973 -0.0250000004 -0.0169419483 0.0306263022 asynchronous_release_0
0.033395 -0.0250000004 -0.0042341624 -0.0347429398 asynchronous_release_0
0.040248 -0.0250000004 0.0194446497 0.0291016425 asynchronous_release_0
0.048265 -0.0250000004 -0.00806622432 -0.0340578335 asynchronous_release_1
0.032229 -0.0250000004 -0.0253608944 0.0241210497 asynchronous_release_1
0.043541 -0.0250000004 0.0126717365 0.0326255589 asynchronous_release_0
0.02898 -0.0250000004 0.00688791854 0.0343155443 asynchronous_release_2
0.016367 -0.0250000004 -0.0043759288 -0.0347253689 asynchronous_release_0
0.002508 -0.0250000004 0.0043759288 0.0347253689 asynchronous_release_2
0.049171 -0.0250000004 0.0120881409 0.0328462608 asynchronous_release_0
0.027704 -0.0250000004 0.000461628778 -0.000887073205 asynchronous_release_0
0.0281 -0.0250000004 -0.0341254571 -0.00777516411 asynchronous_release_4
0.012897 -0.0250000004 0.0349674987 -0.00150799115 asynchronous_release_0
0.031362 -0.0250000004 0.0162187559 0.0310153504 asynchronous_release_2
0.047374 -0.0250000004 0.000961504063 -0.000274790715 asynchronous_release_0
0.045496 -0.0250000004 0.00372257463 -0.0348014718 asynchronous_release_0
0.020515 -0.0250000004 0.0291916354 0.0193092833 asynchronous_release_4
0.04822 -0.0250000004 -0.0273496774 -0.0218402185 asynchronous_release_3
0.04112 -0.0250000004 0.00850613376 0.0339506361 asynchronous_release_4
0.011704 -0.0250000004 -0.0225746279 0.026746704 asynchronous_release_0
0.049117 -0.0250000004 0.0295534324 0.0187508569 asynchronous_release_0
0.045626 -0.0250000004 0.0127395499 0.0325991391 asynchronous_release_0
0.044083 -0.0250000004 -0.0346014575 -0.00526679569 asynchronous_release_1
0.042231 -0.0250000004 -0.0038212394 -0.0347907765 asynchronous_release_0
0.036271 -0.0250000004 -0.0293958347 -0.0189969709 asynchronous_release_0
0.045169 -0.0250000004 -0.0341311965 -0.00774993061 asynchronous_release_0
0.029677 -0.0250000004 -0.0280897602 0.0208797838 asynchronous_release_0
0.038075 -0.0250000004 0.0293506407 0.019066722 asynchronous_release_2
0.008681 -0.0250000004 0.0190347589 -0.0293713798 asynchronous_release_0
0.007561 -0.0250000004 -0.0329325973 -0.0118509087 asynchronous_release_4
0.021926 -0.0250000004 0.00198227311 0.0349438205 asynchronous_release_2
0.030703 -0.0250000004 0.000908353643 0.000418202892 asynchronous_release_1
0.048368 -0.0250000004 0.0343751413 0.0065840458 asynchronous_release_0
0.00752 -0.0250000004 -0.034647891 -0.00495213558 asynchronous_release_0
0.048946 -0.0250000004 0.000215121561 0.000976587279 asynchronous_release_0
0.030803 -0.0250000004 -0.0256830598 -0.0237777299 asynchronous_release_0
0.04637 -0.0250000004 -0.000836528592 0.000547923275 asynchronous_release_0
0.02923 -0.0250000004 0.00990297015 -0.0335697957 asynchronous_release_4
0.04601 -0.0250000004 -0.0135446698 -0.0322729286 asynchronous_release_0
0.040201 -0.0250000004 -0.0160610527 -0.0310973083 asynchronous_release_0
0.047744 -0.0250000004 -0.000650466034 -0.000759535344 asynchronous_release_0
0.047505 -0.0250000004 0.0209902335 -0.0280073222 asynchronous_release_1
0.039507 -0.0250000004 0.0200995242 -0.0286532568 asynchronous_release_3
0.046263 -0.0250000004 -0.0137622056 -0.032180766 asynchronous_release_0
0.022327 -0.0250000004 -0.0308522546 -0.0165268988 asynchronous_release_3
0.036763 -0.0250000004 0.034932697 0.00216948818 asynchronous_release_0
