0.000000 0.086646
0.000050 0.085668
0.000100 0.083463
0.000150 0.094971
0.000200 0.114057
0.000250 0.097659
0.000300 0.114800
0.000350 0.092760
0.000400 0.110149
0.000450 0.108917
0.000500 0.089823
0.000550 0.084451
0.000600 0.103291
0.000650 0.136089
0.000700 0.076601
0.000750 0.112111
0.000800 0.115769
0.000850 0.106221
0.000900 0.104528
0.000950 0.094966
0.001000 0.101088
0.001050 0.137056
0.001100 0.183098
0.001150 0.171330
0.001200 0.200938
0.001250 0.252606
0.001300 0.303740
0.001350 0.405332
0.001400 0.519870
0.001450 0.657442
0.001500 1.035111
0.001550 1.432345
0.001600 1.908911
0.001650 2.790081
0.001700 4.107602
0.001750 5.433034
0.001800 6.804916
0.001850 9.126498
0.001900 11.383682
0.001950 13.744460
0.002000 16.144122
0.002050 17.737036
0.002100 20.357216
0.002150 21.111602
0.002200 21.630479
0.002250 22.168741
0.002300 21.423406
0.002350 20.173414
0.002400 18.655363
0.002450 16.812091
0.002500 14.996674
0.002550 13.866576
0.002600 12.171855
0.002650 10.684173
0.002700 9.699482
0.002750 8.985530
0.002800 7.697537
0.002850 7.055303
0.002900 6.336197
0.002950 5.846663
0.003000 5.558339
0.003050 5.102847
0.003100 4.721236
0.003150 4.411878
0.003200 4.325425
0.003250 3.571649
0.003300 3.487135
0.003350 3.402203
0.003400 3.228687
0.003450 3.127811
0.003500 2.976112
0.003550 2.822850
0.003600 2.634103
0.003650 2.535531
0.003700 2.506154
0.003750 2.398156
0.003800 2.208983
0.003850 2.220969
0.003900 2.186237
0.003950 2.256955
0.004000 2.053395
0.004050 2.017817
0.004100 1.826894
0.004150 1.958330
0.004200 1.911124
0.004250 1.869496
0.004300 1.730215
0.004350 1.799553
0.004400 1.653130
0.004450 1.790426
0.004500 1.581883
0.004550 1.556721
0.004600 1.541483
0.004650 1.625735
0.004700 1.569958
0.004750 1.617168
0.004800 1.427679
0.004850 1.417393
0.004900 1.225799
0.004950 1.469101
0.005000 1.457544
0.005050 1.389560
0.005100 1.365774
0.005150 1.397374
0.005200 1.418618
0.005250 1.299478
0.005300 1.369159
0.005350 1.227193
0.005400 1.309020
0.005450 1.407670
0.005500 1.260545
0.005550 1.333405
0.005600 1.291130
0.005650 1.231896
0.005700 1.341054
0.005750 1.240044
0.005800 1.239948
0.005850 1.306266
0.005900 1.217724
0.005950 1.201818
0.006000 1.242370
0.006050 1.269606
0.006100 1.179575
0.006150 1.140765
0.006200 1.090989
0.006250 1.071093
0.006300 1.185280
0.006350 1.021754
0.006400 1.091589
0.006450 1.211529
0.006500 1.211817
0.006550 1.052781
0.006600 1.120053
0.006650 1.128803
0.006700 1.177651
0.006750 1.092041
0.006800 1.083873
0.006850 1.082023
0.006900 1.043426
0.006950 1.068922
0.007000 1.074051
0.007050 1.097247
0.007100 0.969825
0.007150 1.023057
0.007200 1.006960
0.007250 1.156820
0.007300 0.961350
0.007350 0.891162
0.007400 0.990409
0.007450 1.076159
0.007500 1.064930
0.007550 1.059882
0.007600 1.117318
0.007650 1.108728
0.007700 1.072652
0.007750 1.064998
0.007800 1.044893
0.007850 1.057829
0.007900 1.014485
0.007950 1.010225
0.008000 0.902904
0.008050 1.012492
0.008100 0.923841
0.008150 0.968715
0.008200 0.867423
0.008250 0.871199
0.008300 0.857190
0.008350 0.876700
0.008400 0.998290
0.008450 1.065236
0.008500 0.888090
0.008550 1.033348
0.008600 0.943898
0.008650 1.022100
0.008700 0.987109
0.008750 0.954569
0.008800 0.861351
0.008850 0.828551
0.008900 0.966743
0.008950 0.957191
0.009000 0.920717
0.009050 0.812859
0.009100 0.881299
0.009150 0.898817
0.009200 0.933463
0.009250 1.041207
0.009300 0.913555
0.009350 0.903567
0.009400 0.874112
0.009450 0.829714
0.009500 0.898795
0.009550 0.965851
0.009600 0.805772
0.009650 0.876512
0.009700 0.836555
0.009750 0.743381
0.009800 0.868952
0.009850 0.794408
0.009900 0.794858
0.009950 0.789826
0.010000 0.835878
0.010050 0.848378
0.010100 0.926721
0.010150 0.786799
0.010200 0.812574
0.010250 0.816146
0.010300 0.862690
0.010350 0.827606
0.010400 0.766990
0.010450 0.873348
0.010500 0.741587
0.010550 0.781407
0.010600 0.792448
0.010650 0.811818
0.010700 0.864820
0.010750 0.928958
0.010800 0.736208
0.010850 0.757272
0.010900 0.729814
0.010950 0.770638
0.011000 0.766289
0.011050 0.717489
0.011100 0.674055
0.011150 0.785499
0.011200 0.864243
0.011250 0.828541
0.011300 0.818674
0.011350 0.843994
0.011400 0.709322
0.011450 0.773874
0.011500 0.791431
0.011550 0.790625
0.011600 0.663486
0.011650 0.803770
0.011700 0.807878
0.011750 0.763374
0.011800 0.793144
0.011850 0.680440
0.011900 0.812189
0.011950 0.766023
0.012000 0.664266
0.012050 0.701538
0.012100 0.792189
0.012150 0.869743
0.012200 0.768834
0.012250 0.743600
0.012300 0.714273
0.012350 0.733613
0.012400 0.703057
0.012450 0.709297
0.012500 0.715526
0.012550 0.793812
0.012600 0.726956
0.012650 0.798396
0.012700 0.719875
0.012750 0.693825
0.012800 0.693836
0.012850 0.661750
0.012900 0.785878
0.012950 0.805776
0.013000 0.754790
0.013050 0.705188
0.013100 0.653053
0.013150 0.733257
0.013200 0.744292
0.013250 0.750002
0.013300 0.737220
0.013350 0.816082
0.013400 0.685600
0.013450 0.683386
0.013500 0.744152
0.013550 0.770634
0.013600 0.615715
0.013650 0.718967
0.013700 0.711007
0.013750 0.683487
0.013800 0.738336
0.013850 0.671860
0.013900 0.656120
0.013950 0.703332
0.014000 0.666871
0.014050 0.656927
0.014100 0.691426
0.014150 0.675288
0.014200 0.695003
0.014250 0.611507
0.014300 0.890301
0.014350 0.623197
0.014400 0.679108
0.014450 0.601442
0.014500 0.681675
0.014550 0.699483
0.014600 0.679196
0.014650 0.678502
0.014700 0.604154
0.014750 0.652880
0.014800 0.635381
0.014850 0.676215
0.014900 0.662247
0.014950 0.703737
0.015000 0.750857
0.015050 0.673815
0.015100 0.651547
0.015150 0.572609
0.015200 0.661347
0.015250 0.629575
0.015300 0.706569
0.015350 0.682769
0.015400 0.639667
0.015450 0.646765
0.015500 0.626343
0.015550 0.669773
0.015600 0.609481
0.015650 0.629081
0.015700 0.633522
0.015750 0.665900
0.015800 0.610545
0.015850 0.676543
0.015900 0.672112
0.015950 0.647240
0.016000 0.728145
0.016050 0.694611
0.016100 0.666654
0.016150 0.662814
0.016200 0.640166
0.016250 0.703450
0.016300 0.608472
0.016350 0.622248
0.016400 0.681301
0.016450 0.570359
0.016500 0.593529
0.016550 0.564531
0.016600 0.646236
0.016650 0.562088
0.016700 0.659496
0.016750 0.657388
0.016800 0.616576
0.016850 0.506856
0.016900 0.570818
0.016950 0.597002
0.017000 0.637470
0.017050 0.581578
0.017100 0.578428
0.017150 0.640680
0.017200 0.748739
0.017250 0.620447
0.017300 0.566401
0.017350 0.603477
0.017400 0.656296
0.017450 0.592384
0.017500 0.540622
0.017550 0.622594
0.017600 0.647086
0.017650 0.606004
0.017700 0.600134
0.017750 0.609228
0.017800 0.598825
0.017850 0.618467
0.017900 0.679260
0.017950 0.595180
0.018000 0.635361
0.018050 0.568059
0.018100 0.656709
0.018150 0.654059
0.018200 0.616037
0.018250 0.545183
0.018300 0.591244
0.018350 0.606828
0.018400 0.589385
0.018450 0.625875
0.018500 0.595194
0.018550 0.592218
0.018600 0.584423
0.018650 0.536975
0.018700 0.676325
0.018750 0.517925
0.018800 0.575462
0.018850 0.576812
0.018900 0.678660
0.018950 0.669266
0.019000 0.576787
0.019050 0.612361
0.019100 0.441445
0.019150 0.571447
0.019200 0.541975
0.019250 0.556713
0.019300 0.562715
0.019350 0.660769
0.019400 0.570576
0.019450 0.634952
0.019500 0.578661
0.019550 0.604303
0.019600 0.575561
0.019650 0.545857
0.019700 0.617883
0.019750 0.504383
0.019800 0.615563
0.019850 0.666339
0.019900 0.538390
0.019950 0.523120
0.020000 0.704672
0.020050 0.564018
0.020100 0.559373
0.020150 0.530497
0.020200 0.597840
0.020250 0.602796
0.020300 0.517069
0.020350 0.587423
0.020400 0.548726
0.020450 0.533566
0.020500 0.590673
0.020550 0.544827
0.020600 0.541639
0.020650 0.643211
0.020700 0.569185
0.020750 0.582853
0.020800 0.540364
0.020850 0.538572
0.020900 0.579545
0.020950 0.621691
0.021000 0.692804
0.021050 0.624356
0.021100 0.799526
0.021150 0.945870
0.021200 1.050354
0.021250 1.219074
0.021300 1.440243
0.021350 1.596213
0.021400 2.007681
0.021450 2.616389
0.021500 3.371994
0.021550 4.528972
0.021600 5.717312
0.021650 7.823024
0.021700 9.762638
0.021750 12.373794
0.021800 14.764497
0.021850 17.217705
0.021900 20.110943
0.021950 23.504391
0.022000 26.083831
0.022050 27.554375
0.022100 29.289324
0.022150 29.986066
0.022200 30.191399
0.022250 30.118519
0.022300 30.035808
0.022350 28.535574
0.022400 27.238635
0.022450 24.800949
0.022500 22.500065
0.022550 21.151851
0.022600 18.744952
0.022650 17.203236
0.022700 16.198226
0.022750 14.725150
0.022800 13.592053
0.022850 12.350411
0.022900 11.639190
0.022950 11.243666
0.023000 10.589455
0.023050 10.127097
0.023100 9.122585
0.023150 8.456575
0.023200 8.197143
0.023250 7.703813
0.023300 7.448598
0.023350 7.134982
0.023400 6.936011
0.023450 6.396781
0.023500 6.043812
0.023550 5.765908
0.023600 5.557103
0.023650 5.642199
0.023700 5.258463
0.023750 5.052159
0.023800 4.545891
0.023850 4.484269
0.023900 4.679441
0.023950 4.414515
0.024000 4.342212
0.024050 4.199530
0.024100 3.964637
0.024150 3.913625
0.024200 3.871971
0.024250 3.718255
0.024300 3.610806
0.024350 3.656884
0.024400 3.588314
0.024450 3.298316
0.024500 3.057100
0.024550 3.134202
0.024600 3.275369
0.024650 3.122473
0.024700 3.195351
0.024750 2.915515
0.024800 2.903355
0.024850 2.891621
0.024900 2.920736
0.024950 2.762528
0.025000 2.845856
0.025050 2.867440
0.025100 2.666830
0.025150 2.534074
0.025200 2.670205
0.025250 2.586539
0.025300 2.639274
0.025350 2.434266
0.025400 2.456087
0.025450 2.639719
0.025500 2.506090
0.025550 2.513508
0.025600 2.419406
0.025650 2.610034
0.025700 2.278547
0.025750 2.437917
0.025800 2.422966
0.025850 2.355104
0.025900 2.191884
0.025950 2.403174
0.026000 2.339570
0.026050 2.385232
0.026100 2.109002
0.026150 2.182804
0.026200 2.114247
0.026250 2.329355
0.026300 2.305923
0.026350 2.281843
0.026400 2.085186
0.026450 2.148188
0.026500 2.047486
0.026550 2.004220
0.026600 2.072659
0.026650 2.083831
0.026700 2.099364
0.026750 2.175570
0.026800 1.950426
0.026850 1.914492
0.026900 1.902633
0.026950 2.082429
0.027000 2.000860
0.027050 2.038096
0.027100 2.020171
0.027150 1.918933
0.027200 1.964305
0.027250 1.842871
0.027300 2.022733
0.027350 1.937275
0.027400 1.973794
0.027450 1.998982
0.027500 1.906963
0.027550 1.893949
0.027600 1.722173
0.027650 1.708483
0.027700 1.711947
0.027750 1.939521
0.027800 1.732772
0.027850 1.896556
0.027900 1.816960
0.027950 1.837756
0.028000 1.899076
0.028050 1.708968
0.028100 1.877621
0.028150 1.970491
0.028200 1.901719
0.028250 1.802035
0.028300 1.740397
0.028350 1.727301
0.028400 1.893392
0.028450 1.813000
0.028500 1.733345
0.028550 1.869507
0.028600 1.617910
0.028650 1.756482
0.028700 1.627851
0.028750 1.694985
0.028800 1.607855
0.028850 1.745713
0.028900 1.703082
0.028950 1.794230
0.029000 1.605828
0.029050 1.833766
0.029100 1.686866
0.029150 1.586532
0.029200 1.757728
0.029250 1.726482
0.029300 1.608806
0.029350 1.570516
0.029400 1.641017
0.029450 1.709539
0.029500 1.650183
0.029550 1.644417
0.029600 1.682524
0.029650 1.573532
0.029700 1.593124
0.029750 1.674820
0.029800 1.576057
0.029850 1.631101
0.029900 1.476193
0.029950 1.516729
0.030000 1.578525
0.030050 1.569013
0.030100 1.613141
0.030150 1.485369
0.030200 1.570547
0.030250 1.531939
0.030300 1.626093
0.030350 1.674525
0.030400 1.631865
0.030450 1.680513
0.030500 1.588278
0.030550 1.623516
0.030600 1.650364
0.030650 1.536756
0.030700 1.420766
0.030750 1.388622
0.030800 1.574761
0.030850 1.481873
0.030900 1.423217
0.030950 1.581917
0.031000 1.463198
0.031050 1.386220
0.031100 1.573666
0.031150 1.415092
0.031200 1.553899
0.031250 1.470537
0.031300 1.359833
0.031350 1.520543
0.031400 1.587692
0.031450 1.447280
0.031500 1.419166
0.031550 1.418114
0.031600 1.557603
0.031650 1.417545
0.031700 1.370187
0.031750 1.330257
0.031800 1.460238
0.031850 1.432628
0.031900 1.397239
0.031950 1.366823
0.032000 1.508713
0.032050 1.480515
0.032100 1.378258
0.032150 1.475182
0.032200 1.361017
0.032250 1.505385
0.032300 1.379997
0.032350 1.462053
0.032400 1.347212
0.032450 1.312458
0.032500 1.371307
0.032550 1.442183
0.032600 1.308362
0.032650 1.294934
0.032700 1.316834
0.032750 1.372966
0.032800 1.458282
0.032850 1.370952
0.032900 1.320804
0.032950 1.378026
0.033000 1.376698
0.033050 1.401862
0.033100 1.251463
0.033150 1.492161
0.033200 1.426736
0.033250 1.301758
0.033300 1.438365
0.033350 1.401257
0.033400 1.266325
0.033450 1.323765
0.033500 1.375442
0.033550 1.369576
0.033600 1.332743
0.033650 1.308569
0.033700 1.361930
0.033750 1.224238
0.033800 1.268065
0.033850 1.184641
0.033900 1.303208
0.033950 1.264558
0.034000 1.259124
0.034050 1.417364
0.034100 1.327706
0.034150 1.286918
0.034200 1.350773
0.034250 1.342209
0.034300 1.363165
0.034350 1.304421
0.034400 1.383926
0.034450 1.304404
0.034500 1.268085
0.034550 1.290445
0.034600 1.372517
0.034650 1.339063
0.034700 1.265170
0.034750 1.357318
0.034800 1.333481
0.034850 1.301879
0.034900 1.365920
0.034950 1.398052
0.035000 1.340609
0.035050 1.155873
0.035100 1.235394
0.035150 1.331464
0.035200 1.304585
0.035250 1.276901
0.035300 1.319815
0.035350 1.212123
0.035400 1.145112
0.035450 1.219124
0.035500 1.171885
0.035550 1.156503
0.035600 1.325740
0.035650 1.277222
0.035700 1.207065
0.035750 1.240449
0.035800 1.239573
0.035850 1.306919
0.035900 1.217101
0.035950 1.206843
0.036000 1.233329
0.036050 1.058503
0.036100 1.233621
0.036150 1.244411
0.036200 1.239311
0.036250 1.348187
0.036300 1.245244
0.036350 1.245994
0.036400 1.221247
0.036450 1.132903
0.036500 1.281055
0.036550 1.154599
0.036600 1.213088
0.036650 1.187422
0.036700 1.176366
0.036750 1.285984
0.036800 1.284040
0.036850 1.264390
0.036900 1.301577
0.036950 1.261229
0.037000 1.290385
0.037050 1.157917
0.037100 1.218107
0.037150 1.268883
0.037200 1.099358
0.037250 1.201454
0.037300 1.133660
0.037350 1.192768
0.037400 1.127045
0.037450 1.259823
0.037500 1.229429
0.037550 1.156063
0.037600 1.124586
0.037650 1.109586
0.037700 1.117191
0.037750 1.234461
0.037800 1.131924
0.037850 1.119196
0.037900 1.164875
0.037950 1.086869
0.038000 1.175228
0.038050 1.277666
0.038100 1.170696
0.038150 1.143538
0.038200 1.227212
0.038250 1.142708
0.038300 1.211286
0.038350 1.177234
0.038400 1.098460
0.038450 1.114872
0.038500 1.126736
0.038550 1.120132
0.038600 1.149847
0.038650 1.143313
0.038700 1.239842
0.038750 1.189318
0.038800 1.059357
0.038850 1.235439
0.038900 1.114636
0.038950 1.067480
0.039000 1.084979
0.039050 1.151825
0.039100 1.088963
0.039150 1.059585
0.039200 1.121953
0.039250 1.106759
0.039300 1.083650
0.039350 1.014762
0.039400 1.130251
0.039450 1.098463
0.039500 1.105326
0.039550 1.025108
0.039600 1.116680
0.039650 1.095070
0.039700 1.186281
0.039750 1.067705
0.039800 1.222065
0.039850 1.071385
0.039900 1.003246
0.039950 1.106864
0.040000 1.223700
0.040050 1.166150
0.040100 1.020869
0.040150 1.168517
0.040200 1.018879
0.040250 1.162079
0.040300 1.113759
0.040350 1.081431
0.040400 1.087827
0.040450 1.018119
0.040500 1.026021
0.040550 0.995801
0.040600 0.974425
0.040650 1.062873
0.040700 1.140250
0.040750 0.985364
0.040800 1.116687
0.040850 1.115989
0.040900 1.098101
0.040950 1.008819
0.041000 1.032520
0.041050 1.205102
0.041100 1.043365
0.041150 1.081281
0.041200 1.111097
0.041250 1.098081
0.041300 1.107358
0.041350 1.100120
0.041400 1.029034
0.041450 1.115402
0.041500 1.122318
0.041550 1.050230
0.041600 1.039535
0.041650 0.964595
0.041700 1.103157
0.041750 1.019853
0.041800 1.059300
0.041850 0.974876
0.041900 1.116691
0.041950 1.014585
0.042000 0.988656
0.042050 1.051056
0.042100 0.855732
0.042150 1.070752
0.042200 1.066004
0.042250 1.132314
0.042300 1.073514
0.042350 1.064548
0.042400 0.987641
0.042450 1.056673
0.042500 1.127662
0.042550 0.925420
0.042600 0.960463
0.042650 1.081895
0.042700 1.024215
0.042750 0.958639
0.042800 1.062530
0.042850 0.940284
0.042900 1.223069
0.042950 1.075993
0.043000 1.079949
0.043050 0.991695
0.043100 1.022238
0.043150 1.031298
0.043200 1.005800
0.043250 1.008802
0.043300 1.082919
0.043350 1.006271
0.043400 0.964997
0.043450 1.048001
0.043500 0.976264
0.043550 0.886850
0.043600 0.973485
0.043650 0.987013
0.043700 0.992723
0.043750 1.000215
0.043800 0.932321
0.043850 0.989759
0.043900 1.038614
0.043950 0.969726
0.044000 0.992237
0.044050 1.011307
0.044100 0.924492
0.044150 1.030988
0.044200 0.969706
0.044250 0.953412
0.044300 0.977875
0.044350 0.942047
0.044400 0.988785
0.044450 0.960931
0.044500 0.972197
0.044550 1.033463
0.044600 0.944921
0.044650 0.977675
0.044700 0.989964
0.044750 1.082944
0.044800 0.967244
0.044850 0.972396
0.044900 1.098940
0.044950 1.002716
0.045000 0.962042
0.045050 0.947400
0.045100 0.917368
0.045150 1.077990
0.045200 0.921500
0.045250 0.975598
0.045300 0.893835
0.045350 0.862659
0.045400 1.004100
0.045450 0.948548
0.045500 0.947482
0.045550 0.974694
0.045600 0.865055
0.045650 0.857433
0.045700 1.051096
0.045750 0.938544
0.045800 0.886154
0.045850 0.924484
0.045900 1.028198
0.045950 0.989660
0.046000 1.034816
0.046050 0.967644
0.046100 1.015637
0.046150 0.947371
0.046200 0.934392
0.046250 0.906564
0.046300 0.864750
0.046350 0.893338
0.046400 0.801258
0.046450 0.906050
0.046500 1.004673
0.046550 0.972211
0.046600 0.906065
0.046650 1.040525
0.046700 0.910821
0.046750 0.911749
0.046800 1.062609
0.046850 1.012291
0.046900 1.019099
0.046950 1.030637
0.047000 0.989524
0.047050 0.939810
0.047100 0.888060
0.047150 0.914506
0.047200 0.877730
0.047250 0.907066
0.047300 0.899571
0.047350 0.930929
0.047400 0.944364
0.047450 0.909400
0.047500 1.014131
0.047550 0.937369
0.047600 0.888010
0.047650 0.997822
0.047700 0.934178
0.047750 0.914318
0.047800 0.961394
0.047850 0.948272
0.047900 0.868946
0.047950 0.869060
0.048000 0.898974
0.048050 0.971318
0.048100 0.900409
0.048150 0.893875
0.048200 0.938474
0.048250 0.847014
0.048300 0.968018
0.048350 0.822238
0.048400 0.941520
0.048450 0.868150
0.048500 0.955747
0.048550 0.920179
0.048600 0.958457
0.048650 0.890695
0.048700 0.891957
0.048750 0.844431
0.048800 0.978489
0.048850 0.935949
0.048900 0.982375
0.048950 0.880971
0.049000 0.902870
0.049050 0.861996
0.049100 0.994996
0.049150 1.008362
0.049200 0.907516
0.049250 0.931592
0.049300 1.012008
0.049350 0.873340
0.049400 0.900410
0.049450 0.930540
0.049500 0.971670
0.049550 0.932580
0.049600 0.877491
0.049650 0.862997
0.049700 0.904187
0.049750 0.901685
0.049800 0.821417
0.049850 0.900595
0.049900 0.914085
