0.000000 0.074076
0.000050 0.067152
0.000100 0.078231
0.000150 0.052613
0.000200 0.078923
0.000250 0.059537
0.000300 0.109379
0.000350 0.087233
0.000400 0.053996
0.000450 0.078920
0.000500 0.137773
0.000550 0.123231
0.000600 0.080302
0.000650 0.076154
0.000700 0.093465
0.000750 0.095527
0.000800 0.093456
0.000850 0.072014
0.000900 0.098990
0.000950 0.094148
0.001000 0.188996
0.001050 0.126012
0.001100 0.119056
0.001150 0.159248
0.001200 0.119068
0.001250 0.142616
0.001300 0.240918
0.001350 0.181386
0.001400 0.281762
0.001450 0.294208
0.001500 0.339922
0.001550 0.524088
0.001600 0.602972
0.001650 0.675000
0.001700 1.060578
0.001750 1.006626
0.001800 1.423335
0.001850 1.626891
0.001900 1.979268
0.001950 2.308810
0.002000 2.663274
0.002050 2.849486
0.002100 3.012870
0.002150 3.416478
0.002200 3.617937
0.002250 3.172089
0.002300 3.104268
0.002350 2.962326
0.002400 2.815601
0.002450 2.491541
0.002500 2.078969
0.002550 1.834617
0.002600 1.496024
0.002650 1.398460
0.002700 1.152640
0.002750 1.107668
0.002800 1.021158
0.002850 1.044670
0.002900 0.862627
0.002950 0.835597
0.003000 0.887493
0.003050 0.897211
0.003100 0.705485
0.003150 0.726175
0.003200 0.693686
0.003250 0.675678
0.003300 0.676382
0.003350 0.728290
0.003400 0.620283
0.003450 0.591227
0.003500 0.545563
0.003550 0.522003
0.003600 0.624424
0.003650 0.697846
0.003700 0.709624
0.003750 0.600890
0.003800 0.560074
0.003850 0.590526
0.003900 0.624471
0.003950 0.658329
0.004000 0.521349
0.004050 0.614691
0.004100 0.562881
0.004150 0.513639
0.004200 0.540690
0.004250 0.556620
0.004300 0.523356
0.004350 0.438950
0.004400 0.388338
0.004450 0.537226
0.004500 0.387672
0.004550 0.520000
0.004600 0.451352
0.004650 0.380718
0.004700 0.486698
0.004750 0.508204
0.004800 0.422261
0.004850 0.454113
0.004900 0.466603
0.004950 0.389099
0.005000 0.452802
0.005050 0.376564
0.005100 0.422304
0.005150 0.508102
0.005200 0.503348
0.005250 0.465864
0.005300 0.413995
0.005350 0.473597
0.005400 0.324680
0.005450 0.474874
0.005500 0.402954
0.005550 0.456920
0.005600 0.483923
0.005650 0.508829
0.005700 0.344084
0.005750 0.400084
0.005800 0.357219
0.005850 0.454189
0.005900 0.377322
0.005950 0.385646
0.006000 0.442978
0.006050 0.456986
0.006100 0.420171
0.006150 0.423741
0.006200 0.454774
0.006250 0.439676
0.006300 0.542055
0.006350 0.318387
0.006400 0.389859
0.006450 0.429213
0.006500 0.310038
0.006550 0.443790
0.006600 0.391865
0.006650 0.441641
0.006700 0.441746
0.006750 0.425760
0.006800 0.385535
0.006850 0.469411
0.006900 0.423024
0.006950 0.368990
0.007000 0.420199
0.007050 0.434117
0.007100 0.411948
0.007150 0.428416
0.007200 0.441105
0.007250 0.372373
0.007300 0.436217
0.007350 0.420201
0.007400 0.445203
0.007450 0.431931
0.007500 0.400791
0.007550 0.347515
0.007600 0.413978
0.007650 0.404368
0.007700 0.461133
0.007750 0.422189
0.007800 0.346910
0.007850 0.487978
0.007900 0.440367
0.007950 0.407741
0.008000 0.313699
0.008050 0.531597
0.008100 0.466568
0.008150 0.436288
0.008200 0.438828
0.008250 0.393988
0.008300 0.388299
0.008350 0.408437
0.008400 0.426457
0.008450 0.375999
0.008500 0.359924
0.008550 0.474172
0.008600 0.543589
0.008650 0.253369
0.008700 0.347541
0.008750 0.339213
0.008800 0.386910
0.008850 0.296278
0.008900 0.314968
0.008950 0.396136
0.009000 0.443784
0.009050 0.359224
0.009100 0.449351
0.009150 0.323333
0.009200 0.474088
0.009250 0.348342
0.009300 0.379358
0.009350 0.373696
0.009400 0.367608
0.009450 0.391296
0.009500 0.390380
0.009550 0.309424
0.009600 0.304055
0.009650 0.336289
0.009700 0.319152
0.009750 0.374512
0.009800 0.394715
0.009850 0.361407
0.009900 0.266535
0.009950 0.429871
0.010000 0.306068
0.010050 0.419410
0.010100 0.398064
0.010150 0.292994
0.010200 0.334214
0.010250 0.357336
0.010300 0.347506
0.010350 0.392480
0.010400 0.287240
0.010450 0.494468
0.010500 0.352329
0.010550 0.429299
0.010600 0.388963
0.010650 0.338451
0.010700 0.370463
0.010750 0.415483
0.010800 0.328136
0.010850 0.254646
0.010900 0.393922
0.010950 0.400068
0.011000 0.368310
0.011050 0.412068
0.011100 0.351634
0.011150 0.360072
0.011200 0.341201
0.011250 0.397363
0.011300 0.358732
0.011350 0.323260
0.011400 0.337040
0.011450 0.389210
0.011500 0.427073
0.011550 0.404897
0.011600 0.385713
0.011650 0.510211
0.011700 0.327536
0.011750 0.340540
0.011800 0.360609
0.011850 0.312889
0.011900 0.304025
0.011950 0.298437
0.012000 0.309436
0.012050 0.374566
0.012100 0.342601
0.012150 0.275613
0.012200 0.278139
0.012250 0.274821
0.012300 0.380171
0.012350 0.361341
0.012400 0.389113
0.012450 0.409739
0.012500 0.275009
0.012550 0.314831
0.012600 0.319228
0.012650 0.404218
0.012700 0.321424
0.012750 0.326758
0.012800 0.368156
0.012850 0.396642
0.012900 0.337157
0.012950 0.248657
0.013000 0.348902
0.013050 0.285266
0.013100 0.310076
0.013150 0.355784
0.013200 0.342142
0.013250 0.318254
0.013300 0.415599
0.013350 0.390241
0.013400 0.274226
0.013450 0.294360
0.013500 0.326664
0.013550 0.380834
0.013600 0.339250
0.013650 0.351474
0.013700 0.291523
0.013750 0.331673
0.013800 0.373941
0.013850 0.307985
0.013900 0.274252
0.013950 0.395294
0.014000 0.383335
0.014050 0.306681
0.014100 0.328273
0.014150 0.348123
0.014200 0.319178
0.014250 0.314252
0.014300 0.311586
0.014350 0.412588
0.014400 0.262361
0.014450 0.259643
0.014500 0.284561
0.014550 0.361439
0.014600 0.328663
0.014650 0.402285
0.014700 0.368407
0.014750 0.364089
0.014800 0.379340
0.014850 0.333666
0.014900 0.286047
0.014950 0.297063
0.015000 0.302486
0.015050 0.354486
0.015100 0.287332
0.015150 0.287924
0.015200 0.399252
0.015250 0.349204
0.015300 0.308497
0.015350 0.257547
0.015400 0.336512
0.015450 0.263120
0.015500 0.290104
0.015550 0.354492
0.015600 0.365364
0.015650 0.380118
0.015700 0.336432
0.015750 0.258842
0.015800 0.331101
0.015850 0.340459
0.015900 0.303342
0.015950 0.287326
0.016000 0.270530
0.016050 0.368544
0.016100 0.269809
0.016150 0.351929
0.016200 0.278173
0.016250 0.303175
0.016300 0.295066
0.016350 0.339702
0.016400 0.425883
0.016450 0.323109
0.016500 0.336579
0.016550 0.341881
0.016600 0.248672
0.016650 0.260844
0.016700 0.340139
0.016750 0.305245
0.016800 0.350254
0.016850 0.384182
0.016900 0.200103
0.016950 0.340121
0.017000 0.232460
0.017050 0.371810
0.017100 0.360790
0.017150 0.391648
0.017200 0.210607
0.017250 0.279539
0.017300 0.322711
0.017350 0.309543
0.017400 0.326633
0.017450 0.293479
0.017500 0.305328
0.017550 0.306024
0.017600 0.280260
0.017650 0.278358
0.017700 0.343545
0.017750 0.321717
0.017800 0.389319
0.017850 0.291385
0.017900 0.272692
0.017950 0.261772
0.018000 0.325137
0.018050 0.293109
0.018100 0.381339
0.018150 0.307235
0.018200 0.432910
0.018250 0.332340
0.018300 0.297008
0.018350 0.348610
0.018400 0.396951
0.018450 0.319891
0.018500 0.346090
0.018550 0.298108
0.018600 0.270260
0.018650 0.352900
0.018700 0.276837
0.018750 0.300563
0.018800 0.351631
0.018850 0.252669
0.018900 0.241234
0.018950 0.302298
0.019000 0.327659
0.019050 0.330689
0.019100 0.374730
0.019150 0.236722
0.019200 0.326715
0.019250 0.276915
0.019300 0.296394
0.019350 0.324568
0.019400 0.231988
0.019450 0.324730
0.019500 0.320445
0.019550 0.388261
0.019600 0.297044
0.019650 0.294178
0.019700 0.201632
0.019750 0.336486
0.019800 0.297692
0.019850 0.292838
0.019900 0.254039
0.019950 0.333755
0.020000 0.262098
0.020050 0.256240
0.020100 0.241480
0.020150 0.277118
0.020200 0.266454
0.020250 0.288198
0.020300 0.318250
0.020350 0.313850
0.020400 0.374863
0.020450 0.324809
0.020500 0.244389
0.020550 0.342195
0.020600 0.296171
0.020650 0.310261
0.020700 0.384219
0.020750 0.334749
0.020800 0.265326
0.020850 0.317882
0.020900 0.272776
0.020950 0.304632
0.021000 0.359877
0.021050 0.261069
0.021100 0.380676
0.021150 0.415490
0.021200 0.360028
0.021250 0.382134
0.021300 0.444110
0.021350 0.483412
0.021400 0.566319
0.021450 0.758165
0.021500 0.748345
0.021550 1.088367
0.021600 1.028484
0.021650 1.385240
0.021700 1.870594
0.021750 2.141266
0.021800 2.466633
0.021850 3.200645
0.021900 3.764900
0.021950 4.089166
0.022000 4.556220
0.022050 4.966228
0.022100 5.569827
0.022150 5.838161
0.022200 5.534104
0.022250 5.567242
0.022300 5.592406
0.022350 5.071924
0.022400 4.899373
0.022450 4.036135
0.022500 4.195294
0.022550 3.306770
0.022600 3.310089
0.022650 2.979661
0.022700 2.813956
0.022750 2.329258
0.022800 2.098142
0.022850 2.083926
0.022900 2.098033
0.022950 1.837571
0.023000 1.931722
0.023050 1.705362
0.023100 1.598802
0.023150 1.426562
0.023200 1.415932
0.023250 1.661046
0.023300 1.603233
0.023350 1.602585
0.023400 1.462145
0.023450 1.366371
0.023500 1.357099
0.023550 1.254293
0.023600 1.294134
0.023650 1.200544
0.023700 1.135795
0.023750 1.116795
0.023800 1.096709
0.023850 1.166349
0.023900 1.052479
0.023950 1.088123
0.024000 1.198535
0.024050 1.125983
0.024100 1.013843
0.024150 1.005055
0.024200 0.984564
0.024250 0.984350
0.024300 1.009938
0.024350 1.086916
0.024400 0.897365
0.024450 1.081981
0.024500 0.932369
0.024550 0.918117
0.024600 1.120199
0.024650 0.974247
0.024700 1.054108
0.024750 0.955390
0.024800 0.760145
0.024850 0.933231
0.024900 1.101370
0.024950 0.948514
0.025000 0.894430
0.025050 0.884192
0.025100 0.886966
0.025150 0.921000
0.025200 0.836557
0.025250 0.830543
0.025300 0.801168
0.025350 0.987008
0.025400 0.983068
0.025450 0.767958
0.025500 0.776927
0.025550 0.895515
0.025600 0.669034
0.025650 0.771212
0.025700 0.807552
0.025750 0.850294
0.025800 0.858643
0.025850 0.843209
0.025900 0.912279
0.025950 0.735785
0.026000 0.794802
0.026050 0.921496
0.026100 0.679155
0.026150 0.779687
0.026200 0.662920
0.026250 0.861610
0.026300 0.912293
0.026350 0.711405
0.026400 0.887077
0.026450 0.853335
0.026500 0.742403
0.026550 0.821829
0.026600 0.653324
0.026650 0.742858
0.026700 0.882651
0.026750 0.937467
0.026800 0.680589
0.026850 0.717095
0.026900 0.739252
0.026950 0.721032
0.027000 0.730842
0.027050 0.802494
0.027100 0.704583
0.027150 0.745937
0.027200 0.840929
0.027250 0.702755
0.027300 0.745423
0.027350 0.663381
0.027400 0.742295
0.027450 0.824391
0.027500 0.793428
0.027550 0.738006
0.027600 0.700530
0.027650 0.714372
0.027700 0.781014
0.027750 0.730700
0.027800 0.870607
0.027850 0.784161
0.027900 0.731346
0.027950 0.836166
0.028000 0.818127
0.028050 0.714003
0.028100 0.679133
0.028150 0.787897
0.028200 0.634515
0.028250 0.688039
0.028300 0.705560
0.028350 0.676598
0.028400 0.719177
0.028450 0.623471
0.028500 0.634609
0.028550 0.672691
0.028600 0.651382
0.028650 0.644886
0.028700 0.737257
0.028750 0.657311
0.028800 0.660613
0.028850 0.654685
0.028900 0.690994
0.028950 0.673552
0.029000 0.802432
0.029050 0.718966
0.029100 0.674712
0.029150 0.577670
0.029200 0.646855
0.029250 0.809571
0.029300 0.767084
0.029350 0.877258
0.029400 0.710574
0.029450 0.655138
0.029500 0.733577
0.029550 0.725983
0.029600 0.705897
0.029650 0.774809
0.029700 0.850614
0.029750 0.724160
0.029800 0.738556
0.029850 0.719536
0.029900 0.571036
0.029950 0.664792
0.030000 0.750605
0.030050 0.641197
0.030100 0.685611
0.030150 0.654143
0.030200 0.588034
0.030250 0.610680
0.030300 0.698996
0.030350 0.494086
0.030400 0.713856
0.030450 0.610802
0.030500 0.656936
0.030550 0.665966
0.030600 0.532825
0.030650 0.612705
0.030700 0.600113
0.030750 0.712509
0.030800 0.619376
0.030850 0.590680
0.030900 0.683789
0.030950 0.709151
0.031000 0.688061
0.031050 0.654429
0.031100 0.567680
0.031150 0.680194
0.031200 0.678876
0.031250 0.636862
0.031300 0.691205
0.031350 0.595089
0.031400 0.716148
0.031450 0.801876
0.031500 0.700605
0.031550 0.667107
0.031600 0.660669
0.031650 0.652933
0.031700 0.648971
0.031750 0.611283
0.031800 0.779806
0.031850 0.573342
0.031900 0.591473
0.031950 0.543131
0.032000 0.519563
0.032050 0.544037
0.032100 0.526833
0.032150 0.703395
0.032200 0.587307
0.032250 0.799493
0.032300 0.561060
0.032350 0.589792
0.032400 0.618010
0.032450 0.664560
0.032500 0.594797
0.032550 0.659677
0.032600 0.777097
0.032650 0.643921
0.032700 0.542883
0.032750 0.620471
0.032800 0.560446
0.032850 0.738344
0.032900 0.693654
0.032950 0.678460
0.033000 0.511167
0.033050 0.563561
0.033100 0.596305
0.033150 0.643143
0.033200 0.686869
0.033250 0.614909
0.033300 0.507274
0.033350 0.511380
0.033400 0.671384
0.033450 0.523908
0.033500 0.713285
0.033550 0.602455
0.033600 0.462191
0.033650 0.471605
0.033700 0.715289
0.033750 0.421287
0.033800 0.589048
0.033850 0.747386
0.033900 0.598839
0.033950 0.595155
0.034000 0.677262
0.034050 0.509438
0.034100 0.623638
0.034150 0.689094
0.034200 0.535638
0.034250 0.567416
0.034300 0.586282
0.034350 0.577712
0.034400 0.529144
0.034450 0.460356
0.034500 0.521179
0.034550 0.540749
0.034600 0.571494
0.034650 0.580860
0.034700 0.621543
0.034750 0.626211
0.034800 0.550745
0.034850 0.539869
0.034900 0.526152
0.034950 0.599178
0.035000 0.520402
0.035050 0.618194
0.035100 0.537141
0.035150 0.450815
0.035200 0.469873
0.035250 0.579383
0.035300 0.587553
0.035350 0.581599
0.035400 0.526700
0.035450 0.619250
0.035500 0.452678
0.035550 0.626452
0.035600 0.629128
0.035650 0.623962
0.035700 0.571585
0.035750 0.603477
0.035800 0.579578
0.035850 0.513218
0.035900 0.518482
0.035950 0.543930
0.036000 0.518295
0.036050 0.499775
0.036100 0.575170
0.036150 0.666084
0.036200 0.613101
0.036250 0.626691
0.036300 0.510932
0.036350 0.637848
0.036400 0.491914
0.036450 0.607450
0.036500 0.679603
0.036550 0.550021
0.036600 0.529858
0.036650 0.594758
0.036700 0.590100
0.036750 0.458096
0.036800 0.470007
0.036850 0.511489
0.036900 0.636649
0.036950 0.593599
0.037000 0.679309
0.037050 0.445565
0.037100 0.438234
0.037150 0.481468
0.037200 0.550954
0.037250 0.531202
0.037300 0.536770
0.037350 0.613422
0.037400 0.513619
0.037450 0.499667
0.037500 0.544239
0.037550 0.466415
0.037600 0.504244
0.037650 0.392934
0.037700 0.408778
0.037750 0.612932
0.037800 0.560519
0.037850 0.478337
0.037900 0.445166
0.037950 0.604146
0.038000 0.541544
0.038050 0.416974
0.038100 0.604745
0.038150 0.560237
0.038200 0.562985
0.038250 0.590257
0.038300 0.547840
0.038350 0.432298
0.038400 0.470875
0.038450 0.426445
0.038500 0.563029
0.038550 0.521815
0.038600 0.567791
0.038650 0.372459
0.038700 0.595646
0.038750 0.542668
0.038800 0.448305
0.038850 0.555859
0.038900 0.606963
0.038950 0.496805
0.039000 0.508841
0.039050 0.577229
0.039100 0.402368
0.039150 0.552982
0.039200 0.503215
0.039250 0.487057
0.039300 0.497597
0.039350 0.496359
0.039400 0.574807
0.039450 0.494765
0.039500 0.515668
0.039550 0.455868
0.039600 0.489417
0.039650 0.577881
0.039700 0.535506
0.039750 0.502524
0.039800 0.432757
0.039850 0.397043
0.039900 0.488238
0.039950 0.582178
0.040000 0.516272
0.040050 0.569618
0.040100 0.436869
0.040150 0.457189
0.040200 0.492882
0.040250 0.481962
0.040300 0.370935
0.040350 0.463113
0.040400 0.375229
0.040450 0.426341
0.040500 0.545769
0.040550 0.514609
0.040600 0.425612
0.040650 0.582930
0.040700 0.469435
0.040750 0.665603
0.040800 0.476053
0.040850 0.420777
0.040900 0.583973
0.040950 0.534569
0.041000 0.521930
0.041050 0.568430
0.041100 0.444740
0.041150 0.469744
0.041200 0.426366
0.041250 0.475344
0.041300 0.485633
0.041350 0.509209
0.041400 0.638155
0.041450 0.487029
0.041500 0.489923
0.041550 0.429597
0.041600 0.432363
0.041650 0.427635
0.041700 0.316012
0.041750 0.472346
0.041800 0.577350
0.041850 0.518484
0.041900 0.389771
0.041950 0.490759
0.042000 0.576972
0.042050 0.462256
0.042100 0.440705
0.042150 0.579439
0.042200 0.517558
0.042250 0.543442
0.042300 0.495730
0.042350 0.382554
0.042400 0.429440
0.042450 0.452694
0.042500 0.461565
0.042550 0.455985
0.042600 0.481095
0.042650 0.500317
0.042700 0.452063
0.042750 0.497801
0.042800 0.419436
0.042850 0.580180
0.042900 0.460595
0.042950 0.543553
0.043000 0.464934
0.043050 0.515342
0.043100 0.463230
0.043150 0.440314
0.043200 0.526310
0.043250 0.435942
0.043300 0.524731
0.043350 0.481893
0.043400 0.518856
0.043450 0.502008
0.043500 0.430230
0.043550 0.421862
0.043600 0.446641
0.043650 0.418193
0.043700 0.474524
0.043750 0.446078
0.043800 0.433322
0.043850 0.453888
0.043900 0.455188
0.043950 0.357054
0.044000 0.440073
0.044050 0.526023
0.044100 0.473636
0.044150 0.415768
0.044200 0.503730
0.044250 0.403274
0.044300 0.497619
0.044350 0.420013
0.044400 0.487053
0.044450 0.507151
0.044500 0.493460
0.044550 0.589440
0.044600 0.591979
0.044650 0.461321
0.044700 0.577245
0.044750 0.505399
0.044800 0.440489
0.044850 0.485817
0.044900 0.363185
0.044950 0.407545
0.045000 0.425025
0.045050 0.549903
0.045100 0.476538
0.045150 0.429146
0.045200 0.372548
0.045250 0.432638
0.045300 0.378647
0.045350 0.410739
0.045400 0.477481
0.045450 0.424325
0.045500 0.381927
0.045550 0.427855
0.045600 0.521412
0.045650 0.468124
0.045700 0.477797
0.045750 0.464603
0.045800 0.376173
0.045850 0.433417
0.045900 0.422844
0.045950 0.492278
0.046000 0.389713
0.046050 0.523769
0.046100 0.443204
0.046150 0.393794
0.046200 0.326650
0.046250 0.375966
0.046300 0.350357
0.046350 0.417467
0.046400 0.383535
0.046450 0.388555
0.046500 0.440143
0.046550 0.467667
0.046600 0.514874
0.046650 0.505260
0.046700 0.525536
0.046750 0.383950
0.046800 0.432122
0.046850 0.441992
0.046900 0.385226
0.046950 0.449540
0.047000 0.433135
0.047050 0.438345
0.047100 0.381335
0.047150 0.420433
0.047200 0.403902
0.047250 0.389212
0.047300 0.395311
0.047350 0.439351
0.047400 0.412357
0.047450 0.480279
0.047500 0.450464
0.047550 0.388188
0.047600 0.442936
0.047650 0.504536
0.047700 0.418306
0.047750 0.459910
0.047800 0.396376
0.047850 0.504126
0.047900 0.413702
0.047950 0.503476
0.048000 0.463797
0.048050 0.370123
0.048100 0.493796
0.048150 0.299736
0.048200 0.437033
0.048250 0.484921
0.048300 0.526190
0.048350 0.422388
0.048400 0.430669
0.048450 0.494267
0.048500 0.508542
0.048550 0.403306
0.048600 0.402830
0.048650 0.408198
0.048700 0.388234
0.048750 0.343810
0.048800 0.376434
0.048850 0.472730
0.048900 0.357859
0.048950 0.485677
0.049000 0.367657
0.049050 0.321945
0.049100 0.576893
0.049150 0.418357
0.049200 0.421863
0.049250 0.390871
0.049300 0.300566
0.049350 0.481688
0.049400 0.442815
0.049450 0.369175
0.049500 0.497477
0.049550 0.464473
0.049600 0.349944
0.049650 0.431882
0.049700 0.412579
0.049750 0.410151
0.049800 0.367837
0.049850 0.342363
0.049900 0.382748
