0.00000	61.20000
0.00005	4.89600
0.00010	34.27200
0.00015	12.24000
0.00020	19.58400
0.00025	9.79200
0.00030	34.27200
0.00035	66.09600
0.00040	12.24000
0.00045	31.82400
0.00050	26.92800
0.00055	39.16800
0.00060	22.03200
0.00065	63.64800
0.00070	9.79200
0.00075	26.92800
0.00080	14.68800
0.00085	48.96000
0.00090	19.58400
0.00095	100.36800
0.00100	83.23200
0.00105	51.40800
0.00110	63.64800
0.00115	124.84800
0.00120	75.88800
0.00125	249.69600
0.00130	173.80800
0.00135	159.12000
0.00140	396.57600
0.00145	492.04800
0.00150	467.56800
0.00155	851.90400
0.00160	1255.82400
0.00165	1368.43200
0.00170	1929.02400
0.00175	2905.77600
0.00180	3730.75200
0.00185	3899.66400
0.00190	4847.04000
0.00195	5743.00800
0.00200	5645.08800
0.00205	7625.52000
0.00210	7689.16800
0.00215	7973.13600
0.00220	8149.39200
0.00225	8306.06400
0.00230	7463.95200
0.00235	8080.84800
0.00240	7282.80000
0.00245	5840.92800
0.00250	5498.20800
0.00255	4697.71200
0.00260	4496.97600
0.00265	4019.61600
0.00270	3809.08800
0.00275	3194.64000
0.00280	2891.08800
0.00285	2457.79200
0.00290	2325.60000
0.00295	2051.42400
0.00300	1755.21600
0.00305	1982.88000
0.00310	1906.99200
0.00315	1378.22400
0.00320	1625.47200
0.00325	1419.84000
0.00330	1294.99200
0.00335	1581.40800
0.00340	1106.49600
0.00345	1077.12000
0.00350	1072.22400
0.00355	952.27200
0.00360	937.58400
0.00365	925.34400
0.00370	810.28800
0.00375	550.80000
0.00380	744.19200
0.00385	714.81600
0.00390	589.96800
0.00395	487.15200
0.00400	597.31200
0.00405	543.45600
0.00410	788.25600
0.00415	465.12000
0.00420	484.70400
0.00425	577.72800
0.00430	609.55200
0.00435	457.77600
0.00440	511.63200
0.00445	643.82400
0.00450	337.82400
0.00455	470.01600
0.00460	423.50400
0.00465	467.56800
0.00470	470.01600
0.00475	470.01600
0.00480	501.84000
0.00485	467.56800
0.00490	538.56000
0.00495	474.91200
0.00500	465.12000
0.00505	438.19200
0.00510	452.88000
0.00515	386.78400
0.00520	399.02400
0.00525	345.16800
0.00530	249.69600
0.00535	303.55200
0.00540	345.16800
0.00545	369.64800
0.00550	416.16000
0.00555	337.82400
0.00560	384.33600
0.00565	416.16000
0.00570	447.98400
0.00575	239.90400
0.00580	411.26400
0.00585	288.86400
0.00590	271.72800
0.00595	271.72800
0.00600	274.17600
0.00605	369.64800
0.00610	342.72000
0.00615	347.61600
0.00620	183.60000
0.00625	247.24800
0.00630	352.51200
0.00635	308.44800
0.00640	320.68800
0.00645	283.96800
0.00650	306.00000
0.00655	203.18400
0.00660	266.83200
0.00665	408.81600
0.00670	261.93600
0.00675	222.76800
0.00680	259.48800
0.00685	244.80000
0.00690	367.20000
0.00695	242.35200
0.00700	328.03200
0.00705	230.11200
0.00710	306.00000
0.00715	225.21600
0.00720	237.45600
0.00725	350.06400
0.00730	259.48800
0.00735	188.49600
0.00740	232.56000
0.00745	237.45600
0.00750	252.14400
0.00755	215.42400
0.00760	239.90400
0.00765	325.58400
0.00770	242.35200
0.00775	186.04800
0.00780	264.38400
0.00785	281.52000
0.00790	254.59200
0.00795	225.21600
0.00800	310.89600
0.00805	283.96800
0.00810	198.28800
0.00815	205.63200
0.00820	274.17600
0.00825	259.48800
0.00830	369.64800
0.00835	306.00000
0.00840	205.63200
0.00845	244.80000
0.00850	222.76800
0.00855	156.67200
0.00860	249.69600
0.00865	247.24800
0.00870	225.21600
0.00875	281.52000
0.00880	320.68800
0.00885	171.36000
0.00890	249.69600
0.00895	303.55200
0.00900	225.21600
0.00905	230.11200
0.00910	274.17600
0.00915	146.88000
0.00920	369.64800
0.00925	264.38400
0.00930	301.10400
0.00935	257.04000
0.00940	274.17600
0.00945	276.62400
0.00950	217.87200
0.00955	225.21600
0.00960	235.00800
0.00965	186.04800
0.00970	237.45600
0.00975	183.60000
0.00980	171.36000
0.00985	232.56000
0.00990	296.20800
0.00995	337.82400
0.01000	301.10400
0.01005	186.04800
0.01010	134.64000
0.01015	159.12000
0.01020	151.77600
0.01025	168.91200
0.01030	200.73600
0.01035	220.32000
0.01040	139.53600
0.01045	188.49600
0.01050	254.59200
0.01055	293.76000
0.01060	242.35200
0.01065	210.52800
0.01070	124.84800
0.01075	308.44800
0.01080	190.94400
0.01085	181.15200
0.01090	306.00000
0.01095	119.95200
0.01100	171.36000
0.01105	261.93600
0.01110	232.56000
0.01115	298.65600
0.01120	222.76800
0.01125	168.91200
0.01130	178.70400
0.01135	168.91200
0.01140	288.86400
0.01145	264.38400
0.01150	222.76800
0.01155	259.48800
0.01160	257.04000
0.01165	257.04000
0.01170	232.56000
0.01175	276.62400
0.01180	269.28000
0.01185	249.69600
0.01190	230.11200
0.01195	227.66400
0.01200	249.69600
0.01205	203.18400
0.01210	367.20000
0.01215	183.60000
0.01220	244.80000
0.01225	340.27200
0.01230	173.80800
0.01235	156.67200
0.01240	269.28000
0.01245	288.86400
0.01250	225.21600
0.01255	178.70400
0.01260	257.04000
0.01265	124.84800
0.01270	235.00800
0.01275	168.91200
0.01280	129.74400
0.01285	181.15200
0.01290	102.81600
0.01295	210.52800
0.01300	205.63200
0.01305	166.46400
0.01310	193.39200
0.01315	293.76000
0.01320	237.45600
0.01325	168.91200
0.01330	93.02400
0.01335	198.28800
0.01340	264.38400
0.01345	137.08800
0.01350	127.29600
0.01355	190.94400
0.01360	217.87200
0.01365	254.59200
0.01370	217.87200
0.01375	149.32800
0.01380	332.92800
0.01385	259.48800
0.01390	310.89600
0.01395	249.69600
0.01400	212.97600
0.01405	279.07200
0.01410	115.05600
0.01415	132.19200
0.01420	166.46400
0.01425	107.71200
0.01430	200.73600
0.01435	249.69600
0.01440	315.79200
0.01445	225.21600
0.01450	176.25600
0.01455	203.18400
0.01460	154.22400
0.01465	239.90400
0.01470	186.04800
0.01475	264.38400
0.01480	235.00800
0.01485	161.56800
0.01490	134.64000
0.01495	139.53600
0.01500	293.76000
0.01505	124.84800
0.01510	161.56800
0.01515	112.60800
0.01520	149.32800
0.01525	190.94400
0.01530	222.76800
0.01535	230.11200
0.01540	239.90400
0.01545	144.43200
0.01550	310.89600
0.01555	112.60800
0.01560	107.71200
0.01565	178.70400
0.01570	166.46400
0.01575	124.84800
0.01580	186.04800
0.01585	232.56000
0.01590	306.00000
0.01595	105.26400
0.01600	257.04000
0.01605	161.56800
0.01610	112.60800
0.01615	247.24800
0.01620	149.32800
0.01625	132.19200
0.01630	249.69600
0.01635	230.11200
0.01640	95.47200
0.01645	188.49600
0.01650	144.43200
0.01655	183.60000
0.01660	186.04800
0.01665	195.84000
0.01670	247.24800
0.01675	215.42400
0.01680	146.88000
0.01685	124.84800
0.01690	156.67200
0.01695	306.00000
0.01700	235.00800
0.01705	181.15200
0.01710	237.45600
0.01715	193.39200
0.01720	298.65600
0.01725	161.56800
0.01730	78.33600
0.01735	132.19200
0.01740	198.28800
0.01745	232.56000
0.01750	237.45600
0.01755	235.00800
0.01760	134.64000
0.01765	235.00800
0.01770	254.59200
0.01775	144.43200
0.01780	176.25600
0.01785	73.44000
0.01790	193.39200
0.01795	164.01600
0.01800	124.84800
0.01805	208.08000
0.01810	144.43200
0.01815	173.80800
0.01820	203.18400
0.01825	193.39200
0.01830	237.45600
0.01835	181.15200
0.01840	186.04800
0.01845	281.52000
0.01850	235.00800
0.01855	208.08000
0.01860	168.91200
0.01865	173.80800
0.01870	203.18400
0.01875	181.15200
0.01880	127.29600
0.01885	264.38400
0.01890	73.44000
0.01895	186.04800
0.01900	122.40000
0.01905	161.56800
0.01910	244.80000
0.01915	286.41600
0.01920	225.21600
0.01925	188.49600
0.01930	156.67200
0.01935	161.56800
0.01940	117.50400
0.01945	188.49600
0.01950	232.56000
0.01955	144.43200
0.01960	156.67200
0.01965	188.49600
0.01970	124.84800
0.01975	117.50400
0.01980	208.08000
0.01985	247.24800
0.01990	119.95200
0.01995	132.19200
0.02000	117.50400
0.02005	176.25600
0.02010	178.70400
0.02015	193.39200
0.02020	154.22400
0.02025	117.50400
0.02030	168.91200
0.02035	112.60800
0.02040	105.26400
0.02045	156.67200
0.02050	161.56800
0.02055	159.12000
0.02060	242.35200
0.02065	178.70400
0.02070	139.53600
0.02075	90.57600
0.02080	183.60000
0.02085	173.80800
0.02090	146.88000
0.02095	93.02400
0.02100	83.23200
0.02105	151.77600
0.02110	159.12000
0.02115	293.76000
0.02120	217.87200
0.02125	261.93600
0.02130	195.84000
0.02135	173.80800
0.02140	144.43200
0.02145	217.87200
0.02150	176.25600
0.02155	173.80800
0.02160	154.22400
0.02165	166.46400
0.02170	425.95200
0.02175	281.52000
0.02180	215.42400
0.02185	286.41600
0.02190	205.63200
0.02195	124.84800
0.02200	93.02400
0.02205	168.91200
0.02210	210.52800
0.02215	171.36000
0.02220	90.57600
0.02225	237.45600
0.02230	188.49600
0.02235	195.84000
0.02240	117.50400
0.02245	193.39200
0.02250	124.84800
0.02255	259.48800
0.02260	190.94400
0.02265	117.50400
0.02270	164.01600
0.02275	156.67200
0.02280	188.49600
0.02285	259.48800
0.02290	151.77600
0.02295	208.08000
0.02300	173.80800
0.02305	95.47200
0.02310	134.64000
0.02315	105.26400
0.02320	132.19200
0.02325	144.43200
0.02330	161.56800
0.02335	141.98400
0.02340	124.84800
0.02345	144.43200
0.02350	159.12000
0.02355	156.67200
0.02360	124.84800
0.02365	129.74400
0.02370	139.53600
0.02375	124.84800
0.02380	264.38400
0.02385	166.46400
0.02390	122.40000
0.02395	93.02400
0.02400	88.12800
0.02405	164.01600
0.02410	93.02400
0.02415	161.56800
0.02420	151.77600
0.02425	115.05600
0.02430	83.23200
0.02435	134.64000
0.02440	129.74400
0.02445	63.64800
0.02450	151.77600
0.02455	93.02400
0.02460	95.47200
0.02465	134.64000
0.02470	168.91200
0.02475	237.45600
0.02480	149.32800
0.02485	105.26400
0.02490	110.16000
0.02495	210.52800
0.02500	83.23200
0.02505	222.76800
0.02510	110.16000
0.02515	139.53600
0.02520	212.97600
0.02525	139.53600
0.02530	93.02400
0.02535	146.88000
0.02540	210.52800
0.02545	203.18400
0.02550	198.28800
0.02555	137.08800
0.02560	151.77600
0.02565	156.67200
0.02570	203.18400
0.02575	217.87200
0.02580	137.08800
0.02585	100.36800
0.02590	132.19200
0.02595	200.73600
0.02600	146.88000
0.02605	112.60800
0.02610	139.53600
0.02615	151.77600
0.02620	146.88000
0.02625	188.49600
0.02630	105.26400
0.02635	122.40000
0.02640	186.04800
0.02645	203.18400
0.02650	149.32800
0.02655	110.16000
0.02660	208.08000
0.02665	100.36800
0.02670	100.36800
0.02675	93.02400
0.02680	168.91200
0.02685	168.91200
0.02690	83.23200
0.02695	80.78400
0.02700	176.25600
0.02705	198.28800
0.02710	144.43200
0.02715	122.40000
0.02720	46.51200
0.02725	124.84800
0.02730	183.60000
0.02735	181.15200
0.02740	151.77600
0.02745	212.97600
0.02750	129.74400
0.02755	137.08800
0.02760	93.02400
0.02765	178.70400
0.02770	144.43200
0.02775	210.52800
0.02780	129.74400
0.02785	110.16000
0.02790	102.81600
0.02795	173.80800
0.02800	154.22400
0.02805	83.23200
0.02810	156.67200
0.02815	159.12000
0.02820	129.74400
0.02825	146.88000
0.02830	156.67200
0.02835	127.29600
0.02840	90.57600
0.02845	208.08000
0.02850	168.91200
0.02855	75.88800
0.02860	134.64000
0.02865	122.40000
0.02870	144.43200
0.02875	115.05600
0.02880	117.50400
0.02885	119.95200
0.02890	112.60800
0.02895	115.05600
0.02900	83.23200
0.02905	132.19200
0.02910	181.15200
0.02915	119.95200
0.02920	132.19200
0.02925	144.43200
0.02930	188.49600
0.02935	97.92000
0.02940	156.67200
0.02945	134.64000
0.02950	149.32800
0.02955	88.12800
0.02960	168.91200
0.02965	78.33600
0.02970	88.12800
0.02975	127.29600
0.02980	70.99200
0.02985	161.56800
0.02990	164.01600
0.02995	186.04800
0.03000	259.48800
0.03005	183.60000
0.03010	146.88000
0.03015	112.60800
0.03020	161.56800
0.03025	178.70400
0.03030	168.91200
0.03035	41.61600
0.03040	78.33600
0.03045	90.57600
0.03050	132.19200
0.03055	70.99200
0.03060	119.95200
0.03065	68.54400
0.03070	105.26400
0.03075	105.26400
0.03080	137.08800
0.03085	75.88800
0.03090	195.84000
0.03095	237.45600
0.03100	139.53600
0.03105	186.04800
0.03110	102.81600
0.03115	90.57600
0.03120	161.56800
0.03125	137.08800
0.03130	161.56800
0.03135	247.24800
0.03140	134.64000
0.03145	144.43200
0.03150	186.04800
0.03155	188.49600
0.03160	132.19200
0.03165	132.19200
0.03170	127.29600
0.03175	66.09600
0.03180	97.92000
0.03185	102.81600
0.03190	156.67200
0.03195	171.36000
0.03200	198.28800
0.03205	68.54400
0.03210	112.60800
0.03215	119.95200
0.03220	159.12000
0.03225	129.74400
0.03230	159.12000
0.03235	132.19200
0.03240	168.91200
0.03245	88.12800
0.03250	183.60000
0.03255	154.22400
0.03260	93.02400
0.03265	95.47200
0.03270	149.32800
0.03275	203.18400
0.03280	141.98400
0.03285	93.02400
0.03290	164.01600
0.03295	127.29600
0.03300	269.28000
0.03305	186.04800
0.03310	164.01600
0.03315	112.60800
0.03320	83.23200
0.03325	146.88000
0.03330	110.16000
0.03335	85.68000
0.03340	100.36800
0.03345	93.02400
0.03350	110.16000
0.03355	85.68000
0.03360	156.67200
0.03365	235.00800
0.03370	161.56800
0.03375	146.88000
0.03380	122.40000
0.03385	137.08800
0.03390	110.16000
0.03395	176.25600
0.03400	56.30400
0.03405	117.50400
0.03410	193.39200
0.03415	132.19200
0.03420	144.43200
0.03425	78.33600
0.03430	129.74400
0.03435	154.22400
0.03440	48.96000
0.03445	134.64000
0.03450	200.73600
0.03455	129.74400
0.03460	124.84800
0.03465	83.23200
0.03470	168.91200
0.03475	151.77600
0.03480	119.95200
0.03485	222.76800
0.03490	173.80800
0.03495	195.84000
0.03500	117.50400
0.03505	259.48800
0.03510	156.67200
0.03515	259.48800
0.03520	186.04800
0.03525	93.02400
0.03530	168.91200
0.03535	78.33600
0.03540	85.68000
0.03545	134.64000
0.03550	137.08800
0.03555	90.57600
0.03560	102.81600
0.03565	132.19200
0.03570	100.36800
0.03575	176.25600
0.03580	119.95200
0.03585	124.84800
0.03590	117.50400
0.03595	119.95200
0.03600	66.09600
0.03605	159.12000
0.03610	227.66400
0.03615	127.29600
0.03620	141.98400
0.03625	105.26400
0.03630	68.54400
0.03635	105.26400
0.03640	198.28800
0.03645	183.60000
0.03650	239.90400
0.03655	168.91200
0.03660	149.32800
0.03665	134.64000
0.03670	141.98400
0.03675	110.16000
0.03680	129.74400
0.03685	100.36800
0.03690	127.29600
0.03695	176.25600
0.03700	53.85600
0.03705	115.05600
0.03710	75.88800
0.03715	178.70400
0.03720	105.26400
0.03725	132.19200
0.03730	112.60800
0.03735	205.63200
0.03740	110.16000
0.03745	119.95200
0.03750	154.22400
0.03755	85.68000
0.03760	107.71200
0.03765	100.36800
0.03770	159.12000
0.03775	139.53600
0.03780	227.66400
0.03785	122.40000
0.03790	129.74400
0.03795	173.80800
0.03800	61.20000
0.03805	141.98400
0.03810	68.54400
0.03815	80.78400
0.03820	110.16000
0.03825	90.57600
0.03830	112.60800
0.03835	105.26400
0.03840	212.97600
0.03845	107.71200
0.03850	134.64000
0.03855	66.09600
0.03860	134.64000
0.03865	146.88000
0.03870	107.71200
0.03875	203.18400
0.03880	178.70400
0.03885	73.44000
0.03890	198.28800
0.03895	188.49600
0.03900	134.64000
0.03905	134.64000
0.03910	85.68000
0.03915	127.29600
0.03920	73.44000
0.03925	154.22400
0.03930	154.22400
0.03935	156.67200
0.03940	161.56800
0.03945	88.12800
0.03950	105.26400
0.03955	193.39200
0.03960	149.32800
0.03965	161.56800
0.03970	232.56000
0.03975	178.70400
0.03980	161.56800
0.03985	178.70400
0.03990	137.08800
0.03995	110.16000
0.04000	105.26400
0.04005	85.68000
0.04010	176.25600
0.04015	193.39200
0.04020	161.56800
0.04025	188.49600
0.04030	141.98400
0.04035	193.39200
0.04040	144.43200
0.04045	95.47200
0.04050	164.01600
0.04055	173.80800
0.04060	102.81600
0.04065	203.18400
0.04070	291.31200
0.04075	88.12800
0.04080	107.71200
0.04085	188.49600
0.04090	83.23200
0.04095	122.40000
0.04100	90.57600
0.04105	78.33600
0.04110	90.57600
0.04115	168.91200
0.04120	78.33600
0.04125	159.12000
0.04130	195.84000
0.04135	107.71200
0.04140	85.68000
0.04145	203.18400
0.04150	283.96800
0.04155	193.39200
0.04160	154.22400
0.04165	139.53600
0.04170	66.09600
0.04175	107.71200
0.04180	156.67200
0.04185	134.64000
0.04190	78.33600
0.04195	95.47200
0.04200	159.12000
0.04205	75.88800
0.04210	159.12000
0.04215	93.02400
0.04220	90.57600
0.04225	102.81600
0.04230	115.05600
0.04235	156.67200
0.04240	193.39200
0.04245	141.98400
0.04250	48.96000
0.04255	134.64000
0.04260	154.22400
0.04265	139.53600
0.04270	46.51200
0.04275	80.78400
0.04280	83.23200
0.04285	188.49600
0.04290	110.16000
0.04295	164.01600
0.04300	115.05600
0.04305	124.84800
0.04310	70.99200
0.04315	93.02400
0.04320	66.09600
0.04325	90.57600
0.04330	156.67200
0.04335	85.68000
0.04340	78.33600
0.04345	85.68000
0.04350	51.40800
0.04355	119.95200
0.04360	112.60800
0.04365	85.68000
0.04370	168.91200
0.04375	195.84000
0.04380	156.67200
0.04385	259.48800
0.04390	88.12800
0.04395	97.92000
0.04400	90.57600
0.04405	144.43200
0.04410	205.63200
0.04415	171.36000
0.04420	90.57600
0.04425	156.67200
0.04430	127.29600
0.04435	154.22400
0.04440	107.71200
0.04445	127.29600
0.04450	63.64800
0.04455	83.23200
0.04460	164.01600
0.04465	198.28800
0.04470	141.98400
0.04475	190.94400
0.04480	85.68000
0.04485	183.60000
0.04490	122.40000
0.04495	134.64000
0.04500	83.23200
0.04505	100.36800
0.04510	129.74400
0.04515	105.26400
0.04520	137.08800
0.04525	242.35200
0.04530	95.47200
0.04535	195.84000
0.04540	217.87200
0.04545	48.96000
0.04550	39.16800
0.04555	173.80800
0.04560	129.74400
0.04565	85.68000
0.04570	100.36800
0.04575	97.92000
0.04580	176.25600
0.04585	31.82400
0.04590	78.33600
0.04595	156.67200
0.04600	193.39200
0.04605	107.71200
0.04610	132.19200
0.04615	88.12800
0.04620	159.12000
0.04625	154.22400
0.04630	127.29600
0.04635	166.46400
0.04640	88.12800
0.04645	132.19200
0.04650	85.68000
0.04655	205.63200
0.04660	115.05600
0.04665	90.57600
0.04670	93.02400
0.04675	156.67200
0.04680	137.08800
0.04685	80.78400
0.04690	73.44000
0.04695	227.66400
0.04700	129.74400
0.04705	156.67200
0.04710	171.36000
0.04715	88.12800
0.04720	110.16000
0.04725	132.19200
0.04730	90.57600
0.04735	90.57600
0.04740	97.92000
0.04745	188.49600
0.04750	203.18400
0.04755	93.02400
0.04760	154.22400
0.04765	41.61600
0.04770	119.95200
0.04775	139.53600
0.04780	117.50400
0.04785	259.48800
0.04790	146.88000
0.04795	95.47200
0.04800	107.71200
0.04805	115.05600
0.04810	237.45600
0.04815	161.56800
0.04820	107.71200
0.04825	90.57600
0.04830	166.46400
0.04835	110.16000
0.04840	112.60800
0.04845	73.44000
0.04850	112.60800
0.04855	159.12000
0.04860	124.84800
0.04865	200.73600
0.04870	39.16800
0.04875	100.36800
0.04880	107.71200
0.04885	107.71200
0.04890	124.84800
0.04895	124.84800
0.04900	66.09600
0.04905	29.37600
0.04910	161.56800
0.04915	41.61600
0.04920	208.08000
0.04925	107.71200
0.04930	129.74400
0.04935	149.32800
0.04940	95.47200
0.04945	144.43200
0.04950	149.32800
0.04955	166.46400
0.04960	122.40000
0.04965	88.12800
0.04970	97.92000
0.04975	122.40000
0.04980	178.70400
0.04985	149.32800
0.04990	58.75200
0.04995	66.09600
0.05000	107.71200
0.05005	51.40800
0.05010	78.33600
0.05015	183.60000
0.05020	110.16000
0.05025	119.95200
0.05030	102.81600
0.05035	66.09600
0.05040	85.68000
0.05045	124.84800
0.05050	63.64800
0.05055	34.27200
0.05060	48.96000
0.05065	129.74400
0.05070	193.39200
0.05075	93.02400
0.05080	48.96000
0.05085	53.85600
0.05090	112.60800
0.05095	168.91200
0.05100	146.88000
0.05105	102.81600
0.05110	58.75200
0.05115	75.88800
0.05120	80.78400
0.05125	146.88000
0.05130	119.95200
0.05135	93.02400
0.05140	149.32800
0.05145	75.88800
0.05150	75.88800
0.05155	122.40000
0.05160	73.44000
0.05165	173.80800
0.05170	88.12800
0.05175	132.19200
0.05180	159.12000
0.05185	78.33600
0.05190	97.92000
0.05195	210.52800
0.05200	139.53600
0.05205	164.01600
0.05210	102.81600
0.05215	110.16000
0.05220	93.02400
0.05225	188.49600
0.05230	70.99200
0.05235	190.94400
0.05240	159.12000
0.05245	97.92000
0.05250	119.95200
0.05255	193.39200
0.05260	144.43200
0.05265	117.50400
0.05270	112.60800
0.05275	156.67200
0.05280	159.12000
0.05285	146.88000
0.05290	127.29600
0.05295	90.57600
0.05300	139.53600
0.05305	110.16000
0.05310	88.12800
0.05315	90.57600
0.05320	34.27200
0.05325	95.47200
0.05330	34.27200
0.05335	58.75200
0.05340	68.54400
0.05345	237.45600
0.05350	58.75200
0.05355	141.98400
0.05360	161.56800
0.05365	122.40000
0.05370	124.84800
0.05375	29.37600
0.05380	90.57600
0.05385	144.43200
0.05390	161.56800
0.05395	83.23200
0.05400	53.85600
0.05405	97.92000
0.05410	217.87200
0.05415	159.12000
0.05420	122.40000
0.05425	88.12800
0.05430	122.40000
0.05435	132.19200
0.05440	53.85600
0.05445	146.88000
0.05450	85.68000
0.05455	122.40000
0.05460	122.40000
0.05465	124.84800
0.05470	168.91200
0.05475	156.67200
0.05480	80.78400
0.05485	139.53600
0.05490	107.71200
0.05495	93.02400
0.05500	122.40000
0.05505	90.57600
0.05510	198.28800
0.05515	115.05600
0.05520	112.60800
0.05525	88.12800
0.05530	112.60800
0.05535	156.67200
0.05540	132.19200
0.05545	149.32800
0.05550	105.26400
0.05555	58.75200
0.05560	127.29600
0.05565	88.12800
0.05570	144.43200
0.05575	56.30400
0.05580	90.57600
0.05585	78.33600
0.05590	85.68000
0.05595	85.68000
0.05600	134.64000
0.05605	14.68800
0.05610	88.12800
0.05615	115.05600
0.05620	41.61600
0.05625	227.66400
0.05630	129.74400
0.05635	75.88800
0.05640	80.78400
0.05645	90.57600
0.05650	95.47200
0.05655	129.74400
0.05660	85.68000
0.05665	186.04800
0.05670	178.70400
0.05675	70.99200
0.05680	36.72000
0.05685	110.16000
0.05690	93.02400
0.05695	88.12800
0.05700	97.92000
0.05705	181.15200
0.05710	115.05600
0.05715	105.26400
0.05720	168.91200
0.05725	90.57600
0.05730	102.81600
0.05735	83.23200
0.05740	117.50400
0.05745	129.74400
0.05750	124.84800
0.05755	112.60800
0.05760	200.73600
0.05765	88.12800
0.05770	80.78400
0.05775	139.53600
0.05780	112.60800
0.05785	105.26400
0.05790	100.36800
0.05795	95.47200
0.05800	100.36800
0.05805	127.29600
0.05810	107.71200
0.05815	53.85600
0.05820	80.78400
0.05825	88.12800
0.05830	53.85600
0.05835	115.05600
0.05840	137.08800
0.05845	90.57600
0.05850	141.98400
0.05855	85.68000
0.05860	61.20000
0.05865	154.22400
0.05870	127.29600
0.05875	100.36800
0.05880	127.29600
0.05885	129.74400
0.05890	149.32800
0.05895	75.88800
0.05900	93.02400
0.05905	53.85600
0.05910	56.30400
0.05915	93.02400
0.05920	151.77600
0.05925	53.85600
0.05930	105.26400
0.05935	132.19200
0.05940	95.47200
0.05945	26.92800
0.05950	88.12800
0.05955	73.44000
0.05960	117.50400
0.05965	88.12800
0.05970	93.02400
0.05975	83.23200
0.05980	102.81600
0.05985	188.49600
0.05990	159.12000
0.05995	110.16000
0.06000	44.06400
0.06005	181.15200
0.06010	134.64000
0.06015	70.99200
0.06020	80.78400
0.06025	88.12800
0.06030	68.54400
0.06035	107.71200
0.06040	44.06400
0.06045	88.12800
0.06050	88.12800
0.06055	183.60000
0.06060	112.60800
0.06065	58.75200
0.06070	154.22400
0.06075	117.50400
0.06080	132.19200
0.06085	119.95200
0.06090	53.85600
0.06095	41.61600
0.06100	132.19200
0.06105	56.30400
0.06110	73.44000
0.06115	107.71200
0.06120	83.23200
0.06125	159.12000
0.06130	139.53600
0.06135	168.91200
0.06140	102.81600
0.06145	269.28000
0.06150	51.40800
0.06155	97.92000
0.06160	115.05600
0.06165	48.96000
0.06170	105.26400
0.06175	75.88800
0.06180	117.50400
0.06185	117.50400
0.06190	164.01600
0.06195	95.47200
0.06200	58.75200
0.06205	97.92000
0.06210	139.53600
0.06215	154.22400
0.06220	100.36800
0.06225	66.09600
0.06230	58.75200
0.06235	134.64000
0.06240	85.68000
0.06245	156.67200
0.06250	97.92000
0.06255	66.09600
0.06260	61.20000
0.06265	129.74400
0.06270	141.98400
0.06275	161.56800
0.06280	230.11200
0.06285	48.96000
0.06290	90.57600
0.06295	124.84800
0.06300	63.64800
0.06305	46.51200
0.06310	134.64000
0.06315	122.40000
0.06320	149.32800
0.06325	159.12000
0.06330	188.49600
0.06335	190.94400
0.06340	115.05600
0.06345	139.53600
0.06350	61.20000
0.06355	129.74400
0.06360	124.84800
0.06365	61.20000
0.06370	66.09600
0.06375	78.33600
0.06380	168.91200
0.06385	110.16000
0.06390	178.70400
0.06395	29.37600
0.06400	149.32800
0.06405	127.29600
0.06410	173.80800
0.06415	151.77600
0.06420	227.66400
0.06425	68.54400
0.06430	200.73600
0.06435	80.78400
0.06440	156.67200
0.06445	144.43200
0.06450	132.19200
0.06455	85.68000
0.06460	112.60800
0.06465	139.53600
0.06470	156.67200
0.06475	137.08800
0.06480	159.12000
0.06485	24.48000
0.06490	283.96800
0.06495	44.06400
0.06500	198.28800
0.06505	110.16000
0.06510	235.00800
0.06515	110.16000
0.06520	56.30400
0.06525	117.50400
0.06530	102.81600
0.06535	124.84800
0.06540	134.64000
0.06545	181.15200
0.06550	154.22400
0.06555	100.36800
0.06560	129.74400
0.06565	53.85600
0.06570	151.77600
0.06575	129.74400
0.06580	156.67200
0.06585	181.15200
0.06590	154.22400
0.06595	110.16000
0.06600	190.94400
0.06605	129.74400
0.06610	115.05600
0.06615	132.19200
0.06620	112.60800
0.06625	139.53600
0.06630	58.75200
0.06635	220.32000
0.06640	95.47200
0.06645	141.98400
0.06650	188.49600
0.06655	100.36800
0.06660	105.26400
0.06665	195.84000
0.06670	171.36000
0.06675	222.76800
0.06680	122.40000
0.06685	117.50400
0.06690	249.69600
0.06695	261.93600
0.06700	93.02400
0.06705	186.04800
0.06710	97.92000
0.06715	97.92000
0.06720	95.47200
0.06725	132.19200
0.06730	97.92000
0.06735	75.88800
0.06740	237.45600
0.06745	75.88800
0.06750	122.40000
0.06755	166.46400
0.06760	242.35200
0.06765	66.09600
0.06770	107.71200
0.06775	141.98400
0.06780	154.22400
0.06785	51.40800
0.06790	244.80000
0.06795	208.08000
0.06800	97.92000
0.06805	107.71200
0.06810	168.91200
0.06815	151.77600
0.06820	161.56800
0.06825	117.50400
0.06830	73.44000
0.06835	146.88000
0.06840	44.06400
0.06845	100.36800
0.06850	56.30400
0.06855	110.16000
0.06860	66.09600
0.06865	146.88000
0.06870	235.00800
0.06875	36.72000
0.06880	144.43200
0.06885	146.88000
0.06890	102.81600
0.06895	115.05600
0.06900	110.16000
0.06905	137.08800
0.06910	63.64800
0.06915	164.01600
0.06920	195.84000
0.06925	132.19200
0.06930	110.16000
0.06935	102.81600
0.06940	141.98400
0.06945	93.02400
0.06950	85.68000
0.06955	110.16000
0.06960	75.88800
0.06965	141.98400
0.06970	83.23200
0.06975	48.96000
0.06980	164.01600
0.06985	129.74400
0.06990	95.47200
0.06995	156.67200
0.07000	68.54400
0.07005	73.44000
0.07010	53.85600
0.07015	61.20000
0.07020	144.43200
0.07025	66.09600
0.07030	127.29600
0.07035	41.61600
0.07040	127.29600
0.07045	93.02400
0.07050	93.02400
0.07055	110.16000
0.07060	53.85600
0.07065	132.19200
0.07070	83.23200
0.07075	110.16000
0.07080	83.23200
0.07085	166.46400
0.07090	93.02400
0.07095	127.29600
0.07100	127.29600
0.07105	93.02400
0.07110	97.92000
0.07115	93.02400
0.07120	105.26400
0.07125	132.19200
0.07130	119.95200
0.07135	129.74400
0.07140	141.98400
0.07145	181.15200
0.07150	115.05600
0.07155	56.30400
0.07160	95.47200
0.07165	97.92000
0.07170	61.20000
0.07175	164.01600
0.07180	134.64000
0.07185	53.85600
0.07190	110.16000
0.07195	124.84800
0.07200	80.78400
0.07205	88.12800
0.07210	100.36800
0.07215	63.64800
0.07220	144.43200
0.07225	146.88000
0.07230	176.25600
0.07235	85.68000
0.07240	134.64000
0.07245	83.23200
0.07250	63.64800
0.07255	85.68000
0.07260	29.37600
0.07265	97.92000
0.07270	122.40000
0.07275	93.02400
0.07280	78.33600
0.07285	102.81600
0.07290	29.37600
0.07295	88.12800
0.07300	73.44000
0.07305	58.75200
0.07310	68.54400
0.07315	171.36000
0.07320	115.05600
0.07325	73.44000
0.07330	61.20000
0.07335	34.27200
0.07340	173.80800
0.07345	88.12800
0.07350	151.77600
0.07355	134.64000
0.07360	107.71200
0.07365	46.51200
0.07370	124.84800
0.07375	83.23200
0.07380	41.61600
0.07385	137.08800
0.07390	139.53600
0.07395	107.71200
0.07400	159.12000
0.07405	51.40800
0.07410	141.98400
0.07415	134.64000
0.07420	66.09600
0.07425	115.05600
0.07430	134.64000
0.07435	164.01600
0.07440	80.78400
0.07445	183.60000
0.07450	88.12800
0.07455	85.68000
0.07460	88.12800
0.07465	95.47200
0.07470	117.50400
0.07475	70.99200
0.07480	215.42400
0.07485	70.99200
0.07490	124.84800
0.07495	188.49600
0.07500	95.47200
0.07505	90.57600
0.07510	168.91200
0.07515	88.12800
0.07520	119.95200
0.07525	188.49600
0.07530	51.40800
0.07535	134.64000
0.07540	154.22400
0.07545	78.33600
0.07550	110.16000
0.07555	146.88000
0.07560	70.99200
0.07565	88.12800
0.07570	134.64000
0.07575	198.28800
0.07580	56.30400
0.07585	100.36800
0.07590	149.32800
0.07595	274.17600
0.07600	78.33600
0.07605	127.29600
0.07610	166.46400
0.07615	190.94400
0.07620	88.12800
0.07625	100.36800
0.07630	44.06400
0.07635	75.88800
0.07640	95.47200
0.07645	97.92000
0.07650	119.95200
0.07655	83.23200
0.07660	80.78400
0.07665	41.61600
0.07670	78.33600
0.07675	110.16000
0.07680	51.40800
0.07685	119.95200
0.07690	75.88800
0.07695	85.68000
0.07700	100.36800
0.07705	70.99200
0.07710	181.15200
0.07715	134.64000
0.07720	115.05600
0.07725	119.95200
0.07730	48.96000
0.07735	119.95200
0.07740	137.08800
0.07745	134.64000
0.07750	100.36800
0.07755	56.30400
0.07760	88.12800
0.07765	100.36800
0.07770	68.54400
0.07775	112.60800
0.07780	188.49600
0.07785	127.29600
0.07790	95.47200
0.07795	110.16000
0.07800	168.91200
0.07805	164.01600
0.07810	97.92000
0.07815	63.64800
0.07820	95.47200
0.07825	17.13600
0.07830	68.54400
0.07835	159.12000
0.07840	102.81600
0.07845	58.75200
0.07850	97.92000
0.07855	102.81600
0.07860	80.78400
0.07865	73.44000
0.07870	107.71200
0.07875	41.61600
0.07880	58.75200
0.07885	97.92000
0.07890	85.68000
0.07895	176.25600
0.07900	51.40800
0.07905	122.40000
0.07910	78.33600
0.07915	102.81600
0.07920	70.99200
0.07925	53.85600
0.07930	34.27200
0.07935	151.77600
0.07940	105.26400
0.07945	186.04800
0.07950	68.54400
0.07955	149.32800
0.07960	53.85600
0.07965	112.60800
0.07970	56.30400
0.07975	80.78400
0.07980	68.54400
0.07985	97.92000
0.07990	44.06400
0.07995	95.47200
0.08000	132.19200
0.08005	85.68000
0.08010	56.30400
0.08015	139.53600
0.08020	141.98400
0.08025	122.40000
0.08030	63.64800
0.08035	41.61600
0.08040	149.32800
0.08045	144.43200
0.08050	151.77600
0.08055	46.51200
0.08060	95.47200
0.08065	53.85600
0.08070	102.81600
0.08075	105.26400
0.08080	102.81600
0.08085	124.84800
0.08090	73.44000
0.08095	168.91200
0.08100	14.68800
0.08105	90.57600
0.08110	80.78400
0.08115	139.53600
0.08120	110.16000
0.08125	63.64800
0.08130	134.64000
0.08135	166.46400
0.08140	110.16000
0.08145	144.43200
0.08150	132.19200
0.08155	105.26400
0.08160	80.78400
0.08165	122.40000
0.08170	141.98400
0.08175	85.68000
0.08180	117.50400
0.08185	220.32000
0.08190	66.09600
0.08195	166.46400
0.08200	95.47200
0.08205	141.98400
0.08210	93.02400
0.08215	137.08800
0.08220	232.56000
0.08225	90.57600
0.08230	26.92800
0.08235	124.84800
0.08240	173.80800
0.08245	107.71200
0.08250	171.36000
0.08255	146.88000
0.08260	66.09600
0.08265	139.53600
0.08270	78.33600
0.08275	154.22400
0.08280	115.05600
0.08285	88.12800
0.08290	117.50400
0.08295	95.47200
0.08300	56.30400
0.08305	156.67200
0.08310	102.81600
0.08315	105.26400
0.08320	154.22400
0.08325	129.74400
0.08330	95.47200
0.08335	115.05600
0.08340	129.74400
0.08345	166.46400
0.08350	110.16000
0.08355	102.81600
0.08360	58.75200
0.08365	93.02400
0.08370	168.91200
0.08375	105.26400
0.08380	95.47200
0.08385	95.47200
0.08390	127.29600
0.08395	90.57600
0.08400	90.57600
0.08405	80.78400
0.08410	107.71200
0.08415	102.81600
0.08420	73.44000
0.08425	70.99200
0.08430	134.64000
0.08435	119.95200
0.08440	95.47200
0.08445	141.98400
0.08450	122.40000
0.08455	129.74400
0.08460	110.16000
0.08465	137.08800
0.08470	186.04800
0.08475	93.02400
0.08480	88.12800
0.08485	58.75200
0.08490	119.95200
0.08495	166.46400
0.08500	63.64800
0.08505	83.23200
0.08510	122.40000
0.08515	119.95200
0.08520	252.14400
0.08525	161.56800
0.08530	144.43200
0.08535	93.02400
0.08540	102.81600
0.08545	137.08800
0.08550	70.99200
0.08555	127.29600
0.08560	154.22400
0.08565	119.95200
0.08570	105.26400
0.08575	112.60800
0.08580	75.88800
0.08585	198.28800
0.08590	85.68000
0.08595	156.67200
0.08600	97.92000
0.08605	149.32800
0.08610	181.15200
0.08615	156.67200
0.08620	75.88800
0.08625	88.12800
0.08630	93.02400
0.08635	171.36000
0.08640	73.44000
0.08645	249.69600
0.08650	164.01600
0.08655	161.56800
0.08660	127.29600
0.08665	110.16000
0.08670	95.47200
0.08675	190.94400
0.08680	112.60800
0.08685	105.26400
0.08690	97.92000
0.08695	53.85600
0.08700	102.81600
0.08705	58.75200
0.08710	61.20000
0.08715	93.02400
0.08720	58.75200
0.08725	119.95200
0.08730	151.77600
0.08735	80.78400
0.08740	139.53600
0.08745	95.47200
0.08750	112.60800
0.08755	29.37600
0.08760	102.81600
0.08765	146.88000
0.08770	105.26400
0.08775	154.22400
0.08780	75.88800
0.08785	127.29600
0.08790	222.76800
0.08795	105.26400
0.08800	117.50400
0.08805	100.36800
0.08810	73.44000
0.08815	63.64800
0.08820	88.12800
0.08825	63.64800
0.08830	75.88800
0.08835	66.09600
0.08840	97.92000
0.08845	112.60800
0.08850	68.54400
0.08855	93.02400
0.08860	44.06400
0.08865	95.47200
0.08870	112.60800
0.08875	215.42400
0.08880	88.12800
0.08885	171.36000
0.08890	115.05600
0.08895	151.77600
0.08900	68.54400
0.08905	80.78400
0.08910	93.02400
0.08915	188.49600
0.08920	112.60800
0.08925	107.71200
0.08930	68.54400
0.08935	119.95200
0.08940	66.09600
0.08945	44.06400
0.08950	119.95200
0.08955	93.02400
0.08960	141.98400
0.08965	107.71200
0.08970	127.29600
0.08975	171.36000
0.08980	132.19200
0.08985	173.80800
0.08990	97.92000
0.08995	141.98400
0.09000	73.44000
0.09005	88.12800
0.09010	70.99200
0.09015	178.70400
0.09020	122.40000
0.09025	127.29600
0.09030	115.05600
0.09035	193.39200
0.09040	156.67200
0.09045	122.40000
0.09050	88.12800
0.09055	102.81600
0.09060	93.02400
0.09065	100.36800
0.09070	75.88800
0.09075	159.12000
0.09080	181.15200
0.09085	105.26400
0.09090	149.32800
0.09095	107.71200
0.09100	144.43200
0.09105	85.68000
0.09110	24.48000
0.09115	61.20000
0.09120	129.74400
0.09125	70.99200
0.09130	144.43200
0.09135	166.46400
0.09140	242.35200
0.09145	127.29600
0.09150	66.09600
0.09155	97.92000
0.09160	117.50400
0.09165	225.21600
0.09170	53.85600
0.09175	161.56800
0.09180	90.57600
0.09185	90.57600
0.09190	161.56800
0.09195	132.19200
0.09200	105.26400
0.09205	75.88800
0.09210	112.60800
0.09215	102.81600
0.09220	127.29600
0.09225	93.02400
0.09230	90.57600
0.09235	122.40000
0.09240	97.92000
0.09245	93.02400
0.09250	119.95200
0.09255	117.50400
0.09260	95.47200
0.09265	144.43200
0.09270	105.26400
0.09275	107.71200
0.09280	112.60800
0.09285	217.87200
0.09290	97.92000
0.09295	58.75200
0.09300	176.25600
0.09305	151.77600
0.09310	132.19200
0.09315	168.91200
0.09320	132.19200
0.09325	97.92000
0.09330	100.36800
0.09335	134.64000
0.09340	68.54400
0.09345	56.30400
0.09350	173.80800
0.09355	141.98400
0.09360	124.84800
0.09365	129.74400
0.09370	93.02400
0.09375	80.78400
0.09380	34.27200
0.09385	90.57600
0.09390	90.57600
0.09395	78.33600
0.09400	73.44000
0.09405	117.50400
0.09410	132.19200
0.09415	122.40000
0.09420	88.12800
0.09425	110.16000
0.09430	141.98400
0.09435	68.54400
0.09440	70.99200
0.09445	112.60800
0.09450	100.36800
0.09455	78.33600
0.09460	97.92000
0.09465	112.60800
0.09470	100.36800
0.09475	46.51200
0.09480	88.12800
0.09485	210.52800
0.09490	66.09600
0.09495	144.43200
0.09500	168.91200
0.09505	139.53600
0.09510	139.53600
0.09515	61.20000
0.09520	124.84800
0.09525	134.64000
0.09530	90.57600
0.09535	63.64800
0.09540	105.26400
0.09545	102.81600
0.09550	112.60800
0.09555	90.57600
0.09560	215.42400
0.09565	151.77600
0.09570	105.26400
0.09575	129.74400
0.09580	85.68000
0.09585	252.14400
0.09590	161.56800
0.09595	112.60800
0.09600	100.36800
0.09605	51.40800
0.09610	124.84800
0.09615	127.29600
0.09620	122.40000
0.09625	146.88000
0.09630	88.12800
0.09635	61.20000
0.09640	66.09600
0.09645	36.72000
0.09650	97.92000
0.09655	100.36800
0.09660	195.84000
0.09665	186.04800
0.09670	70.99200
0.09675	97.92000
0.09680	83.23200
0.09685	132.19200
0.09690	66.09600
0.09695	75.88800
0.09700	93.02400
0.09705	137.08800
0.09710	105.26400
0.09715	73.44000
0.09720	212.97600
0.09725	61.20000
0.09730	78.33600
0.09735	105.26400
0.09740	161.56800
0.09745	107.71200
0.09750	66.09600
0.09755	115.05600
0.09760	110.16000
0.09765	178.70400
0.09770	146.88000
0.09775	93.02400
0.09780	75.88800
0.09785	127.29600
0.09790	100.36800
0.09795	34.27200
0.09800	56.30400
0.09805	26.92800
0.09810	66.09600
0.09815	110.16000
0.09820	95.47200
0.09825	39.16800
0.09830	166.46400
0.09835	31.82400
0.09840	73.44000
0.09845	24.48000
0.09850	70.99200
0.09855	144.43200
0.09860	58.75200
0.09865	102.81600
0.09870	107.71200
0.09875	41.61600
0.09880	90.57600
0.09885	110.16000
0.09890	166.46400
0.09895	93.02400
0.09900	105.26400
0.09905	146.88000
0.09910	66.09600
0.09915	117.50400
0.09920	139.53600
0.09925	88.12800
0.09930	107.71200
0.09935	61.20000
0.09940	171.36000
0.09945	132.19200
0.09950	161.56800
0.09955	83.23200
0.09960	161.56800
0.09965	139.53600
0.09970	53.85600
0.09975	107.71200
0.09980	56.30400
0.09985	68.54400
0.09990	141.98400
0.09995	36.72000
0.10000	66.09600
0.10005	100.36800
0.10010	83.23200
0.10015	146.88000
0.10020	122.40000
0.10025	63.64800
0.10030	102.81600
0.10035	110.16000
0.10040	90.57600
0.10045	51.40800
0.10050	119.95200
0.10055	58.75200
0.10060	41.61600
0.10065	41.61600
0.10070	85.68000
0.10075	58.75200
0.10080	93.02400
0.10085	31.82400
0.10090	102.81600
0.10095	85.68000
0.10100	134.64000
0.10105	119.95200
0.10110	75.88800
0.10115	75.88800
0.10120	117.50400
0.10125	41.61600
0.10130	51.40800
0.10135	63.64800
0.10140	26.92800
0.10145	97.92000
0.10150	139.53600
0.10155	183.60000
0.10160	107.71200
0.10165	66.09600
0.10170	75.88800
0.10175	34.27200
0.10180	63.64800
0.10185	144.43200
0.10190	78.33600
0.10195	95.47200
0.10200	36.72000
0.10205	73.44000
0.10210	44.06400
0.10215	46.51200
0.10220	58.75200
0.10225	132.19200
0.10230	105.26400
0.10235	119.95200
0.10240	107.71200
0.10245	73.44000
0.10250	73.44000
0.10255	95.47200
0.10260	124.84800
0.10265	95.47200
0.10270	156.67200
0.10275	161.56800
0.10280	80.78400
0.10285	34.27200
0.10290	46.51200
0.10295	53.85600
0.10300	115.05600
0.10305	44.06400
0.10310	58.75200
0.10315	78.33600
0.10320	149.32800
0.10325	88.12800
0.10330	80.78400
0.10335	88.12800
0.10340	80.78400
0.10345	122.40000
0.10350	144.43200
0.10355	63.64800
0.10360	48.96000
0.10365	97.92000
0.10370	93.02400
0.10375	102.81600
0.10380	117.50400
0.10385	127.29600
0.10390	129.74400
0.10395	208.08000
0.10400	80.78400
0.10405	85.68000
0.10410	66.09600
0.10415	134.64000
0.10420	93.02400
0.10425	73.44000
0.10430	119.95200
0.10435	188.49600
0.10440	105.26400
0.10445	186.04800
0.10450	75.88800
0.10455	102.81600
0.10460	78.33600
0.10465	129.74400
0.10470	90.57600
0.10475	119.95200
0.10480	48.96000
0.10485	58.75200
0.10490	66.09600
0.10495	97.92000
0.10500	78.33600
0.10505	63.64800
0.10510	186.04800
0.10515	181.15200
0.10520	146.88000
0.10525	141.98400
0.10530	112.60800
0.10535	117.50400
0.10540	124.84800
0.10545	61.20000
0.10550	107.71200
0.10555	141.98400
0.10560	188.49600
0.10565	146.88000
0.10570	115.05600
0.10575	80.78400
0.10580	83.23200
0.10585	129.74400
0.10590	134.64000
0.10595	95.47200
0.10600	88.12800
0.10605	58.75200
0.10610	117.50400
0.10615	39.16800
0.10620	39.16800
0.10625	53.85600
0.10630	90.57600
0.10635	129.74400
0.10640	36.72000
0.10645	56.30400
0.10650	85.68000
0.10655	68.54400
0.10660	159.12000
0.10665	166.46400
0.10670	168.91200
0.10675	107.71200
0.10680	124.84800
0.10685	122.40000
0.10690	56.30400
0.10695	73.44000
0.10700	127.29600
0.10705	117.50400
0.10710	110.16000
0.10715	164.01600
0.10720	56.30400
0.10725	97.92000
0.10730	110.16000
0.10735	124.84800
0.10740	80.78400
0.10745	107.71200
0.10750	139.53600
0.10755	105.26400
0.10760	115.05600
0.10765	122.40000
0.10770	212.97600
0.10775	66.09600
0.10780	151.77600
0.10785	88.12800
0.10790	144.43200
0.10795	156.67200
0.10800	134.64000
0.10805	156.67200
0.10810	83.23200
0.10815	85.68000
0.10820	80.78400
0.10825	75.88800
0.10830	154.22400
0.10835	122.40000
0.10840	146.88000
0.10845	83.23200
0.10850	63.64800
0.10855	117.50400
0.10860	146.88000
0.10865	61.20000
0.10870	100.36800
0.10875	70.99200
0.10880	73.44000
0.10885	203.18400
0.10890	95.47200
0.10895	83.23200
0.10900	83.23200
0.10905	85.68000
0.10910	83.23200
0.10915	139.53600
0.10920	68.54400
0.10925	80.78400
0.10930	70.99200
0.10935	93.02400
0.10940	73.44000
0.10945	97.92000
0.10950	68.54400
0.10955	80.78400
0.10960	139.53600
0.10965	53.85600
0.10970	127.29600
0.10975	80.78400
0.10980	53.85600
0.10985	95.47200
0.10990	100.36800
0.10995	46.51200
0.11000	97.92000
0.11005	141.98400
0.11010	68.54400
0.11015	75.88800
0.11020	156.67200
0.11025	70.99200
0.11030	102.81600
0.11035	97.92000
0.11040	41.61600
0.11045	102.81600
0.11050	227.66400
0.11055	83.23200
0.11060	100.36800
0.11065	95.47200
0.11070	63.64800
0.11075	132.19200
0.11080	102.81600
0.11085	90.57600
0.11090	129.74400
0.11095	132.19200
0.11100	134.64000
0.11105	100.36800
0.11110	127.29600
0.11115	190.94400
0.11120	161.56800
0.11125	100.36800
0.11130	144.43200
0.11135	139.53600
0.11140	119.95200
0.11145	134.64000
0.11150	132.19200
0.11155	124.84800
0.11160	112.60800
0.11165	78.33600
0.11170	124.84800
0.11175	141.98400
0.11180	93.02400
0.11185	85.68000
0.11190	95.47200
0.11195	107.71200
0.11200	58.75200
0.11205	217.87200
0.11210	83.23200
0.11215	97.92000
0.11220	95.47200
0.11225	83.23200
0.11230	70.99200
0.11235	132.19200
0.11240	151.77600
0.11245	115.05600
0.11250	144.43200
0.11255	146.88000
0.11260	230.11200
0.11265	110.16000
0.11270	107.71200
0.11275	127.29600
0.11280	122.40000
0.11285	134.64000
0.11290	80.78400
0.11295	90.57600
0.11300	93.02400
0.11305	183.60000
0.11310	51.40800
0.11315	151.77600
0.11320	68.54400
0.11325	117.50400
0.11330	80.78400
0.11335	141.98400
0.11340	119.95200
0.11345	105.26400
0.11350	90.57600
0.11355	85.68000
0.11360	146.88000
0.11365	210.52800
0.11370	105.26400
0.11375	149.32800
0.11380	183.60000
0.11385	115.05600
0.11390	110.16000
0.11395	66.09600
0.11400	117.50400
0.11405	168.91200
0.11410	73.44000
0.11415	144.43200
0.11420	58.75200
0.11425	73.44000
0.11430	95.47200
0.11435	75.88800
0.11440	144.43200
0.11445	188.49600
0.11450	88.12800
0.11455	105.26400
0.11460	110.16000
0.11465	95.47200
0.11470	161.56800
0.11475	144.43200
0.11480	68.54400
0.11485	156.67200
0.11490	88.12800
0.11495	215.42400
0.11500	173.80800
0.11505	139.53600
0.11510	222.76800
0.11515	100.36800
0.11520	146.88000
0.11525	146.88000
0.11530	188.49600
0.11535	171.36000
0.11540	63.64800
0.11545	159.12000
0.11550	141.98400
0.11555	61.20000
0.11560	100.36800
0.11565	97.92000
0.11570	151.77600
0.11575	115.05600
0.11580	183.60000
0.11585	230.11200
0.11590	122.40000
0.11595	102.81600
0.11600	100.36800
0.11605	115.05600
0.11610	102.81600
0.11615	119.95200
0.11620	122.40000
0.11625	117.50400
0.11630	156.67200
0.11635	227.66400
0.11640	129.74400
0.11645	110.16000
0.11650	119.95200
0.11655	112.60800
0.11660	93.02400
0.11665	78.33600
0.11670	181.15200
0.11675	159.12000
0.11680	173.80800
0.11685	102.81600
0.11690	66.09600
0.11695	115.05600
0.11700	100.36800
0.11705	107.71200
0.11710	124.84800
0.11715	102.81600
0.11720	100.36800
0.11725	154.22400
0.11730	149.32800
0.11735	88.12800
0.11740	88.12800
0.11745	68.54400
0.11750	134.64000
0.11755	124.84800
0.11760	90.57600
0.11765	88.12800
0.11770	97.92000
0.11775	61.20000
0.11780	127.29600
0.11785	85.68000
0.11790	161.56800
0.11795	80.78400
0.11800	102.81600
0.11805	149.32800
0.11810	154.22400
0.11815	88.12800
0.11820	88.12800
0.11825	105.26400
0.11830	141.98400
0.11835	110.16000
0.11840	105.26400
0.11845	68.54400
0.11850	70.99200
0.11855	115.05600
0.11860	156.67200
0.11865	105.26400
0.11870	129.74400
0.11875	105.26400
0.11880	88.12800
0.11885	93.02400
0.11890	154.22400
0.11895	122.40000
0.11900	129.74400
0.11905	85.68000
0.11910	80.78400
0.11915	88.12800
0.11920	119.95200
0.11925	144.43200
0.11930	95.47200
0.11935	122.40000
0.11940	181.15200
0.11945	85.68000
0.11950	127.29600
0.11955	190.94400
0.11960	127.29600
0.11965	119.95200
0.11970	107.71200
0.11975	124.84800
0.11980	100.36800
0.11985	168.91200
0.11990	110.16000
0.11995	217.87200
0.12000	95.47200
0.12005	112.60800
0.12010	75.88800
0.12015	85.68000
0.12020	66.09600
0.12025	88.12800
0.12030	66.09600
0.12035	117.50400
0.12040	149.32800
0.12045	107.71200
0.12050	73.44000
0.12055	88.12800
0.12060	100.36800
0.12065	119.95200
0.12070	48.96000
0.12075	122.40000
0.12080	151.77600
0.12085	134.64000
0.12090	58.75200
0.12095	83.23200
0.12100	75.88800
0.12105	68.54400
0.12110	97.92000
0.12115	22.03200
0.12120	88.12800
0.12125	178.70400
0.12130	75.88800
0.12135	93.02400
0.12140	122.40000
0.12145	132.19200
0.12150	51.40800
0.12155	151.77600
0.12160	95.47200
0.12165	73.44000
0.12170	93.02400
0.12175	107.71200
0.12180	161.56800
0.12185	137.08800
0.12190	66.09600
0.12195	154.22400
0.12200	210.52800
0.12205	107.71200
0.12210	161.56800
0.12215	134.64000
0.12220	154.22400
0.12225	80.78400
0.12230	110.16000
0.12235	105.26400
0.12240	173.80800
0.12245	119.95200
0.12250	29.37600
0.12255	68.54400
0.12260	85.68000
0.12265	53.85600
0.12270	105.26400
0.12275	80.78400
0.12280	127.29600
0.12285	168.91200
0.12290	102.81600
0.12295	78.33600
0.12300	112.60800
0.12305	61.20000
0.12310	61.20000
0.12315	70.99200
0.12320	164.01600
0.12325	100.36800
0.12330	161.56800
0.12335	112.60800
0.12340	100.36800
0.12345	129.74400
0.12350	117.50400
0.12355	159.12000
0.12360	146.88000
0.12365	134.64000
0.12370	166.46400
0.12375	105.26400
0.12380	193.39200
0.12385	161.56800
0.12390	56.30400
0.12395	222.76800
0.12400	166.46400
0.12405	144.43200
0.12410	151.77600
0.12415	176.25600
0.12420	117.50400
0.12425	107.71200
0.12430	115.05600
0.12435	88.12800
0.12440	107.71200
0.12445	100.36800
0.12450	137.08800
0.12455	97.92000
0.12460	26.92800
0.12465	139.53600
0.12470	73.44000
0.12475	166.46400
0.12480	66.09600
0.12485	90.57600
0.12490	110.16000
0.12495	75.88800
0.12500	117.50400
0.12505	156.67200
0.12510	159.12000
0.12515	132.19200
0.12520	149.32800
0.12525	90.57600
0.12530	149.32800
0.12535	137.08800
0.12540	36.72000
0.12545	149.32800
0.12550	115.05600
0.12555	105.26400
0.12560	269.28000
0.12565	83.23200
0.12570	181.15200
0.12575	124.84800
0.12580	127.29600
0.12585	70.99200
0.12590	85.68000
0.12595	83.23200
0.12600	93.02400
0.12605	188.49600
0.12610	141.98400
0.12615	105.26400
0.12620	100.36800
0.12625	85.68000
0.12630	48.96000
0.12635	58.75200
0.12640	39.16800
0.12645	70.99200
0.12650	154.22400
0.12655	115.05600
0.12660	176.25600
0.12665	151.77600
0.12670	75.88800
0.12675	154.22400
0.12680	110.16000
0.12685	29.37600
0.12690	93.02400
0.12695	75.88800
0.12700	107.71200
0.12705	97.92000
0.12710	68.54400
0.12715	100.36800
0.12720	66.09600
0.12725	146.88000
0.12730	85.68000
0.12735	90.57600
0.12740	139.53600
0.12745	97.92000
0.12750	83.23200
0.12755	107.71200
0.12760	119.95200
0.12765	141.98400
0.12770	181.15200
0.12775	110.16000
0.12780	95.47200
0.12785	115.05600
0.12790	119.95200
0.12795	149.32800
0.12800	80.78400
0.12805	51.40800
0.12810	83.23200
0.12815	66.09600
0.12820	90.57600
0.12825	85.68000
0.12830	129.74400
0.12835	127.29600
0.12840	139.53600
0.12845	124.84800
0.12850	183.60000
0.12855	208.08000
0.12860	63.64800
0.12865	70.99200
0.12870	63.64800
0.12875	186.04800
0.12880	100.36800
0.12885	83.23200
0.12890	151.77600
0.12895	39.16800
0.12900	73.44000
0.12905	100.36800
0.12910	95.47200
0.12915	90.57600
0.12920	110.16000
0.12925	85.68000
0.12930	149.32800
0.12935	66.09600
0.12940	85.68000
0.12945	80.78400
0.12950	119.95200
0.12955	151.77600
0.12960	151.77600
0.12965	68.54400
0.12970	141.98400
0.12975	122.40000
0.12980	129.74400
0.12985	61.20000
0.12990	220.32000
0.12995	146.88000
0.13000	151.77600
0.13005	161.56800
0.13010	102.81600
0.13015	61.20000
0.13020	95.47200
0.13025	164.01600
0.13030	205.63200
0.13035	107.71200
0.13040	105.26400
0.13045	181.15200
0.13050	73.44000
0.13055	97.92000
0.13060	97.92000
0.13065	112.60800
0.13070	102.81600
0.13075	178.70400
0.13080	132.19200
0.13085	90.57600
0.13090	105.26400
0.13095	105.26400
0.13100	63.64800
0.13105	63.64800
0.13110	149.32800
0.13115	117.50400
0.13120	227.66400
0.13125	34.27200
0.13130	78.33600
0.13135	195.84000
0.13140	115.05600
0.13145	107.71200
0.13150	85.68000
0.13155	124.84800
0.13160	100.36800
0.13165	239.90400
0.13170	149.32800
0.13175	159.12000
0.13180	112.60800
0.13185	115.05600
0.13190	61.20000
0.13195	117.50400
0.13200	232.56000
0.13205	159.12000
0.13210	134.64000
0.13215	146.88000
0.13220	117.50400
0.13225	151.77600
0.13230	73.44000
0.13235	58.75200
0.13240	122.40000
0.13245	66.09600
0.13250	112.60800
0.13255	129.74400
0.13260	93.02400
0.13265	36.72000
0.13270	85.68000
0.13275	93.02400
0.13280	210.52800
0.13285	70.99200
0.13290	117.50400
0.13295	156.67200
0.13300	105.26400
0.13305	129.74400
0.13310	63.64800
0.13315	168.91200
0.13320	139.53600
0.13325	115.05600
0.13330	159.12000
0.13335	127.29600
0.13340	85.68000
0.13345	220.32000
0.13350	171.36000
0.13355	56.30400
0.13360	68.54400
0.13365	93.02400
0.13370	122.40000
0.13375	139.53600
0.13380	146.88000
0.13385	129.74400
0.13390	168.91200
0.13395	171.36000
0.13400	95.47200
0.13405	56.30400
0.13410	110.16000
0.13415	83.23200
0.13420	78.33600
0.13425	134.64000
0.13430	97.92000
0.13435	48.96000
0.13440	139.53600
0.13445	141.98400
0.13450	75.88800
0.13455	146.88000
0.13460	210.52800
0.13465	203.18400
0.13470	144.43200
0.13475	119.95200
0.13480	93.02400
0.13485	144.43200
0.13490	259.48800
0.13495	129.74400
0.13500	164.01600
0.13505	164.01600
0.13510	129.74400
0.13515	156.67200
0.13520	63.64800
0.13525	195.84000
0.13530	134.64000
0.13535	124.84800
0.13540	127.29600
0.13545	137.08800
0.13550	85.68000
0.13555	107.71200
0.13560	66.09600
0.13565	212.97600
0.13570	97.92000
0.13575	208.08000
0.13580	154.22400
0.13585	102.81600
0.13590	80.78400
0.13595	178.70400
0.13600	210.52800
0.13605	124.84800
0.13610	107.71200
0.13615	100.36800
0.13620	139.53600
0.13625	183.60000
0.13630	70.99200
0.13635	132.19200
0.13640	68.54400
0.13645	139.53600
0.13650	139.53600
0.13655	127.29600
0.13660	105.26400
0.13665	188.49600
0.13670	61.20000
0.13675	171.36000
0.13680	141.98400
0.13685	122.40000
0.13690	90.57600
0.13695	73.44000
0.13700	171.36000
0.13705	53.85600
0.13710	129.74400
0.13715	141.98400
0.13720	39.16800
0.13725	129.74400
0.13730	100.36800
0.13735	105.26400
0.13740	93.02400
0.13745	105.26400
0.13750	132.19200
0.13755	127.29600
0.13760	100.36800
0.13765	100.36800
0.13770	115.05600
0.13775	164.01600
0.13780	115.05600
0.13785	154.22400
0.13790	154.22400
0.13795	51.40800
0.13800	149.32800
0.13805	139.53600
0.13810	70.99200
0.13815	83.23200
0.13820	100.36800
0.13825	149.32800
0.13830	132.19200
0.13835	46.51200
0.13840	119.95200
0.13845	58.75200
0.13850	102.81600
0.13855	95.47200
0.13860	70.99200
0.13865	112.60800
0.13870	176.25600
0.13875	161.56800
0.13880	117.50400
0.13885	171.36000
0.13890	115.05600
0.13895	139.53600
0.13900	83.23200
0.13905	129.74400
0.13910	137.08800
0.13915	127.29600
0.13920	88.12800
0.13925	124.84800
0.13930	63.64800
0.13935	215.42400
0.13940	88.12800
0.13945	102.81600
0.13950	117.50400
0.13955	139.53600
0.13960	144.43200
0.13965	222.76800
0.13970	129.74400
0.13975	124.84800
0.13980	105.26400
0.13985	119.95200
0.13990	73.44000
0.13995	161.56800
0.14000	112.60800
0.14005	102.81600
0.14010	80.78400
0.14015	117.50400
0.14020	122.40000
0.14025	124.84800
0.14030	110.16000
0.14035	70.99200
0.14040	75.88800
0.14045	75.88800
0.14050	105.26400
0.14055	58.75200
0.14060	124.84800
0.14065	46.51200
0.14070	188.49600
0.14075	173.80800
0.14080	61.20000
0.14085	156.67200
0.14090	242.35200
0.14095	173.80800
0.14100	48.96000
0.14105	205.63200
0.14110	149.32800
0.14115	266.83200
0.14120	362.30400
0.14125	354.96000
0.14130	362.30400
0.14135	474.91200
0.14140	452.88000
0.14145	969.40800
0.14150	993.88800
0.14155	1211.76000
0.14160	1760.11200
0.14165	2198.30400
0.14170	3086.92800
0.14175	3373.34400
0.14180	4472.49600
0.14185	5108.97600
0.14190	6110.20800
0.14195	6984.14400
0.14200	8120.01600
0.14205	9706.32000
0.14210	9456.62400
0.14215	9148.17600
0.14220	10009.87200
0.14225	10137.16800
0.14230	9277.92000
0.14235	9422.35200
0.14240	9003.74400
0.14245	8227.72800
0.14250	7752.81600
0.14255	7160.40000
0.14260	5762.59200
0.14265	5593.68000
0.14270	5826.24000
0.14275	4761.36000
0.14280	4394.16000
0.14285	4477.39200
0.14290	4200.76800
0.14295	3921.69600
0.14300	3674.44800
0.14305	2915.56800
0.14310	2670.76800
0.14315	3089.37600
0.14320	2465.13600
0.14325	2521.44000
0.14330	2700.14400
0.14335	2281.53600
0.14340	2325.60000
0.14345	2496.96000
0.14350	1965.74400
0.14355	1894.75200
0.14360	2215.44000
0.14365	1654.84800
0.14370	1578.96000
0.14375	1640.16000
0.14380	1507.96800
0.14385	1530.00000
0.14390	1385.56800
0.14395	1591.20000
0.14400	1451.66400
0.14405	1275.40800
0.14410	1226.44800
0.14415	1564.27200
0.14420	1187.28000
0.14425	1388.01600
0.14430	1206.86400
0.14435	1167.69600
0.14440	1348.84800
0.14445	1214.20800
0.14450	1096.70400
0.14455	1197.07200
0.14460	1030.60800
0.14465	1243.58400
0.14470	1130.97600
0.14475	1194.62400
0.14480	1162.80000
0.14485	1077.12000
0.14490	1064.88000
0.14495	920.44800
0.14500	873.93600
0.14505	1015.92000
0.14510	925.34400
0.14515	1138.32000
0.14520	1148.11200
0.14525	1238.68800
0.14530	805.39200
0.14535	908.20800
0.14540	810.28800
0.14545	824.97600
0.14550	998.78400
0.14555	888.62400
0.14560	1150.56000
0.14565	925.34400
0.14570	844.56000
0.14575	800.49600
0.14580	974.30400
0.14585	751.53600
0.14590	763.77600
0.14595	776.01600
0.14600	702.57600
0.14605	959.61600
0.14610	768.67200
0.14615	634.03200
0.14620	731.95200
0.14625	548.35200
0.14630	685.44000
0.14635	592.41600
0.14640	641.37600
0.14645	807.84000
0.14650	795.60000
0.14655	648.72000
0.14660	665.85600
0.14665	724.60800
0.14670	986.54400
0.14675	935.13600
0.14680	697.68000
0.14685	599.76000
0.14690	692.78400
0.14695	810.28800
0.14700	477.36000
0.14705	707.47200
0.14710	656.06400
0.14715	541.00800
0.14720	739.29600
0.14725	594.86400
0.14730	597.31200
0.14735	702.57600
0.14740	685.44000
0.14745	641.37600
0.14750	570.38400
0.14755	731.95200
0.14760	641.37600
0.14765	467.56800
0.14770	670.75200
0.14775	496.94400
0.14780	558.14400
0.14785	660.96000
0.14790	575.28000
0.14795	707.47200
0.14800	489.60000
0.14805	575.28000
0.14810	678.09600
0.14815	717.26400
0.14820	541.00800
0.14825	602.20800
0.14830	729.50400
0.14835	516.52800
0.14840	533.66400
0.14845	474.91200
0.14850	597.31200
0.14855	727.05600
0.14860	616.89600
0.14865	648.72000
0.14870	651.16800
0.14875	487.15200
0.14880	545.90400
0.14885	504.28800
0.14890	592.41600
0.14895	389.23200
0.14900	550.80000
0.14905	528.76800
0.14910	423.50400
0.14915	518.97600
0.14920	553.24800
0.14925	538.56000
0.14930	749.08800
0.14935	482.25600
0.14940	634.03200
0.14945	660.96000
0.14950	815.18400
0.14955	714.81600
0.14960	631.58400
0.14965	682.99200
0.14970	357.40800
0.14975	587.52000
0.14980	766.22400
0.14985	479.80800
0.14990	565.48800
0.14995	452.88000
0.15000	521.42400
0.15005	832.32000
0.15010	403.92000
0.15015	685.44000
0.15020	342.72000
0.15025	599.76000
0.15030	670.75200
0.15035	435.74400
0.15040	406.36800
0.15045	443.08800
0.15050	675.64800
0.15055	545.90400
0.15060	487.15200
0.15065	550.80000
0.15070	501.84000
0.15075	616.89600
0.15080	700.12800
0.15085	352.51200
0.15090	629.13600
0.15095	560.59200
0.15100	543.45600
0.15105	643.82400
0.15110	423.50400
0.15115	714.81600
0.15120	592.41600
0.15125	472.46400
0.15130	467.56800
0.15135	516.52800
0.15140	626.68800
0.15145	477.36000
0.15150	518.97600
0.15155	423.50400
0.15160	511.63200
0.15165	499.39200
0.15170	516.52800
0.15175	516.52800
0.15180	636.48000
0.15185	528.76800
0.15190	548.35200
0.15195	663.40800
0.15200	541.00800
0.15205	499.39200
0.15210	496.94400
0.15215	509.18400
0.15220	494.49600
0.15225	445.53600
0.15230	538.56000
0.15235	599.76000
0.15240	690.33600
0.15245	616.89600
0.15250	504.28800
0.15255	516.52800
0.15260	443.08800
0.15265	499.39200
0.15270	599.76000
0.15275	516.52800
0.15280	514.08000
0.15285	477.36000
0.15290	518.97600
0.15295	558.14400
0.15300	553.24800
0.15305	624.24000
0.15310	364.75200
0.15315	465.12000
0.15320	438.19200
0.15325	567.93600
0.15330	342.72000
0.15335	423.50400
0.15340	536.11200
0.15345	472.46400
0.15350	518.97600
0.15355	614.44800
0.15360	462.67200
0.15365	533.66400
0.15370	543.45600
0.15375	428.40000
0.15380	533.66400
0.15385	634.03200
0.15390	592.41600
0.15395	342.72000
0.15400	563.04000
0.15405	594.86400
0.15410	536.11200
0.15415	418.60800
0.15420	308.44800
0.15425	462.67200
0.15430	440.64000
0.15435	607.10400
0.15440	504.28800
0.15445	506.73600
0.15450	315.79200
0.15455	492.04800
0.15460	472.46400
0.15465	411.26400
0.15470	399.02400
0.15475	399.02400
0.15480	609.55200
0.15485	690.33600
0.15490	347.61600
0.15495	413.71200
0.15500	604.65600
0.15505	492.04800
0.15510	443.08800
0.15515	386.78400
0.15520	430.84800
0.15525	538.56000
0.15530	678.09600
0.15535	496.94400
0.15540	374.54400
0.15545	472.46400
0.15550	462.67200
0.15555	494.49600
0.15560	636.48000
0.15565	592.41600
0.15570	538.56000
0.15575	484.70400
0.15580	401.47200
0.15585	467.56800
0.15590	472.46400
0.15595	612.00000
0.15600	411.26400
0.15605	543.45600
0.15610	521.42400
0.15615	580.17600
0.15620	636.48000
0.15625	560.59200
0.15630	438.19200
0.15635	553.24800
0.15640	470.01600
0.15645	567.93600
0.15650	487.15200
0.15655	428.40000
0.15660	516.52800
0.15665	477.36000
0.15670	616.89600
0.15675	455.32800
0.15680	462.67200
0.15685	531.21600
0.15690	509.18400
0.15695	386.78400
0.15700	411.26400
0.15705	518.97600
0.15710	575.28000
0.15715	533.66400
0.15720	543.45600
0.15725	320.68800
0.15730	626.68800
0.15735	430.84800
0.15740	391.68000
0.15745	494.49600
0.15750	538.56000
0.15755	450.43200
0.15760	403.92000
0.15765	695.23200
0.15770	374.54400
0.15775	376.99200
0.15780	376.99200
0.15785	254.59200
0.15790	501.84000
0.15795	467.56800
0.15800	553.24800
0.15805	589.96800
0.15810	570.38400
0.15815	783.36000
0.15820	435.74400
0.15825	548.35200
0.15830	401.47200
0.15835	332.92800
0.15840	496.94400
0.15845	744.19200
0.15850	555.69600
0.15855	511.63200
0.15860	447.98400
0.15865	555.69600
0.15870	538.56000
0.15875	457.77600
0.15880	496.94400
0.15885	565.48800
0.15890	438.19200
0.15895	477.36000
0.15900	643.82400
0.15905	465.12000
0.15910	391.68000
0.15915	418.60800
0.15920	528.76800
0.15925	565.48800
0.15930	489.60000
0.15935	509.18400
0.15940	563.04000
0.15945	763.77600
0.15950	474.91200
0.15955	521.42400
0.15960	462.67200
0.15965	526.32000
0.15970	381.88800
0.15975	450.43200
0.15980	509.18400
0.15985	443.08800
0.15990	675.64800
0.15995	430.84800
0.16000	545.90400
0.16005	413.71200
0.16010	511.63200
0.16015	609.55200
0.16020	499.39200
0.16025	416.16000
0.16030	450.43200
0.16035	389.23200
0.16040	538.56000
0.16045	472.46400
0.16050	722.16000
0.16055	450.43200
0.16060	452.88000
0.16065	418.60800
0.16070	506.73600
0.16075	447.98400
0.16080	705.02400
0.16085	609.55200
0.16090	533.66400
0.16095	570.38400
0.16100	518.97600
0.16105	482.25600
0.16110	548.35200
0.16115	487.15200
0.16120	504.28800
0.16125	788.25600
0.16130	487.15200
0.16135	457.77600
0.16140	518.97600
0.16145	423.50400
0.16150	359.85600
0.16155	496.94400
0.16160	514.08000
0.16165	460.22400
0.16170	494.49600
0.16175	626.68800
0.16180	421.05600
0.16185	396.57600
0.16190	531.21600
0.16195	602.20800
0.16200	609.55200
0.16205	416.16000
0.16210	565.48800
0.16215	577.72800
0.16220	403.92000
0.16225	531.21600
0.16230	516.52800
0.16235	433.29600
0.16240	643.82400
0.16245	550.80000
0.16250	533.66400
0.16255	452.88000
0.16260	428.40000
0.16265	394.12800
0.16270	399.02400
0.16275	509.18400
0.16280	516.52800
0.16285	465.12000
0.16290	609.55200
0.16295	643.82400
0.16300	678.09600
0.16305	460.22400
0.16310	734.40000
0.16315	665.85600
0.16320	634.03200
0.16325	565.48800
0.16330	421.05600
0.16335	467.56800
0.16340	465.12000
0.16345	553.24800
0.16350	678.09600
0.16355	423.50400
0.16360	545.90400
0.16365	372.09600
0.16370	614.44800
0.16375	616.89600
0.16380	548.35200
0.16385	624.24000
0.16390	492.04800
0.16395	516.52800
0.16400	479.80800
0.16405	531.21600
0.16410	521.42400
0.16415	477.36000
0.16420	580.17600
0.16425	523.87200
0.16430	638.92800
0.16435	376.99200
0.16440	553.24800
0.16445	594.86400
0.16450	646.27200
0.16455	369.64800
0.16460	604.65600
0.16465	594.86400
0.16470	528.76800
0.16475	357.40800
0.16480	472.46400
0.16485	506.73600
0.16490	482.25600
0.16495	455.32800
0.16500	609.55200
0.16505	619.34400
0.16510	541.00800
0.16515	354.96000
0.16520	717.26400
0.16525	680.54400
0.16530	288.86400
0.16535	379.44000
0.16540	543.45600
0.16545	631.58400
0.16550	587.52000
0.16555	634.03200
0.16560	685.44000
0.16565	560.59200
0.16570	438.19200
0.16575	460.22400
0.16580	401.47200
0.16585	445.53600
0.16590	536.11200
0.16595	455.32800
0.16600	518.97600
0.16605	560.59200
0.16610	396.57600
0.16615	570.38400
0.16620	511.63200
0.16625	563.04000
0.16630	560.59200
0.16635	572.83200
0.16640	411.26400
0.16645	558.14400
0.16650	416.16000
0.16655	428.40000
0.16660	702.57600
0.16665	580.17600
0.16670	443.08800
0.16675	619.34400
0.16680	411.26400
0.16685	624.24000
0.16690	462.67200
0.16695	396.57600
0.16700	399.02400
0.16705	604.65600
0.16710	492.04800
0.16715	484.70400
0.16720	320.68800
0.16725	589.96800
0.16730	369.64800
0.16735	470.01600
0.16740	411.26400
0.16745	389.23200
0.16750	460.22400
0.16755	470.01600
0.16760	401.47200
0.16765	367.20000
0.16770	482.25600
0.16775	477.36000
0.16780	372.09600
0.16785	594.86400
0.16790	406.36800
0.16795	372.09600
0.16800	357.40800
0.16805	447.98400
0.16810	523.87200
0.16815	523.87200
0.16820	518.97600
0.16825	499.39200
0.16830	462.67200
0.16835	482.25600
0.16840	518.97600
0.16845	465.12000
0.16850	411.26400
0.16855	521.42400
0.16860	506.73600
0.16865	467.56800
0.16870	401.47200
0.16875	452.88000
0.16880	460.22400
0.16885	624.24000
0.16890	499.39200
0.16895	543.45600
0.16900	472.46400
0.16905	340.27200
0.16910	433.29600
0.16915	396.57600
0.16920	528.76800
0.16925	399.02400
0.16930	616.89600
0.16935	550.80000
0.16940	541.00800
0.16945	496.94400
0.16950	496.94400
0.16955	455.32800
0.16960	646.27200
0.16965	474.91200
0.16970	560.59200
0.16975	873.93600
0.16980	572.83200
0.16985	482.25600
0.16990	482.25600
