0.034384 -0.0250000004 -0.0273978209 0.0217797937 asynchronous_release_0
0.041281 -0.0250000004 0.000711574941 0.0349927658 asynchronous_release_1
0.040131 -0.0250000004 0.030422231 0.0173057176 asynchronous_release_0
0.020511 -0.0250000004 -0.0200770892 -0.0286689813 asynchronous_release_0
0.044824 -0.0250000004 0.0147895216 -0.0317217599 asynchronous_release_3
0.020541 -0.0250000004 -0.0200762199 0.0286695901 asynchronous_release_0
0.046821 -0.0250000004 0.0273799901 -0.021802205 asynchronous_release_1
0.048907 -0.0250000004 -0.0301330067 -0.0178045474 asynchronous_release_0
0.041109 -0.0250000004 -0.034618499 -0.00515359362 asynchronous_release_0
0.038669 -0.0250000004 0.0034014135 0.0348343277 asynchronous_release_2
0.038881 -0.0250000004 -0.0217240556 -0.0274420372 asynchronous_release_0
0.03702 -0.0250000004 -0.0234128685 -0.0260161025 asynchronous_release_0
0.007519 -0.0250000004 -0.0289529741 0.0196653321 asynchronous_release_0
0.043675 -0.0250000004 -0.0294505383 0.0189120541 asynchronous_release_0
0.038957 -0.0250000004 0.00330271542 -0.034843824 asynchronous_release_0
0.009572 -0.0250000004 -0.00131884775 0.0349751432 asynchronous_release_1
0.044204 -0.0250000004 -0.0336764202 0.00953408219 asynchronous_release_1
0.03243 -0.0250000004 0.00413133478 0.0347553172 asynchronous_release_4
0.009588 -0.0250000004 -0.0331287908 -0.0112908467 asynchronous_release_0
0.007208 -0.0250000004 -0.016514994 -0.0308586288 asynchronous_release_3
0.012349 -0.0250000004 -0.0344903793 -0.00595094393 asynchronous_release_1
0.021882 -0.0250000004 -0.0210048315 -0.0279963757 asynchronous_release_0
0.046138 -0.0250000004 -0.00052889236 0.000848688913 asynchronous_release_0
0.016196 -0.0250000004 -0.0339859062 0.00836410072 asynchronous_release_0
0.040429 -0.0250000004 -0.0299988503 -0.0180296695 asynchronous_release_1
0.012096 -0.0250000004 0.00502950946 0.034636744 asynchronous_release_4
0.041599 -0.0250000004 -0.00685936468 0.0343212633 asynchronous_release_4
0.017326 -0.0250000004 0.0346608156 -0.00486084973 asynchronous_release_0
0.049271 -0.0250000004 -0.0305706184 0.0170422209 asynchronous_release_0
0.039127 -0.0250000004 -0.0264775562 -0.0228897142 asynchronous_release_0
0.010328 -0.0250000004 0.0252185037 0.0242698799 asynchronous_release_0
0.048838 -0.0250000004 -0.0280786309 -0.0208947479 asynchronous_release_0
0.037558 -0.0250000004 -0.0284429746 -0.0203960093 asynchronous_release_4
0.043853 -0.0250000004 -0.00198925512 0.0349434238 asynchronous_release_3
0.043096 -0.0250000004 -0.0329346601 0.0118451747 asynchronous_release_0
0.049371 -0.0250000004 0.0150144038 -0.0316159403 asynchronous_release_0
0.036394 -0.0250000004 -0.00979665793 -0.0336009746 asynchronous_release_3
0.044544 -0.0250000004 -0.0207385922 0.0281941624 asynchronous_release_0
0.041624 -0.0250000004 -0.00248807624 -0.0349114519 asynchronous_release_0
0.021575 -0.0250000004 0.000849003995 0.000528386427 asynchronous_release_3
0.044284 -0.0250000004 0.02908468 -0.0194700125 asynchronous_release_0
0.037074 -0.0250000004 -0.000997326256 -7.30776171e-05 asynchronous_release_0
0.01795 -0.0250000004 0.00982727025 0.0335920342 asynchronous_release_0
0.043301 -0.0250000004 -0.034069286 -0.00801771466 asynchronous_release_0
0.03761 -0.0250000004 0.0243861705 -0.0251060687 asynchronous_release_0
0.00228 -0.0250000004 -0.0148524208 -0.0316923586 asynchronous_release_2
0.03579 -0.0250000004 -0.0271421167 -0.0220976357 asynchronous_release_1
0.016286 -0.0250000004 -0.0117223619 0.0329785723 asynchronous_release_0
0.048563 -0.0250000004 0.000306076165 -0.0349986617 asynchronous_release_0
0.022099 -0.0250000004 0.00491493444 -0.0346531877 asynchronous_release_3
0.035879 -0.0250000004 -0.0336507257 0.00962437841 asynchronous_release_3
0.018173 -0.0250000004 -0.0349989744 0.000267939597 asynchronous_release_0
0.023064 -0.0250000004 -0.00111272066 -0.0349823077 asynchronous_release_4
0.035319 -0.0250000004 -0.0349826202 -0.00110285262 asynchronous_release_0
0.046694 -0.0250000004 -0.0343167561 -0.00688187826 asynchronous_release_0
0.043842 -0.0250000004 0.00097855758 0.000205973452 asynchronous_release_0
0.033874 -0.0250000004 0.00205877478 -0.0349393968 asynchronous_release_0
0.042121 -0.0250000004 -0.000974320987 -0.000225163526 asynchronous_release_0
0.048083 -0.0250000004 -0.0260853187 0.0233357269 asynchronous_release_0
0.00373 -0.0250000004 0.0288033664 0.0198838146 asynchronous_release_4
0.038666 -0.0250000004 -0.00219734051 0.0349309561 asynchronous_release_0
0.04099 -0.0250000004 -0.0313497656 0.0155625254 asynchronous_release_0
0.038095 -0.0250000004 -0.000602158806 -0.000798376335 asynchronous_release_0
0.037363 -0.0250000004 -0.0339011646 -0.00870120888 asynchronous_release_0
0.046036 -0.0250000004 -0.0343530107 -0.00669855618 asynchronous_release_0
0.021398 -0.0250000004 0.000838409698 0.000545040529 asynchronous_release_0
0.018806 -0.0250000004 0.0023481709 0.0349211411 asynchronous_release_0
0.048003 -0.0250000004 0.0213659295 0.0277217795 asynchronous_release_0
0.032234 -0.0250000004 -0.000971224769 -0.00023816475 asynchronous_release_4
0.01289 -0.0250000004 0.0222651377 0.0270048818 asynchronous_release_0
0.042448 -0.0250000004 0.00182259768 0.0349525126 asynchronous_release_0
0.021464 -0.0250000004 -0.0172982645 -0.0304264695 asynchronous_release_0
0.040057 -0.0250000004 -0.0346377627 0.00502248906 asynchronous_release_3
0.038647 -0.0250000004 -0.0276109774 0.0215089266 asynchronous_release_2
0.008851 -0.0250000004 -0.0348001936 -0.0037345046 asynchronous_release_0
0.004091 -0.0250000004 0.0294040243 0.0189842923 asynchronous_release_4
0.03814 -0.0250000004 -0.00916115874 -0.0337797746 asynchronous_release_4
0.043255 -0.0250000004 -0.0348810116 -0.00288357896 asynchronous_release_0
