0.000000 0.100353
0.000050 0.096193
0.000100 0.082241
0.000150 0.094477
0.000200 0.096436
0.000250 0.090808
0.000300 0.099130
0.000350 0.140002
0.000400 0.122626
0.000450 0.114794
0.000500 0.103046
0.000550 0.128498
0.000600 0.139764
0.000650 0.084690
0.000700 0.104517
0.000750 0.093737
0.000800 0.082485
0.000850 0.141241
0.000900 0.099114
0.000950 0.130228
0.001000 0.108668
0.001050 0.163014
0.001100 0.214655
0.001150 0.198739
0.001200 0.231794
0.001250 0.302786
0.001300 0.390152
0.001350 0.454044
0.001400 0.622182
0.001450 0.875526
0.001500 1.307035
0.001550 1.944881
0.001600 2.849049
0.001650 3.892221
0.001700 5.126819
0.001750 7.320403
0.001800 9.977046
0.001850 12.200462
0.001900 15.192244
0.001950 18.191580
0.002000 21.149738
0.002050 23.780014
0.002100 26.622926
0.002150 27.496018
0.002200 28.601109
0.002250 28.428555
0.002300 27.616888
0.002350 26.124848
0.002400 23.422403
0.002450 21.351721
0.002500 19.594782
0.002550 17.433286
0.002600 15.919901
0.002650 14.052099
0.002700 12.901477
0.002750 11.924659
0.002800 11.205739
0.002850 9.956037
0.002900 9.450324
0.002950 8.250456
0.003000 7.724523
0.003050 7.236419
0.003100 6.899668
0.003150 6.669754
0.003200 6.049121
0.003250 5.884317
0.003300 5.604621
0.003350 4.997573
0.003400 4.936882
0.003450 4.866912
0.003500 4.596381
0.003550 4.408233
0.003600 4.026811
0.003650 3.714823
0.003700 3.917377
0.003750 3.605149
0.003800 3.426929
0.003850 3.450891
0.003900 3.173905
0.003950 3.072251
0.004000 3.035076
0.004050 2.908780
0.004100 3.038744
0.004150 3.024000
0.004200 2.770050
0.004250 2.834822
0.004300 2.876182
0.004350 2.624834
0.004400 2.465537
0.004450 2.439305
0.004500 2.505194
0.004550 2.429056
0.004600 2.333013
0.004650 2.207823
0.004700 2.157324
0.004750 2.156388
0.004800 2.107117
0.004850 2.153717
0.004900 2.056512
0.004950 2.142626
0.005000 2.198520
0.005050 2.219428
0.005100 2.138310
0.005150 2.027322
0.005200 1.965540
0.005250 1.924560
0.005300 1.988396
0.005350 2.043100
0.005400 1.870733
0.005450 2.002821
0.005500 1.840924
0.005550 1.854054
0.005600 1.689889
0.005650 1.820987
0.005700 1.737881
0.005750 1.784067
0.005800 1.721593
0.005850 1.866895
0.005900 1.855971
0.005950 1.897709
0.006000 1.696403
0.006050 1.670567
0.006100 1.681544
0.006150 1.665154
0.006200 1.760707
0.006250 1.619203
0.006300 1.791417
0.006350 1.614397
0.006400 1.475669
0.006450 1.638199
0.006500 1.527186
0.006550 1.456334
0.006600 1.466134
0.006650 1.479560
0.006700 1.692831
0.006750 1.563743
0.006800 1.533741
0.006850 1.510825
0.006900 1.647531
0.006950 1.579955
0.007000 1.581466
0.007050 1.566138
0.007100 1.503866
0.007150 1.383382
0.007200 1.573408
0.007250 1.436940
0.007300 1.419422
0.007350 1.424834
0.007400 1.405355
0.007450 1.475039
0.007500 1.521188
0.007550 1.455566
0.007600 1.378919
0.007650 1.439735
0.007700 1.365547
0.007750 1.328631
0.007800 1.342990
0.007850 1.301856
0.007900 1.367249
0.007950 1.484249
0.008000 1.424027
0.008050 1.403075
0.008100 1.423677
0.008150 1.296277
0.008200 1.417034
0.008250 1.409540
0.008300 1.232559
0.008350 1.431043
0.008400 1.308586
0.008450 1.390102
0.008500 1.478647
0.008550 1.348845
0.008600 1.406097
0.008650 1.326777
0.008700 1.251559
0.008750 1.315723
0.008800 1.324921
0.008850 1.281789
0.008900 1.308824
0.008950 1.304278
0.009000 1.227426
0.009050 1.237366
0.009100 1.207373
0.009150 1.381647
0.009200 1.306753
0.009250 1.154117
0.009300 1.326377
0.009350 1.170269
0.009400 1.073558
0.009450 1.210254
0.009500 1.244740
0.009550 1.292516
0.009600 1.288218
0.009650 1.185346
0.009700 1.179590
0.009750 1.317458
0.009800 1.115284
0.009850 1.223670
0.009900 1.219900
0.009950 1.123278
0.010000 1.139372
0.010050 1.188232
0.010100 1.299117
0.010150 1.201295
0.010200 1.185014
0.010250 1.252710
0.010300 1.208947
0.010350 1.114153
0.010400 1.170500
0.010450 1.101390
0.010500 1.224287
0.010550 1.120751
0.010600 1.142180
0.010650 1.157192
0.010700 1.208655
0.010750 1.056613
0.010800 1.160356
0.010850 1.177576
0.010900 1.208488
0.010950 1.157852
0.011000 1.228376
0.011050 1.023326
0.011100 1.095214
0.011150 1.093340
0.011200 1.219989
0.011250 1.047363
0.011300 1.219123
0.011350 1.229057
0.011400 1.146187
0.011450 1.265125
0.011500 1.099213
0.011550 1.122567
0.011600 1.139268
0.011650 1.237176
0.011700 1.099716
0.011750 1.001572
0.011800 1.112654
0.011850 1.040716
0.011900 1.181784
0.011950 1.122794
0.012000 1.068361
0.012050 0.974525
0.012100 1.017789
0.012150 1.093797
0.012200 1.071998
0.012250 1.139704
0.012300 1.047172
0.012350 1.088894
0.012400 1.158486
0.012450 1.088134
0.012500 1.175527
0.012550 0.986725
0.012600 1.050901
0.012650 1.107927
0.012700 1.149260
0.012750 0.966512
0.012800 0.992557
0.012850 1.081809
0.012900 1.092790
0.012950 0.988132
0.013000 1.148416
0.013050 1.042714
0.013100 1.077214
0.013150 0.977656
0.013200 1.041980
0.013250 1.082750
0.013300 0.994400
0.013350 1.030390
0.013400 1.043024
0.013450 1.047336
0.013500 0.918267
0.013550 1.070277
0.013600 1.012023
0.013650 1.093857
0.013700 1.052731
0.013750 0.975161
0.013800 1.044274
0.013850 0.994484
0.013900 1.055358
0.013950 1.024648
0.014000 1.057270
0.014050 1.051480
0.014100 0.952673
0.014150 1.109989
0.014200 0.958758
0.014250 1.045460
0.014300 1.029617
0.014350 1.086617
0.014400 0.859112
0.014450 0.933304
0.014500 1.047702
0.014550 0.908510
0.014600 1.198149
0.014650 0.988747
0.014700 0.983832
0.014750 1.068988
0.014800 0.949025
0.014850 0.992475
0.014900 0.927064
0.014950 0.970328
0.015000 0.976835
0.015050 1.017059
0.015100 0.947519
0.015150 0.828471
0.015200 0.965796
0.015250 0.955278
0.015300 0.885223
0.015350 0.921791
0.015400 0.945864
0.015450 0.896824
0.015500 0.966543
0.015550 0.934097
0.015600 0.967812
0.015650 0.973708
0.015700 0.871415
0.015750 1.027697
0.015800 0.913595
0.015850 0.954341
0.015900 0.926681
0.015950 1.106871
0.016000 0.928378
0.016050 1.116362
0.016100 0.854975
0.016150 0.906833
0.016200 0.970332
0.016250 1.051476
0.016300 0.980106
0.016350 0.928514
0.016400 0.926229
0.016450 1.038205
0.016500 1.012280
0.016550 0.887942
0.016600 0.939065
0.016650 0.852139
0.016700 1.014104
0.016750 0.885636
0.016800 1.012232
0.016850 0.986938
0.016900 0.869640
0.016950 0.950974
0.017000 0.932526
0.017050 0.998138
0.017100 0.860331
0.017150 0.914733
0.017200 1.052847
0.017250 0.926523
0.017300 0.838396
0.017350 0.850862
0.017400 0.914480
0.017450 0.889484
0.017500 0.893141
0.017550 0.753299
0.017600 0.885219
0.017650 0.872503
0.017700 0.880708
0.017750 0.941042
0.017800 0.918072
0.017850 0.814438
0.017900 0.802996
0.017950 0.834742
0.018000 0.937592
0.018050 0.911782
0.018100 0.801618
0.018150 0.845684
0.018200 0.879244
0.018250 0.890100
0.018300 0.961676
0.018350 1.042376
0.018400 0.855173
0.018450 0.847075
0.018500 0.831195
0.018550 0.842417
0.018600 1.038812
0.018650 0.855006
0.018700 0.921040
0.018750 0.882770
0.018800 0.876308
0.018850 0.836600
0.018900 0.837578
0.018950 0.964794
0.019000 0.784093
0.019050 0.857973
0.019100 0.911822
0.019150 0.837520
0.019200 0.866267
0.019250 0.903797
0.019300 0.857318
0.019350 0.879218
0.019400 0.854672
0.019450 0.874070
0.019500 0.880778
0.019550 0.855064
0.019600 0.970302
0.019650 0.970646
0.019700 0.926415
0.019750 0.832801
0.019800 0.811981
0.019850 0.891759
0.019900 0.829757
0.019950 0.902147
0.020000 0.887321
0.020050 0.907817
0.020100 0.842684
0.020150 0.898322
0.020200 0.894491
0.020250 0.954835
0.020300 0.753979
0.020350 0.718159
0.020400 0.781113
0.020450 0.889689
0.020500 0.836361
0.020550 0.806181
0.020600 0.870413
0.020650 0.838705
0.020700 0.837115
0.020750 0.806031
0.020800 0.882362
0.020850 0.881966
0.020900 0.879104
0.020950 0.873752
0.021000 0.969452
0.021050 1.033812
0.021100 1.362628
0.021150 1.369884
0.021200 1.710424
0.021250 2.043602
0.021300 2.258306
0.021350 2.696660
0.021400 3.185708
0.021450 3.971854
0.021500 5.286260
0.021550 6.561810
0.021600 8.880993
0.021650 11.232601
0.021700 13.951736
0.021750 16.497066
0.021800 19.756559
0.021850 24.155761
0.021900 27.650799
0.021950 30.227005
0.022000 33.701555
0.022050 35.750453
0.022100 37.385693
0.022150 39.074951
0.022200 39.743948
0.022250 39.349078
0.022300 38.975472
0.022350 36.528506
0.022400 34.771704
0.022450 32.001820
0.022500 29.067764
0.022550 27.326512
0.022600 25.797183
0.022650 23.732657
0.022700 22.024664
0.022750 20.414264
0.022800 18.724644
0.022850 17.712282
0.022900 16.573059
0.022950 15.888751
0.023000 14.917484
0.023050 13.528836
0.023100 13.593475
0.023150 12.660197
0.023200 12.180033
0.023250 11.487293
0.023300 11.359604
0.023350 10.622018
0.023400 9.874341
0.023450 9.665959
0.023500 9.245078
0.023550 8.844962
0.023600 8.515476
0.023650 8.126416
0.023700 8.003148
0.023750 7.720484
0.023800 7.750276
0.023850 6.667374
0.023900 6.888122
0.023950 6.734344
0.024000 6.369334
0.024050 6.220324
0.024100 6.164029
0.024150 5.932121
0.024200 5.770502
0.024250 5.480990
0.024300 5.512042
0.024350 5.418322
0.024400 5.131813
0.024450 5.220323
0.024500 4.812457
0.024550 4.829619
0.024600 5.083508
0.024650 4.432928
0.024700 4.890143
0.024750 4.558009
0.024800 4.454952
0.024850 4.420982
0.024900 4.432707
0.024950 4.413995
0.025000 4.168210
0.025050 4.094638
0.025100 3.903426
0.025150 3.965594
0.025200 3.671102
0.025250 3.728052
0.025300 3.551623
0.025350 3.626127
0.025400 3.603865
0.025450 3.627383
0.025500 3.791065
0.025550 3.640839
0.025600 3.550274
0.025650 3.781468
0.025700 3.422289
0.025750 3.398489
0.025800 3.246350
0.025850 3.389122
0.025900 3.310608
0.025950 3.222816
0.026000 3.345019
0.026050 3.358847
0.026100 3.268171
0.026150 3.388163
0.026200 3.279960
0.026250 3.331584
0.026300 3.180625
0.026350 3.099047
0.026400 3.232857
0.026450 3.120467
0.026500 3.083923
0.026550 3.151997
0.026600 3.205019
0.026650 3.085343
0.026700 3.060778
0.026750 2.834560
0.026800 2.856802
0.026850 2.822704
0.026900 2.927503
0.026950 2.940031
0.027000 3.106837
0.027050 2.873511
0.027100 2.713847
0.027150 2.762221
0.027200 2.770014
0.027250 2.657210
0.027300 2.655947
0.027350 2.625113
0.027400 2.853266
0.027450 2.887994
0.027500 2.868386
0.027550 2.589806
0.027600 2.593424
0.027650 2.677420
0.027700 2.567649
0.027750 2.595755
0.027800 2.651891
0.027850 2.689943
0.027900 2.511893
0.027950 2.597793
0.028000 2.669035
0.028050 2.664253
0.028100 2.371778
0.028150 2.388534
0.028200 2.485075
0.028250 2.644985
0.028300 2.472375
0.028350 2.435197
0.028400 2.524738
0.028450 2.438080
0.028500 2.590813
0.028550 2.460665
0.028600 2.447325
0.028650 2.404669
0.028700 2.389993
0.028750 2.396005
0.028800 2.381305
0.028850 2.424357
0.028900 2.258063
0.028950 2.376295
0.029000 2.355148
0.029050 2.300746
0.029100 2.503195
0.029150 2.476035
0.029200 2.163866
0.029250 2.374006
0.029300 2.178462
0.029350 2.407070
0.029400 2.222808
0.029450 2.243544
0.029500 2.293965
0.029550 2.345263
0.029600 2.254529
0.029650 2.300577
0.029700 2.223126
0.029750 2.204316
0.029800 2.194992
0.029850 2.186248
0.029900 2.161316
0.029950 2.355888
0.030000 2.243149
0.030050 2.278567
0.030100 2.317807
0.030150 2.343981
0.030200 2.243866
0.030250 2.200244
0.030300 2.089663
0.030350 2.075843
0.030400 2.138718
0.030450 2.162892
0.030500 2.040573
0.030550 1.942161
0.030600 2.312241
0.030650 2.341551
0.030700 2.210514
0.030750 2.073318
0.030800 2.181046
0.030850 1.985270
0.030900 2.218156
0.030950 2.176920
0.031000 2.167802
0.031050 1.988860
0.031100 2.120581
0.031150 1.982149
0.031200 1.976828
0.031250 2.156806
0.031300 2.039850
0.031350 1.976996
0.031400 1.974882
0.031450 2.205256
0.031500 1.928800
0.031550 2.051742
0.031600 2.125922
0.031650 2.122498
0.031700 2.200998
0.031750 2.094182
0.031800 1.875411
0.031850 2.079267
0.031900 1.963332
0.031950 2.097758
0.032000 1.971313
0.032050 2.029197
0.032100 2.133674
0.032150 2.026144
0.032200 2.061972
0.032250 1.943598
0.032300 2.058266
0.032350 1.845604
0.032400 2.050587
0.032450 1.859395
0.032500 1.929047
0.032550 1.898639
0.032600 1.997411
0.032650 1.899809
0.032700 1.773619
0.032750 1.880413
0.032800 1.998892
0.032850 1.769856
0.032900 1.923338
0.032950 1.809586
0.033000 1.813661
0.033050 1.709213
0.033100 1.942448
0.033150 1.859374
0.033200 1.857079
0.033250 2.057263
0.033300 1.836163
0.033350 1.883295
0.033400 1.849046
0.033450 1.890378
0.033500 1.880253
0.033550 1.958811
0.033600 1.808251
0.033650 1.750055
0.033700 1.861050
0.033750 1.967156
0.033800 1.759629
0.033850 1.971565
0.033900 1.796076
0.033950 1.744954
0.034000 1.827788
0.034050 1.850314
0.034100 1.834715
0.034150 1.814283
0.034200 1.801320
0.034250 1.891224
0.034300 1.804986
0.034350 1.853242
0.034400 1.698477
0.034450 1.898411
0.034500 1.704678
0.034550 1.811838
0.034600 1.752474
0.034650 1.753948
0.034700 1.719312
0.034750 1.821662
0.034800 1.820624
0.034850 1.952224
0.034900 1.708350
0.034950 1.742750
0.035000 1.792042
0.035050 1.735566
0.035100 1.652157
0.035150 1.788767
0.035200 1.761013
0.035250 1.750813
0.035300 1.733522
0.035350 1.657416
0.035400 1.832705
0.035450 1.658729
0.035500 1.714403
0.035550 1.689167
0.035600 1.703062
0.035650 1.605654
0.035700 1.708059
0.035750 1.666285
0.035800 1.653038
0.035850 1.809924
0.035900 1.633153
0.035950 1.709825
0.036000 1.666432
0.036050 1.536962
0.036100 1.639782
0.036150 1.437524
0.036200 1.642625
0.036250 1.593773
0.036300 1.409519
0.036350 1.670791
0.036400 1.578870
0.036450 1.560322
0.036500 1.779295
0.036550 1.723225
0.036600 1.587781
0.036650 1.556031
0.036700 1.608698
0.036750 1.586530
0.036800 1.663788
0.036850 1.598210
0.036900 1.614415
0.036950 1.541907
0.037000 1.560269
0.037050 1.578727
0.037100 1.496976
0.037150 1.565204
0.037200 1.559229
0.037250 1.420463
0.037300 1.568755
0.037350 1.561333
0.037400 1.539671
0.037450 1.636443
0.037500 1.572158
0.037550 1.579828
0.037600 1.636494
0.037650 1.526018
0.037700 1.535922
0.037750 1.465750
0.037800 1.591383
0.037850 1.459815
0.037900 1.446150
0.037950 1.540372
0.038000 1.558887
0.038050 1.421285
0.038100 1.535714
0.038150 1.527610
0.038200 1.452174
0.038250 1.531194
0.038300 1.503164
0.038350 1.653988
0.038400 1.548575
0.038450 1.568279
0.038500 1.500956
0.038550 1.574666
0.038600 1.479395
0.038650 1.363649
0.038700 1.628774
0.038750 1.412274
0.038800 1.578793
0.038850 1.563923
0.038900 1.590301
0.038950 1.611339
0.039000 1.432540
0.039050 1.436060
0.039100 1.401246
0.039150 1.448638
0.039200 1.453056
0.039250 1.573052
0.039300 1.439324
0.039350 1.390996
0.039400 1.481367
0.039450 1.484411
0.039500 1.466919
0.039550 1.400275
0.039600 1.574469
0.039650 1.396805
0.039700 1.379077
0.039750 1.466373
0.039800 1.440046
0.039850 1.359374
0.039900 1.374297
0.039950 1.394095
0.040000 1.474862
0.040050 1.338608
0.040100 1.551167
0.040150 1.543439
0.040200 1.427829
0.040250 1.378703
0.040300 1.489198
0.040350 1.389234
0.040400 1.462042
0.040450 1.349648
0.040500 1.485832
0.040550 1.508858
0.040600 1.282395
0.040650 1.451531
0.040700 1.537364
0.040750 1.432586
0.040800 1.387080
0.040850 1.293162
0.040900 1.293102
0.040950 1.320940
0.041000 1.415399
0.041050 1.312941
0.041100 1.427398
0.041150 1.437642
0.041200 1.336565
0.041250 1.328475
0.041300 1.329470
0.041350 1.424878
0.041400 1.405418
0.041450 1.314524
0.041500 1.454336
0.041550 1.403310
0.041600 1.343786
0.041650 1.366630
0.041700 1.250963
0.041750 1.215153
0.041800 1.339099
0.041850 1.306801
0.041900 1.323905
0.041950 1.340247
0.042000 1.373484
0.042050 1.418644
0.042100 1.362821
0.042150 1.327071
0.042200 1.397680
0.042250 1.268900
0.042300 1.358205
0.042350 1.285027
0.042400 1.231982
0.042450 1.443966
0.042500 1.460985
0.042550 1.281267
0.042600 1.331241
0.042650 1.312233
0.042700 1.458189
0.042750 1.338457
0.042800 1.313447
0.042850 1.403337
0.042900 1.318321
0.042950 1.349123
0.043000 1.196655
0.043050 1.257447
0.043100 1.247701
0.043150 1.403825
0.043200 1.459302
0.043250 1.450902
0.043300 1.307235
0.043350 1.248149
0.043400 1.207123
0.043450 1.320831
0.043500 1.440173
0.043550 1.325373
0.043600 1.348126
0.043650 1.282698
0.043700 1.327310
0.043750 1.356322
0.043800 1.202155
0.043850 1.380237
0.043900 1.258325
0.043950 1.229291
0.044000 1.293559
0.044050 1.300731
0.044100 1.254079
0.044150 1.406183
0.044200 1.295973
0.044250 1.328935
0.044300 1.310577
0.044350 1.295723
0.044400 1.359954
0.044450 1.244636
0.044500 1.384660
0.044550 1.299494
0.044600 1.165833
0.044650 1.409899
0.044700 1.212669
0.044750 1.220871
0.044800 1.254231
0.044850 1.254491
0.044900 1.288928
0.044950 1.074194
0.045000 1.156088
0.045050 1.269840
0.045100 1.107667
0.045150 1.297529
0.045200 1.150471
0.045250 1.269303
0.045300 1.191724
0.045350 1.155670
0.045400 1.159507
0.045450 1.139711
0.045500 1.332127
0.045550 1.185927
0.045600 1.208164
0.045650 1.173820
0.045700 1.102777
0.045750 1.333795
0.045800 1.206120
0.045850 1.291016
0.045900 1.275113
0.045950 1.202131
0.046000 1.196157
0.046050 1.197553
0.046100 1.180507
0.046150 1.249351
0.046200 1.127882
0.046250 1.189380
0.046300 1.132435
0.046350 1.307319
0.046400 1.180857
0.046450 1.119099
0.046500 1.195874
0.046550 1.152682
0.046600 1.119627
0.046650 1.262071
0.046700 1.191806
0.046750 1.250496
0.046800 1.156656
0.046850 1.032512
0.046900 1.228183
0.046950 1.229913
0.047000 1.196844
0.047050 1.179696
0.047100 1.173822
0.047150 1.138678
0.047200 1.105325
0.047250 1.279053
0.047300 1.303719
0.047350 1.048815
0.047400 1.173665
0.047450 1.210573
0.047500 1.233345
0.047550 1.133393
0.047600 1.156075
0.047650 1.153083
0.047700 1.159644
0.047750 1.164326
0.047800 1.184347
0.047850 1.292579
0.047900 1.259230
0.047950 1.148028
0.048000 1.294038
0.048050 1.168270
0.048100 1.264574
0.048150 1.256114
0.048200 1.128944
0.048250 1.091228
0.048300 1.094021
0.048350 1.192667
0.048400 1.118180
0.048450 1.159874
0.048500 1.169666
0.048550 1.262120
0.048600 1.094107
0.048650 1.075583
0.048700 1.157439
0.048750 1.200519
0.048800 1.102078
0.048850 1.279142
0.048900 1.169914
0.048950 1.071142
0.049000 1.131001
0.049050 1.084999
0.049100 1.078188
0.049150 1.189448
0.049200 1.279389
0.049250 1.104381
0.049300 1.121316
0.049350 1.214390
0.049400 1.136661
0.049450 1.119097
0.049500 1.150050
0.049550 1.093812
0.049600 1.125792
0.049650 1.138000
0.049700 1.127371
0.049750 1.072897
0.049800 1.064132
0.049850 1.037388
0.049900 1.093492
