0.082739 -0.0250000004 0.0239779034 -0.0254962772 asynchronous_release_0
0.016549 -0.0250000004 0.0348368464 0.00337551927 asynchronous_release_0
0.068767 -0.0250000004 0.0349321491 0.00217829259 asynchronous_release_4
0.076233 -0.0250000004 0.0238408247 0.0256245015 asynchronous_release_3
0.043532 -0.0250000004 0.021693154 0.0274664717 asynchronous_release_1
0.06812 -0.0250000004 -0.0288579114 -0.0198045689 asynchronous_release_0
0.072223 -0.0250000004 0.03342325 -0.0103868359 asynchronous_release_0
0.079152 -0.0250000004 0.0328576645 -0.0120571092 asynchronous_release_1
0.073598 -0.0250000004 0.000680528039 -0.00073272204 asynchronous_release_0
0.06286 -0.0250000004 0.0299199916 0.0181602342 asynchronous_release_3
0.087167 -0.0250000004 -0.0152896254 -0.0314837634 asynchronous_release_0
0.083898 -0.0250000004 0.0325328436 0.0129079079 asynchronous_release_0
0.086865 -0.0250000004 -0.0167904155 0.0307096393 asynchronous_release_1
0.074497 -0.0250000004 0.0262831597 0.0231126701 asynchronous_release_0
0.077887 -0.0250000004 -0.021360164 0.0277262222 asynchronous_release_1
0.088262 -0.0250000004 0.0339907319 -0.00834446792 asynchronous_release_0
0.016382 -0.0250000004 0.0273826108 -0.0217989135 asynchronous_release_0
0.060296 -0.0250000004 -0.0348377182 -0.00336651024 asynchronous_release_0
0.086112 -0.0250000004 -0.0321855764 -0.0137509518 asynchronous_release_0
0.004564 -0.0250000004 -0.00418411463 -0.0347490026 asynchronous_release_3
0.036177 -0.0250000004 0.0051227876 0.034623071 asynchronous_release_0
0.052959 -0.0250000004 0.0325458529 0.0128750713 asynchronous_release_0
0.070154 -0.0250000004 -0.00910815108 0.0337941058 asynchronous_release_4
0.084803 -0.0250000004 -0.0336796344 -0.00952272145 asynchronous_release_0
0.087522 -0.0250000004 0.0339643406 0.00845124669 asynchronous_release_0
0.05963 -0.0250000004 0.000646702536 -0.000762742309 asynchronous_release_0
0.082654 -0.0250000004 -0.000832785206 0.000553596243 asynchronous_release_0
0.083106 -0.0250000004 -0.000200946463 -0.000979602225 asynchronous_release_0
0.031814 -0.0250000004 0.000971885475 0.000235454078 asynchronous_release_0
0.071159 -0.0250000004 -0.0301082918 -0.0178463095 asynchronous_release_0
0.035286 -0.0250000004 0.0331734879 -0.0111588397 asynchronous_release_0
0.071357 -0.0250000004 -0.0301976488 -0.0176946887 asynchronous_release_0
0.083195 -0.0250000004 -0.0145849134 0.0318163527 asynchronous_release_0
0.024477 -0.0250000004 -0.0310681147 0.0161174516 asynchronous_release_0
0.06909 -0.0250000004 0.0341396382 0.00771265862 asynchronous_release_0
0.045531 -0.0250000004 -0.000547393844 -0.000836875128 asynchronous_release_0
0.058663 -0.0250000004 0.000703056191 0.0007111343 asynchronous_release_0
0.021866 -0.0250000004 0.0231522014 0.0262483441 asynchronous_release_0
0.086543 -0.0250000004 -0.0343078335 0.00692622251 asynchronous_release_0
0.078512 -0.0250000004 -0.0349193142 0.00237518361 asynchronous_release_0
0.08814 -0.0250000004 0.0205333261 0.0283440032 asynchronous_release_0
0.015853 -0.0250000004 0.000844191733 -0.000536041341 asynchronous_release_0
0.089996 -0.0250000004 -0.0325792221 0.0127903983 asynchronous_release_0
0.070002 -0.0250000004 -0.0141842297 -0.031996994 asynchronous_release_4
0.058171 -0.0250000004 -0.000553442715 -0.000832887244 asynchronous_release_0
0.053103 -0.0250000004 0.0349150102 0.00243763506 asynchronous_release_0
0.083262 -0.0250000004 0.0210501503 -0.027962317 asynchronous_release_1
0.059105 -0.0250000004 -0.0337070385 -0.00942526164 asynchronous_release_0
0.07052 -0.0250000004 -0.0207808079 0.0281630613 asynchronous_release_0
0.031174 -0.0250000004 0.0288597604 -0.0198018744 asynchronous_release_0
0.089592 -0.0250000004 0.00288455801 0.0348809307 asynchronous_release_0
0.072932 -0.0250000004 0.000769554742 0.000638580847 asynchronous_release_0
0.079198 -0.0250000004 -0.0339194855 0.00862951368 asynchronous_release_0
0.066242 -0.0250000004 0.00948636466 -0.0336898929 asynchronous_release_2
0.078079 -0.0250000004 0.0206851984 -0.0282333591 asynchronous_release_0
0.067139 -0.0250000004 0.0135712018 0.0322617805 asynchronous_release_0
0.060031 -0.0250000004 0.0228604315 0.0265028427 asynchronous_release_0
0.084267 -0.0250000004 0.0125982231 0.0326540162 asynchronous_release_0
0.072115 -0.0250000004 0.0210098966 -0.0279925748 asynchronous_release_4
0.069422 -0.0250000004 0.0250039088 0.0244909074 asynchronous_release_0
0.067761 -0.0250000004 0.0346267111 -0.00509812533 asynchronous_release_3
0.069316 -0.0250000004 0.0147393085 0.0317451222 asynchronous_release_0
0.071829 -0.0250000004 0.0330578918 0.0114967729 asynchronous_release_0
0.068733 -0.0250000004 0.0326818155 0.0125259305 asynchronous_release_1
0.069148 -0.0250000004 -0.0083947976 0.0339783368 asynchronous_release_0
0.08307 -0.0250000004 -0.000693122183 0.000720820116 asynchronous_release_0
0.060162 -0.0250000004 -0.000775836748 -0.000630933705 asynchronous_release_0
0.068574 -0.0250000004 0.0190122152 0.0293859775 asynchronous_release_3
0.089037 -0.0250000004 -0.0332085191 0.0110541512 asynchronous_release_0
0.028905 -0.0250000004 0.00421449112 0.0347453316 asynchronous_release_0
0.070828 -0.0250000004 -0.0290715494 -0.019489613 asynchronous_release_1
0.009101 -0.0250000004 0.0242972911 -0.0251920949 asynchronous_release_0
0.028056 -0.0250000004 0.0197934365 0.0288655482 asynchronous_release_4
0.081511 -0.0250000004 0.0348247959 -0.003497655 asynchronous_release_0
0.068027 -0.0250000004 -0.0290663841 0.0194973156 asynchronous_release_0
0.058148 -0.0250000004 0.0104356075 0.0334080543 asynchronous_release_0
0.009154 -0.0250000004 0.0103039216 -0.0334489043 asynchronous_release_0
0.060967 -0.0250000004 0.0163398887 0.0309517049 asynchronous_release_0
0.029099 -0.0250000004 -0.000791691382 -0.000610921236 asynchronous_release_0
0.078792 -0.0250000004 0.0295804878 0.0187081464 asynchronous_release_0
0.074387 -0.0250000004 0.0339108665 -0.00866332123 asynchronous_release_0
0.069752 -0.0250000004 0.000928996089 -0.000370089537 asynchronous_release_3
0.078261 -0.0250000004 -0.0331009952 0.0113720762 asynchronous_release_1
0.079799 -0.0250000004 0.029098959 0.0194486653 asynchronous_release_0
0.070559 -0.0250000004 0.0209300374 -0.0280523356 asynchronous_release_0
0.066213 -0.0250000004 0.0245406409 -0.0249550986 asynchronous_release_0
0.01305 -0.0250000004 0.0298764705 -0.0182317445 asynchronous_release_0
0.01874 -0.0250000004 0.00314813915 -0.0348581299 asynchronous_release_0
0.079954 -0.0250000004 -0.000361280984 0.0349981353 asynchronous_release_0
0.085339 -0.0250000004 -0.0349822042 0.00111596931 asynchronous_release_0
0.017616 -0.0250000004 -0.0124934376 0.0326942505 asynchronous_release_0
0.078676 -0.0250000004 -0.0349994019 0.00020462089 asynchronous_release_0
0.073088 -0.0250000004 0.0602809791 -0.00641899953 asynchronous_release_0
0.073354 -0.0250000004 -0.000561474844 -0.000827493806 asynchronous_release_4
0.085651 -0.0250000004 0.000988149269 -0.000153496 asynchronous_release_0
0.065722 -0.0250000004 -0.031243951 0.0157738875 asynchronous_release_1
0.088122 -0.0250000004 0.00962427647 -0.0336507549 asynchronous_release_0
0.065679 -0.0250000004 0.010474583 0.0333958547 asynchronous_release_1
0.012178 -0.0250000004 0.034681046 0.00471434487 asynchronous_release_0
0.071934 -0.0250000004 0.033993397 -0.00833360444 asynchronous_release_0
0.076214 -0.0250000004 -0.000352740138 0.000935721323 asynchronous_release_0
0.030123 -0.0250000004 0.0339568485 -0.00848129959 asynchronous_release_0
0.066212 -0.0250000004 -0.000172387412 -0.000985029228 asynchronous_release_0
0.068998 -0.0250000004 0.0240173296 -0.0254591414 asynchronous_release_0
0.065551 -0.0250000004 -0.00121634 -0.0349788581 asynchronous_release_1
0.028541 -0.0250000004 0.0202083567 0.0285766044 asynchronous_release_0
0.064949 -0.0250000004 0.0236311165 0.0258180235 asynchronous_release_0
0.078066 -0.0250000004 -0.000777513117 -0.000628866721 asynchronous_release_1
0.072125 -0.0250000004 -0.000931302925 0.0349876074 asynchronous_release_0
0.076085 -0.0250000004 -0.0346433543 -0.004983774 asynchronous_release_0
0.063415 -0.0250000004 0.000952537966 0.000304419814 asynchronous_release_1
0.079063 -0.0250000004 0.0349965709 -0.000489926117 asynchronous_release_0
0.071792 -0.0250000004 0.0259371265 0.0235003291 asynchronous_release_0
0.081587 -0.0250000004 -0.0231799544 0.0262238387 asynchronous_release_0
0.070816 -0.0250000004 0.0169663226 0.0306128061 asynchronous_release_0
0.066844 -0.0250000004 0.00099970827 -2.41531496e-05 asynchronous_release_0
0.074947 -0.0250000004 -0.031599662 0.0150486331 asynchronous_release_0
0.068417 -0.0250000004 -0.00733303979 0.0601766278 asynchronous_release_4
0.023508 -0.0250000004 0.00668273301 0.0343560923 asynchronous_release_0
0.009992 -0.0250000004 0.0221861268 0.0270698315 asynchronous_release_0
0.064744 -0.0250000004 0.0100428382 0.033528218 asynchronous_release_0
0.049114 -0.0250000004 -0.0266316286 0.0227102699 asynchronous_release_0
0.050522 -0.0250000004 0.000938641665 0.000344893932 asynchronous_release_0
0.064373 -0.0250000004 -0.0175258595 -0.0302959444 asynchronous_release_0
0.065351 -0.0250000004 0.0300844192 0.0178865234 asynchronous_release_0
0.076311 -0.0250000004 0.0137037977 0.0322056816 asynchronous_release_1
0.028607 -0.0250000004 0.0349997275 0.000138106213 asynchronous_release_0
0.030751 -0.0250000004 0.0304728667 -0.017216399 asynchronous_release_0
0.014018 -0.0250000004 -0.0256095869 -0.0238568452 asynchronous_release_0
0.029126 -0.0250000004 0.00528319087 -0.034598958 asynchronous_release_1
0.08687 -0.0250000004 -0.008382386 0.0339814009 asynchronous_release_0
0.06353 -0.0250000004 0.032284011 0.0135182333 asynchronous_release_3
0.059328 -0.0250000004 -0.0265914739 0.0227572739 asynchronous_release_0
0.068508 -0.0250000004 -0.000983072254 0.000183218297 asynchronous_release_4
0.06809 -0.0250000004 -0.0332442096 0.0109463478 asynchronous_release_0
0.073438 -0.0250000004 -0.0143384085 -0.0319282013 asynchronous_release_0
0.084849 -0.0250000004 0.0204814292 -0.0283815267 asynchronous_release_0
0.066904 -0.0250000004 -0.00438322134 0.0347244492 asynchronous_release_0
0.062951 -0.0250000004 -0.00140572737 0.034971759 asynchronous_release_1
0.057856 -0.0250000004 0.000685737299 -0.00072784913 asynchronous_release_0
0.020323 -0.0250000004 -0.000922327255 0.000386409671 asynchronous_release_0
0.045613 -0.0250000004 0.0301332866 0.0178040736 asynchronous_release_0
0.065811 -0.0250000004 0.000429733977 0.000902955541 asynchronous_release_2
0.064752 -0.0250000004 0.00678786379 -0.0343354759 asynchronous_release_0
0.01493 -0.0250000004 0.000317016078 -0.000948420164 asynchronous_release_0
0.018893 -0.0250000004 -0.00415395212 0.0347526212 asynchronous_release_0
0.038733 -0.0250000004 0.0341868462 -0.00750063637 asynchronous_release_0
0.076025 -0.0250000004 0.000702681069 -0.000711504965 asynchronous_release_0
0.083052 -0.0250000004 0.0237378216 0.0257199499 asynchronous_release_0
0.03929 -0.0250000004 0.0323483066 0.0133636468 asynchronous_release_0
0.035137 -0.0250000004 0.0289255721 0.0197056154 asynchronous_release_0
0.080944 -0.0250000004 0.0291738141 -0.0193361985 asynchronous_release_0
0.074273 -0.0250000004 -0.032896958 0.0119494835 asynchronous_release_0
0.021856 -0.0250000004 0.0270233846 -0.0222426771 asynchronous_release_0
0.076707 -0.0250000004 0.0127253342 0.0326046909 asynchronous_release_0
0.080371 -0.0250000004 -0.000772137292 -0.000635455744 asynchronous_release_0
0.064399 -0.0250000004 -0.0268976641 0.0223945454 asynchronous_release_0
0.022941 -0.0250000004 0.0297053544 0.0185092388 asynchronous_release_0
0.069808 -0.0250000004 0.029451971 -0.0189098229 asynchronous_release_4
0.018469 -0.0250000004 -0.0198407863 -0.0288330227 asynchronous_release_0
0.077456 -0.0250000004 0.00201242663 -0.0349420969 asynchronous_release_0
0.073122 -0.0250000004 0.00493493339 -0.0346503453 asynchronous_release_0
0.02758 -0.0250000004 0.000658235424 0.0349938098 asynchronous_release_0
0.04057 -0.0250000004 0.0149431019 -0.0316497031 asynchronous_release_0
0.036322 -0.0250000004 0.00930598395 -0.0337401639 asynchronous_release_0
0.065496 -0.0250000004 0.0191976867 0.0292651469 asynchronous_release_0
0.013791 -0.0250000004 -0.0120208995 0.032870929 asynchronous_release_0
0.006975 -0.0250000004 0.0316005719 -0.0150467224 asynchronous_release_0
0.071519 -0.0250000004 -0.00802709907 -0.0340670762 asynchronous_release_3
0.085879 -0.0250000004 0.0279033255 -0.0211282849 asynchronous_release_0
0.084637 -0.0250000004 -0.033517249 0.0100793859 asynchronous_release_0
0.045879 -0.0250000004 0.00602239755 0.0344779745 asynchronous_release_0
0.07617 -0.0250000004 -0.000519779297 -0.0349961402 asynchronous_release_0
0.04848 -0.0250000004 0.0291773188 -0.0193309096 asynchronous_release_0
0.086483 -0.0250000004 0.0341203304 0.00779763117 asynchronous_release_0
0.086494 -0.0250000004 -0.0300737401 -0.0179044731 asynchronous_release_0
0.065685 -0.0250000004 0.0300737401 0.0179044731 asynchronous_release_2
0.072152 -0.0250000004 0.0130779579 0.0324648582 asynchronous_release_3
0.070215 -0.0250000004 0.0135964039 -0.0322511674 asynchronous_release_0
0.069332 -0.0250000004 0.0167391363 0.0307376205 asynchronous_release_0
0.003762 -0.0250000004 -0.0346273826 0.00509356222 asynchronous_release_0
0.068466 -0.0250000004 0.0055093543 0.0345636661 asynchronous_release_3
0.008393 -0.0250000004 0.0319770968 0.0142290294 asynchronous_release_0
0.073408 -0.0250000004 0.0349351538 -0.00212956031 asynchronous_release_0
0.076258 -0.0250000004 -0.0288213669 0.0198577141 asynchronous_release_4
0.087891 -0.0250000004 0.0341116777 -0.00783539674 asynchronous_release_0
0.021853 -0.0250000004 0.0349990412 -0.000259062764 asynchronous_release_0
0.060847 -0.0250000004 -0.0172751657 0.0304395902 asynchronous_release_0
0.082122 -0.0250000004 0.0182616265 0.0298582149 asynchronous_release_1
0.043449 -0.0250000004 0.0312767525 0.0157087477 asynchronous_release_0
0.073707 -0.0250000004 -0.00203420172 -0.034940836 asynchronous_release_0
0.087157 -0.0250000004 -0.000713102566 -0.00070105972 asynchronous_release_0
0.078288 -0.0250000004 0.00264134364 -0.0349001906 asynchronous_release_0
0.050526 -0.0250000004 0.0326324904 0.0126538758 asynchronous_release_0
0.061324 -0.0250000004 0.0272748231 -0.0219336277 asynchronous_release_0
0.069083 -0.0250000004 0.00418705839 -0.0347486481 asynchronous_release_0
0.009635 -0.0250000004 0.0332269854 0.0109985199 asynchronous_release_0
0.087222 -0.0250000004 -0.0348399633 0.00334319573 asynchronous_release_0
0.083046 -0.0250000004 0.0248165084 0.0246807802 asynchronous_release_0
0.033955 -0.0250000004 0.0279442665 -0.0210741066 asynchronous_release_0
0.085468 -0.0250000004 0.0292631737 0.0192006944 asynchronous_release_0
0.04459 -0.0250000004 0.0224705612 0.0268341924 asynchronous_release_0
0.065251 -0.0250000004 0.0349495421 0.00187869827 asynchronous_release_3
0.070224 -0.0250000004 -0.0249224042 -0.0245738432 asynchronous_release_1
0.077337 -0.0250000004 -0.00742185054 0.0342040368 asynchronous_release_0
0.016289 -0.0250000004 -0.0205397061 0.0283393802 asynchronous_release_0
0.063851 -0.0250000004 -0.0333662712 -0.0105684409 asynchronous_release_3
0.025551 -0.0250000004 0.0339849869 0.00836783508 asynchronous_release_0
0.054523 -0.0250000004 0.000949116577 -0.000314924948 asynchronous_release_0
0.080824 -0.0250000004 0.0336815805 0.00951583602 asynchronous_release_0
0.022989 -0.0250000004 0.0300363843 -0.0179670704 asynchronous_release_0
0.06934 -0.0250000004 -0.0121005773 -0.0328416813 asynchronous_release_1
0.07421 -0.0250000004 -0.017838877 0.0301126961 asynchronous_release_0
0.070944 -0.0250000004 -0.0272726754 0.0219362982 asynchronous_release_4
0.077807 -0.0250000004 -0.0349856599 0.00100179952 asynchronous_release_0
0.056442 -0.0250000004 -0.0196662394 0.0289523579 asynchronous_release_0
0.069989 -0.0250000004 0.00385127515 -0.0347874644 asynchronous_release_0
0.024306 -0.0250000004 -0.0311307038 -0.0159962271 asynchronous_release_0
0.088917 -0.0250000004 -0.0339893432 -0.00835012257 asynchronous_release_0
0.07567 -0.0250000004 0.0126072659 -0.032650526 asynchronous_release_0
0.057738 -0.0250000004 0.0299983041 -0.0180305782 asynchronous_release_0
0.080034 -0.0250000004 0.0344096234 -0.006401392 asynchronous_release_0
0.082196 -0.0250000004 -0.000756227498 0.000654308774 asynchronous_release_0
0.044144 -0.0250000004 0.0134420427 -0.0323158086 asynchronous_release_0
0.058191 -0.0250000004 0.0170692175 -0.0305555529 asynchronous_release_0
0.08223 -0.0250000004 -0.0312744918 -0.0157132479 asynchronous_release_0
0.017114 -0.0250000004 -0.0134554415 0.032310232 asynchronous_release_0
0.083007 -0.0250000004 -0.0331827269 -0.0111313358 asynchronous_release_0
0.068058 -0.0250000004 -0.0349980282 -0.000371516276 asynchronous_release_0
0.066106 -0.0250000004 0.0259237411 0.0235150941 asynchronous_release_0
0.083651 -0.0250000004 -0.0141791732 -0.0319992351 asynchronous_release_0
0.086039 -0.0250000004 0.0167267059 0.0307443866 asynchronous_release_0
0.075359 -0.0250000004 -0.00406886901 0.0347626855 asynchronous_release_0
0.068508 -0.0250000004 0.0333735509 -0.0105454302 asynchronous_release_0
0.00384 -0.0250000004 0.019477458 0.0290796944 asynchronous_release_0
0.037606 -0.0250000004 -0.000789724031 0.000613462269 asynchronous_release_0
0.084946 -0.0250000004 0.0337371268 -0.0093169884 asynchronous_release_0
0.064987 -0.0250000004 0.022789963 0.0265634634 asynchronous_release_0
0.084445 -0.0250000004 -0.000626318912 0.000779566945 asynchronous_release_0
0.01189 -0.0250000004 -0.0332830661 0.0108276272 asynchronous_release_1
0.051279 -0.0250000004 -0.0349078328 0.00253834765 asynchronous_release_0
0.016036 -0.0250000004 0.0245178519 0.0249774886 asynchronous_release_0
0.037733 -0.0250000004 0.0227748647 -0.0265764094 asynchronous_release_0
0.084787 -0.0250000004 0.000436667517 0.000899622965 asynchronous_release_0
0.07325 -0.0250000004 -0.0148680693 0.0316850203 asynchronous_release_0
