0.000000 0.076121
0.000050 0.087503
0.000100 0.088604
0.000150 0.099376
0.000200 0.096191
0.000250 0.097659
0.000300 0.102802
0.000350 0.091176
0.000400 0.095453
0.000450 0.104275
0.000500 0.079913
0.000550 0.084447
0.000600 0.113566
0.000650 0.080644
0.000700 0.100720
0.000750 0.084206
0.000800 0.113814
0.000850 0.102928
0.000900 0.118959
0.000950 0.115403
0.001000 0.106348
0.001050 0.096422
0.001100 0.133294
0.001150 0.142440
0.001200 0.170111
0.001250 0.183453
0.001300 0.234007
0.001350 0.268381
0.001400 0.318678
0.001450 0.495776
0.001500 0.586550
0.001550 0.852156
0.001600 1.204717
0.001650 1.668915
0.001700 2.267252
0.001750 3.079120
0.001800 3.879500
0.001850 4.741816
0.001900 6.165843
0.001950 7.450741
0.002000 8.504531
0.002050 9.641001
0.002100 10.526892
0.002150 11.150440
0.002200 11.622371
0.002250 11.504603
0.002300 11.093323
0.002350 10.206855
0.002400 9.441756
0.002450 8.482398
0.002500 7.385250
0.002550 6.631916
0.002600 5.840298
0.002650 5.242912
0.002700 4.500629
0.002750 4.142473
0.002800 3.714771
0.002850 3.372763
0.002900 3.187655
0.002950 2.940123
0.003000 2.655520
0.003050 2.573108
0.003100 2.343624
0.003150 2.131508
0.003200 2.069000
0.003250 1.900796
0.003300 1.874313
0.003350 1.892511
0.003400 1.823310
0.003450 1.603200
0.003500 1.528594
0.003550 1.533548
0.003600 1.504598
0.003650 1.484110
0.003700 1.340820
0.003750 1.269692
0.003800 1.283139
0.003850 1.331563
0.003900 1.250353
0.003950 1.180853
0.004000 1.299177
0.004050 1.203919
0.004100 1.104076
0.004150 1.181308
0.004200 1.107385
0.004250 1.199133
0.004300 1.116059
0.004350 1.156775
0.004400 1.177821
0.004450 1.058947
0.004500 1.047834
0.004550 1.045754
0.004600 1.059577
0.004650 1.059487
0.004700 0.978898
0.004750 1.065706
0.004800 1.044390
0.004850 0.997166
0.004900 0.955834
0.004950 0.955154
0.005000 0.911522
0.005050 0.934178
0.005100 0.862689
0.005150 0.928171
0.005200 0.933710
0.005250 0.884338
0.005300 0.938554
0.005350 0.954886
0.005400 0.887374
0.005450 0.823428
0.005500 0.876107
0.005550 0.844467
0.005600 0.813560
0.005650 0.860710
0.005700 0.825246
0.005750 0.807468
0.005800 0.808347
0.005850 0.828043
0.005900 0.742341
0.005950 0.722741
0.006000 0.781058
0.006050 0.809576
0.006100 0.792614
0.006150 0.741672
0.006200 0.805525
0.006250 0.707015
0.006300 0.735816
0.006350 0.712060
0.006400 0.739976
0.006450 0.710018
0.006500 0.726742
0.006550 0.710532
0.006600 0.674861
0.006650 0.736793
0.006700 0.706202
0.006750 0.705820
0.006800 0.722158
0.006850 0.687520
0.006900 0.708826
0.006950 0.706916
0.007000 0.670104
0.007050 0.689548
0.007100 0.654589
0.007150 0.654403
0.007200 0.704176
0.007250 0.660444
0.007300 0.720527
0.007350 0.675181
0.007400 0.684371
0.007450 0.683427
0.007500 0.614232
0.007550 0.661778
0.007600 0.685345
0.007650 0.622057
0.007700 0.613633
0.007750 0.613465
0.007800 0.622703
0.007850 0.602237
0.007900 0.606158
0.007950 0.621642
0.008000 0.662171
0.008050 0.643465
0.008100 0.660532
0.008150 0.622248
0.008200 0.641264
0.008250 0.646106
0.008300 0.603519
0.008350 0.568807
0.008400 0.619065
0.008450 0.645133
0.008500 0.585539
0.008550 0.592547
0.008600 0.597141
0.008650 0.602041
0.008700 0.616697
0.008750 0.561421
0.008800 0.570195
0.008850 0.608349
0.008900 0.536378
0.008950 0.543142
0.009000 0.557470
0.009050 0.599542
0.009100 0.602614
0.009150 0.611630
0.009200 0.565294
0.009250 0.560052
0.009300 0.545188
0.009350 0.560726
0.009400 0.618654
0.009450 0.595790
0.009500 0.530329
0.009550 0.549255
0.009600 0.556300
0.009650 0.576622
0.009700 0.534829
0.009750 0.566249
0.009800 0.615453
0.009850 0.574879
0.009900 0.597119
0.009950 0.564245
0.010000 0.511928
0.010050 0.560382
0.010100 0.558756
0.010150 0.555006
0.010200 0.557083
0.010250 0.500415
0.010300 0.578024
0.010350 0.507558
0.010400 0.533810
0.010450 0.508288
0.010500 0.501947
0.010550 0.587235
0.010600 0.513049
0.010650 0.548791
0.010700 0.490778
0.010750 0.531222
0.010800 0.564761
0.010850 0.529343
0.010900 0.507788
0.010950 0.516636
0.011000 0.483734
0.011050 0.516436
0.011100 0.533420
0.011150 0.575610
0.011200 0.521500
0.011250 0.477394
0.011300 0.524973
0.011350 0.507401
0.011400 0.460391
0.011450 0.525801
0.011500 0.504394
0.011550 0.480954
0.011600 0.465934
0.011650 0.492008
0.011700 0.483035
0.011750 0.500715
0.011800 0.504262
0.011850 0.476534
0.011900 0.470300
0.011950 0.469364
0.012000 0.445858
0.012050 0.451194
0.012100 0.494357
0.012150 0.470071
0.012200 0.490165
0.012250 0.494113
0.012300 0.439904
0.012350 0.499450
0.012400 0.502785
0.012450 0.467243
0.012500 0.520461
0.012550 0.494515
0.012600 0.492373
0.012650 0.484443
0.012700 0.427283
0.012750 0.460153
0.012800 0.451086
0.012850 0.449732
0.012900 0.537278
0.012950 0.494616
0.013000 0.450487
0.013050 0.449939
0.013100 0.511528
0.013150 0.484926
0.013200 0.466570
0.013250 0.482922
0.013300 0.471494
0.013350 0.480642
0.013400 0.457143
0.013450 0.436419
0.013500 0.430980
0.013550 0.472606
0.013600 0.475994
0.013650 0.462770
0.013700 0.453040
0.013750 0.490464
0.013800 0.443320
0.013850 0.409626
0.013900 0.503972
0.013950 0.427478
0.014000 0.498309
0.014050 0.441085
0.014100 0.368310
0.014150 0.433132
0.014200 0.383564
0.014250 0.489118
0.014300 0.411875
0.014350 0.442167
0.014400 0.415323
0.014450 0.450317
0.014500 0.416764
0.014550 0.473148
0.014600 0.420879
0.014650 0.455739
0.014700 0.445285
0.014750 0.433593
0.014800 0.442031
0.014850 0.457163
0.014900 0.444991
0.014950 0.459147
0.015000 0.419315
0.015050 0.469735
0.015100 0.464046
0.015150 0.454396
0.015200 0.444393
0.015250 0.430361
0.015300 0.460447
0.015350 0.432355
0.015400 0.442351
0.015450 0.412811
0.015500 0.443676
0.015550 0.400318
0.015600 0.438281
0.015650 0.510567
0.015700 0.415063
0.015750 0.438137
0.015800 0.427873
0.015850 0.462711
0.015900 0.413386
0.015950 0.451958
0.016000 0.385326
0.016050 0.413746
0.016100 0.425679
0.016150 0.368753
0.016200 0.379916
0.016250 0.369384
0.016300 0.429103
0.016350 0.464485
0.016400 0.419954
0.016450 0.402444
0.016500 0.386138
0.016550 0.455380
0.016600 0.438375
0.016650 0.415241
0.016700 0.422421
0.016750 0.407527
0.016800 0.434662
0.016850 0.433684
0.016900 0.422224
0.016950 0.402538
0.017000 0.353729
0.017050 0.424569
0.017100 0.456624
0.017150 0.419850
0.017200 0.494223
0.017250 0.411847
0.017300 0.418660
0.017350 0.409558
0.017400 0.389941
0.017450 0.370889
0.017500 0.393477
0.017550 0.459237
0.017600 0.394275
0.017650 0.411273
0.017700 0.398273
0.017750 0.432543
0.017800 0.421438
0.017850 0.406690
0.017900 0.457905
0.017950 0.402659
0.018000 0.481995
0.018050 0.382831
0.018100 0.351842
0.018150 0.386876
0.018200 0.416756
0.018250 0.435200
0.018300 0.390333
0.018350 0.377511
0.018400 0.381588
0.018450 0.372778
0.018500 0.377282
0.018550 0.395616
0.018600 0.394731
0.018650 0.397607
0.018700 0.414034
0.018750 0.355420
0.018800 0.360832
0.018850 0.391264
0.018900 0.387098
0.018950 0.447906
0.019000 0.402541
0.019050 0.376707
0.019100 0.345717
0.019150 0.396303
0.019200 0.418822
0.019250 0.387888
0.019300 0.402017
0.019350 0.348381
0.019400 0.372544
0.019450 0.401600
0.019500 0.411355
0.019550 0.411409
0.019600 0.410308
0.019650 0.396220
0.019700 0.362298
0.019750 0.382394
0.019800 0.347881
0.019850 0.413825
0.019900 0.373359
0.019950 0.419411
0.020000 0.413301
0.020050 0.377821
0.020100 0.343710
0.020150 0.351384
0.020200 0.380199
0.020250 0.415341
0.020300 0.407216
0.020350 0.453724
0.020400 0.369715
0.020450 0.361369
0.020500 0.374356
0.020550 0.371804
0.020600 0.389905
0.020650 0.376281
0.020700 0.383744
0.020750 0.344690
0.020800 0.334565
0.020850 0.376639
0.020900 0.386355
0.020950 0.349121
0.021000 0.417733
0.021050 0.340843
0.021100 0.388633
0.021150 0.386327
0.021200 0.356399
0.021250 0.349709
0.021300 0.398502
0.021350 0.335094
0.021400 0.347193
0.021450 0.346497
0.021500 0.359177
0.021550 0.354685
0.021600 0.361872
0.021650 0.389526
0.021700 0.378240
0.021750 0.366458
0.021800 0.362916
0.021850 0.354112
0.021900 0.346144
0.021950 0.383900
0.022000 0.358869
0.022050 0.371697
0.022100 0.313307
0.022150 0.371755
0.022200 0.395907
0.022250 0.365381
0.022300 0.370873
0.022350 0.330275
0.022400 0.385059
0.022450 0.374527
0.022500 0.364843
0.022550 0.370931
0.022600 0.373452
0.022650 0.373736
0.022700 0.355383
0.022750 0.434965
0.022800 0.357422
0.022850 0.326558
0.022900 0.350588
0.022950 0.340292
0.023000 0.341470
0.023050 0.376398
0.023100 0.366195
0.023150 0.403733
0.023200 0.329929
0.023250 0.330689
0.023300 0.364160
0.023350 0.387566
0.023400 0.403633
0.023450 0.333807
0.023500 0.333728
0.023550 0.360568
0.023600 0.381445
0.023650 0.306247
0.023700 0.400637
0.023750 0.401391
0.023800 0.320119
0.023850 0.365497
0.023900 0.405906
0.023950 0.357782
0.024000 0.346407
0.024050 0.380765
0.024100 0.332758
0.024150 0.369166
0.024200 0.328214
0.024250 0.364296
0.024300 0.350454
0.024350 0.311164
0.024400 0.401231
0.024450 0.364955
0.024500 0.360384
0.024550 0.370066
0.024600 0.346789
0.024650 0.370313
0.024700 0.356868
0.024750 0.325994
0.024800 0.394843
0.024850 0.375477
0.024900 0.339539
0.024950 0.358397
0.025000 0.374876
0.025050 0.320684
0.025100 0.387403
0.025150 0.384477
0.025200 0.356800
0.025250 0.360848
0.025300 0.388761
0.025350 0.328459
0.025400 0.351288
0.025450 0.357434
0.025500 0.357496
0.025550 0.342210
0.025600 0.328385
0.025650 0.316547
0.025700 0.337097
0.025750 0.315983
0.025800 0.385750
0.025850 0.338866
0.025900 0.381508
0.025950 0.357328
0.026000 0.330935
0.026050 0.340941
0.026100 0.322251
0.026150 0.335953
0.026200 0.332420
0.026250 0.331508
0.026300 0.374343
0.026350 0.349321
0.026400 0.340037
0.026450 0.370991
0.026500 0.358589
0.026550 0.339743
0.026600 0.347451
0.026650 0.371767
0.026700 0.313305
0.026750 0.315629
0.026800 0.352882
0.026850 0.351618
0.026900 0.292145
0.026950 0.350611
0.027000 0.359100
0.027050 0.343256
0.027100 0.378919
0.027150 0.369093
0.027200 0.311807
0.027250 0.305539
0.027300 0.348477
0.027350 0.373029
0.027400 0.361491
0.027450 0.360899
0.027500 0.311274
0.027550 0.323764
0.027600 0.306470
0.027650 0.345600
0.027700 0.362752
0.027750 0.369998
0.027800 0.344429
0.027850 0.335471
0.027900 0.328151
0.027950 0.317441
0.028000 0.331928
0.028050 0.308286
0.028100 0.325626
0.028150 0.358860
0.028200 0.293970
0.028250 0.363452
0.028300 0.300634
0.028350 0.277820
0.028400 0.329434
0.028450 0.368220
0.028500 0.324995
0.028550 0.353051
0.028600 0.322817
0.028650 0.343519
0.028700 0.308563
0.028750 0.305689
0.028800 0.305694
0.028850 0.323048
0.028900 0.316183
0.028950 0.363231
0.029000 0.298979
0.029050 0.364189
0.029100 0.367946
0.029150 0.320922
0.029200 0.312274
0.029250 0.326444
0.029300 0.311345
0.029350 0.321461
0.029400 0.311022
0.029450 0.332398
0.029500 0.319022
0.029550 0.292562
0.029600 0.302742
0.029650 0.299320
0.029700 0.281609
0.029750 0.312093
0.029800 0.294382
0.029850 0.345360
0.029900 0.308549
0.029950 0.335161
0.030000 0.317440
0.030050 0.329136
0.030100 0.314366
0.030150 0.333354
0.030200 0.305859
0.030250 0.314595
0.030300 0.317312
0.030350 0.281746
0.030400 0.320310
0.030450 0.298072
0.030500 0.320335
0.030550 0.272947
0.030600 0.306863
0.030650 0.323147
0.030700 0.302003
0.030750 0.332507
0.030800 0.290361
0.030850 0.293131
0.030900 0.325634
0.030950 0.314902
0.031000 0.312819
0.031050 0.313221
0.031100 0.316124
0.031150 0.284728
0.031200 0.290688
0.031250 0.346764
0.031300 0.327876
0.031350 0.334652
0.031400 0.319452
0.031450 0.330646
0.031500 0.307826
0.031550 0.309552
0.031600 0.288505
0.031650 0.321255
0.031700 0.295112
0.031750 0.300652
0.031800 0.337438
0.031850 0.293378
0.031900 0.298959
0.031950 0.298173
0.032000 0.315979
0.032050 0.295997
0.032100 0.318366
0.032150 0.316374
0.032200 0.266649
0.032250 0.309077
0.032300 0.279892
0.032350 0.293346
0.032400 0.277015
0.032450 0.302865
0.032500 0.327539
0.032550 0.339945
0.032600 0.323682
0.032650 0.350514
0.032700 0.293635
0.032750 0.267333
0.032800 0.292163
0.032850 0.344749
0.032900 0.302026
0.032950 0.294094
0.033000 0.315216
0.033050 0.352990
0.033100 0.328619
0.033150 0.316759
0.033200 0.302191
0.033250 0.305545
0.033300 0.307586
0.033350 0.320330
0.033400 0.313067
0.033450 0.287017
0.033500 0.321917
0.033550 0.330099
0.033600 0.334958
0.033650 0.324342
0.033700 0.322459
0.033750 0.306377
0.033800 0.301738
0.033850 0.286236
0.033900 0.350114
0.033950 0.302760
0.034000 0.260650
0.034050 0.293380
0.034100 0.339237
0.034150 0.325109
0.034200 0.266399
0.034250 0.273979
0.034300 0.303582
0.034350 0.268648
0.034400 0.270773
0.034450 0.298443
0.034500 0.310346
0.034550 0.329918
0.034600 0.305921
0.034650 0.271415
0.034700 0.290280
0.034750 0.302272
0.034800 0.286441
0.034850 0.270547
0.034900 0.251794
0.034950 0.310666
0.035000 0.281470
0.035050 0.274618
0.035100 0.312734
0.035150 0.298922
0.035200 0.304091
0.035250 0.333291
0.035300 0.304646
0.035350 0.262432
0.035400 0.288108
0.035450 0.276268
0.035500 0.317708
0.035550 0.297384
0.035600 0.284109
0.035650 0.310767
0.035700 0.288922
0.035750 0.277014
0.035800 0.295175
0.035850 0.290441
0.035900 0.312295
0.035950 0.264405
0.036000 0.324470
0.036050 0.327752
0.036100 0.276104
0.036150 0.276374
0.036200 0.288975
0.036250 0.318331
0.036300 0.312917
0.036350 0.271813
0.036400 0.307089
0.036450 0.326455
0.036500 0.272074
0.036550 0.281890
0.036600 0.288086
0.036650 0.285504
0.036700 0.271156
0.036750 0.336978
0.036800 0.284416
0.036850 0.305444
0.036900 0.277049
0.036950 0.264083
0.037000 0.298493
0.037050 0.257363
0.037100 0.305974
0.037150 0.293034
0.037200 0.292711
0.037250 0.320739
0.037300 0.288377
0.037350 0.267857
0.037400 0.247259
0.037450 0.271583
0.037500 0.299764
0.037550 0.284446
0.037600 0.288649
0.037650 0.307953
0.037700 0.280528
0.037750 0.308942
0.037800 0.325361
0.037850 0.310013
0.037900 0.262730
0.037950 0.258584
0.038000 0.284866
0.038050 0.257916
0.038100 0.324713
0.038150 0.313085
0.038200 0.279995
0.038250 0.278185
0.038300 0.267168
0.038350 0.317552
0.038400 0.267398
0.038450 0.316382
0.038500 0.283835
0.038550 0.273553
0.038600 0.293382
0.038650 0.276140
0.038700 0.290610
0.038750 0.291172
0.038800 0.280085
0.038850 0.304747
0.038900 0.288221
0.038950 0.280995
0.039000 0.270621
0.039050 0.293837
0.039100 0.256855
0.039150 0.258151
0.039200 0.339526
0.039250 0.293884
0.039300 0.251219
0.039350 0.278527
0.039400 0.272016
0.039450 0.256004
0.039500 0.271575
0.039550 0.288793
0.039600 0.279118
0.039650 0.249560
0.039700 0.268389
0.039750 0.300825
0.039800 0.299913
0.039850 0.288627
0.039900 0.298076
0.039950 0.284364
0.040000 0.293833
0.040050 0.306549
0.040100 0.273545
0.040150 0.255697
0.040200 0.253886
0.040250 0.269804
0.040300 0.293048
0.040350 0.270326
0.040400 0.275029
0.040450 0.253833
0.040500 0.304741
0.040550 0.316865
0.040600 0.332289
0.040650 0.305445
0.040700 0.280135
0.040750 0.289823
0.040800 0.274223
0.040850 0.296197
0.040900 0.288771
0.040950 0.297721
0.041000 0.287003
0.041050 0.264741
0.041100 0.264622
0.041150 0.264506
0.041200 0.240468
0.041250 0.244430
0.041300 0.271566
0.041350 0.279760
0.041400 0.229128
0.041450 0.300326
0.041500 0.262093
0.041550 0.261165
0.041600 0.266901
0.041650 0.279333
0.041700 0.289308
0.041750 0.275078
0.041800 0.245734
0.041850 0.240590
0.041900 0.290805
0.041950 0.237043
0.042000 0.272238
0.042050 0.252832
0.042100 0.325247
0.042150 0.266259
0.042200 0.257764
0.042250 0.247550
0.042300 0.277959
0.042350 0.238095
0.042400 0.266862
0.042450 0.282134
0.042500 0.263423
0.042550 0.240389
0.042600 0.268457
0.042650 0.254781
0.042700 0.247045
0.042750 0.275237
0.042800 0.265823
0.042850 0.258095
0.042900 0.228009
0.042950 0.267481
0.043000 0.282986
0.043050 0.260620
0.043100 0.231275
0.043150 0.289095
0.043200 0.293489
0.043250 0.253735
0.043300 0.291876
0.043350 0.244220
0.043400 0.265053
0.043450 0.281611
0.043500 0.269486
0.043550 0.271274
0.043600 0.296642
0.043650 0.233826
0.043700 0.294172
0.043750 0.265376
0.043800 0.238238
0.043850 0.276860
0.043900 0.260240
0.043950 0.274366
0.044000 0.316735
0.044050 0.292219
0.044100 0.243781
0.044150 0.272089
0.044200 0.256246
0.044250 0.248326
0.044300 0.284732
0.044350 0.303504
0.044400 0.276114
0.044450 0.278004
0.044500 0.261192
0.044550 0.279114
0.044600 0.259593
0.044650 0.278451
0.044700 0.275000
0.044750 0.270644
0.044800 0.293186
0.044850 0.260130
0.044900 0.287199
0.044950 0.289161
0.045000 0.269508
0.045050 0.253400
0.045100 0.264331
0.045150 0.275301
0.045200 0.279070
0.045250 0.294632
0.045300 0.276689
0.045350 0.258689
0.045400 0.256085
0.045450 0.248015
0.045500 0.296403
0.045550 0.261961
0.045600 0.254798
0.045650 0.236646
0.045700 0.268762
0.045750 0.249690
0.045800 0.256234
0.045850 0.277490
0.045900 0.253787
0.045950 0.264049
0.046000 0.231981
0.046050 0.242223
0.046100 0.246963
0.046150 0.275745
0.046200 0.261148
0.046250 0.238172
0.046300 0.285576
0.046350 0.242192
0.046400 0.257197
0.046450 0.257373
0.046500 0.278034
0.046550 0.306220
0.046600 0.289715
0.046650 0.238601
0.046700 0.262125
0.046750 0.288535
0.046800 0.310347
0.046850 0.260943
0.046900 0.222651
0.046950 0.275419
0.047000 0.263429
0.047050 0.255171
0.047100 0.245946
0.047150 0.267846
0.047200 0.247293
0.047250 0.247489
0.047300 0.230642
0.047350 0.248820
0.047400 0.241435
0.047450 0.247329
0.047500 0.242783
0.047550 0.269641
0.047600 0.274667
0.047650 0.276849
0.047700 0.252300
0.047750 0.252532
0.047800 0.253724
0.047850 0.251090
0.047900 0.246532
0.047950 0.235242
0.048000 0.211426
0.048050 0.242372
0.048100 0.228156
0.048150 0.254386
0.048200 0.287455
0.048250 0.246247
0.048300 0.241659
0.048350 0.234155
0.048400 0.261514
0.048450 0.277320
0.048500 0.259192
0.048550 0.281834
0.048600 0.274385
0.048650 0.254253
0.048700 0.258436
0.048750 0.247018
0.048800 0.272693
0.048850 0.272043
0.048900 0.272372
0.048950 0.250164
0.049000 0.239662
0.049050 0.236004
0.049100 0.281487
0.049150 0.224775
0.049200 0.228962
0.049250 0.278520
0.049300 0.269011
0.049350 0.238727
0.049400 0.214287
0.049450 0.253135
0.049500 0.270301
0.049550 0.256769
0.049600 0.240219
0.049650 0.223621
0.049700 0.283590
0.049750 0.292946
0.049800 0.264446
0.049850 0.280772
0.049900 0.229217
0.049950 0.295509
0.050000 0.283924
0.050050 0.226214
0.050100 0.268633
0.050150 0.272025
0.050200 0.235229
0.050250 0.239571
0.050300 0.270110
0.050350 0.224134
0.050400 0.235536
0.050450 0.238894
0.050500 0.275627
0.050550 0.246691
0.050600 0.249074
0.050650 0.296082
0.050700 0.261016
0.050750 0.239056
0.050800 0.270934
0.050850 0.226558
0.050900 0.239117
0.050950 0.254775
0.051000 0.282733
0.051050 0.252521
0.051100 0.270303
0.051150 0.253323
0.051200 0.284470
0.051250 0.253124
0.051300 0.268930
0.051350 0.243664
0.051400 0.257428
0.051450 0.218704
0.051500 0.218016
0.051550 0.230744
0.051600 0.235247
0.051650 0.247003
0.051700 0.221535
0.051750 0.239507
0.051800 0.238867
0.051850 0.246531
0.051900 0.215776
0.051950 0.248374
0.052000 0.259207
0.052050 0.253401
0.052100 0.258010
0.052150 0.257414
0.052200 0.256818
0.052250 0.218566
0.052300 0.259778
0.052350 0.232990
0.052400 0.242842
0.052450 0.234874
0.052500 0.228987
0.052550 0.238865
0.052600 0.260356
0.052650 0.235534
0.052700 0.239128
0.052750 0.216334
0.052800 0.236814
0.052850 0.259470
0.052900 0.263130
0.052950 0.267862
0.053000 0.251389
0.053050 0.264607
0.053100 0.244911
0.053150 0.240057
0.053200 0.249036
0.053250 0.254844
0.053300 0.225459
0.053350 0.285705
0.053400 0.259533
0.053450 0.265389
0.053500 0.241275
0.053550 0.254615
0.053600 0.234731
0.053650 0.258827
0.053700 0.251817
0.053750 0.230801
0.053800 0.201112
0.053850 0.246802
0.053900 0.274278
0.053950 0.245672
0.054000 0.234284
0.054050 0.243424
0.054100 0.221184
0.054150 0.236824
0.054200 0.270954
0.054250 0.231332
0.054300 0.213342
0.054350 0.275816
0.054400 0.237187
0.054450 0.263853
0.054500 0.267683
0.054550 0.234397
0.054600 0.250206
0.054650 0.245274
0.054700 0.251280
0.054750 0.267168
0.054800 0.255676
0.054850 0.263918
0.054900 0.239214
0.054950 0.256244
0.055000 0.242494
0.055050 0.238626
0.055100 0.217101
0.055150 0.239679
0.055200 0.207070
0.055250 0.267278
0.055300 0.239091
0.055350 0.248501
0.055400 0.246848
0.055450 0.210782
0.055500 0.241280
0.055550 0.229606
0.055600 0.262422
0.055650 0.256338
0.055700 0.276999
0.055750 0.227409
0.055800 0.215665
0.055850 0.216189
0.055900 0.224549
0.055950 0.211653
0.056000 0.255895
0.056050 0.240791
0.056100 0.234632
0.056150 0.213846
0.056200 0.240256
0.056250 0.253226
0.056300 0.254962
0.056350 0.229632
0.056400 0.255041
0.056450 0.224019
0.056500 0.248335
0.056550 0.277245
0.056600 0.283573
0.056650 0.228683
0.056700 0.236074
0.056750 0.270750
0.056800 0.239573
0.056850 0.216281
0.056900 0.265825
0.056950 0.222021
0.057000 0.223743
0.057050 0.226613
0.057100 0.275212
0.057150 0.231276
0.057200 0.233026
0.057250 0.245096
0.057300 0.230818
0.057350 0.223392
0.057400 0.259610
0.057450 0.230374
0.057500 0.232140
0.057550 0.237368
0.057600 0.228775
0.057650 0.252473
0.057700 0.213864
0.057750 0.245672
0.057800 0.267151
0.057850 0.208785
0.057900 0.207060
0.057950 0.218092
0.058000 0.243086
0.058050 0.266984
0.058100 0.213024
0.058150 0.218290
0.058200 0.234056
0.058250 0.260358
0.058300 0.247051
0.058350 0.215023
0.058400 0.240195
0.058450 0.213953
0.058500 0.263760
0.058550 0.200012
0.058600 0.244018
0.058650 0.242352
0.058700 0.196033
0.058750 0.227213
0.058800 0.237288
0.058850 0.263882
0.058900 0.262249
0.058950 0.229933
0.059000 0.228242
0.059050 0.238368
0.059100 0.252070
0.059150 0.203056
0.059200 0.255829
0.059250 0.271971
0.059300 0.237114
0.059350 0.192666
0.059400 0.215880
0.059450 0.229634
0.059500 0.244615
0.059550 0.214339
0.059600 0.235287
0.059650 0.224051
0.059700 0.217568
0.059750 0.243362
0.059800 0.308723
0.059850 0.224499
0.059900 0.203612
0.059950 0.263074
0.060000 0.237415
0.060050 0.229723
0.060100 0.240058
0.060150 0.237176
0.060200 0.219828
0.060250 0.232588
0.060300 0.221241
0.060350 0.264227
0.060400 0.240826
0.060450 0.235518
0.060500 0.256840
0.060550 0.238220
0.060600 0.231685
0.060650 0.219065
0.060700 0.248940
0.060750 0.265514
0.060800 0.234667
0.060850 0.293877
0.060900 0.293503
0.060950 0.257749
0.061000 0.260980
0.061050 0.250778
0.061100 0.244221
0.061150 0.301297
0.061200 0.418539
0.061250 0.471091
0.061300 0.510275
0.061350 0.559379
0.061400 0.724129
0.061450 0.910191
0.061500 1.155794
0.061550 1.629914
0.061600 2.105186
0.061650 2.846920
0.061700 3.620091
0.061750 4.887059
0.061800 5.849077
0.061850 7.496787
0.061900 8.869694
0.061950 10.605498
0.062000 11.921047
0.062050 12.868379
0.062100 14.091415
0.062150 14.547319
0.062200 15.295600
0.062250 14.748544
0.062300 14.428315
0.062350 13.303549
0.062400 12.388356
0.062450 11.087166
0.062500 10.098060
0.062550 9.011390
0.062600 7.927092
0.062650 7.246462
0.062700 6.630691
0.062750 5.939319
0.062800 5.227418
0.062850 4.894972
0.062900 4.613335
0.062950 4.182331
0.063000 3.947002
0.063050 3.535682
0.063100 3.336819
0.063150 3.118513
0.063200 3.055274
0.063250 2.847552
0.063300 2.701412
0.063350 2.547310
0.063400 2.651712
0.063450 2.475684
0.063500 2.393287
0.063550 2.252177
0.063600 2.178197
0.063650 2.140983
0.063700 2.131726
0.063750 1.924662
0.063800 1.903548
0.063850 1.859376
0.063900 1.868814
0.063950 1.848830
0.064000 1.723753
0.064050 1.647095
0.064100 1.647234
0.064150 1.637098
0.064200 1.534415
0.064250 1.599955
0.064300 1.433985
0.064350 1.563865
0.064400 1.443979
0.064450 1.575361
0.064500 1.478539
0.064550 1.446089
0.064600 1.432956
0.064650 1.307212
0.064700 1.392259
0.064750 1.329757
0.064800 1.308612
0.064850 1.440580
0.064900 1.229915
0.064950 1.303461
0.065000 1.273095
0.065050 1.293435
0.065100 1.302093
0.065150 1.245569
0.065200 1.157593
0.065250 1.236581
0.065300 1.254320
0.065350 1.209314
0.065400 1.274159
0.065450 1.146581
0.065500 1.206182
0.065550 1.158334
0.065600 1.206224
0.065650 1.199034
0.065700 1.152376
0.065750 1.071394
0.065800 1.071880
0.065850 1.064458
0.065900 1.030638
0.065950 1.188140
0.066000 1.087083
0.066050 1.038675
0.066100 1.179345
0.066150 1.076717
0.066200 1.000355
0.066250 1.061723
0.066300 1.006453
0.066350 0.978945
0.066400 1.072313
0.066450 1.038211
0.066500 1.094539
0.066550 1.017793
0.066600 1.031517
0.066650 0.955893
0.066700 1.006923
0.066750 0.996611
0.066800 0.960872
0.066850 1.052162
0.066900 1.043231
0.066950 0.977999
0.067000 0.982352
0.067050 0.994766
0.067100 0.954830
0.067150 0.945716
0.067200 0.900266
0.067250 0.935474
0.067300 0.939779
0.067350 0.984533
0.067400 0.941701
0.067450 0.917673
0.067500 0.896293
0.067550 0.968153
0.067600 0.935991
0.067650 0.910527
0.067700 0.921591
0.067750 0.935391
0.067800 0.926152
0.067850 0.846276
0.067900 0.915713
0.067950 0.917303
0.068000 0.943394
0.068050 0.834704
0.068100 0.886608
0.068150 0.871790
0.068200 0.806434
0.068250 0.847482
0.068300 0.855812
0.068350 0.891520
0.068400 0.831476
0.068450 0.848020
0.068500 0.834438
0.068550 0.829058
0.068600 0.804444
0.068650 0.892444
0.068700 0.862386
0.068750 0.771718
0.068800 0.875009
0.068850 0.850371
0.068900 0.911177
0.068950 0.852055
0.069000 0.861854
0.069050 0.831596
0.069100 0.830315
0.069150 0.812423
0.069200 0.791722
0.069250 0.847206
0.069300 0.798785
0.069350 0.829375
0.069400 0.807249
0.069450 0.835115
0.069500 0.792100
0.069550 0.775440
0.069600 0.778246
0.069650 0.696024
0.069700 0.782420
0.069750 0.793618
0.069800 0.804840
0.069850 0.740594
0.069900 0.844090
0.069950 0.821808
0.070000 0.711215
0.070050 0.827509
0.070100 0.758856
0.070150 0.802376
0.070200 0.746234
0.070250 0.803858
0.070300 0.770150
0.070350 0.834930
0.070400 0.740631
0.070450 0.837891
0.070500 0.729352
0.070550 0.672826
0.070600 0.808348
0.070650 0.678326
0.070700 0.726318
0.070750 0.748924
0.070800 0.724817
0.070850 0.703495
0.070900 0.770106
0.070950 0.696278
0.071000 0.780025
0.071050 0.714639
0.071100 0.687536
0.071150 0.681736
0.071200 0.730074
0.071250 0.727178
0.071300 0.727130
0.071350 0.712802
0.071400 0.769894
0.071450 0.709846
0.071500 0.684016
0.071550 0.744052
0.071600 0.754059
0.071650 0.776993
0.071700 0.705265
0.071750 0.732471
0.071800 0.726683
0.071850 0.706503
0.071900 0.720817
0.071950 0.717881
0.072000 0.663063
0.072050 0.700419
0.072100 0.706107
0.072150 0.724803
0.072200 0.714638
0.072250 0.692884
0.072300 0.688449
0.072350 0.712965
0.072400 0.695511
0.072450 0.698321
0.072500 0.744667
0.072550 0.632841
0.072600 0.676255
0.072650 0.743023
0.072700 0.737179
0.072750 0.699291
0.072800 0.677352
0.072850 0.665574
0.072900 0.694624
0.072950 0.636134
0.073000 0.637425
0.073050 0.665035
0.073100 0.683924
0.073150 0.644292
0.073200 0.619229
0.073250 0.643959
0.073300 0.665806
0.073350 0.699442
0.073400 0.746368
0.073450 0.643450
0.073500 0.749204
0.073550 0.660870
0.073600 0.637168
0.073650 0.675326
0.073700 0.613262
0.073750 0.707528
0.073800 0.617361
0.073850 0.658553
0.073900 0.659896
0.073950 0.649402
0.074000 0.668507
0.074050 0.635781
0.074100 0.628200
0.074150 0.628024
0.074200 0.703583
0.074250 0.603947
0.074300 0.623070
0.074350 0.639256
0.074400 0.609316
0.074450 0.612096
0.074500 0.647684
0.074550 0.553540
0.074600 0.648818
0.074650 0.606840
0.074700 0.632053
0.074750 0.651333
0.074800 0.649694
0.074850 0.666028
0.074900 0.620936
0.074950 0.640254
0.075000 0.571052
0.075050 0.621872
0.075100 0.659267
0.075150 0.642593
0.075200 0.693611
0.075250 0.603167
0.075300 0.599949
0.075350 0.670617
0.075400 0.590526
0.075450 0.569166
0.075500 0.588561
0.075550 0.609507
0.075600 0.660755
0.075650 0.580387
0.075700 0.581670
0.075750 0.639048
0.075800 0.626758
0.075850 0.603818
0.075900 0.561086
0.075950 0.585150
0.076000 0.642724
0.076050 0.634966
0.076100 0.579980
0.076150 0.594990
0.076200 0.654255
0.076250 0.605291
0.076300 0.618838
0.076350 0.624772
0.076400 0.629189
0.076450 0.584655
0.076500 0.587495
0.076550 0.619449
0.076600 0.570217
0.076650 0.625201
0.076700 0.597403
0.076750 0.548047
0.076800 0.540094
0.076850 0.602874
0.076900 0.581132
0.076950 0.585528
0.077000 0.597638
0.077050 0.551176
0.077100 0.589489
0.077150 0.630965
0.077200 0.599907
0.077250 0.571881
0.077300 0.645903
0.077350 0.568365
0.077400 0.557284
0.077450 0.600432
0.077500 0.606440
0.077550 0.612460
0.077600 0.579667
0.077650 0.563905
0.077700 0.562108
0.077750 0.575868
0.077800 0.575642
0.077850 0.581648
0.077900 0.656262
0.077950 0.609340
0.078000 0.571694
0.078050 0.573026
0.078100 0.560294
0.078150 0.619482
0.078200 0.616184
0.078250 0.570598
0.078300 0.592306
0.078350 0.540360
0.078400 0.538523
0.078450 0.591633
0.078500 0.622851
0.078550 0.628977
0.078600 0.624104
0.078650 0.513764
0.078700 0.552839
0.078750 0.568349
0.078800 0.569696
0.078850 0.542642
0.078900 0.573960
0.078950 0.572158
0.079000 0.594068
0.079050 0.552740
0.079100 0.550909
0.079150 0.536403
0.079200 0.632820
0.079250 0.572406
0.079300 0.519813
0.079350 0.605277
0.079400 0.552660
0.079450 0.585804
0.079500 0.525142
0.079550 0.548742
0.079600 0.511853
0.079650 0.562565
0.079700 0.508103
0.079750 0.558875
0.079800 0.501147
0.079850 0.550377
0.079900 0.516552
0.079950 0.554664
0.080000 0.562429
0.080050 0.525353
0.080100 0.509047
0.080150 0.560079
0.080200 0.510092
0.080250 0.521040
0.080300 0.527188
0.080350 0.542996
0.080400 0.529872
0.080450 0.565024
0.080500 0.521303
0.080550 0.527473
0.080600 0.527203
0.080650 0.597949
0.080700 0.559007
0.080750 0.592713
0.080800 0.582823
0.080850 0.525993
0.080900 0.541913
0.080950 0.504403
0.081000 0.547874
0.081050 0.571962
0.081100 0.505207
0.081150 0.540641
0.081200 0.551766
0.081250 0.540148
0.081300 0.535017
0.081350 0.541273
0.081400 0.602927
0.081450 0.491915
0.081500 0.566633
0.081550 0.517457
0.081600 0.559639
0.081650 0.569219
0.081700 0.492162
0.081750 0.544208
0.081800 0.550514
0.081850 0.519158
0.081900 0.522164
0.081950 0.498936
0.082000 0.482230
0.082050 0.536100
0.082100 0.493132
0.082150 0.515846
0.082200 0.508992
0.082250 0.531754
0.082300 0.551264
0.082350 0.501594
0.082400 0.507900
0.082450 0.515868
0.082500 0.512294
0.082550 0.498802
0.082600 0.556365
0.082650 0.589223
0.082700 0.536081
0.082750 0.458003
0.082800 0.527257
0.082850 0.538607
0.082900 0.496890
0.082950 0.571298
0.083000 0.506317
0.083050 0.517671
0.083100 0.502438
0.083150 0.527114
0.083200 0.538515
0.083250 0.513285
0.083300 0.498012
0.083350 0.492720
0.083400 0.534151
0.083450 0.545597
0.083500 0.463488
0.083550 0.491584
0.083600 0.514712
0.083650 0.526164
0.083700 0.509162
0.083750 0.487102
0.083800 0.459972
0.083850 0.555288
0.083900 0.457690
0.083950 0.495998
0.084000 0.519246
0.084050 0.535808
0.084100 0.569230
0.084150 0.494936
0.084200 0.551940
0.084250 0.523060
0.084300 0.500877
0.084350 0.485407
0.084400 0.466532
0.084450 0.488184
0.084500 0.486201
0.084550 0.424995
0.084600 0.516051
0.084650 0.480219
0.084700 0.527379
0.084750 0.477951
0.084800 0.514983
0.084850 0.535101
0.084900 0.456713
0.084950 0.486987
0.085000 0.450976
0.085050 0.443836
0.085100 0.484368
0.085150 0.496004
0.085200 0.546876
0.085250 0.515950
0.085300 0.500333
0.085350 0.482981
0.085400 0.523705
0.085450 0.552531
0.085500 0.557454
0.085550 0.523010
0.085600 0.476515
0.085650 0.452221
0.085700 0.525640
0.085750 0.503092
0.085800 0.528581
0.085850 0.499139
0.085900 0.514340
0.085950 0.519248
0.086000 0.474256
0.086050 0.496344
0.086100 0.506410
0.086150 0.506150
0.086200 0.517965
0.086250 0.512541
0.086300 0.496746
0.086350 0.475740
0.086400 0.459885
0.086450 0.488983
0.086500 0.486974
0.086550 0.452054
0.086600 0.477729
0.086650 0.472237
0.086700 0.432036
0.086750 0.449054
0.086800 0.455680
0.086850 0.450152
0.086900 0.482873
0.086950 0.489551
0.087000 0.444011
0.087050 0.499429
0.087100 0.499167
0.087150 0.511113
0.087200 0.491670
0.087250 0.487908
0.087300 0.466670
0.087350 0.529300
0.087400 0.467859
0.087450 0.474563
0.087500 0.474275
0.087550 0.477491
0.087600 0.468442
0.087650 0.490950
0.087700 0.555617
0.087750 0.548399
0.087800 0.493730
0.087850 0.470612
0.087900 0.466804
0.087950 0.485870
0.088000 0.494403
0.088050 0.501189
0.088100 0.495646
0.088150 0.479510
0.088200 0.526887
0.088250 0.433065
0.088300 0.487512
0.088350 0.434204
0.088400 0.481639
0.088450 0.445965
0.088500 0.512949
0.088550 0.491447
0.088600 0.485866
0.088650 0.506886
0.088700 0.513742
0.088750 0.458450
0.088800 0.481253
0.088850 0.468535
0.088900 0.482481
0.088950 0.498231
0.089000 0.501541
0.089050 0.483473
0.089100 0.443979
0.089150 0.504323
0.089200 0.479089
0.089250 0.452027
0.089300 0.474956
0.089350 0.481832
0.089400 0.449362
0.089450 0.483068
0.089500 0.445191
0.089550 0.453843
0.089600 0.442787
0.089650 0.519619
0.089700 0.449390
0.089750 0.517336
0.089800 0.544065
0.089850 0.459363
0.089900 0.450078
