0.034268 -0.0250000004 0.000263470704 -0.000964667398 asynchronous_release_1
0.048723 -0.0250000004 0.0173886289 -0.030374917 asynchronous_release_0
0.030189 -0.0250000004 0.000744420108 -0.000667711542 asynchronous_release_0
0.041044 -0.0250000004 0.003279692 -0.0348459986 asynchronous_release_0
0.034822 -0.0250000004 0.0309016622 0.0164343322 asynchronous_release_4
0.03341 -0.0250000004 0.0346339762 0.00504853381 asynchronous_release_0
0.042145 -0.0250000004 0.0305661844 -0.0170501721 asynchronous_release_0
0.033035 -0.0250000004 0.0139182025 -0.0321136052 asynchronous_release_0
0.047027 -0.0250000004 -0.0347702992 0.00400328568 asynchronous_release_0
0.047524 -0.0250000004 -0.0260393967 0.0233869584 asynchronous_release_0
0.006239 -0.0250000004 -0.000417579801 -0.000908640253 asynchronous_release_0
0.034082 -0.0250000004 0.00456631016 -0.0347008474 asynchronous_release_0
0.040175 -0.0250000004 0.0286298431 -0.0201328607 asynchronous_release_0
0.021408 -0.0250000004 0.025122562 -0.0243691789 asynchronous_release_0
0.044068 -0.0250000004 0.010060006 -0.0335230708 asynchronous_release_0
0.035427 -0.0250000004 -0.0338183593 0.00901768107 asynchronous_release_0
0.042559 -0.0250000004 0.0141793139 -0.0319991727 asynchronous_release_0
0.033813 -0.0250000004 0.00272297142 -0.0348939168 asynchronous_release_0
0.018616 -0.0250000004 0.00190132959 0.0349483182 asynchronous_release_0
0.043592 -0.0250000004 0.000892778216 0.000450496456 asynchronous_release_0
0.023979 -0.0250000004 -0.00566355087 0.0345387347 asynchronous_release_0
0.045976 -0.0250000004 0.0339706526 0.00842583875 asynchronous_release_1
0.047336 -0.0250000004 -0.0344088888 -0.00640533953 asynchronous_release_0
0.014512 -0.0250000004 0.014725782 0.0317513991 asynchronous_release_0
0.035729 -0.0250000004 0.0034889192 -0.0348256722 asynchronous_release_0
0.034106 -0.0250000004 0.0236851838 -0.0257684316 asynchronous_release_0
0.029903 -0.0250000004 -0.000813738401 -0.000581231292 asynchronous_release_0
0.038005 -0.0250000004 -0.00962294773 -0.0336511349 asynchronous_release_0
0.024181 -0.0250000004 0.0314623247 -0.0153336925 asynchronous_release_2
0.046949 -0.0250000004 0.0102109132 0.0334774141 asynchronous_release_0
0.02289 -0.0250000004 0.034469898 0.0060684538 asynchronous_release_2
0.031216 -0.0250000004 0.000329579022 -0.0349984482 asynchronous_release_0
0.037062 -0.0250000004 0.03499994 6.48228161e-05 asynchronous_release_1
0.044057 -0.0250000004 -0.0144774488 -0.0318653962 asynchronous_release_0
0.042092 -0.0250000004 0.0124332603 0.0327171826 asynchronous_release_0
0.031687 -0.0250000004 -0.00098035272 0.000197252491 asynchronous_release_0
0.039024 -0.0250000004 -0.00364518617 0.0348096627 asynchronous_release_0
0.039002 -0.0250000004 0.0221272793 0.0271179555 asynchronous_release_3
0.03572 -0.0250000004 -0.0287344468 0.0199832822 asynchronous_release_0
0.029967 -0.0250000004 0.0177497585 0.0301653124 asynchronous_release_0
0.041206 -0.0250000004 0.0159834134 -0.0311372846 asynchronous_release_0
0.032761 -0.0250000004 -0.024030834 0.0254463949 asynchronous_release_0
0.046309 -0.0250000004 -0.0168004428 0.0307041548 asynchronous_release_0
0.034221 -0.0250000004 -0.0151827245 0.0315354543 asynchronous_release_0
0.010108 -0.0250000004 0.0323227239 0.0134254057 asynchronous_release_0
0.044755 -0.0250000004 0.0299161649 -0.0181665373 asynchronous_release_0
0.020564 -0.0250000004 0.0129025418 0.0325349722 asynchronous_release_0
0.040768 -0.0250000004 -0.0349312378 -0.00219285803 asynchronous_release_0
0.04192 -0.0250000004 0.000949376001 0.00031414202 asynchronous_release_0
0.043574 -0.0250000004 0.0199782337 -0.0287379571 asynchronous_release_0
0.024326 -0.0250000004 -0.000861261307 0.000508162338 asynchronous_release_3
0.02729 -0.0250000004 0.0336595651 0.00959341833 asynchronous_release_0
0.023421 -0.0250000004 0.0335878327 0.00984162053 asynchronous_release_3
0.045238 -0.0250000004 0.028949721 -0.0196701208 asynchronous_release_0
0.035169 -0.0250000004 -0.0173145194 0.0304172224 asynchronous_release_0
0.035369 -0.0250000004 0.0301563707 0.0177649459 asynchronous_release_0
0.048273 -0.0250000004 -0.00975075705 -0.0336143234 asynchronous_release_0
0.04681 -0.0250000004 0.0288575733 0.0198050615 asynchronous_release_0
0.02486 -0.0250000004 0.0339285229 -0.00859391277 asynchronous_release_3
0.024418 -0.0250000004 -0.0348058914 0.00368102188 asynchronous_release_4
0.025279 -0.0250000004 0.0346385062 -0.0050173588 asynchronous_release_0
0.036979 -0.0250000004 0.0303395805 -0.0174502107 asynchronous_release_0
0.016181 -0.0250000004 0.0109100073 -0.0332561534 asynchronous_release_0
0.042803 -0.0250000004 -0.0223318863 0.0269497097 asynchronous_release_0
0.042811 -0.0250000004 0.0143764067 -0.0319111098 asynchronous_release_0
0.04968 -0.0250000004 0.0155018609 0.0313798073 asynchronous_release_0
0.035662 -0.0250000004 -0.0303120958 0.0174979098 asynchronous_release_0
0.023246 -0.0250000004 0.034077274 -0.00798369561 asynchronous_release_0
0.035056 -0.0250000004 0.0331842862 -0.0111266865 asynchronous_release_0
0.019551 -0.0250000004 0.0349241903 -0.00230237599 asynchronous_release_0
0.027348 -0.0250000004 0.0179389032 -0.0300532153 asynchronous_release_1
0.037584 -0.0250000004 0.0264927368 0.0228721423 asynchronous_release_0
0.02196 -0.0250000004 0.0344158709 -0.00636771773 asynchronous_release_0
0.04963 -0.0250000004 0.0130059188 0.0324937852 asynchronous_release_0
0.010997 -0.0250000004 0.0331040625 0.0113631442 asynchronous_release_0
0.034556 -0.0250000004 -0.0266693239 0.0226659913 asynchronous_release_0
0.022499 -0.0250000004 0.0231555993 0.0262453467 asynchronous_release_2
0.048928 -0.0250000004 -0.0312379582 0.015785752 asynchronous_release_0
0.018875 -0.0250000004 0.00971182747 0.0336255916 asynchronous_release_0
0.040644 -0.0250000004 0.0113844389 -0.0330967453 asynchronous_release_0
0.029745 -0.0250000004 0.0349853631 -0.00101211166 asynchronous_release_0
0.010459 -0.0250000004 0.0349275569 -0.00225072588 asynchronous_release_1
0.041316 -0.0250000004 0.00100048315 -0.0349856976 asynchronous_release_0
0.043613 -0.0250000004 0.0345024951 -0.00588029186 asynchronous_release_0
0.033614 -0.0250000004 -0.0273622165 0.0218245071 asynchronous_release_4
0.0365 -0.0250000004 0.0011888152 0.0349798044 asynchronous_release_0
0.048699 -0.0250000004 -0.0199545255 0.0287544243 asynchronous_release_0
0.006785 -0.0250000004 0.0100995622 0.0335111749 asynchronous_release_0
0.024241 -0.0250000004 -0.0171361859 -0.030518046 asynchronous_release_2
0.025925 -0.0250000004 0.0226321992 0.0266980067 asynchronous_release_2
0.012991 -0.0250000004 0.0223299174 -0.0269513412 asynchronous_release_0
0.030998 -0.0250000004 0.0260722985 -0.0233502731 asynchronous_release_0
0.039525 -0.0250000004 -0.000962517575 0.000271219319 asynchronous_release_0
0.043967 -0.0250000004 0.0135332575 0.0322777159 asynchronous_release_4
0.035165 -0.0250000004 0.0246423648 -0.0248546546 asynchronous_release_0
0.040589 -0.0250000004 0.000973044013 -0.000230619488 asynchronous_release_0
0.021033 -0.0250000004 0.0348676073 0.00304137515 asynchronous_release_0
0.048477 -0.0250000004 -0.000997887001 -6.49733291e-05 asynchronous_release_0
0.043289 -0.0250000004 0.0204138121 0.0284302001 asynchronous_release_0
0.042062 -0.0250000004 0.000121700516 0.000992566866 asynchronous_release_0
0.034905 -0.0250000004 -0.00909584824 -0.0337974192 asynchronous_release_0
0.038741 -0.0250000004 0.0322545258 0.0135884351 asynchronous_release_0
0.029109 -0.0250000004 -0.00738728605 -0.0342115186 asynchronous_release_0
0.046378 -0.0250000004 -0.0231831193 0.0262210408 asynchronous_release_0
0.029557 -0.0250000004 -0.000999627286 -2.72999651e-05 asynchronous_release_0
0.038526 -0.0250000004 0.0292578252 0.0192088434 asynchronous_release_0
0.034392 -0.0250000004 0.0333603027 0.0105872661 asynchronous_release_0
0.033659 -0.0250000004 -0.0252188239 -0.0242695472 asynchronous_release_0
0.045018 -0.0250000004 0.0327789812 0.0122694088 asynchronous_release_0
0.046499 -0.0250000004 0.0284306843 -0.0204131377 asynchronous_release_0
0.030561 -0.0250000004 -0.000553996517 0.0349956153 asynchronous_release_0
0.023037 -0.0250000004 0.0209122507 -0.0280655976 asynchronous_release_0
0.047123 -0.0250000004 0.00320800289 -0.0348526716 asynchronous_release_0
0.047875 -0.0250000004 0.000850610246 -0.000525796738 asynchronous_release_0
0.040899 -0.0250000004 0.000343912576 -0.000939001672 asynchronous_release_0
0.04946 -0.0250000004 -0.0268362783 -0.02246807 asynchronous_release_0
0.021767 -0.0250000004 -0.0266922151 0.0226390294 asynchronous_release_0
0.016827 -0.0250000004 0.00144407418 0.0349701966 asynchronous_release_0
0.038156 -0.0250000004 -0.0604684134 0.00430940622 asynchronous_release_0
0.041314 -0.0250000004 0.0342213855 0.00734144216 asynchronous_release_0
0.018555 -0.0250000004 0.0125700248 -0.0326648814 asynchronous_release_0
0.031576 -0.0250000004 0.0348888914 0.00278662065 asynchronous_release_0
0.044524 -0.0250000004 0.0293855266 0.0190129121 asynchronous_release_0
0.010562 -0.0250000004 0.0348535705 0.00319822236 asynchronous_release_0
0.036642 -0.0250000004 -0.0248393697 -0.0246577718 asynchronous_release_4
0.03343 -0.0250000004 -0.0148460843 0.0316953274 asynchronous_release_0
0.027411 -0.0250000004 0.0349262665 0.002270662 asynchronous_release_0
0.024108 -0.0250000004 0.00442135557 0.0347196143 asynchronous_release_1
0.031552 -0.0250000004 -0.0106342136 0.033345367 asynchronous_release_0
0.022551 -0.0250000004 0.026692288 0.0226389434 asynchronous_release_1
0.024137 -0.0250000004 0.0347381182 -0.00427354035 asynchronous_release_0
0.031324 -0.0250000004 0.0105197472 -0.0333816554 asynchronous_release_1
0.026294 -0.0250000004 0.0349598941 -0.00167505309 asynchronous_release_4
0.032098 -0.0250000004 0.0319225562 -0.0143509722 asynchronous_release_0
0.024193 -0.0250000004 -0.0316909832 0.0148553555 asynchronous_release_1
0.045321 -0.0250000004 0.0182654988 -0.0298558463 asynchronous_release_0
0.008591 -0.0250000004 0.0209977142 -0.0280017142 asynchronous_release_0
0.027812 -0.0250000004 0.0167478437 -0.030732877 asynchronous_release_1
0.024862 -0.0250000004 0.0349647693 0.00157000213 asynchronous_release_3
0.005469 -0.0250000004 0.00993869147 -0.0335592374 asynchronous_release_0
0.024894 -0.0250000004 0.0240938063 0.025386778 asynchronous_release_0
0.025439 -0.0250000004 0.000365589805 -0.000930776071 asynchronous_release_0
0.031426 -0.0250000004 0.034593063 -0.00532165347 asynchronous_release_2
0.029163 -0.0250000004 0.023279816 0.0261352284 asynchronous_release_0
0.041456 -0.0250000004 -0.000999987918 4.91562495e-06 asynchronous_release_0
0.044157 -0.0250000004 0.0349784881 -0.00122693431 asynchronous_release_0
0.03916 -0.0250000004 0.0316969279 -0.014842667 asynchronous_release_0
0.034472 -0.0250000004 0.0111139333 -0.0331885596 asynchronous_release_0
0.035464 -0.0250000004 -0.0131318621 -0.0324430917 asynchronous_release_0
0.043043 -0.0250000004 -0.0261803788 -0.0232290285 asynchronous_release_0
0.023421 -0.0250000004 0.0186138182 0.0296399354 asynchronous_release_1
0.030612 -0.0250000004 0.0404784465 -0.0451275455 asynchronous_release_0
0.009031 -0.0250000004 -0.0311498507 0.0159589098 asynchronous_release_0
0.004717 -0.0250000004 0.000989541585 0.000144247885 asynchronous_release_0
0.020232 -0.0250000004 0.0349215043 -0.00234276269 asynchronous_release_0
0.038882 -0.0250000004 0.0349772029 -0.00126304417 asynchronous_release_0
0.048075 -0.0250000004 0.00345721595 0.0348288337 asynchronous_release_0
0.032189 -0.0250000004 0.0282841399 0.0206157083 asynchronous_release_0
0.046459 -0.0250000004 0.0347769823 0.00394480664 asynchronous_release_0
0.027248 -0.0250000004 0.0333716861 -0.01055133 asynchronous_release_4
0.024941 -0.0250000004 0.0333338419 -0.010670285 asynchronous_release_0
0.031314 -0.0250000004 0.00742618309 -0.0342030964 asynchronous_release_0
0.04477 -0.0250000004 -0.0211692179 0.0278722839 asynchronous_release_0
0.037451 -0.0250000004 0.0337526035 -0.00926076435 asynchronous_release_0
0.031431 -0.0250000004 -0.0158988824 0.0311805314 asynchronous_release_0
0.030576 -0.0250000004 -0.0225506445 -0.0267669279 asynchronous_release_0
0.048869 -0.0250000004 -0.0319371341 0.0143185008 asynchronous_release_0
0.023486 -0.0250000004 0.0331486015 -0.0112325516 asynchronous_release_0
0.029678 -0.0250000004 0.0251602509 0.0243302646 asynchronous_release_0
0.03713 -0.0250000004 -0.000550309409 0.00083496081 asynchronous_release_0
0.038548 -0.0250000004 0.0305926861 0.017002575 asynchronous_release_0
0.026901 -0.0250000004 -0.0164930031 -0.0308703879 asynchronous_release_0
0.035828 -0.0250000004 -3.66089936e-05 0.000999329666 asynchronous_release_0
0.02504 -0.0250000004 0.0349765383 0.00128131478 asynchronous_release_4
0.028899 -0.0250000004 0.0228555746 0.0265070314 asynchronous_release_0
0.036255 -0.0250000004 0.0348968679 -0.00268488604 asynchronous_release_0
0.046247 -0.0250000004 0.0327371517 0.0123805856 asynchronous_release_0
0.037784 -0.0250000004 0.00661008294 -0.0343701441 asynchronous_release_0
0.008633 -0.0250000004 0.0341385247 0.00771758578 asynchronous_release_3
0.037731 -0.0250000004 0.000745455396 0.000666555514 asynchronous_release_4
0.041777 -0.0250000004 -0.0121162151 -0.0328359153 asynchronous_release_1
0.046371 -0.0250000004 0.00703396703 0.0342859054 asynchronous_release_0
0.034668 -0.0250000004 -0.0145627804 0.0318264894 asynchronous_release_0
