0.000000 0.080609
0.000050 0.095865
0.000100 0.093991
0.000150 0.107859
0.000200 0.107776
0.000250 0.095294
0.000300 0.096598
0.000350 0.104760
0.000400 0.110552
0.000450 0.096686
0.000500 0.106391
0.000550 0.102143
0.000600 0.088203
0.000650 0.088031
0.000700 0.088597
0.000750 0.090245
0.000800 0.098154
0.000850 0.111436
0.000900 0.107455
0.000950 0.093175
0.001000 0.109573
0.001050 0.120095
0.001100 0.124912
0.001150 0.127776
0.001200 0.152974
0.001250 0.173048
0.001300 0.187893
0.001350 0.226813
0.001400 0.251046
0.001450 0.319100
0.001500 0.477519
0.001550 0.594519
0.001600 0.854073
0.001650 1.153967
0.001700 1.517722
0.001750 2.015274
0.001800 2.871029
0.001850 3.531933
0.001900 4.484878
0.001950 5.319196
0.002000 6.199388
0.002050 6.993378
0.002100 7.731400
0.002150 8.028566
0.002200 8.426583
0.002250 8.571863
0.002300 8.200554
0.002350 7.789108
0.002400 7.114712
0.002450 6.276788
0.002500 5.665871
0.002550 4.843481
0.002600 4.274587
0.002650 3.724239
0.002700 3.340077
0.002750 2.875549
0.002800 2.567513
0.002850 2.377345
0.002900 2.149232
0.002950 2.005146
0.003000 1.794156
0.003050 1.644952
0.003100 1.660064
0.003150 1.514016
0.003200 1.391827
0.003250 1.447529
0.003300 1.369711
0.003350 1.299849
0.003400 1.325495
0.003450 1.211081
0.003500 1.131513
0.003550 1.055851
0.003600 1.084226
0.003650 1.042774
0.003700 1.065216
0.003750 0.968408
0.003800 0.951479
0.003850 0.947975
0.003900 0.904761
0.003950 0.884657
0.004000 0.914605
0.004050 0.869141
0.004100 0.912971
0.004150 0.824135
0.004200 0.851873
0.004250 0.821091
0.004300 0.875224
0.004350 0.750488
0.004400 0.777717
0.004450 0.787675
0.004500 0.809635
0.004550 0.768725
0.004600 0.724827
0.004650 0.745235
0.004700 0.799558
0.004750 0.836172
0.004800 0.746761
0.004850 0.775267
0.004900 0.748291
0.004950 0.747129
0.005000 0.727775
0.005050 0.737425
0.005100 0.706145
0.005150 0.722167
0.005200 0.712668
0.005250 0.711722
0.005300 0.708727
0.005350 0.687063
0.005400 0.641444
0.005450 0.619944
0.005500 0.637564
0.005550 0.681604
0.005600 0.644492
0.005650 0.643680
0.005700 0.652630
0.005750 0.595454
0.005800 0.572925
0.005850 0.590983
0.005900 0.595792
0.005950 0.562156
0.006000 0.638694
0.006050 0.602508
0.006100 0.573318
0.006150 0.599728
0.006200 0.594792
0.006250 0.630554
0.006300 0.565804
0.006350 0.581402
0.006400 0.581082
0.006450 0.585908
0.006500 0.529611
0.006550 0.585079
0.006600 0.563676
0.006650 0.593558
0.006700 0.565831
0.006750 0.529487
0.006800 0.580593
0.006850 0.531139
0.006900 0.533432
0.006950 0.547544
0.007000 0.526004
0.007050 0.525862
0.007100 0.536429
0.007150 0.556701
0.007200 0.565474
0.007250 0.571172
0.007300 0.534891
0.007350 0.521191
0.007400 0.530249
0.007450 0.541977
0.007500 0.517024
0.007550 0.519158
0.007600 0.531045
0.007650 0.514433
0.007700 0.529795
0.007750 0.487011
0.007800 0.510334
0.007850 0.499080
0.007900 0.456968
0.007950 0.525782
0.008000 0.468420
0.008050 0.529084
0.008100 0.566292
0.008150 0.503996
0.008200 0.512668
0.008250 0.478018
0.008300 0.511218
0.008350 0.497312
0.008400 0.476396
0.008450 0.456976
0.008500 0.507663
0.008550 0.433849
0.008600 0.526368
0.008650 0.493988
0.008700 0.441947
0.008750 0.478573
0.008800 0.461466
0.008850 0.399362
0.008900 0.435706
0.008950 0.440598
0.009000 0.435404
0.009050 0.433182
0.009100 0.422833
0.009150 0.454961
0.009200 0.471290
0.009250 0.456026
0.009300 0.453174
0.009350 0.496654
0.009400 0.488603
0.009450 0.439313
0.009500 0.430237
0.009550 0.470103
0.009600 0.463431
0.009650 0.446683
0.009700 0.455726
0.009750 0.458948
0.009800 0.424902
0.009850 0.425296
0.009900 0.439342
0.009950 0.461312
0.010000 0.401712
0.010050 0.413642
0.010100 0.448393
0.010150 0.423585
0.010200 0.423933
0.010250 0.408733
0.010300 0.427775
0.010350 0.440331
0.010400 0.421607
0.010450 0.434629
0.010500 0.414384
0.010550 0.417052
0.010600 0.404090
0.010650 0.458876
0.010700 0.426158
0.010750 0.436916
0.010800 0.431202
0.010850 0.369250
0.010900 0.451070
0.010950 0.442582
0.011000 0.418146
0.011050 0.408554
0.011100 0.406273
0.011150 0.380971
0.011200 0.403561
0.011250 0.383369
0.011300 0.406345
0.011350 0.424233
0.011400 0.392511
0.011450 0.408747
0.011500 0.434973
0.011550 0.400365
0.011600 0.453919
0.011650 0.407849
0.011700 0.416714
0.011750 0.381394
0.011800 0.408735
0.011850 0.378183
0.011900 0.417340
0.011950 0.423698
0.012000 0.414535
0.012050 0.383299
0.012100 0.392806
0.012150 0.402496
0.012200 0.368514
0.012250 0.418064
0.012300 0.393195
0.012350 0.365355
0.012400 0.387537
0.012450 0.400799
0.012500 0.379893
0.012550 0.396343
0.012600 0.388254
0.012650 0.395366
0.012700 0.344734
0.012750 0.388538
0.012800 0.356586
0.012850 0.380044
0.012900 0.380522
0.012950 0.360780
0.013000 0.380536
0.013050 0.379876
0.013100 0.382417
0.013150 0.357319
0.013200 0.355307
0.013250 0.340025
0.013300 0.387101
0.013350 0.388931
0.013400 0.356936
0.013450 0.357032
0.013500 0.345526
0.013550 0.383990
0.013600 0.365052
0.013650 0.343486
0.013700 0.321181
0.013750 0.398593
0.013800 0.337288
0.013850 0.393512
0.013900 0.336558
0.013950 0.348754
0.014000 0.368152
0.014050 0.381316
0.014100 0.351081
0.014150 0.373107
0.014200 0.357789
0.014250 0.341493
0.014300 0.340566
0.014350 0.385464
0.014400 0.375673
0.014450 0.368429
0.014500 0.372498
0.014550 0.324088
0.014600 0.386559
0.014650 0.345635
0.014700 0.348580
0.014750 0.346858
0.014800 0.369808
0.014850 0.344752
0.014900 0.342204
0.014950 0.333668
0.015000 0.375652
0.015050 0.347726
0.015100 0.325920
0.015150 0.351662
0.015200 0.318830
0.015250 0.328856
0.015300 0.334412
0.015350 0.316342
0.015400 0.390522
0.015450 0.322238
0.015500 0.325787
0.015550 0.326285
0.015600 0.336838
0.015650 0.391172
0.015700 0.337698
0.015750 0.337464
0.015800 0.338528
0.015850 0.350446
0.015900 0.344644
0.015950 0.312258
0.016000 0.337058
0.016050 0.313822
0.016100 0.338850
0.016150 0.304526
0.016200 0.341089
0.016250 0.316081
0.016300 0.386356
0.016350 0.368746
0.016400 0.347711
0.016450 0.345981
0.016500 0.322086
0.016550 0.304310
0.016600 0.318037
0.016650 0.336927
0.016700 0.319165
0.016750 0.333191
0.016800 0.329846
0.016850 0.346778
0.016900 0.331682
0.016950 0.304578
0.017000 0.298403
0.017050 0.318193
0.017100 0.344015
0.017150 0.320209
0.017200 0.329685
0.017250 0.302593
0.017300 0.323871
0.017350 0.304643
0.017400 0.306912
0.017450 0.320426
0.017500 0.328114
0.017550 0.323220
0.017600 0.307365
0.017650 0.366447
0.017700 0.293639
0.017750 0.316357
0.017800 0.326796
0.017850 0.296892
0.017900 0.282197
0.017950 0.321043
0.018000 0.350129
0.018050 0.310337
0.018100 0.364253
0.018150 0.308709
0.018200 0.346897
0.018250 0.331985
0.018300 0.309631
0.018350 0.309931
0.018400 0.315052
0.018450 0.331706
0.018500 0.286930
0.018550 0.310260
0.018600 0.336411
0.018650 0.335865
0.018700 0.297459
0.018750 0.297869
0.018800 0.320923
0.018850 0.282189
0.018900 0.361036
0.018950 0.310948
0.019000 0.314203
0.019050 0.291909
0.019100 0.330739
0.019150 0.326885
0.019200 0.314164
0.019250 0.308696
0.019300 0.275727
0.019350 0.294125
0.019400 0.314241
0.019450 0.300991
0.019500 0.300169
0.019550 0.302103
0.019600 0.315467
0.019650 0.286005
0.019700 0.357061
0.019750 0.322151
0.019800 0.306842
0.019850 0.298598
0.019900 0.311456
0.019950 0.291228
0.020000 0.294524
0.020050 0.303088
0.020100 0.283523
0.020150 0.303825
0.020200 0.287845
0.020250 0.310333
0.020300 0.310619
0.020350 0.289299
0.020400 0.294832
0.020450 0.289762
0.020500 0.298234
0.020550 0.305960
0.020600 0.286087
0.020650 0.259047
0.020700 0.312337
0.020750 0.308205
0.020800 0.281957
0.020850 0.301515
0.020900 0.267597
0.020950 0.305271
0.021000 0.331021
0.021050 0.338401
0.021100 0.355153
0.021150 0.397053
0.021200 0.450737
0.021250 0.512905
0.021300 0.566126
0.021350 0.635136
0.021400 0.736810
0.021450 0.895528
0.021500 1.149742
0.021550 1.468792
0.021600 2.008276
0.021650 2.677768
0.021700 3.250492
0.021750 4.117916
0.021800 5.158163
0.021850 6.504161
0.021900 7.728418
0.021950 9.080102
0.022000 10.080489
0.022050 10.977367
0.022100 11.560644
0.022150 12.226592
0.022200 12.161573
0.022250 12.270603
0.022300 11.703715
0.022350 11.241993
0.022400 10.230873
0.022450 9.299541
0.022500 8.332862
0.022550 7.274080
0.022600 6.566379
0.022650 5.613643
0.022700 5.073506
0.022750 4.655532
0.022800 4.293646
0.022850 4.062560
0.022900 3.402540
0.022950 3.264362
0.023000 3.035784
0.023050 2.885584
0.023100 2.703797
0.023150 2.490159
0.023200 2.440636
0.023250 2.309672
0.023300 2.089099
0.023350 2.030409
0.023400 2.029004
0.023450 1.867296
0.023500 1.857607
0.023550 1.802525
0.023600 1.746128
0.023650 1.701206
0.023700 1.656459
0.023750 1.508599
0.023800 1.541531
0.023850 1.569403
0.023900 1.446076
0.023950 1.460206
0.024000 1.446519
0.024050 1.431775
0.024100 1.392299
0.024150 1.320143
0.024200 1.262084
0.024250 1.261010
0.024300 1.281355
0.024350 1.223743
0.024400 1.224943
0.024450 1.216839
0.024500 1.254838
0.024550 1.156784
0.024600 1.206030
0.024650 1.154800
0.024700 1.165133
0.024750 1.126921
0.024800 1.106867
0.024850 1.045857
0.024900 1.103742
0.024950 1.115978
0.025000 1.071175
0.025050 1.011045
0.025100 1.012930
0.025150 0.985598
0.025200 1.001032
0.025250 1.039332
0.025300 0.992180
0.025350 1.009776
0.025400 1.009665
0.025450 0.970287
0.025500 1.031348
0.025550 0.948388
0.025600 1.000377
0.025650 0.928287
0.025700 0.925305
0.025750 0.967719
0.025800 1.020725
0.025850 0.925895
0.025900 0.947294
0.025950 0.938142
0.026000 0.929984
0.026050 0.888376
0.026100 0.853333
0.026150 0.941235
0.026200 0.902597
0.026250 0.881101
0.026300 0.897432
0.026350 0.903302
0.026400 0.804469
0.026450 0.840231
0.026500 0.912311
0.026550 0.858721
0.026600 0.762727
0.026650 0.826933
0.026700 0.821958
0.026750 0.799810
0.026800 0.847892
0.026850 0.780580
0.026900 0.828784
0.026950 0.876184
0.027000 0.806998
0.027050 0.769412
0.027100 0.831537
0.027150 0.829277
0.027200 0.780141
0.027250 0.777151
0.027300 0.811348
0.027350 0.798064
0.027400 0.749029
0.027450 0.806983
0.027500 0.800794
0.027550 0.788506
0.027600 0.787771
0.027650 0.779283
0.027700 0.748556
0.027750 0.767154
0.027800 0.778062
0.027850 0.744954
0.027900 0.737948
0.027950 0.762272
0.028000 0.753635
0.028050 0.818581
0.028100 0.749887
0.028150 0.730465
0.028200 0.752192
0.028250 0.719706
0.028300 0.701230
0.028350 0.708792
0.028400 0.696487
0.028450 0.690965
0.028500 0.703694
0.028550 0.715354
0.028600 0.681243
0.028650 0.721581
0.028700 0.715563
0.028750 0.697425
0.028800 0.695933
0.028850 0.704267
0.028900 0.706862
0.028950 0.702518
0.029000 0.691768
0.029050 0.728112
0.029100 0.667290
0.029150 0.689674
0.029200 0.697556
0.029250 0.711932
0.029300 0.644209
0.029350 0.674343
0.029400 0.699927
0.029450 0.654259
0.029500 0.694652
0.029550 0.679018
0.029600 0.696520
0.029650 0.664816
0.029700 0.709119
0.029750 0.674981
0.029800 0.657394
0.029850 0.661852
0.029900 0.623811
0.029950 0.629387
0.030000 0.676468
0.030050 0.676234
0.030100 0.616912
0.030150 0.647902
0.030200 0.633679
0.030250 0.627877
0.030300 0.695501
0.030350 0.572555
0.030400 0.618311
0.030450 0.622211
0.030500 0.598643
0.030550 0.572519
0.030600 0.587346
0.030650 0.637866
0.030700 0.640671
0.030750 0.596065
0.030800 0.651820
0.030850 0.645436
0.030900 0.598793
0.030950 0.599671
0.031000 0.601803
0.031050 0.617637
0.031100 0.664082
0.031150 0.573478
0.031200 0.632445
0.031250 0.587787
0.031300 0.594963
0.031350 0.609717
0.031400 0.618888
0.031450 0.566370
0.031500 0.583650
0.031550 0.573212
0.031600 0.618436
0.031650 0.566880
0.031700 0.570967
0.031750 0.611333
0.031800 0.607307
0.031850 0.565627
0.031900 0.614496
0.031950 0.595122
0.032000 0.582074
0.032050 0.557416
0.032100 0.569301
0.032150 0.570301
0.032200 0.604208
0.032250 0.604688
0.032300 0.570886
0.032350 0.561558
0.032400 0.594379
0.032450 0.579909
0.032500 0.563426
0.032550 0.590558
0.032600 0.572112
0.032650 0.588250
0.032700 0.546174
0.032750 0.605592
0.032800 0.541773
0.032850 0.571763
0.032900 0.516886
0.032950 0.538986
0.033000 0.552601
0.033050 0.553707
0.033100 0.544880
0.033150 0.578516
0.033200 0.565761
0.033250 0.544963
0.033300 0.565432
0.033350 0.566628
0.033400 0.573857
0.033450 0.546955
0.033500 0.541411
0.033550 0.569449
0.033600 0.535703
0.033650 0.571235
0.033700 0.529307
0.033750 0.540603
0.033800 0.533000
0.033850 0.562660
0.033900 0.540175
0.033950 0.499237
0.034000 0.511924
0.034050 0.538314
0.034100 0.493795
0.034150 0.503807
0.034200 0.504965
0.034250 0.542493
0.034300 0.512179
0.034350 0.486555
0.034400 0.550396
0.034450 0.533792
0.034500 0.564801
0.034550 0.510835
0.034600 0.557819
0.034650 0.535613
0.034700 0.493162
0.034750 0.515262
0.034800 0.536767
0.034850 0.516491
0.034900 0.516405
0.034950 0.518425
0.035000 0.502234
0.035050 0.502126
0.035100 0.498509
0.035150 0.539235
0.035200 0.511756
0.035250 0.498286
0.035300 0.517994
0.035350 0.522924
0.035400 0.493849
0.035450 0.555537
0.035500 0.490223
0.035550 0.526455
0.035600 0.552864
0.035650 0.478002
0.035700 0.503646
0.035750 0.474988
0.035800 0.558785
0.035850 0.494313
0.035900 0.479188
0.035950 0.487766
0.036000 0.536762
0.036050 0.523876
0.036100 0.448041
0.036150 0.485565
0.036200 0.482651
0.036250 0.491347
0.036300 0.479002
0.036350 0.490636
0.036400 0.492847
0.036450 0.508213
0.036500 0.484174
0.036550 0.517870
0.036600 0.481342
0.036650 0.511464
0.036700 0.489530
0.036750 0.470456
0.036800 0.470472
0.036850 0.507394
0.036900 0.464660
0.036950 0.483178
0.037000 0.504741
0.037050 0.457391
0.037100 0.479697
0.037150 0.500611
0.037200 0.464250
0.037250 0.500110
0.037300 0.476360
0.037350 0.425592
0.037400 0.513940
0.037450 0.505898
0.037500 0.463283
0.037550 0.491191
0.037600 0.477048
0.037650 0.477934
0.037700 0.419184
0.037750 0.480410
0.037800 0.468456
0.037850 0.532260
0.037900 0.449076
0.037950 0.456768
0.038000 0.459169
0.038050 0.443297
0.038100 0.477726
0.038150 0.427492
0.038200 0.425261
0.038250 0.452901
0.038300 0.492927
0.038350 0.443259
0.038400 0.450308
0.038450 0.468940
0.038500 0.477627
0.038550 0.481721
0.038600 0.486609
0.038650 0.482233
0.038700 0.446070
0.038750 0.485044
0.038800 0.449582
0.038850 0.452110
0.038900 0.459327
0.038950 0.415877
0.039000 0.451146
0.039050 0.478736
0.039100 0.444580
0.039150 0.457338
0.039200 0.477215
0.039250 0.464161
0.039300 0.449488
0.039350 0.455252
0.039400 0.433428
0.039450 0.458926
0.039500 0.486108
0.039550 0.488846
0.039600 0.455914
0.039650 0.471296
0.039700 0.435066
0.039750 0.531636
0.039800 0.469175
0.039850 0.451171
0.039900 0.433903
0.039950 0.460575
0.040000 0.440894
0.040050 0.466858
0.040100 0.469637
0.040150 0.430623
0.040200 0.426888
0.040250 0.441682
0.040300 0.455729
0.040350 0.438321
0.040400 0.454831
0.040450 0.469787
0.040500 0.465339
0.040550 0.451135
0.040600 0.440135
0.040650 0.477939
0.040700 0.449872
0.040750 0.407834
0.040800 0.475941
0.040850 0.435509
0.040900 0.423598
0.040950 0.452648
0.041000 0.444043
0.041050 0.432945
0.041100 0.429218
0.041150 0.403234
0.041200 0.446460
0.041250 0.479936
0.041300 0.434146
0.041350 0.447810
0.041400 0.414275
0.041450 0.468603
0.041500 0.433384
0.041550 0.444634
0.041600 0.456762
0.041650 0.426404
0.041700 0.362541
0.041750 0.428033
0.041800 0.419272
0.041850 0.471658
0.041900 0.427751
0.041950 0.415611
0.042000 0.422775
0.042050 0.426601
0.042100 0.450677
0.042150 0.386223
0.042200 0.447449
0.042250 0.446293
0.042300 0.404481
0.042350 0.419341
0.042400 0.443597
0.042450 0.422043
0.042500 0.429351
0.042550 0.404313
0.042600 0.436342
0.042650 0.453970
0.042700 0.446014
0.042750 0.447450
0.042800 0.450609
0.042850 0.434907
0.042900 0.417436
0.042950 0.465268
0.043000 0.403924
0.043050 0.426846
0.043100 0.439496
0.043150 0.383938
0.043200 0.443236
0.043250 0.417010
0.043300 0.418441
0.043350 0.425957
0.043400 0.446538
0.043450 0.418474
0.043500 0.412092
0.043550 0.410924
0.043600 0.419359
0.043650 0.399859
0.043700 0.436296
0.043750 0.433442
0.043800 0.431459
0.043850 0.446155
0.043900 0.401133
0.043950 0.408761
0.044000 0.355630
0.044050 0.401988
0.044100 0.373453
0.044150 0.423501
0.044200 0.410888
0.044250 0.463800
0.044300 0.437952
0.044350 0.419124
0.044400 0.398458
0.044450 0.418666
0.044500 0.429145
0.044550 0.380791
0.044600 0.392109
0.044650 0.406151
0.044700 0.422929
0.044750 0.420951
0.044800 0.386678
0.044850 0.391806
0.044900 0.378975
0.044950 0.446205
0.045000 0.388424
0.045050 0.408928
0.045100 0.400608
0.045150 0.407632
0.045200 0.427353
0.045250 0.400937
0.045300 0.394391
0.045350 0.409619
0.045400 0.398540
0.045450 0.368318
0.045500 0.409058
0.045550 0.405248
0.045600 0.419689
0.045650 0.392137
0.045700 0.409333
0.045750 0.422009
0.045800 0.392548
0.045850 0.425418
0.045900 0.387636
0.045950 0.389294
0.046000 0.410302
0.046050 0.459042
0.046100 0.404568
0.046150 0.385032
0.046200 0.382086
0.046250 0.393024
0.046300 0.416979
0.046350 0.397399
0.046400 0.413061
0.046450 0.410177
0.046500 0.424976
0.046550 0.404410
0.046600 0.403374
0.046650 0.367780
0.046700 0.380695
0.046750 0.395527
0.046800 0.427276
0.046850 0.420672
0.046900 0.378368
0.046950 0.413012
0.047000 0.387546
0.047050 0.391204
0.047100 0.407136
0.047150 0.386306
0.047200 0.366358
0.047250 0.380406
0.047300 0.382191
0.047350 0.422853
0.047400 0.378237
0.047450 0.396183
0.047500 0.398022
0.047550 0.395110
0.047600 0.372179
0.047650 0.392109
0.047700 0.378680
0.047750 0.372860
0.047800 0.381380
0.047850 0.401426
0.047900 0.366875
0.047950 0.407099
0.048000 0.380182
0.048050 0.388778
0.048100 0.390663
0.048150 0.396413
0.048200 0.398324
0.048250 0.375128
0.048300 0.423421
0.048350 0.384747
0.048400 0.399251
0.048450 0.392463
0.048500 0.392454
0.048550 0.384672
0.048600 0.372004
0.048650 0.394364
0.048700 0.373896
0.048750 0.368008
0.048800 0.378714
0.048850 0.377720
0.048900 0.406096
0.048950 0.376742
0.049000 0.440496
0.049050 0.390536
0.049100 0.365984
0.049150 0.392528
0.049200 0.360056
0.049250 0.372844
0.049300 0.358038
0.049350 0.363938
0.049400 0.412386
0.049450 0.393664
0.049500 0.373897
0.049550 0.398713
0.049600 0.385873
0.049650 0.382937
0.049700 0.353130
0.049750 0.382996
0.049800 0.371081
0.049850 0.361129
0.049900 0.368133
