0.020382 -0.0250000004 0.000922638984 0.000385664758 synchronous_release_0
0.032077 -0.0250000004 0.0212168747 0.0278360239 synchronous_release_0
0.032374 -0.0250000004 0.032280124 -0.0135275126 synchronous_release_0
0.002621 -0.0250000004 0.0284263308 -0.0204191997 synchronous_release_0
0.026549 -0.0250000004 0.000982609783 -0.000185682564 synchronous_release_1
0.027922 -0.0250000004 0.0275302018 0.0216122185 synchronous_release_0
0.024865 -0.0250000004 0.00439094782 0.034723473 synchronous_release_0
0.029625 -0.0250000004 0.0278759358 -0.0211644089 synchronous_release_0
0.042941 -0.0250000004 0.0182019267 0.0298946461 synchronous_release_0
0.022659 -0.0250000004 -2.33145121e-05 -0.00099972818 synchronous_release_1
0.024542 -0.0250000004 0.00978467189 -0.0336044669 synchronous_release_0
0.046289 -0.0250000004 0.033994658 -0.00832845903 synchronous_release_0
0.031417 -0.0250000004 0.0200771556 -0.0286689348 synchronous_release_1
0.026157 -0.0250000004 0.0116736198 0.0329958573 synchronous_release_1
0.026571 -0.0250000004 0.0338143133 0.00903284114 synchronous_release_0
0.007535 -0.0250000004 0.0213452422 -0.0277377114 synchronous_release_0
0.029416 -0.0250000004 0.0257412966 0.0237146716 synchronous_release_0
0.024828 -0.0250000004 -0.0340590911 0.00806091272 synchronous_release_0
0.023124 -0.0250000004 0.0261149111 -0.0233026054 synchronous_release_0
0.024214 -0.0250000004 0.0209417153 0.0280436189 synchronous_release_0
0.004324 -0.0250000004 0.0349837616 -0.00106603282 synchronous_release_0
0.032241 -0.0250000004 0.000278174191 0.000960530645 synchronous_release_0
0.002407 -0.0250000004 0.0341739877 -0.00755900535 synchronous_release_0
0.017567 -0.0250000004 0.00736785419 0.0342157087 synchronous_release_0
0.022796 -0.0250000004 0.0301469979 0.017780847 synchronous_release_0
0.027602 -0.0250000004 0.0304721641 -0.0172176425 synchronous_release_0
0.025286 -0.0250000004 0.000981278819 -0.000192592522 synchronous_release_0
0.033566 -0.0250000004 -0.0214240333 -0.0276769001 synchronous_release_0
0.022842 -0.0250000004 0.0083094663 -0.0339993054 synchronous_release_0
0.027068 -0.0250000004 0.0335989954 -0.00980344381 synchronous_release_1
0.034371 -0.0250000004 -0.0083094663 0.0339993054 synchronous_release_1
0.025374 -0.0250000004 -0.000893794043 0.000448477656 synchronous_release_0
0.025275 -0.0250000004 0.0333152336 0.0107282436 synchronous_release_0
0.006539 -0.0250000004 0.00456313743 -0.0347012648 synchronous_release_0
0.022457 -0.0250000004 0.0332733984 0.0108572998 synchronous_release_0
0.023002 -0.0250000004 0.0134308904 0.0323204453 synchronous_release_0
0.024458 -0.0250000004 0.0212748815 -0.0277917149 synchronous_release_0
0.031224 -0.0250000004 -0.0329562721 0.0117849111 synchronous_release_0
0.022539 -0.0250000004 0.0100195081 -0.0335351973 synchronous_release_0
0.023871 -0.0250000004 0.0161566779 0.0310477335 synchronous_release_1
0.025668 -0.0250000004 0.00022441406 -0.000974493884 synchronous_release_0
0.029286 -0.0250000004 0.0102514533 0.0334650221 synchronous_release_0
0.037722 -0.0250000004 -0.0300883578 0.0178798972 synchronous_release_0
0.026267 -0.0250000004 0.0205061003 -0.0283637066 synchronous_release_0
0.006673 -0.0250000004 0.0237631649 -0.0256965366 synchronous_release_0
0.038014 -0.0250000004 -0.034517339 0.0057925218 synchronous_release_0
0.024423 -0.0250000004 0.0338722865 -0.0088129567 synchronous_release_0
0.00294 -0.0250000004 0.0173966607 0.0303703177 synchronous_release_0
0.004258 -0.0250000004 0.000312144604 0.000950034603 synchronous_release_0
0.024762 -0.0250000004 0.0323685082 0.0133146414 synchronous_release_0
0.026046 -0.0250000004 0.0345654497 -0.00549815325 synchronous_release_0
0.028947 -0.0250000004 0.0125211844 -0.0326836341 synchronous_release_1
0.029239 -0.0250000004 0.032831013 0.0121294923 synchronous_release_0
0.022952 -0.0250000004 0.0136786189 0.0322163838 synchronous_release_0
0.033895 -0.0250000004 0.00964118262 -0.033645915 synchronous_release_0
0.030661 -0.0250000004 -0.000949608788 0.000313437634 synchronous_release_0
0.018753 -0.0250000004 0.0322236722 0.0136614404 synchronous_release_0
0.029101 -0.0250000004 0.0327428628 -0.0123654735 synchronous_release_0
0.026577 -0.0250000004 0.0132213158 -0.0324067402 synchronous_release_0
0.0034 -0.0250000004 0.0251043014 0.0243879899 synchronous_release_0
0.029755 -0.0250000004 0.0333891545 -0.0104959211 synchronous_release_1
0.031895 -0.0250000004 0.033665609 0.00957218742 synchronous_release_0
0.023833 -0.0250000004 -0.0349814056 -0.00114072892 synchronous_release_0
0.022767 -0.0250000004 0.0165028026 0.0308651504 synchronous_release_1
0.024102 -0.0250000004 -0.0194413503 0.0291038468 synchronous_release_0
0.024282 -0.0250000004 -0.000229980418 -0.000973195256 synchronous_release_0
0.023095 -0.0250000004 -0.00909963878 0.0337963988 synchronous_release_0
0.027261 -0.0250000004 0.0349628924 -0.00161125883 synchronous_release_1
0.022765 -0.0250000004 0.0335232719 -0.010059336 synchronous_release_0
0.022834 -0.0250000004 -0.00673002509 0.0343468596 synchronous_release_0
0.026428 -0.0250000004 0.0180832297 0.0299665948 synchronous_release_0
0.003032 -0.0250000004 -0.00053561744 -0.0349959014 synchronous_release_0
0.025075 -0.0250000004 0.0305751484 0.0170340924 synchronous_release_0
0.024314 -0.0250000004 -0.00247156412 -0.0349126248 synchronous_release_0
0.02472 -0.0250000004 0.0276446717 -0.0214656034 synchronous_release_1
0.024788 -0.0250000004 0.0235472019 0.0258945802 synchronous_release_0
0.022516 -0.0250000004 0.0111703317 -0.03316962 synchronous_release_0
0.03199 -0.0250000004 0.0343108994 -0.00691101898 synchronous_release_0
0.025423 -0.0250000004 0.000998980803 -4.51370772e-05 synchronous_release_0
0.022538 -0.0250000004 0.0177658887 -0.0301558153 synchronous_release_0
0.023114 -0.0250000004 0.0349986465 0.000307803249 synchronous_release_0
0.022926 -0.0250000004 0.0348017535 -0.00371994028 synchronous_release_1
0.02751 -0.0250000004 0.000938385495 -0.00034559031 synchronous_release_0
0.022761 -0.0250000004 0.0349924898 -0.000725023147 synchronous_release_1
0.022248 -0.0250000004 0.0248065314 0.024690808 synchronous_release_0
0.03588 -0.0250000004 0.0099599371 0.0335529381 synchronous_release_0
0.024111 -0.0250000004 -0.00911984227 0.0337909526 synchronous_release_0
0.024556 -0.0250000004 0.0098336249 0.0335901745 synchronous_release_0
0.022692 -0.0250000004 -0.000998243881 -5.92381067e-05 synchronous_release_0
0.023329 -0.0250000004 0.000992326155 0.000123647895 synchronous_release_0
0.024247 -0.0250000004 -0.0186627527 0.0296091483 synchronous_release_0
0.002766 -0.0250000004 0.0247651736 0.0247322901 synchronous_release_0
0.027596 -0.0250000004 0.00218729615 -0.0349315865 synchronous_release_0
0.025352 -0.0250000004 0.0333437459 -0.0106392955 synchronous_release_0
0.023002 -0.0250000004 0.034985827 0.000995946661 synchronous_release_0
0.026321 -0.0250000004 0.0122116909 -0.0328005275 synchronous_release_0
0.025351 -0.0250000004 -0.0255725173 -0.0238965763 synchronous_release_0
0.025451 -0.0250000004 -0.0318314147 0.0145520114 synchronous_release_0
0.034749 -0.0250000004 0.0282152218 0.0207099314 synchronous_release_0
0.024476 -0.0250000004 0.000731015834 0.000682360499 synchronous_release_0
0.022606 -0.0250000004 -0.0190685857 0.0293494299 synchronous_release_0
0.023486 -0.0250000004 0.0349737514 0.00135525453 synchronous_release_0
0.03011 -0.0250000004 -0.000884736698 0.000466091167 synchronous_release_0
0.023584 -0.0250000004 -0.0189580961 -0.029420921 synchronous_release_0
0.006782 -0.0250000004 -0.000994557762 -0.000104186646 synchronous_release_1
0.023082 -0.0250000004 0.0341478635 -0.00767615922 synchronous_release_0
0.02261 -0.0250000004 0.0248351501 -0.0246620218 synchronous_release_0
0.033443 -0.0250000004 0.0330308069 0.0115743594 synchronous_release_1
0.002643 -0.0250000004 0.0316231743 -0.0149991616 synchronous_release_0
0.010462 -0.0250000004 0.0306247696 0.0169447186 synchronous_release_0
0.03985 -0.0250000004 0.0330005709 -0.0116602883 synchronous_release_0
0.013398 -0.0250000004 -0.0349445895 0.00196867066 synchronous_release_0
0.022406 -0.0250000004 -0.0109980852 -0.0332271293 synchronous_release_0
0.00715 -0.0250000004 0.0349936129 -0.000668625183 synchronous_release_0
0.023257 -0.0250000004 0.0180758528 0.0299710451 synchronous_release_0
0.009197 -0.0250000004 -0.0138352471 -0.0321494314 synchronous_release_0
0.024113 -0.0250000004 0.0337909437 0.00911987503 synchronous_release_1
0.022864 -0.0250000004 0.0221125987 -0.0271299278 synchronous_release_0
0.01597 -0.0250000004 0.0306734284 0.0168564762 synchronous_release_0
0.036051 -0.0250000004 -0.0121709908 0.0328156515 synchronous_release_1
0.009449 -0.0250000004 0.00165387218 0.0349609025 synchronous_release_0
0.022878 -0.0250000004 -0.0333795911 -0.0105262955 synchronous_release_0
0.023643 -0.0250000004 -0.0123294441 0.0327564468 synchronous_release_0
0.031553 -0.0250000004 0.0123294441 -0.0327564468 synchronous_release_0
0.026323 -0.0250000004 -0.01175945 -0.0329653657 synchronous_release_0
0.007579 -0.0250000004 0.0242823167 -0.0252065288 synchronous_release_0
0.025071 -0.0250000004 -0.00024073825 0.000970590076 synchronous_release_0
0.025434 -0.0250000004 0.000888822118 -0.000458252379 synchronous_release_0
0.027874 -0.0250000004 0.0349604053 0.00166435001 synchronous_release_0
0.00268 -0.0250000004 0.000817394937 0.0005760777 synchronous_release_0
0.023969 -0.0250000004 -0.0201627195 0.0286088228 synchronous_release_0
0.022193 -0.0250000004 0.0345654081 0.00549841474 synchronous_release_1
0.023926 -0.0250000004 -0.0216034244 -0.0275371033 synchronous_release_0
0.025648 -0.0250000004 0.0344007995 0.006448643 synchronous_release_0
0.026114 -0.0250000004 0.0213840208 -0.0277078266 synchronous_release_0
0.022541 -0.0250000004 0.0167418747 -0.0307361291 synchronous_release_0
0.022612 -0.0250000004 -0.0126640938 0.0326285263 synchronous_release_0
0.031113 -0.0250000004 0.0126640938 -0.0326285263 synchronous_release_0
0.038486 -0.0250000004 -0.0345891796 0.00534683615 synchronous_release_0
0.028411 -0.0250000004 0.0219250857 0.0272816901 synchronous_release_1
0.022444 -0.0250000004 -0.00350487624 -0.0348240699 synchronous_release_0
0.025225 -0.0250000004 0.0596129414 -0.0110135016 synchronous_release_0
0.022822 -0.0250000004 -0.0283648868 -0.0205044678 synchronous_release_0
0.027375 -0.0250000004 0.00271361914 0.0348946453 synchronous_release_0
0.028706 -0.0250000004 -0.0288628397 0.0197973858 synchronous_release_0
0.015977 -0.0250000004 0.000794812563 0.000606854999 synchronous_release_0
0.025106 -0.0250000004 0.034711438 0.00448509476 synchronous_release_0
0.025483 -0.0250000004 0.0201346272 -0.0286286008 synchronous_release_0
0.033077 -0.0250000004 0.0246590212 -0.0248381294 synchronous_release_0
0.038899 -0.0250000004 0.0091809404 0.0337744035 synchronous_release_0
0.023897 -0.0250000004 -0.000995292449 9.69171871e-05 synchronous_release_0
0.023375 -0.0250000004 0.0172735181 0.0304405252 synchronous_release_0
0.002996 -0.0250000004 0.0167323769 -0.0307413006 synchronous_release_0
0.008208 -0.0250000004 0.0349889357 -0.000879986845 synchronous_release_0
0.007783 -0.0250000004 0.0141381803 -0.0320173681 synchronous_release_0
0.026228 -0.0250000004 -0.000821194423 -0.000570648508 synchronous_release_0
0.022681 -0.0250000004 0.0305509072 0.0170775311 synchronous_release_0
0.033883 -0.0250000004 0.000925243135 0.00037937467 synchronous_release_0
0.022588 -0.0250000004 0.00154651665 0.034965816 synchronous_release_0
0.022514 -0.0250000004 0.0348852011 0.00283244432 synchronous_release_0
0.028122 -0.0250000004 0.0198955693 -0.0287952483 synchronous_release_0
0.043383 -0.0250000004 0.0181786945 -0.0299087791 synchronous_release_0
0.025723 -0.0250000004 -0.0268396542 -0.0224640371 synchronous_release_0
0.024794 -0.0250000004 -0.0319043764 0.0143913434 synchronous_release_0
0.025583 -0.0250000004 -0.000954176762 0.000299243557 synchronous_release_0
0.024344 -0.0250000004 -0.019477507 0.0290796617 synchronous_release_0
0.04287 -0.0250000004 -0.00098554692 0.000169402683 synchronous_release_0
0.037903 -0.0250000004 0.0153416178 -0.0314584609 synchronous_release_0
0.002685 -0.0250000004 0.0188930414 0.0294627389 synchronous_release_0
0.022369 -0.0250000004 0.000841792541 -0.000539801184 synchronous_release_0
0.022452 -0.0250000004 0.0309800636 -0.0162860572 synchronous_release_0
0.022743 -0.0250000004 0.0263071236 -0.0230853903 synchronous_release_0
0.025501 -0.0250000004 -0.00683897268 -0.0343253325 synchronous_release_0
0.023137 -0.0250000004 0.021553318 0.0275763392 synchronous_release_0
0.022437 -0.0250000004 0.0339057634 0.00868327168 synchronous_release_0
0.024722 -0.0250000004 -0.0254124928 0.0240666825 synchronous_release_1
0.030543 -0.0250000004 0.0196390674 -0.0289707962 synchronous_release_0
0.022194 -0.0250000004 0.0311668996 0.0159255885 synchronous_release_0
0.032195 -0.0250000004 0.0241387341 -0.0253440628 synchronous_release_1
0.032401 -0.0250000004 0.0299321866 -0.018140127 synchronous_release_0
0.024631 -0.0250000004 0.0130757967 -0.0324657287 synchronous_release_1
0.008321 -0.0250000004 0.0347367707 0.00428447877 synchronous_release_0
0.030086 -0.0250000004 -0.0136579179 -0.0322251653 synchronous_release_0
0.034702 -0.0250000004 0.0311802323 -0.0158994691 synchronous_release_0
0.024206 -0.0250000004 0.0348999649 0.00264432441 synchronous_release_0
0.028866 -0.0250000004 0.0151599303 0.0315464184 synchronous_release_2
0.027608 -0.0250000004 -0.0217963664 -0.0273846383 synchronous_release_0
0.026713 -0.0250000004 0.0312858602 -0.0156906008 synchronous_release_0
0.023301 -0.0250000004 0.0348034389 0.00370413842 synchronous_release_1
0.022429 -0.0250000004 0.0344447252 0.00620974264 synchronous_release_0
0.029687 -0.0250000004 -0.00741065731 -0.0342064637 synchronous_release_0
0.02405 -0.0250000004 0.0348165781 -0.00357853211 synchronous_release_0
0.026798 -0.0250000004 -0.00588782555 -0.0345012103 synchronous_release_0
0.022228 -0.0250000004 0.0349624807 -0.00162016684 synchronous_release_0
0.028177 -0.0250000004 -0.0160781347 0.0310884799 synchronous_release_1
0.010176 -0.0250000004 0.00894098148 -0.0338387182 synchronous_release_0
0.023853 -0.0250000004 0.0332946723 -0.0107918857 synchronous_release_0
0.023138 -0.0250000004 0.0229293222 0.0264432635 synchronous_release_1
0.030838 -0.0250000004 0.0219483708 0.0272629606 synchronous_release_0
0.029932 -0.0250000004 -0.0275890386 0.0215370599 synchronous_release_0
0.008953 -0.0250000004 0.0349709902 0.0014247258 synchronous_release_0
0.02345 -0.0250000004 -0.0187193438 0.029573403 synchronous_release_1
0.008599 -0.0250000004 0.0304743348 -0.0172138003 synchronous_release_0
0.004668 -0.0250000004 -0.000852311695 -0.0005230342 synchronous_release_0
0.023603 -0.0250000004 0.0289202025 0.0197134951 synchronous_release_0
0.032707 -0.0250000004 0.00261228632 -0.0349023776 synchronous_release_0
0.028584 -0.0250000004 -0.0214108065 -0.0276871336 synchronous_release_0
0.023357 -0.0250000004 0.0132723578 -0.0323858691 synchronous_release_1
0.030724 -0.0250000004 0.0174438318 0.0303432486 synchronous_release_0
0.003573 -0.0250000004 0.0308276458 -0.0165727565 synchronous_release_0
0.023449 -0.0250000004 -0.0214522272 0.0276550529 synchronous_release_0
0.024148 -0.0250000004 0.0346760919 0.00475064726 synchronous_release_0
0.02347 -0.0250000004 -0.0292063276 0.0192870533 synchronous_release_0
0.024014 -0.0250000004 0.0346850075 -0.00468511017 synchronous_release_0
0.022854 -0.0250000004 0.0209468765 -0.028039764 synchronous_release_0
0.022137 -0.0250000004 0.0323489864 0.0133620012 synchronous_release_0
0.040266 -0.0250000004 -0.0277463257 0.0213340435 synchronous_release_0
0.022326 -0.0250000004 0.014809306 -0.0317125284 synchronous_release_0
0.025352 -0.0250000004 0.015608065 0.0313271178 synchronous_release_0
0.024614 -0.0250000004 0.0339343421 0.0085709059 synchronous_release_0
0.027066 -0.0250000004 -0.0243897933 0.0251025493 synchronous_release_0
0.023081 -0.0250000004 0.0320142248 -0.0141452964 synchronous_release_0
0.022928 -0.0250000004 0.0327374077 0.0123799086 synchronous_release_0
0.034133 -0.0250000004 -0.0056473885 -0.034541381 synchronous_release_1
0.033884 -0.0250000004 0.0283234591 0.0205616552 synchronous_release_0
0.022025 -0.0250000004 0.0329776524 -0.0117249496 synchronous_release_0
0.024199 -0.0250000004 -0.00494212432 -0.0346493204 synchronous_release_0
0.025622 -0.0250000004 0.000617276155 0.000786746559 synchronous_release_0
0.00351 -0.0250000004 -0.00255124648 -0.0349068925 synchronous_release_0
0.025682 -0.0250000004 0.0260162818 -0.0234126692 synchronous_release_0
0.022585 -0.0250000004 0.0134749054 -0.0323021195 synchronous_release_0
0.002711 -0.0250000004 -0.0210901102 -0.0279321903 synchronous_release_0
0.022398 -0.0250000004 0.0347350414 -0.00429847603 synchronous_release_0
0.022698 -0.0250000004 0.0344031941 0.00643585546 synchronous_release_1
0.02241 -0.0250000004 0.0214217917 -0.0276786351 synchronous_release_0
0.023431 -0.0250000004 0.000999982793 5.86625607e-06 synchronous_release_0
0.022832 -0.0250000004 0.0195827295 -0.0290089073 synchronous_release_0
0.022475 -0.0250000004 0.0348547318 -0.00318554119 synchronous_release_0
0.003147 -0.0250000004 0.0349999383 6.56926193e-05 synchronous_release_0
0.024029 -0.0250000004 0.0273575061 -0.0218304114 synchronous_release_0
0.035351 -0.0250000004 0.0199564423 -0.0287530939 synchronous_release_0
0.010606 -0.0250000004 0.0233936836 0.0260333549 synchronous_release_0
0.022966 -0.0250000004 -0.00411031156 -0.0347578098 synchronous_release_1
0.022489 -0.0250000004 0.0214186815 -0.0276810419 synchronous_release_0
0.005527 -0.0250000004 0.0311024508 -0.0160510919 synchronous_release_0
0.022471 -0.0250000004 0.0294518788 0.0189099666 synchronous_release_0
0.023124 -0.0250000004 -0.00462062297 -0.0346936571 synchronous_release_0
0.028153 -0.0250000004 0.0323558999 0.0133452517 synchronous_release_0
0.033967 -0.0250000004 0.0198994428 0.0287925715 synchronous_release_0
0.029732 -0.0250000004 0.0277881044 -0.0212795972 synchronous_release_0
0.012288 -0.0250000004 0.0343516678 0.00670543976 synchronous_release_0
0.024096 -0.0250000004 -0.000997948529 6.40213539e-05 synchronous_release_1
0.026075 -0.0250000004 0.0161617394 -0.0310450991 synchronous_release_0
0.023528 -0.0250000004 -0.00370440217 0.0348034108 synchronous_release_0
0.027995 -0.0250000004 -0.0117954313 -0.0329525083 synchronous_release_0
0.022976 -0.0250000004 -0.0329693951 -0.0117481481 synchronous_release_0
0.027143 -0.0250000004 0.00598942834 -0.0344837171 synchronous_release_1
0.022546 -0.0250000004 0.0310086583 -0.0162315467 synchronous_release_0
0.006277 -0.0250000004 0.00453669676 0.0347047314 synchronous_release_0
0.022797 -0.0250000004 -0.0232789454 -0.026136004 synchronous_release_0
0.027683 -0.0250000004 0.0295669114 0.0187295956 synchronous_release_1
0.027896 -0.0250000004 0.0343152785 0.00688924252 synchronous_release_1
0.023213 -0.0250000004 0.014893966 -0.0316728555 synchronous_release_0
0.0235 -0.0250000004 0.000164455564 -0.000986384493 synchronous_release_0
0.022882 -0.0250000004 0.0306694104 -0.0168637856 synchronous_release_0
0.034483 -0.0250000004 0.029939172 0.0181285957 synchronous_release_0
0.022445 -0.0250000004 0.0225247766 -0.0267886999 synchronous_release_0
0.003269 -0.0250000004 0.0152931605 0.0314820464 synchronous_release_0
0.003756 -0.0250000004 0.0331996098 0.0110808804 synchronous_release_0
0.022833 -0.0250000004 0.0183348787 0.0298132893 synchronous_release_0
0.022893 -0.0250000004 0.0148986841 0.0316706364 synchronous_release_0
0.024742 -0.0250000004 0.0348769178 0.00293267931 synchronous_release_0
0.024171 -0.0250000004 0.0349710437 -0.00142341289 synchronous_release_0
0.024029 -0.0250000004 0.0109855078 0.0332312898 synchronous_release_0
0.028929 -0.0250000004 0.0349727213 0.00138158121 synchronous_release_0
0.024339 -0.0250000004 0.0336894407 -0.00948797044 synchronous_release_0
0.024656 -0.0250000004 0.0333345394 0.0106681059 synchronous_release_1
0.022559 -0.0250000004 0.0285066751 -0.0203068824 synchronous_release_0
0.023871 -0.0250000004 0.0349901307 -0.000831116629 synchronous_release_0
0.025544 -0.0250000004 0.0345254825 0.00574378451 synchronous_release_0
0.004648 -0.0250000004 0.0341921232 0.00747654391 synchronous_release_0
0.025326 -0.0250000004 0.0346174463 -0.00516065978 synchronous_release_0
0.022301 -0.0250000004 0.0282512822 0.0206607129 synchronous_release_0
0.022623 -0.0250000004 0.0166649299 0.030777916 synchronous_release_0
0.002871 -0.0250000004 0.0231112422 -0.0262844152 synchronous_release_0
0.02234 -0.0250000004 0.0209305105 0.0280519826 synchronous_release_0
0.00517 -0.0250000004 0.0124658765 0.0327047691 synchronous_release_0
0.025777 -0.0250000004 0.0220902227 -0.0271481503 synchronous_release_0
0.0236 -0.0250000004 0.0190853025 -0.0293385622 synchronous_release_0
0.041697 -0.0250000004 0.0339555852 -0.00848635565 synchronous_release_0
0.002907 -0.0250000004 0.0342948681 0.00699013749 synchronous_release_0
0.023726 -0.0250000004 0.00922029617 0.0337636808 synchronous_release_0
0.025278 -0.0250000004 -0.000962627346 0.0349867596 synchronous_release_0
0.024981 -0.0250000004 -0.0111522936 0.0595871324 synchronous_release_0
0.028308 -0.0250000004 0.00600944712 -0.0344802341 synchronous_release_0
0.023594 -0.0250000004 0.0315804731 -0.0150888608 synchronous_release_0
0.029335 -0.0250000004 -0.0302665945 -0.0175764974 synchronous_release_0
0.030055 -0.0250000004 0.020600366 0.0282953162 synchronous_release_0
0.024212 -0.0250000004 -0.0182184745 0.0298845643 synchronous_release_0
0.006621 -0.0250000004 0.000627687355 -0.000778465532 synchronous_release_0
0.023195 -0.0250000004 0.0345506798 0.00559021676 synchronous_release_0
0.002863 -0.0250000004 0.0129144608 0.0325302429 synchronous_release_0
0.006557 -0.0250000004 0.0217147863 -0.0274493726 synchronous_release_0
0.002811 -0.0250000004 0.0326190601 0.012688456 synchronous_release_0
0.023235 -0.0250000004 0.0246175999 0.0248791835 synchronous_release_0
0.027159 -0.0250000004 0.009237205 -0.0337590587 synchronous_release_0
0.021972 -0.0250000004 0.0305212854 0.0171304156 synchronous_release_1
0.037121 -0.0250000004 -0.0166953379 -0.0307614319 synchronous_release_0
0.007155 -0.0250000004 0.0166953379 0.0307614319 synchronous_release_1
0.036633 -0.0250000004 0.0337917703 0.0091168121 synchronous_release_0
0.025723 -0.0250000004 0.0336770382 -0.0095318989 synchronous_release_0
0.034295 -0.0250000004 0.020606821 -0.0282906156 synchronous_release_0
0.023576 -0.0250000004 0.0289630284 -0.0196505212 synchronous_release_1
0.024745 -0.0250000004 0.0317196609 -0.0147940228 synchronous_release_0
0.027432 -0.0250000004 0.0269989542 0.0222723253 synchronous_release_0
0.023888 -0.0250000004 -0.0254508149 -0.0240261529 synchronous_release_0
0.028492 -0.0250000004 -0.00355478152 0.034819011 synchronous_release_0
0.024348 -0.0250000004 0.0143444359 -0.0319254939 synchronous_release_0
0.02262 -0.0250000004 0.000133349144 -0.034999746 synchronous_release_0
0.022765 -0.0250000004 0.0194837182 -0.0290755004 synchronous_release_0
0.02474 -0.0250000004 0.000447269186 -0.000894399394 synchronous_release_0
0.030548 -0.0250000004 0.000731260742 0.000682098033 synchronous_release_0
0.028893 -0.0250000004 -0.000576710206 0.000816948798 synchronous_release_0
0.022603 -0.0250000004 0.00535727549 -0.0345875642 synchronous_release_0
0.022769 -0.0250000004 0.0198020551 -0.0288596364 synchronous_release_1
0.033716 -0.0250000004 -0.0294628107 -0.0188929296 synchronous_release_0
0.02445 -0.0250000004 -0.000501240377 -0.000865308086 synchronous_release_1
0.028614 -0.0250000004 -0.00703305766 -0.0342860919 synchronous_release_0
0.002464 -0.0250000004 0.0284853643 0.0203367652 synchronous_release_0
0.02304 -0.0250000004 -0.0249216327 -0.0245746256 synchronous_release_0
0.037132 -0.0250000004 0.0244006267 -0.025092019 synchronous_release_0
0.023604 -0.0250000004 0.0339306392 0.00858555312 synchronous_release_1
0.025103 -0.0250000004 0.0299207045 -0.0181590596 synchronous_release_0
0.023136 -0.0250000004 0.0316455784 -0.0149518349 synchronous_release_0
0.023108 -0.0250000004 0.0204476284 0.0284058883 synchronous_release_1
0.03541 -0.0250000004 -0.0323204772 -0.0134308136 synchronous_release_0
0.03699 -0.0250000004 0.03684929 0.0481365747 synchronous_release_1
0.023075 -0.0250000004 0.00318696619 0.0348546015 synchronous_release_0
0.01053 -0.0250000004 0.0342250892 0.00732415636 synchronous_release_0
0.024829 -0.0250000004 0.0107696392 0.0333018749 synchronous_release_1
0.022442 -0.0250000004 0.0340634339 -0.00804254115 synchronous_release_2
0.022322 -0.0250000004 0.034896128 -0.00269448509 synchronous_release_0
0.023113 -0.0250000004 -0.000442108696 -0.000896961482 synchronous_release_0
0.039329 -0.0250000004 0.0290975336 0.0194507979 synchronous_release_1
0.030671 -0.0250000004 0.0111507329 -0.0331762137 synchronous_release_0
0.004933 -0.0250000004 0.0215174096 0.0276043671 synchronous_release_0
0.024014 -0.0250000004 0.0341926096 0.00747431943 synchronous_release_0
0.023539 -0.0250000004 0.034609145 -0.00521604091 synchronous_release_0
0.024385 -0.0250000004 -0.0068171638 0.0343296705 synchronous_release_0
0.024158 -0.0250000004 0.0263611872 0.0230236359 synchronous_release_1
0.033198 -0.0250000004 0.0247635828 0.024733883 synchronous_release_0
0.022521 -0.0250000004 0.00347698385 0.0348268658 synchronous_release_0
0.003737 -0.0250000004 0.000964496961 0.000264093946 synchronous_release_0
0.022306 -0.0250000004 0.0338564045 -0.00887377451 synchronous_release_0
0.034737 -0.0250000004 0.0349266408 0.00226489828 synchronous_release_0
0.023255 -0.0250000004 0.0270392818 0.022223349 synchronous_release_0
0.025594 -0.0250000004 0.0266711543 0.0226638374 synchronous_release_0
0.022589 -0.0250000004 0.000115948931 0.000993255176 synchronous_release_0
0.008846 -0.0250000004 0.0294477157 0.0189164489 synchronous_release_0
0.022996 -0.0250000004 0.0273150147 -0.0218835548 synchronous_release_0
0.025838 -0.0250000004 -0.0277559832 0.0213214773 synchronous_release_0
0.006493 -0.0250000004 -0.0135967871 0.0322510059 synchronous_release_0
0.0249 -0.0250000004 0.00154007037 0.0349661005 synchronous_release_0
0.005355 -0.0250000004 0.0327949775 0.0122265879 synchronous_release_0
0.008767 -0.0250000004 0.0256854541 0.0237751435 synchronous_release_0
0.032969 -0.0250000004 0.000679289815 -0.000733870116 synchronous_release_1
0.027043 -0.0250000004 0.0349986713 0.000304970309 synchronous_release_0
0.023284 -0.0250000004 0.0329411702 -0.0118270582 synchronous_release_0
0.022559 -0.0250000004 0.0338948691 0.00872570045 synchronous_release_1
0.03035 -0.0250000004 0.0321920649 -0.0137357547 synchronous_release_0
0.022856 -0.0250000004 0.0170949896 0.0305411416 synchronous_release_0
0.003441 -0.0250000004 0.022497214 -0.0268118511 synchronous_release_0
0.008495 -0.0250000004 0.0347058316 -0.00452827232 synchronous_release_0
0.026558 -0.0250000004 0.0349945346 0.000618506393 synchronous_release_0
0.027035 -0.0250000004 0.0319327898 0.0143281868 synchronous_release_0
0.02258 -0.0250000004 -0.0280496273 -0.0209336669 synchronous_release_0
0.026346 -0.0250000004 4.41074539e-05 0.0349999722 synchronous_release_0
0.027017 -0.0250000004 0.000809807164 0.000586696137 synchronous_release_0
0.004685 -0.0250000004 0.00161607169 0.0349626703 synchronous_release_0
0.029115 -0.0250000004 -0.00161607169 -0.0349626703 synchronous_release_0
0.02243 -0.0250000004 -0.0334499355 -0.0103005735 synchronous_release_0
0.022666 -0.0250000004 0.0343609425 0.00665774956 synchronous_release_0
0.027045 -0.0250000004 -0.0343609425 -0.00665774956 synchronous_release_0
0.034284 -0.0250000004 0.0115315605 -0.0595148982 synchronous_release_0
0.022104 -0.0250000004 0.00316324602 -0.0348567623 synchronous_release_0
0.003738 -0.0250000004 0.00366672388 -0.0348074006 synchronous_release_0
0.022751 -0.0250000004 0.0111754096 -0.0331679095 synchronous_release_0
0.027119 -0.0250000004 0.034311957 -0.00690576611 synchronous_release_0
0.024324 -0.0250000004 0.00414829178 -0.0347532973 synchronous_release_0
0.02268 -0.0250000004 0.0349962995 0.000508938241 synchronous_release_0
0.023898 -0.0250000004 0.000494472002 -0.000869193557 synchronous_release_0
0.039652 -0.0250000004 0.000307058611 0.000951690606 synchronous_release_0
0.02685 -0.0250000004 0.0183439489 -0.0298077094 synchronous_release_0
0.027703 -0.0250000004 0.000934377016 0.00035628583 synchronous_release_0
0.027139 -0.0250000004 0.000246197688 -0.0349991341 synchronous_release_0
0.024665 -0.0250000004 -0.00681940826 0.0343292247 synchronous_release_0
0.02362 -0.0250000004 0.0263202766 0.0230703932 synchronous_release_1
0.026561 -0.0250000004 0.00933899153 0.0337310426 synchronous_release_0
0.022588 -0.0250000004 0.0195112193 0.0290570529 synchronous_release_0
0.002788 -0.0250000004 0.0110594285 0.033206762 synchronous_release_0
0.029956 -0.0250000004 0.000748032202 0.000663662433 synchronous_release_0
0.026411 -0.0250000004 0.0348865565 -0.00281570186 synchronous_release_0
0.023338 -0.0250000004 0.0255086273 -0.0239647644 synchronous_release_0
0.023745 -0.0250000004 0.0335084084 0.0101087371 synchronous_release_0
0.022989 -0.0250000004 -0.000995920575 9.02341852e-05 synchronous_release_0
0.024674 -0.0250000004 -0.00315819648 -0.0348572201 synchronous_release_0
0.029684 -0.0250000004 0.00922427058 -0.0337625952 synchronous_release_1
0.03954 -0.0250000004 -0.00095147587 0.0349870647 synchronous_release_1
0.024227 -0.0250000004 -0.000442121475 0.000896955184 synchronous_release_0
0.014406 -0.0250000004 0.0311725864 0.0159144544 synchronous_release_0
0.002146 -0.0250000004 0.0217654586 -0.0274092103 synchronous_release_0
0.028578 -0.0250000004 0.0349954156 -0.000566467201 synchronous_release_0
0.024277 -0.0250000004 0.0316886218 0.014860392 synchronous_release_0
0.022678 -0.0250000004 0.0329324215 -0.0118513972 synchronous_release_1
0.004281 -0.0250000004 -0.0347349041 0.00429958543 synchronous_release_0
0.026127 -0.0250000004 0.00213083126 -0.0349350763 synchronous_release_0
0.022985 -0.0250000004 0.0137534689 0.0321845008 synchronous_release_0
0.004046 -0.0250000004 0.033858981 -0.00886393861 synchronous_release_0
0.035752 -0.0250000004 -0.0074815673 0.0341910244 synchronous_release_0
0.022906 -0.0250000004 0.0225049998 -0.0268053164 synchronous_release_0
0.030927 -0.0250000004 -0.0192576572 0.0292257188 synchronous_release_0
0.022937 -0.0250000004 0.0103820731 -0.0334247298 synchronous_release_0
0.022578 -0.0250000004 0.0304387271 0.0172766863 synchronous_release_0
0.035314 -0.0250000004 0.000257314327 0.0349990541 synchronous_release_0
0.022073 -0.0250000004 0.0348933955 -0.00272964333 synchronous_release_1
0.023094 -0.0250000004 0.0349818606 0.00112668902 synchronous_release_0
0.044051 -0.0250000004 0.0254960955 0.0239780965 synchronous_release_0
0.023211 -0.0250000004 0.0335136885 -0.0100912182 synchronous_release_1
0.02816 -0.0250000004 0.0349950689 -0.000587496301 synchronous_release_0
0.024425 -0.0250000004 0.000888285718 -0.000459291283 synchronous_release_0
0.028273 -0.0250000004 0.0349623274 0.0016234729 synchronous_release_0
0.027842 -0.0250000004 -0.033921797 0.00862042288 synchronous_release_0
0.032009 -0.0250000004 -0.0113560632 -0.0331064923 synchronous_release_0
0.00277 -0.0250000004 0.026156553 -0.0232558538 synchronous_release_0
0.023668 -0.0250000004 0.0349214978 0.00234286011 synchronous_release_0
0.022625 -0.0250000004 0.0349799612 0.00118419237 synchronous_release_0
0.022598 -0.0250000004 0.032571123 -0.0128110087 synchronous_release_0
0.030406 -0.0250000004 0.0273802205 0.0218019156 synchronous_release_0
0.026391 -0.0250000004 0.0116933301 -0.0329888774 synchronous_release_1
0.039799 -0.0250000004 0.0184972213 -0.029712839 synchronous_release_1
0.026 -0.0250000004 0.000526466692 0.0349960402 synchronous_release_0
0.031359 -0.0250000004 -0.0216516506 0.0274992005 synchronous_release_0
0.0237 -0.0250000004 -0.00313001445 -0.034859762 synchronous_release_1
0.022653 -0.0250000004 -0.00600496955 0.0344810142 synchronous_release_0
0.023869 -0.0250000004 0.0347219898 0.00440266071 synchronous_release_0
0.022781 -0.0250000004 0.00027455432 -0.000961571591 synchronous_release_0
0.031594 -0.0250000004 -0.00671125967 -0.0343505312 synchronous_release_0
0.024436 -0.0250000004 -0.0130692842 -0.0324683509 synchronous_release_0
0.004846 -0.0250000004 0.0146775806 -0.0317737097 synchronous_release_0
0.022446 -0.0250000004 0.0266647162 -0.0226714117 synchronous_release_0
0.029495 -0.0250000004 0.00791550585 0.0340931777 synchronous_release_0
0.022079 -0.0250000004 0.0255678051 -0.023901618 synchronous_release_1
0.042907 -0.0250000004 -0.0334833109 -0.0101915597 synchronous_release_1
0.046335 -0.0250000004 0.0210477006 -0.027964161 synchronous_release_0
0.02308 -0.0250000004 0.0162480983 0.0309999887 synchronous_release_0
0.024727 -0.0250000004 0.0187227286 -0.0295712603 synchronous_release_0
0.023833 -0.0250000004 0.0336192043 0.00973391513 synchronous_release_0
0.027446 -0.0250000004 0.00606809252 -0.0344699616 synchronous_release_0
0.032433 -0.0250000004 -0.00823718767 -0.034016889 synchronous_release_0
0.022729 -0.0250000004 0.0253408962 -0.0241420583 synchronous_release_1
0.034684 -0.0250000004 0.024297168 0.0251922136 synchronous_release_0
0.014986 -0.0250000004 0.0343370158 -0.00678006993 synchronous_release_0
0.023865 -0.0250000004 0.0254855738 -0.0651957478 synchronous_release_0
0.026736 -0.0250000004 -0.0297246258 -0.0184782743 synchronous_release_0
0.026204 -0.0250000004 0.00194811687 -0.0349457414 synchronous_release_0
0.034819 -0.0250000004 0.0349213299 -0.00234536033 synchronous_release_0
0.024369 -0.0250000004 0.0171016013 0.0305374398 synchronous_release_0
0.022535 -0.0250000004 0.0326416031 0.0126303502 synchronous_release_0
0.027513 -0.0250000004 0.000506381467 -0.000862309579 synchronous_release_0
0.022681 -0.0250000004 -0.0346355386 -0.0050378038 synchronous_release_0
0.031412 -0.0250000004 0.0563161739 -0.0224385506 synchronous_release_0
0.023259 -0.0250000004 0.0297982613 0.0183592926 synchronous_release_0
0.022798 -0.0250000004 -0.0202875095 0.0285204656 synchronous_release_0
0.024505 -0.0250000004 0.0348432025 0.00330926581 synchronous_release_1
0.025924 -0.0250000004 0.0349065144 -0.00255641458 synchronous_release_0
0.022126 -0.0250000004 0.00843406239 0.0339686119 synchronous_release_0
0.005814 -0.0250000004 0.0344404216 -0.0062335672 synchronous_release_0
0.02263 -0.0250000004 -0.0347812928 0.00390661846 synchronous_release_0
0.027222 -0.0250000004 0.0211614085 -0.0278782135 synchronous_release_1
0.028827 -0.0250000004 -0.000788712991 0.000614761595 synchronous_release_0
0.022803 -0.0250000004 0.028826744 0.0198499076 synchronous_release_0
0.026374 -0.0250000004 -0.0027771523 0.0348896464 synchronous_release_0
0.029234 -0.0250000004 0.0256538102 0.0238092844 synchronous_release_0
0.025119 -0.0250000004 0.0341965441 0.00745629763 synchronous_release_1
0.022994 -0.0250000004 0.0349390907 0.00206396317 synchronous_release_1
0.023464 -0.0250000004 0.0342933078 0.00699778834 synchronous_release_0
0.023307 -0.0250000004 0.00221489156 -0.0349298476 synchronous_release_0
0.022864 -0.0250000004 -0.0307540954 -0.0167088484 synchronous_release_0
0.01608 -0.0250000004 0.034994843 -0.000600800913 synchronous_release_1
0.023447 -0.0250000004 -0.000772137292 -0.000635455744 synchronous_release_0
0.022282 -0.0250000004 0.0229862209 -0.0263938184 synchronous_release_0
0.006045 -0.0250000004 0.0342808746 -0.00705844447 synchronous_release_0
0.041543 -0.0250000004 0.0348793246 0.00290391384 synchronous_release_0
0.023395 -0.0250000004 0.0125786623 -0.0326615562 synchronous_release_0
0.026678 -0.0250000004 0.0209818335 -0.0280136157 synchronous_release_0
0.044672 -0.0250000004 0.0137695861 0.0321776087 synchronous_release_0
0.038064 -0.0250000004 0.021991974 -0.0272277997 synchronous_release_0
0.022951 -0.0250000004 0.00148169701 -0.0349686227 synchronous_release_0
0.00362 -0.0250000004 -0.0147521597 0.0317391522 synchronous_release_0
0.023507 -0.0250000004 0.0147521597 -0.0317391522 synchronous_release_0
0.023652 -0.0250000004 -0.0280813564 -0.0208910847 synchronous_release_0
0.024662 -0.0250000004 0.0349364511 0.00210817068 synchronous_release_0
0.022527 -0.0250000004 0.034898234 -0.00266707021 synchronous_release_0
0.023758 -0.0250000004 0.0248559604 -0.0246410477 synchronous_release_0
0.024243 -0.0250000004 0.0292350848 -0.0192434356 synchronous_release_0
0.005433 -0.0250000004 0.0349974961 0.000418650669 synchronous_release_0
0.023259 -0.0250000004 0.0349499543 -0.00187101349 synchronous_release_0
0.03525 -0.0250000004 0.0190953224 0.0293320416 synchronous_release_0
0.04592 -0.0250000004 -0.000172887456 -0.000984941586 synchronous_release_0
0.023579 -0.0250000004 0.0345055048 0.00586260512 synchronous_release_0
0.023323 -0.0250000004 0.031058593 0.0161357925 synchronous_release_0
0.024232 -0.0250000004 0.0293537221 -0.0190619778 synchronous_release_0
0.023588 -0.0250000004 0.0177296761 0.0301771202 synchronous_release_0
0.02253 -0.0250000004 0.0283303595 -0.0205521466 synchronous_release_1
0.02317 -0.0250000004 -0.000795971506 -0.000605334092 synchronous_release_1
0.030474 -0.0250000004 0.000216767605 0.000976223236 synchronous_release_0
0.002551 -0.0250000004 0.0323341492 -0.0133978652 synchronous_release_0
0.025283 -0.0250000004 -0.0323341492 0.0133978652 synchronous_release_0
0.023226 -0.0250000004 0.000799394276 0.000600806784 synchronous_release_0
0.023869 -0.0250000004 0.03474447 0.004221588 synchronous_release_0
0.022104 -0.0250000004 0.020002117 -0.0572268758 synchronous_release_0
0.023243 -0.0250000004 0.0319352749 0.014322647 synchronous_release_0
0.022954 -0.0250000004 0.0198861348 -0.0288017646 synchronous_release_0
0.027905 -0.0250000004 0.0318463773 -0.0145192373 synchronous_release_0
0.023613 -0.0250000004 -0.00684811582 -0.0343235096 synchronous_release_0
0.007351 -0.0250000004 0.0178093905 -0.0301301446 synchronous_release_1
0.002533 -0.0250000004 0.0327070891 0.0124597881 synchronous_release_0
0.024493 -0.0250000004 0.03493967 0.00205413312 synchronous_release_0
0.027874 -0.0250000004 -0.0274022638 0.0217742035 synchronous_release_0
0.004762 -0.0250000004 0.0344195978 -0.00634754175 synchronous_release_0
0.025164 -0.0250000004 0.0117126665 -0.032982017 synchronous_release_0
0.031752 -0.0250000004 0.0328315366 -0.012128075 synchronous_release_0
0.011056 -0.0250000004 0.0333467439 -0.0106298952 synchronous_release_0
0.031962 -0.0250000004 0.0258791312 0.0235641798 synchronous_release_0
0.025819 -0.0250000004 0.0105991214 0.033356538 synchronous_release_0
0.02688 -0.0250000004 -0.0254579882 0.024018552 synchronous_release_0
0.023217 -0.0250000004 -0.023775568 -0.0256850612 synchronous_release_0
0.025118 -0.0250000004 0.0199627476 -0.0287487166 synchronous_release_0
0.023005 -0.0250000004 0.0249010659 -0.0245954654 synchronous_release_0
0.026397 -0.0250000004 -0.0249010659 0.0245954654 synchronous_release_0
0.027759 -0.0250000004 0.00884976491 0.0338626883 synchronous_release_0
0.022057 -0.0250000004 0.0149182194 -0.0316614392 synchronous_release_0
0.027414 -0.0250000004 -0.0274674122 0.0216919631 synchronous_release_0
0.011557 -0.0250000004 -0.0349662826 0.00153592951 synchronous_release_0
0.025121 -0.0250000004 0.0319399285 0.0143122662 synchronous_release_0
0.027011 -0.0250000004 0.00357517813 0.0348169226 synchronous_release_1
0.022904 -0.0250000004 0.0263044777 -0.0230884052 synchronous_release_0
0.023702 -0.0250000004 0.0249636919 -0.0245318994 synchronous_release_0
0.026796 -0.0250000004 -0.000267235475 0.000963631258 synchronous_release_0
0.022933 -0.0250000004 0.0202901697 0.0285185732 synchronous_release_0
0.023018 -0.0250000004 0.0349318198 0.00218356756 synchronous_release_0
0.025436 -0.0250000004 0.0155748849 0.0313436271 synchronous_release_0
0.004431 -0.0250000004 0.033343854 -0.0106389567 synchronous_release_0
0.027082 -0.0250000004 -0.0345315139 -0.00570741145 synchronous_release_0
0.022985 -0.0250000004 0.0145125507 -0.031849425 synchronous_release_0
0.026005 -0.0250000004 0.0348386865 -0.0033564749 synchronous_release_0
0.034845 -0.0250000004 0.029231579 0.0192487608 synchronous_release_1
0.02358 -0.0250000004 0.0348160026 0.00358412656 synchronous_release_0
0.025042 -0.0250000004 0.000810270841 0.000586055598 synchronous_release_0
0.025324 -0.0250000004 -0.0211963767 -0.0278516357 synchronous_release_0
0.025161 -0.0250000004 0.000528525778 0.000848917253 synchronous_release_0
0.022106 -0.0250000004 0.0307319102 0.0167496178 synchronous_release_0
0.023669 -0.0250000004 0.0335673104 0.00991139112 synchronous_release_0
0.02237 -0.0250000004 0.0349748039 0.0013278154 synchronous_release_0
0.006573 -0.0250000004 0.0349996635 0.000153479298 synchronous_release_0
0.030063 -0.0250000004 0.025706857 -0.023752 synchronous_release_0
0.046999 -0.0250000004 0.00673472141 -0.034345939 synchronous_release_0
0.023239 -0.0250000004 -0.000991473897 0.000130305455 synchronous_release_0
0.025768 -0.0250000004 0.0323328008 0.013401119 synchronous_release_0
0.030861 -0.0250000004 0.0263013559 -0.0230919613 synchronous_release_0
0.026525 -0.0250000004 0.0343607657 -0.00665866212 synchronous_release_0
0.02306 -0.0250000004 -0.0118201989 0.0329436321 synchronous_release_0
0.037344 -0.0250000004 0.0226199229 0.0267084086 synchronous_release_0
0.025566 -0.0250000004 -0.00373107062 -0.034800562 synchronous_release_0
0.025889 -0.0250000004 0.0336384052 -0.009667352 synchronous_release_0
0.008035 -0.0250000004 0.025191375 0.0242980375 synchronous_release_1
0.023426 -0.0250000004 0.0231531533 -0.0262475045 synchronous_release_0
0.037762 -0.0250000004 0.000869572488 0.000493805313 synchronous_release_0
0.025787 -0.0250000004 -0.0216902807 0.0274687408 synchronous_release_1
0.040253 -0.0250000004 -0.00396703904 -0.0347744533 synchronous_release_0
0.025184 -0.0250000004 0.0246834157 -0.024813887 synchronous_release_0
0.022957 -0.0250000004 0.0341940585 0.00746768777 synchronous_release_0
0.024174 -0.0250000004 0.0114229968 0.0330834572 synchronous_release_0
0.023105 -0.0250000004 0.0346500905 0.00493672224 synchronous_release_1
0.02254 -0.0250000004 0.0200194055 -0.0287092912 synchronous_release_0
0.027606 -0.0250000004 0.0348726783 0.00298266815 synchronous_release_0
0.037101 -0.0250000004 -0.000239007763 -0.000971017656 synchronous_release_0
0.022891 -0.0250000004 -0.0156551909 0.031303594 synchronous_release_0
0.022996 -0.0250000004 0.029085026 -0.0194694957 synchronous_release_0
0.023031 -0.0250000004 0.0321388412 0.0138598299 synchronous_release_0
0.011405 -0.0250000004 0.0276322771 -0.0214815564 synchronous_release_0
0.022675 -0.0250000004 0.0304110882 -0.0173252912 synchronous_release_0
0.02534 -0.0250000004 -0.000436940615 0.000899490355 synchronous_release_0
0.027825 -0.0250000004 0.0338173477 0.00902147395 synchronous_release_0
0.024249 -0.0250000004 0.0247214995 -0.0247759452 synchronous_release_1
0.023017 -0.0250000004 0.0347630798 -0.00406549917 synchronous_release_0
0.026162 -0.0250000004 -0.0138607143 0.0321384598 synchronous_release_0
0.024358 -0.0250000004 0.000938359492 -0.000345660909 synchronous_release_0
0.034137 -0.0250000004 -0.00765242931 -0.0341531891 synchronous_release_0
0.023215 -0.0250000004 0.030965374 -0.0163139698 synchronous_release_0
0.005874 -0.0250000004 0.0296109993 0.0186598156 synchronous_release_1
0.024995 -0.0250000004 0.0225490848 -0.0267682419 synchronous_release_0
0.046075 -0.0250000004 0.0344565199 0.00614395931 synchronous_release_1
0.023436 -0.0250000004 0.0349225959 0.00232643479 synchronous_release_0
0.023145 -0.0250000004 0.0214467861 -0.0276592727 synchronous_release_0
0.029528 -0.0250000004 0.0255006784 0.0239732226 synchronous_release_0
0.002786 -0.0250000004 0.00426245891 0.0347394796 synchronous_release_0
0.024341 -0.0250000004 0.0342996471 0.00696664986 synchronous_release_0
0.022751 -0.0250000004 -0.0195837917 0.0290081903 synchronous_release_0
0.041306 -0.0250000004 0.0195837917 -0.0290081903 synchronous_release_0
0.013107 -0.0250000004 0.0174995203 -0.0303111661 synchronous_release_0
0.023012 -0.0250000004 0.0301322626 0.0178058066 synchronous_release_0
0.035643 -0.0250000004 -0.000491211474 -0.000871040348 synchronous_release_1
0.023429 -0.0250000004 -0.000356172526 0.0349981877 synchronous_release_0
0.022931 -0.0250000004 0.00746587939 -0.0341944534 synchronous_release_0
0.027063 -0.0250000004 0.0139629916 0.0320941563 synchronous_release_0
0.035613 -0.0250000004 0.00535855658 0.0345873658 synchronous_release_0
0.003439 -0.0250000004 0.0329438353 0.0118196327 synchronous_release_0
0.002541 -0.0250000004 0.0132226541 -0.0324061941 synchronous_release_0
0.02465 -0.0250000004 -0.0346759144 0.00475194273 synchronous_release_0
0.006379 -0.0250000004 0.0275300305 -0.0216124367 synchronous_release_0
0.025782 -0.0250000004 -0.00065543181 -0.000755254356 synchronous_release_0
0.022664 -0.0250000004 0.0317800817 0.0146637787 synchronous_release_0
0.004354 -0.0250000004 0.0343048879 0.00694079741 synchronous_release_0
0.009321 -0.0250000004 -0.00074967159 -0.000661810023 synchronous_release_0
0.023249 -0.0250000004 0.00212312684 0.0349355454 synchronous_release_0
0.022677 -0.0250000004 0.00298745616 -0.0348722684 synchronous_release_0
0.029558 -0.0250000004 0.0315456842 0.0151614579 synchronous_release_0
0.026049 -0.0250000004 0.0329155518 -0.0118981701 synchronous_release_0
0.022293 -0.0250000004 0.000877848603 0.000478938233 synchronous_release_0
0.027024 -0.0250000004 -0.0167628382 0.0307247011 synchronous_release_0
0.036878 -0.0250000004 0.0340521162 0.00809032633 synchronous_release_0
0.022211 -0.0250000004 0.0349320761 0.00217946363 synchronous_release_0
0.00263 -0.0250000004 0.033409165 0.0104320514 synchronous_release_0
0.022605 -0.0250000004 0.0268341017 0.0224706694 synchronous_release_0
0.003769 -0.0250000004 0.0323386844 -0.013386915 synchronous_release_1
0.022467 -0.0250000004 0.02845647 0.0535278368 synchronous_release_0
0.022559 -0.0250000004 0.0264498085 -0.0229217719 synchronous_release_0
0.035388 -0.0250000004 0.00777974918 0.0341244121 synchronous_release_0
0.002398 -0.0250000004 0.0162816172 0.0309823973 synchronous_release_0
0.023456 -0.0250000004 -3.97401282e-05 0.000999210049 synchronous_release_1
0.00386 -0.0250000004 0.0232724952 -0.0261417476 synchronous_release_0
0.024059 -0.0250000004 -0.0151960593 -0.0315290308 synchronous_release_0
0.023936 -0.0250000004 0.00970469595 0.0336276505 synchronous_release_0
0.026478 -0.0250000004 0.000693415635 -0.000720537825 synchronous_release_0
0.024244 -0.0250000004 0.0349168687 -0.00241086645 synchronous_release_0
0.008496 -0.0250000004 0.0326121457 0.0127062171 synchronous_release_0
0.039539 -0.0250000004 0.0273099796 -0.0218898381 synchronous_release_0
0.026206 -0.0250000004 -0.0155100429 0.0313757641 synchronous_release_0
0.035213 -0.0250000004 0.0349272302 -0.00225579088 synchronous_release_0
0.003156 -0.0250000004 0.0130748153 -0.0324661239 synchronous_release_0
0.006432 -0.0250000004 -0.0295391183 -0.0187733985 synchronous_release_1
0.028422 -0.0250000004 0.0349689908 0.00147298459 synchronous_release_1
0.022594 -0.0250000004 -0.0345337389 0.00569393338 synchronous_release_0
0.037263 -0.0250000004 0.0333382592 0.0106564756 synchronous_release_0
0.022524 -0.0250000004 0.00598862661 -0.0344838564 synchronous_release_1
0.015203 -0.0250000004 0.034537174 -0.00567306011 synchronous_release_0
0.022642 -0.0250000004 0.000945722268 0.000324975986 synchronous_release_0
0.011279 -0.0250000004 0.0291625408 -0.0193531965 synchronous_release_0
0.009378 -0.0250000004 0.00998897109 -0.0335443059 synchronous_release_0
0.022322 -0.0250000004 0.0240557355 0.0254228557 synchronous_release_0
0.022763 -0.0250000004 0.0341704103 0.00757516054 synchronous_release_0
0.031648 -0.0250000004 -0.0105249237 -0.0333800237 synchronous_release_0
0.032812 -0.0250000004 -0.0349292855 -0.00222373938 synchronous_release_0
0.025568 -0.0250000004 0.000997169894 7.51811348e-05 synchronous_release_0
0.026947 -0.0250000004 0.034968659 0.00148083964 synchronous_release_0
0.022171 -0.0250000004 0.032114357 0.0139164677 synchronous_release_0
0.022758 -0.0250000004 0.0314971461 -0.0152620375 synchronous_release_0
0.022918 -0.0250000004 0.0342209524 -0.0073434606 synchronous_release_0
0.023207 -0.0250000004 0.033889946 0.00874480206 synchronous_release_1
0.011375 -0.0250000004 0.025274776 -0.0242112721 synchronous_release_0
0.003031 -0.0250000004 -0.0226381596 -0.0266929528 synchronous_release_0
0.02271 -0.0250000004 0.0300300936 0.0179775827 synchronous_release_0
0.032574 -0.0250000004 0.0305840901 -0.0170180326 synchronous_release_0
0.02295 -0.0250000004 -0.000564140681 -0.000825678685 synchronous_release_0
0.028516 -0.0250000004 0.028898754 -0.0197449239 synchronous_release_0
0.025052 -0.0250000004 -0.000820725917 0.000571322124 synchronous_release_0
0.041287 -0.0250000004 0.0348750694 -0.00295457802 synchronous_release_0
0.022724 -0.0250000004 -0.0261321434 -0.023283279 synchronous_release_1
0.003156 -0.0250000004 0.0101544516 -0.0334945833 synchronous_release_0
0.040857 -0.0250000004 0.000986004982 0.000166715854 synchronous_release_0
0.039227 -0.0250000004 0.0225901803 0.0267335698 synchronous_release_0
0.041573 -0.0250000004 -0.0155595921 0.0313512215 synchronous_release_0
0.024942 -0.0250000004 -0.000722549502 -0.000691319186 synchronous_release_0
0.028183 -0.0250000004 0.0323064489 0.0134645222 synchronous_release_0
0.024398 -0.0250000004 0.0109996516 -0.0332266108 synchronous_release_0
0.03002 -0.0250000004 0.00099972163 2.35936872e-05 synchronous_release_0
0.026067 -0.0250000004 0.0260428004 0.023383168 synchronous_release_0
0.022515 -0.0250000004 0.0349988696 0.000281298909 synchronous_release_0
0.024869 -0.0250000004 0.0311424288 0.0159733881 synchronous_release_1
0.022803 -0.0250000004 0.0290084529 0.0195834027 synchronous_release_0
0.027591 -0.0250000004 -0.03371538 0.00939537937 synchronous_release_0
0.03928 -0.0250000004 -0.00872105278 0.0338960652 synchronous_release_0
0.023085 -0.0250000004 0.0232964298 -0.0261204203 synchronous_release_0
0.022432 -0.0250000004 0.0289885642 0.0196128311 synchronous_release_0
0.024423 -0.0250000004 -0.0163857859 -0.0309274315 synchronous_release_0
0.004331 -0.0250000004 0.00513763466 0.034620871 synchronous_release_0
0.00809 -0.0250000004 0.000989167743 -0.000146789562 synchronous_release_0
0.023184 -0.0250000004 0.0507199382 0.0332037327 synchronous_release_1
0.034695 -0.0250000004 0.0349908569 0.000799956318 synchronous_release_0
0.003004 -0.0250000004 -0.00600823329 -0.0344804457 synchronous_release_0
0.022998 -0.0250000004 0.0328650585 0.0120369402 synchronous_release_0
0.043313 -0.0250000004 -0.0024707624 0.0349126816 synchronous_release_0
0.023143 -0.0250000004 0.0349999719 -4.43336818e-05 synchronous_release_1
0.023872 -0.0250000004 0.0163561869 0.0309430953 synchronous_release_0
0.004897 -0.0250000004 -0.0151535236 -0.0315494964 synchronous_release_0
0.023189 -0.0250000004 0.024138777 -0.0253440219 synchronous_release_0
0.023031 -0.0250000004 -0.0118383167 -0.0329371258 synchronous_release_0
0.022779 -0.0250000004 0.0320242233 -0.0141226458 synchronous_release_0
0.034315 -0.0250000004 0.023222181 0.0261864528 synchronous_release_1
0.029051 -0.0250000004 0.0345454231 0.00562261002 synchronous_release_0
0.022658 -0.0250000004 0.0204778265 0.0283841262 synchronous_release_0
0.023175 -0.0250000004 0.0336629935 0.0095813814 synchronous_release_0
0.02134 -0.0250000004 0.000230020788 0.0349992441 synchronous_release_0
0.02405 -0.0250000004 -0.000230020788 -0.0349992441 synchronous_release_0
0.027518 -0.0250000004 0.0343549464 -0.00668862134 synchronous_release_1
0.023197 -0.0250000004 0.0456551756 0.0398823889 synchronous_release_0
0.022499 -0.0250000004 -0.0262406055 -0.023160972 synchronous_release_0
0.01362 -0.0250000004 0.000705564182 0.000708646022 synchronous_release_0
0.017562 -0.0250000004 0.0337875831 0.00913231783 synchronous_release_0
0.025381 -0.0250000004 -0.000717488274 -0.000696570583 synchronous_release_0
0.036405 -0.0250000004 0.0169105782 -0.0306436347 synchronous_release_0
0.023742 -0.0250000004 0.034979531 -0.00119683495 synchronous_release_0
0.026193 -0.0250000004 0.0263154087 -0.0230759455 synchronous_release_0
0.026804 -0.0250000004 -0.0330246861 -0.0115918122 synchronous_release_0
0.028248 -0.0250000004 0.0239515006 0.0255210819 synchronous_release_0
0.033611 -0.0250000004 0.0253713354 -0.0241100672 synchronous_release_1
0.023637 -0.0250000004 0.0348751553 -0.00295356459 synchronous_release_1
0.023166 -0.0250000004 0.0344156447 0.00636894035 synchronous_release_0
0.002643 -0.0250000004 -0.0240733646 0.0254061629 synchronous_release_0
0.024566 -0.0250000004 0.0240733646 -0.0254061629 synchronous_release_0
0.028953 -0.0250000004 0.0309079001 -0.0164225975 synchronous_release_0
0.027485 -0.0250000004 0.00826861181 -0.0340092643 synchronous_release_0
0.022982 -0.0250000004 0.0342542322 -0.00718662473 synchronous_release_0
0.02626 -0.0250000004 0.0124475992 0.0593300706 synchronous_release_1
0.036707 -0.0250000004 0.0297203884 -0.0184850889 synchronous_release_1
0.033449 -0.0250000004 0.032556885 0.012847149 synchronous_release_0
0.02334 -0.0250000004 -0.000702422494 -0.000711760241 synchronous_release_0
0.027025 -0.0250000004 -0.000990895569 0.000134632728 synchronous_release_0
0.01035 -0.0250000004 0.00248803684 0.0349114547 synchronous_release_0
0.024605 -0.0250000004 0.0339558573 0.00848526679 synchronous_release_0
0.003358 -0.0250000004 0.0243263853 -0.0251640017 synchronous_release_1
0.041504 -0.0250000004 0.0234685682 -0.0259658681 synchronous_release_0
0.025865 -0.0250000004 -0.00126646695 -0.0349770791 synchronous_release_1
0.027657 -0.0250000004 0.0295727079 -0.0187204419 synchronous_release_0
0.024354 -0.0250000004 0.0346565247 -0.00489134932 synchronous_release_1
0.021882 -0.0250000004 0.01985773 -0.028821356 synchronous_release_0
0.02245 -0.0250000004 0.0570854005 -0.0204023786 synchronous_release_0
0.027319 -0.0250000004 -0.0299193166 0.0181613462 synchronous_release_0
0.022536 -0.0250000004 0.0249206263 0.0245756462 synchronous_release_1
0.024206 -0.0250000004 -0.00691154312 -0.0343107938 synchronous_release_0
0.025008 -0.0250000004 0.00636025546 -0.0344172508 synchronous_release_2
0.032378 -0.0250000004 0.000370644772 0.000928774705 synchronous_release_0
0.022739 -0.0250000004 0.0328135302 0.0121767087 synchronous_release_0
0.023921 -0.0250000004 0.0324827545 0.013033444 synchronous_release_0
0.022485 -0.0250000004 0.0340746987 0.00799467999 synchronous_release_0
0.025259 -0.0250000004 -0.00886413422 0.0338589298 synchronous_release_0
0.024134 -0.0250000004 0.00177290154 -0.0349550686 synchronous_release_0
0.027833 -0.0250000004 -0.000860616574 0.000509253486 synchronous_release_0
0.004594 -0.0250000004 0.0322587829 0.0135783255 synchronous_release_0
0.027227 -0.0250000004 0.00919490496 0.0337706044 synchronous_release_0
0.005041 -0.0250000004 0.0216713987 -0.0274836402 synchronous_release_0
0.025313 -0.0250000004 0.00158233156 -0.0349642135 synchronous_release_0
0.032268 -0.0250000004 -0.000979718701 -0.000200377812 synchronous_release_0
0.028624 -0.0250000004 -0.0335602705 -0.00993520216 synchronous_release_0
0.022387 -0.0250000004 -0.014304276 -0.0319435078 synchronous_release_2
0.024244 -0.0250000004 -0.0183254406 0.0298190916 synchronous_release_0
0.024062 -0.0250000004 -0.0270312013 0.0222331769 synchronous_release_0
0.022793 -0.0250000004 -0.0340751342 -0.00799282352 synchronous_release_0
0.025843 -0.0250000004 0.0101155789 0.0335063436 synchronous_release_1
0.022739 -0.0250000004 0.0552146421 0.043027239 synchronous_release_0
0.031631 -0.0250000004 0.0276073211 0.0215136195 synchronous_release_0
0.0088 -0.0250000004 -0.000798122561 -0.000602495127 synchronous_release_0
0.027958 -0.0250000004 -0.0136481397 -0.0322293078 synchronous_release_0
0.028347 -0.0250000004 -0.0109176673 -0.0332536395 synchronous_release_0
0.002784 -0.0250000004 0.0193417466 0.0291701361 synchronous_release_0
0.002782 -0.0250000004 0.0339817052 0.00838115205 synchronous_release_0
0.027052 -0.0250000004 -0.0119736633 -0.0328881649 synchronous_release_0
0.027823 -0.0250000004 0.0307284844 0.0167559018 synchronous_release_0
0.024811 -0.0250000004 -0.00969827323 -0.0336295034 synchronous_release_1
0.023044 -0.0250000004 0.0346861434 -0.00467669281 synchronous_release_0
0.002981 -0.0250000004 0.0273200976 0.0218772089 synchronous_release_0
0.023295 -0.0250000004 0.0285616926 -0.020229427 synchronous_release_0
0.026406 -0.0250000004 0.00323835143 0.0348498648 synchronous_release_0
0.005729 -0.0250000004 0.0227925013 0.0265612854 synchronous_release_0
0.006725 -0.0250000004 0.0167058223 0.0307557393 synchronous_release_0
0.027229 -0.0250000004 0.029836021 0.0182978647 synchronous_release_0
0.031317 -0.0250000004 -0.000522796135 0.000852457742 synchronous_release_0
0.049557 -0.0250000004 0.0140503305 -0.0320560168 synchronous_release_0
0.00629 -0.0250000004 0.0331885696 -0.0111139034 synchronous_release_0
0.030471 -0.0250000004 0.0201997666 -0.0285826771 synchronous_release_0
0.033711 -0.0250000004 0.0348662257 -0.00305717335 synchronous_release_0
0.023406 -0.0250000004 -0.0201872745 -0.0285915013 synchronous_release_0
0.022442 -0.0250000004 -0.000117746091 0.000993043734 synchronous_release_1
0.022145 -0.0250000004 -0.00458866955 0.0346978978 synchronous_release_0
0.025366 -0.0250000004 -0.00817981205 0.0340307313 synchronous_release_0
0.00265 -0.0250000004 0.0181569807 0.029921966 synchronous_release_0
0.037534 -0.0250000004 0.0326582205 0.0125873204 synchronous_release_0
0.031752 -0.0250000004 -0.0272300494 0.0219891884 synchronous_release_1
0.00556 -0.0250000004 0.0235802939 -0.0258644494 synchronous_release_0
0.004678 -0.0250000004 0.0332905902 -0.0108044716 synchronous_release_0
0.02354 -0.0250000004 -0.00728834822 0.0342327326 synchronous_release_0
0.024717 -0.0250000004 -0.0196763686 -0.0289454749 synchronous_release_0
0.028821 -0.0250000004 0.0152293323 -0.0315129725 synchronous_release_0
0.02424 -0.0250000004 0.032994672 -0.0116769695 synchronous_release_0
0.022634 -0.0250000004 0.0200053502 0.0287190871 synchronous_release_0
0.022752 -0.0250000004 0.00097222581 -0.000234044813 synchronous_release_1
0.035207 -0.0250000004 0.00472394746 0.0346797393 synchronous_release_0
0.004966 -0.0250000004 0.0230483715 -0.0263395628 synchronous_release_0
0.022689 -0.0250000004 -0.0112865448 -0.0331302567 synchronous_release_0
0.023921 -0.0250000004 0.000266979765 0.000963702135 synchronous_release_0
0.022504 -0.0250000004 0.00454193631 -0.0347040461 synchronous_release_0
0.028963 -0.0250000004 -0.0341229645 0.00778609626 synchronous_release_0
0.023393 -0.0250000004 0.0319617955 -0.0142633666 synchronous_release_2
0.023524 -0.0250000004 0.0187122625 -0.0295778842 synchronous_release_0
0.030345 -0.0250000004 0.00868630143 -0.0339049874 synchronous_release_1
0.007708 -0.0250000004 0.00753172721 0.03418001 synchronous_release_0
0.04264 -0.0250000004 0.0349529726 0.00181375489 synchronous_release_0
0.046259 -0.0250000004 0.0113597935 -0.0331052125 synchronous_release_0
0.026051 -0.0250000004 -0.0113597935 0.0331052125 synchronous_release_1
0.025237 -0.0250000004 0.0236296846 0.025819334 synchronous_release_0
0.023415 -0.0250000004 -0.0021221064 0.0349356074 synchronous_release_0
0.028776 -0.0250000004 -0.0345707575 -0.00546468016 synchronous_release_1
0.022832 -0.0250000004 0.0233168816 0.0261021653 synchronous_release_0
0.009922 -0.0250000004 -0.00368157305 0.0348058331 synchronous_release_0
0.002863 -0.0250000004 0.0279166183 0.0211107182 synchronous_release_0
0.00317 -0.0250000004 0.0178021394 0.0301344294 synchronous_release_0
0.010039 -0.0250000004 0.0218905276 0.0273094269 synchronous_release_0
0.04139 -0.0250000004 0.0115598206 0.0330358979 synchronous_release_0
0.027683 -0.0250000004 0.0337457701 -0.00928563398 synchronous_release_0
0.021934 -0.0250000004 0.0349981281 0.00036198402 synchronous_release_0
0.023115 -0.0250000004 0.0346738952 0.00476665421 synchronous_release_0
0.02497 -0.0250000004 0.0214649912 -0.027645147 synchronous_release_1
0.025855 -0.0250000004 0.0182083521 -0.0298907329 synchronous_release_0
0.030175 -0.0250000004 0.0349903101 0.000823529018 synchronous_release_0
0.027278 -0.0250000004 0.0162516868 0.0309981076 synchronous_release_0
0.027434 -0.0250000004 0.00802481407 -0.0340676145 synchronous_release_0
0.025246 -0.0250000004 0.0283907389 0.0204686576 synchronous_release_0
0.028795 -0.0250000004 -0.012996795 -0.0324974356 synchronous_release_0
0.024007 -0.0250000004 0.00171878853 -0.0349577712 synchronous_release_0
0.025791 -0.0250000004 0.03414709 -0.00767959905 synchronous_release_0
0.02481 -0.0250000004 0.03420869 -0.00740037372 synchronous_release_0
0.0404 -0.0250000004 0.000965480186 0.000260476507 synchronous_release_0
0.023147 -0.0250000004 0.0349745137 0.00133543747 synchronous_release_0
0.024459 -0.0250000004 -0.0186437796 0.0296210986 synchronous_release_0
0.023651 -0.0250000004 -0.0331513651 0.0112243927 synchronous_release_0
0.035926 -0.0250000004 0.00952651925 0.0336785604 synchronous_release_0
0.02288 -0.0250000004 0.0244032293 -0.0250894879 synchronous_release_1
0.024037 -0.0250000004 0.027690554 0.0214063827 synchronous_release_1
0.003021 -0.0250000004 0.0230431359 0.0263441434 synchronous_release_1
0.025694 -0.0250000004 0.0304447795 -0.0172660186 synchronous_release_0
0.028229 -0.0250000004 0.00619105634 -0.0344480888 synchronous_release_0
0.022537 -0.0250000004 0.0342859136 0.00703392683 synchronous_release_1
0.022949 -0.0250000004 -0.0217925631 -0.027387665 synchronous_release_1
0.003232 -0.0250000004 0.0341067457 0.00785683768 synchronous_release_0
0.017172 -0.0250000004 0.0327914342 0.0122360878 synchronous_release_0
0.023468 -0.0250000004 -0.0345490332 -0.0056003842 synchronous_release_0
0.023125 -0.0250000004 0.0320475761 0.0140695724 synchronous_release_0
0.026464 -0.0250000004 0.03499958 0.00017146585 synchronous_release_0
0.029996 -0.0250000004 -0.0176482838 0.0302247925 synchronous_release_0
0.023266 -0.0250000004 0.0342620571 0.00714922665 synchronous_release_0
0.018379 -0.0250000004 -0.00110356236 0.0349825978 synchronous_release_0
0.029672 -0.0250000004 0.0308475996 -0.0165355859 synchronous_release_0
0.023157 -0.0250000004 0.0256623787 -0.0238000487 synchronous_release_0
0.00283 -0.0250000004 0.0348395663 -0.00334732989 synchronous_release_0
0.003925 -0.0250000004 0.0340097616 0.00826656627 synchronous_release_0
0.022853 -0.0250000004 0.0344285367 -0.00629887761 synchronous_release_0
0.034934 -0.0250000004 -0.0226692564 -0.0266665486 synchronous_release_0
0.031235 -0.0250000004 -0.0349886707 -0.000890462806 synchronous_release_1
0.023764 -0.0250000004 0.00912581087 -0.0337893412 synchronous_release_0
0.049139 -0.0250000004 -0.00489576066 -0.0346559018 synchronous_release_0
0.02841 -0.0250000004 0.033895555 0.00872303572 synchronous_release_0
0.022795 -0.0250000004 0.0349427897 -0.0020003621 synchronous_release_0
0.023596 -0.0250000004 0.0104720999 0.0333966334 synchronous_release_0
0.024276 -0.0250000004 0.023686283 -0.0257674212 synchronous_release_0
0.029813 -0.0250000004 -0.0335702906 -0.00990129243 synchronous_release_0
0.014604 -0.0250000004 -0.00319741087 -0.0348536449 synchronous_release_0
0.007423 -0.0250000004 -0.0349647693 -0.00157000213 synchronous_release_0
0.023239 -0.0250000004 0.0342927638 -0.00700045355 synchronous_release_0
0.009944 -0.0250000004 -0.00897967878 0.0338284698 synchronous_release_0
0.030644 -0.0250000004 0.0347384647 -0.00427072206 synchronous_release_1
0.022648 -0.0250000004 0.028470841 0.0203570925 synchronous_release_0
0.026899 -0.0250000004 0.0318651797 -0.0144779253 synchronous_release_0
0.022653 -0.0250000004 0.00917898362 0.0337749354 synchronous_release_1
0.023375 -0.0250000004 -0.0344954639 0.00592139937 synchronous_release_0
0.022105 -0.0250000004 0.000989666492 -0.000143388405 synchronous_release_0
0.023706 -0.0250000004 0.0305059661 0.0171576815 synchronous_release_0
0.028081 -0.0250000004 -0.0301119711 0.0178401008 synchronous_release_0
0.038022 -0.0250000004 0.00538026239 -0.034583996 synchronous_release_0
0.00382 -0.0250000004 0.000951942642 0.000306276355 synchronous_release_0
0.03016 -0.0250000004 0.0234943917 0.0259425049 synchronous_release_1
0.016173 -0.0250000004 0.0317995162 -0.0146215857 synchronous_release_0
0.023606 -0.0250000004 0.000577954172 -0.000816069222 synchronous_release_0
0.034043 -0.0250000004 -0.0317995162 0.0146215857 synchronous_release_0
0.025123 -0.0250000004 0.0346489957 0.0049444004 synchronous_release_0
0.02604 -0.0250000004 0.0283873935 0.020473297 synchronous_release_0
0.039152 -0.0250000004 0.0179839303 -0.0300262927 synchronous_release_0
0.02276 -0.0250000004 0.0303742375 0.0173898159 synchronous_release_1
0.039035 -0.0250000004 -0.0324679798 -0.0130702062 synchronous_release_0
0.026079 -0.0250000004 -0.0192899713 0.0292044005 synchronous_release_1
0.023981 -0.0250000004 0.0287025906 0.0200290113 synchronous_release_0
0.022928 -0.0250000004 0.0222442491 0.0270220906 synchronous_release_0
0.023021 -0.0250000004 0.0323415462 0.0133799995 synchronous_release_1
0.02724 -0.0250000004 0.000287262459 0.000957851909 synchronous_release_0
0.034135 -0.0250000004 0.0247304933 -0.0247669679 synchronous_release_1
0.022426 -0.0250000004 0.0243781833 0.0251138245 synchronous_release_0
0.026816 -0.0250000004 0.00956011833 -0.0336690383 synchronous_release_1
0.037618 -0.0250000004 0.0308587589 0.016514751 synchronous_release_0
0.022506 -0.0250000004 0.0247675307 0.0247299297 synchronous_release_0
0.032633 -0.0250000004 0.0347335078 0.00431085089 synchronous_release_0
0.036342 -0.0250000004 0.0349542145 -0.00178966068 synchronous_release_0
0.006414 -0.0250000004 0.0340267839 0.00819621744 synchronous_release_0
0.022375 -0.0250000004 0.0326266246 -0.0126689923 synchronous_release_0
0.022985 -0.0250000004 0.0224946857 0.0268139724 synchronous_release_0
0.040404 -0.0250000004 0.0344689241 -0.00607398306 synchronous_release_0
0.025404 -0.0250000004 0.0342337972 -0.00728334587 synchronous_release_1
0.025666 -0.0250000004 0.0287530518 -0.019956503 synchronous_release_0
0.029383 -0.0250000004 0.0349631232 0.0016062435 synchronous_release_0
0.028104 -0.0250000004 0.0334433584 0.0103219077 synchronous_release_0
0.004062 -0.0250000004 0.0328773966 0.0120031992 synchronous_release_0
0.026147 -0.0250000004 0.025373753 -0.0241075228 synchronous_release_0
0.022561 -0.0250000004 0.00797329939 -0.034079708 synchronous_release_0
0.023292 -0.0250000004 0.0572143638 0.0200378785 synchronous_release_0
0.029973 -0.0250000004 -0.0115688746 0.0330327283 synchronous_release_0
0.027484 -0.0250000004 -0.00383947243 -0.034788769 synchronous_release_0
0.006676 -0.0250000004 -0.0344391278 -0.00624071116 synchronous_release_0
0.023021 -0.0250000004 -0.0223935035 0.0268985316 synchronous_release_0
0.023946 -0.0250000004 0.00148401856 -0.0349685243 synchronous_release_0
0.028828 -0.0250000004 0.0310256396 -0.0161990644 synchronous_release_0
0.030382 -0.0250000004 0.032100451 -0.0139485142 synchronous_release_0
0.003837 -0.0250000004 0.00703486458 0.0342857212 synchronous_release_0
0.025033 -0.0250000004 0.000315728262 -0.000948849653 synchronous_release_0
0.024421 -0.0250000004 -0.0302015327 0.0176880588 synchronous_release_1
0.022975 -0.0250000004 0.0304341438 -0.017284759 synchronous_release_0
0.023338 -0.0250000004 0.0252996894 0.0241852376 synchronous_release_0
0.027504 -0.0250000004 -0.00829518542 0.0340027925 synchronous_release_0
0.023121 -0.0250000004 0.0243364727 -0.0251542461 synchronous_release_1
0.02861 -0.0250000004 -0.0106986152 0.03332476 synchronous_release_1
0.009221 -0.0250000004 0.0164883092 0.0308728953 synchronous_release_0
0.024295 -0.0250000004 -0.0349808662 -0.00115715303 synchronous_release_0
0.022311 -0.0250000004 0.0333437825 0.0106391809 synchronous_release_0
0.048321 -0.0250000004 -0.00443155257 0.0347183142 synchronous_release_0
0.031502 -0.0250000004 0.0322827184 -0.01352132 synchronous_release_1
0.026276 -0.0250000004 -0.0333717374 -0.0105511678 synchronous_release_0
0.022963 -0.0250000004 0.0273692829 0.0218156447 synchronous_release_2
0.003288 -0.0250000004 0.0346664369 -0.0048205969 synchronous_release_0
0.023163 -0.0250000004 0.0339093093 -0.00866941426 synchronous_release_0
0.021997 -0.0250000004 0.0272972258 0.0219057404 synchronous_release_0
0.025308 -0.0250000004 0.000424651381 0.000905356949 synchronous_release_0
0.032758 -0.0250000004 0.0169651037 -0.0306134816 synchronous_release_0
0.041969 -0.0250000004 -0.0197246233 0.0289126138 synchronous_release_0
0.023889 -0.0250000004 -0.00726038536 -0.0342386741 synchronous_release_0
0.022628 -0.0250000004 0.0340943396 -0.00791049964 synchronous_release_0
0.033353 -0.0250000004 -0.000730608984 0.000682796099 synchronous_release_0
0.022865 -0.0250000004 0.028126994 0.0208295993 synchronous_release_0
0.021937 -0.0250000004 0.0157558999 -0.0312530258 synchronous_release_0
0.027946 -0.0250000004 0.0242793805 0.025209357 synchronous_release_0
0.022652 -0.0250000004 0.0269344179 0.0223503273 synchronous_release_0
0.02578 -0.0250000004 -0.000638580781 0.000769554797 synchronous_release_0
0.025064 -0.0250000004 -0.0299236573 0.0181541932 synchronous_release_1
0.024221 -0.0250000004 0.0342909625 -0.0070092718 synchronous_release_0
0.022597 -0.0250000004 0.0339600339 -0.00846853572 synchronous_release_0
0.031505 -0.0250000004 0.0349968897 -0.0004665976 synchronous_release_0
0.035929 -0.0250000004 -0.0299370643 -0.018132076 synchronous_release_0
0.022908 -0.0250000004 0.00231570934 0.0349233087 synchronous_release_0
0.003888 -0.0250000004 0.034503835 0.00587242456 synchronous_release_1
0.024339 -0.0250000004 0.00246550624 -0.0349130531 synchronous_release_0
0.024703 -0.0250000004 0.0340967893 -0.00789993423 synchronous_release_1
0.002624 -0.0250000004 0.0335255409 -0.0100517714 synchronous_release_0
0.02465 -0.0250000004 0.028631713 0.0201302014 synchronous_release_0
0.03179 -0.0250000004 0.0147472555 0.0317414312 synchronous_release_0
0.023881 -0.0250000004 0.0110832478 -0.0331988195 synchronous_release_0
0.022401 -0.0250000004 -2.21914705e-05 0.000999753739 synchronous_release_0
0.02369 -0.0250000004 0.0325084875 0.0129691263 synchronous_release_0
0.022871 -0.0250000004 0.0334622087 -0.0102606329 synchronous_release_0
0.022001 -0.0250000004 0.0187169875 0.0295748944 synchronous_release_0
0.024762 -0.0250000004 0.0349711036 -0.00142193944 synchronous_release_0
0.024564 -0.0250000004 -0.030512635 0.0171458188 synchronous_release_0
0.013528 -0.0250000004 0.0312541851 -0.0157536 synchronous_release_0
0.022416 -0.0250000004 0.0280299639 -0.0209599886 synchronous_release_0
0.003184 -0.0250000004 0.0329640937 0.0117630152 synchronous_release_0
0.034942 -0.0250000004 -0.00629497686 -0.0344292502 synchronous_release_0
0.002996 -0.0250000004 0.0349094667 0.00251577652 synchronous_release_0
0.02558 -0.0250000004 0.0196334598 -0.0289745968 synchronous_release_1
0.022617 -0.0250000004 0.0306933564 0.0168201627 synchronous_release_0
0.029608 -0.0250000004 0.0171310241 0.0305209438 synchronous_release_1
0.024996 -0.0250000004 -0.0144022459 -0.0318994563 synchronous_release_1
0.022307 -0.0250000004 -0.013594488 -0.0322519751 synchronous_release_0
0.023663 -0.0250000004 0.0347282737 0.00435281557 synchronous_release_0
0.029979 -0.0250000004 0.0318038782 0.0146120953 synchronous_release_0
0.027207 -0.0250000004 0.0176795526 0.0302065129 synchronous_release_1
0.005146 -0.0250000004 -0.0118775051 -0.0329230143 synchronous_release_0
0.024754 -0.0250000004 -0.00332534054 -0.034841672 synchronous_release_0
0.027338 -0.0250000004 0.0342540681 -0.00718740705 synchronous_release_0
0.02274 -0.0250000004 0.0287073369 -0.0200222078 synchronous_release_1
0.023177 -0.0250000004 0.010063171 0.0335221209 synchronous_release_0
0.030285 -0.0250000004 -0.0349539802 -0.00179423187 synchronous_release_0
0.0361 -0.0250000004 0.0317529461 -0.0147224459 synchronous_release_0
0.023702 -0.0250000004 0.0284305237 -0.0204133614 synchronous_release_0
0.034009 -0.0250000004 0.0318937514 0.014414875 synchronous_release_0
0.004 -0.0250000004 0.0207599571 0.0281784347 synchronous_release_0
0.029877 -0.0250000004 0.0298390016 0.0182930036 synchronous_release_1
0.042594 -0.0250000004 0.000632783678 0.000774328623 synchronous_release_0
0.022676 -0.0250000004 -0.0172976167 -0.0304268378 synchronous_release_0
0.031961 -0.0250000004 0.0349992228 0.000233243374 synchronous_release_1
0.039822 -0.0250000004 0.0172976167 0.0304268378 synchronous_release_1
0.022551 -0.0250000004 -0.0285615144 -0.0202296785 synchronous_release_0
0.026409 -0.0250000004 0.0285615144 0.0202296785 synchronous_release_0
0.028762 -0.0250000004 0.0339814293 0.0083822706 synchronous_release_1
0.03059 -0.0250000004 -0.00986902026 0.0335797921 synchronous_release_0
0.003237 -0.0250000004 0.0291914733 -0.0193095284 synchronous_release_0
0.025938 -0.0250000004 -0.0156941823 0.0312840637 synchronous_release_0
0.029036 -0.0250000004 0.0156941823 -0.0312840637 synchronous_release_0
0.024524 -0.0250000004 0.0316862551 -0.0148654377 synchronous_release_1
0.022365 -0.0250000004 0.0185762568 0.0296634907 synchronous_release_0
0.023878 -0.0250000004 0.0235411441 -0.0259000876 synchronous_release_0
0.030744 -0.0250000004 0.000997814571 6.60763285e-05 synchronous_release_0
0.045587 -0.0250000004 0.034789405 -0.00383370534 synchronous_release_0
0.027043 -0.0250000004 -0.0259879338 -0.0234441314 synchronous_release_1
0.029228 -0.0250000004 0.000184947588 0.000982748386 synchronous_release_0
0.024444 -0.0250000004 0.034864079 -0.00308155728 synchronous_release_0
0.035652 -0.0250000004 0.0201007464 0.0286523995 synchronous_release_1
0.022878 -0.0250000004 0.000852763942 0.000522296525 synchronous_release_1
0.004472 -0.0250000004 0.0349813272 0.00114312937 synchronous_release_0
0.023961 -0.0250000004 -0.0184806427 0.0297231534 synchronous_release_0
0.033456 -0.0250000004 -0.020932442 -0.0280505414 synchronous_release_0
0.038156 -0.0250000004 0.0307604402 0.0166971651 synchronous_release_0
0.022623 -0.0250000004 0.0077398808 0.0341334769 synchronous_release_0
0.029389 -0.0250000004 -0.0077398808 -0.0341334769 synchronous_release_1
0.022613 -0.0250000004 0.03444395 -0.00621404118 synchronous_release_0
0.023364 -0.0250000004 0.0163947731 -0.0309226683 synchronous_release_0
0.02377 -0.0250000004 0.000582018014 -0.000813175892 synchronous_release_0
0.024213 -0.0250000004 0.0134048524 0.0323312532 synchronous_release_0
0.029605 -0.0250000004 0.0347021128 0.00455668385 synchronous_release_0
0.022851 -0.0250000004 0.0251621138 0.024328338 synchronous_release_1
0.023385 -0.0250000004 0.00848790184 -0.0339551988 synchronous_release_1
0.023103 -0.0250000004 0.0348135724 -0.00360765538 synchronous_release_0
0.025867 -0.0250000004 0.032649448 0.0126100573 synchronous_release_0
0.030551 -0.0250000004 -0.0183836354 0.0297832495 synchronous_release_0
0.027138 -0.0250000004 -0.00846683793 0.0339604572 synchronous_release_0
0.022358 -0.0250000004 0.0168908804 0.0306544965 synchronous_release_0
0.037049 -0.0250000004 0.030557916 -0.0170649867 synchronous_release_0
0.024177 -0.0250000004 0.0285577193 0.0202350356 synchronous_release_0
0.025127 -0.0250000004 0.0310677727 -0.0161181108 synchronous_release_0
0.03735 -0.0250000004 -0.0340072946 -0.00827670898 synchronous_release_0
0.007696 -0.0250000004 0.0349132905 0.0024621431 synchronous_release_0
0.022416 -0.0250000004 0.0195889237 -0.0290047249 synchronous_release_1
0.024004 -0.0250000004 0.0207111519 0.0282143259 synchronous_release_0
0.027833 -0.0250000004 0.000994361082 0.000106047346 synchronous_release_0
0.028693 -0.0250000004 -0.00377079286 -0.0347962803 synchronous_release_0
0.028341 -0.0250000004 0.0195903419 -0.0290037671 synchronous_release_0
0.022518 -0.0250000004 0.0294214133 -0.018957332 synchronous_release_0
0.026221 -0.0250000004 0.0208047939 -0.0281453469 synchronous_release_0
0.045739 -0.0250000004 0.0139721884 0.0320901535 synchronous_release_0
0.022761 -0.0250000004 -0.0206819751 -0.0282357204 synchronous_release_1
0.024762 -0.0250000004 -0.0333716861 0.01055133 synchronous_release_0
0.027062 -0.0250000004 0.000492710601 -0.000870193234 synchronous_release_0
0.009234 -0.0250000004 0.0213483968 0.0277352836 synchronous_release_0
0.024224 -0.0250000004 0.0346936585 -0.00462061219 synchronous_release_0
0.02624 -0.0250000004 0.025879698 -0.0235635573 synchronous_release_0
0.022606 -0.0250000004 -0.000720846098 0.000693095162 synchronous_release_0
0.022478 -0.0250000004 0.0341684581 0.00758396145 synchronous_release_0
0.003114 -0.0250000004 0.0265452382 0.0228111887 synchronous_release_0
0.0225 -0.0250000004 0.00648244983 -0.034394445 synchronous_release_0
0.022966 -0.0250000004 0.0328911057 0.0119655826 synchronous_release_0
0.027445 -0.0250000004 -0.000984780696 0.000173801553 synchronous_release_0
0.026455 -0.0250000004 0.0199136538 0.0287827447 synchronous_release_0
0.027234 -0.0250000004 0.0269059431 0.0223845979 synchronous_release_1
0.02247 -0.0250000004 -0.0125327248 0.0326792107 synchronous_release_0
0.031488 -0.0250000004 0.034567389 -0.00548594727 synchronous_release_0
0.004038 -0.0250000004 0.0208179206 0.028135639 synchronous_release_0
0.023069 -0.0250000004 0.033145103 0.011242871 synchronous_release_0
0.006602 -0.0250000004 -0.0101397922 -0.0334990241 synchronous_release_0
0.026505 -0.0250000004 0.0239411097 -0.0255308297 synchronous_release_0
0.025251 -0.0250000004 -0.000177100063 -0.000984192851 synchronous_release_0
0.022791 -0.0250000004 0.00329111341 -0.0348449218 synchronous_release_1
0.02508 -0.0250000004 -0.000579218534 0.000815172307 synchronous_release_1
0.022254 -0.0250000004 -0.000587836788 -0.000808979549 synchronous_release_0
0.02689 -0.0250000004 -0.000223889543 0.000974614525 synchronous_release_0
0.022431 -0.0250000004 0.00339212203 -0.0348352337 synchronous_release_0
0.031552 -0.0250000004 0.0344901174 -0.00595246183 synchronous_release_0
0.026776 -0.0250000004 0.0347249912 0.00437892534 synchronous_release_1
0.002908 -0.0250000004 0.0333829609 0.0105156036 synchronous_release_0
0.022295 -0.0250000004 0.000976236972 -0.000216705732 synchronous_release_0
0.025307 -0.0250000004 -0.0148554078 -0.0316909586 synchronous_release_0
0.024087 -0.0250000004 0.0192721106 -0.0292161899 synchronous_release_1
0.027676 -0.0250000004 0.0183060381 -0.0298310068 synchronous_release_0
0.025513 -0.0250000004 -0.0240279993 0.0254490717 synchronous_release_0
0.025231 -0.0250000004 0.0157931714 0.0312342078 synchronous_release_0
0.040367 -0.0250000004 0.0191530317 -0.0292943916 synchronous_release_0
0.022492 -0.0250000004 0.0260217046 0.023406642 synchronous_release_0
0.004254 -0.0250000004 0.0248963589 0.0246002299 synchronous_release_0
0.029012 -0.0250000004 0.0344135781 0.00638009755 synchronous_release_0
0.042443 -0.0250000004 -0.0344135781 -0.00638009755 synchronous_release_0
0.003745 -0.0250000004 0.0296163564 0.0186513119 synchronous_release_0
0.023373 -0.0250000004 0.033052129 -0.0115133301 synchronous_release_0
0.025566 -0.0250000004 -0.000328952288 -0.000944346542 synchronous_release_0
0.022816 -0.0250000004 0.0330180155 0.011610799 synchronous_release_0
0.039694 -0.0250000004 0.0341181283 0.00780726081 synchronous_release_0
0.022306 -0.0250000004 0.0343230076 -0.00685063148 synchronous_release_0
0.025637 -0.0250000004 -0.0118656418 -0.059449193 synchronous_release_0
0.044553 -0.0250000004 0.0349859535 0.000991493906 synchronous_release_0
0.022978 -0.0250000004 0.0481650924 0.0368120072 synchronous_release_0
0.032832 -0.0250000004 -0.0134558351 -0.0323100681 synchronous_release_0
0.023373 -0.0250000004 0.00998841558 -0.0335444713 synchronous_release_0
0.004448 -0.0250000004 0.031207861 0.0158451699 synchronous_release_0
0.032076 -0.0250000004 -0.000998553869 5.37603103e-05 synchronous_release_0
0.009924 -0.0250000004 0.0314070605 0.0154465708 synchronous_release_0
0.031172 -0.0250000004 0.0262645646 0.0231337988 synchronous_release_0
0.02745 -0.0250000004 -5.52502597e-05 -0.000998472538 synchronous_release_0
0.025663 -0.0250000004 0.0174964177 0.0303129571 synchronous_release_0
0.002995 -0.0250000004 0.0201128192 0.0286439261 synchronous_release_0
0.026079 -0.0250000004 -0.000906862155 -0.000421427374 synchronous_release_0
0.025847 -0.0250000004 -0.0151754619 0.0315389498 synchronous_release_0
0.022787 -0.0250000004 0.0142703894 0.0319586606 synchronous_release_1
0.029619 -0.0250000004 0.00569671747 0.0345332797 synchronous_release_0
0.022531 -0.0250000004 0.025460783 0.0240155893 synchronous_release_0
0.022316 -0.0250000004 0.0212702044 -0.0277952946 synchronous_release_0
0.007141 -0.0250000004 0.0288218952 -0.0198569474 synchronous_release_0
0.027707 -0.0250000004 0.0337470387 -0.00928102251 synchronous_release_0
0.026126 -0.0250000004 0.00307559648 0.0348646054 synchronous_release_1
0.029213 -0.0250000004 0.0331902611 0.0111088509 synchronous_release_0
0.002476 -0.0250000004 -0.0289857082 -0.0196170518 synchronous_release_0
0.002599 -0.0250000004 0.000945280729 -0.000326258093 synchronous_release_0
0.027724 -0.0250000004 0.0306986188 -0.0168105562 synchronous_release_0
0.0226 -0.0250000004 0.0299076782 0.0181805057 synchronous_release_1
0.022873 -0.0250000004 0.0341046634 0.00786587154 synchronous_release_1
0.031891 -0.0250000004 0.0268533003 -0.0224477229 synchronous_release_1
0.002608 -0.0250000004 0.0027893419 0.034888674 synchronous_release_0
0.022428 -0.0250000004 0.0316091489 0.015028696 synchronous_release_0
0.022845 -0.0250000004 0.0349994659 0.000193354737 synchronous_release_0
0.022432 -0.0250000004 0.0260306608 -0.0233966814 synchronous_release_0
0.002464 -0.0250000004 0.00047978477 -0.000877386217 synchronous_release_0
0.022467 -0.0250000004 -0.0141194113 0.0320256495 synchronous_release_0
0.002681 -0.0250000004 0.0214072823 0.0276898585 synchronous_release_0
0.035897 -0.0250000004 0.00789297859 0.0340984001 synchronous_release_0
0.022919 -0.0250000004 -0.000294342755 0.000955699923 synchronous_release_0
0.027043 -0.0250000004 -0.0307580506 -0.0167015665 synchronous_release_0
0.033733 -0.0250000004 0.0305545706 0.0170709759 synchronous_release_0
0.025773 -0.0250000004 0.03498626 -0.000980616736 synchronous_release_1
0.024163 -0.0250000004 -0.0171054711 -0.0305352723 synchronous_release_0
0.02522 -0.0250000004 -0.0193796205 0.0291449877 synchronous_release_0
0.002816 -0.0250000004 0.0349810417 0.0011518343 synchronous_release_0
0.032092 -0.0250000004 0.0312612382 -0.0157395993 synchronous_release_0
0.029036 -0.0250000004 -0.000639153222 0.000769079423 synchronous_release_0
0.008259 -0.0250000004 0.0343508071 0.00670984749 synchronous_release_0
0.024268 -0.0250000004 0.0229863019 -0.0263937478 synchronous_release_1
0.022716 -0.0250000004 0.000998173277 6.04161272e-05 synchronous_release_1
0.022887 -0.0250000004 0.0348447094 -0.00329336152 synchronous_release_0
0.022645 -0.0250000004 0.0349366912 -0.00210418891 synchronous_release_0
0.022814 -0.0250000004 -0.00408922068 0.0347602974 synchronous_release_0
0.007025 -0.0250000004 0.0328822185 0.0119899836 synchronous_release_1
0.032304 -0.0250000004 0.000678495479 0.000734604577 synchronous_release_0
0.02305 -0.0250000004 0.0349837121 -0.00106765587 synchronous_release_0
0.028601 -0.0250000004 0.0165672389 -0.0308306113 synchronous_release_0
0.03026 -0.0250000004 -0.0159142875 -0.0311726716 synchronous_release_0
0.025638 -0.0250000004 -0.0279105645 -0.0211187213 synchronous_release_0
0.022983 -0.0250000004 0.0229191684 0.0264520646 synchronous_release_0
0.029474 -0.0250000004 0.0114485757 -0.0330746143 synchronous_release_0
0.03656 -0.0250000004 0.0288844441 -0.0197658516 synchronous_release_1
0.008419 -0.0250000004 0.0155608175 -0.0313506134 synchronous_release_0
0.030852 -0.0250000004 0.0349540411 0.00179304556 synchronous_release_0
0.033929 -0.0250000004 0.0190298435 -0.0293745648 synchronous_release_0
0.02272 -0.0250000004 0.00456932256 -0.0347004509 synchronous_release_1
0.003573 -0.0250000004 0.00278447719 -0.0348890626 synchronous_release_0
0.021995 -0.0250000004 0.000936397253 -0.000350941854 synchronous_release_0
0.023301 -0.0250000004 -0.0290672835 0.0194959747 synchronous_release_0
0.026109 -0.0250000004 0.0282380135 -0.020678844 synchronous_release_0
0.028222 -0.0250000004 0.0333076989 0.0107516137 synchronous_release_0
0.023864 -0.0250000004 0.000989516417 0.000144420429 synchronous_release_0
0.024491 -0.0250000004 -0.031971232 -0.0142422022 synchronous_release_0
0.022674 -0.0250000004 0.0259281075 -0.0235102795 synchronous_release_0
0.023981 -0.0250000004 -0.0221020331 -0.0271385359 synchronous_release_0
0.029254 -0.0250000004 0.0349154018 -0.00243201845 synchronous_release_0
0.025563 -0.0250000004 0.01757353 0.0302683175 synchronous_release_0
0.027655 -0.0250000004 0.00227936829 -0.0349256994 synchronous_release_0
0.009877 -0.0250000004 0.000585800312 0.000810455424 synchronous_release_0
0.023538 -0.0250000004 0.0169117337 0.030642997 synchronous_release_0
0.041152 -0.0250000004 0.018081747 -0.0299674895 synchronous_release_0
0.022604 -0.0250000004 0.00211804753 0.0349358537 synchronous_release_0
0.02368 -0.0250000004 -0.0349039376 0.0025913588 synchronous_release_0
0.030105 -0.0250000004 0.0152077862 -0.031523376 synchronous_release_0
0.025518 -0.0250000004 0.0256580769 0.0238046863 synchronous_release_0
0.026744 -0.0250000004 0.0160370236 0.0311097071 synchronous_release_0
0.022312 -0.0250000004 0.014312251 0.0319399354 synchronous_release_0
0.025323 -0.0250000004 0.0205046699 -0.0283647406 synchronous_release_0
0.022614 -0.0250000004 0.033215478 -0.0110332235 synchronous_release_1
0.022374 -0.0250000004 0.0290604459 0.0195061653 synchronous_release_0
0.022882 -0.0250000004 -0.0146241353 -0.0317983438 synchronous_release_0
0.032149 -0.0250000004 0.0202261058 -0.0285640446 synchronous_release_0
0.029875 -0.0250000004 0.0348502412 0.00323429916 synchronous_release_2
0.022549 -0.0250000004 -0.000887470956 -0.000460863648 synchronous_release_0
0.033749 -0.0250000004 0.0271098851 -0.0221371662 synchronous_release_0
0.022823 -0.0250000004 0.00238510012 0.0349186383 synchronous_release_0
0.022469 -0.0250000004 0.0270978343 -0.0221519159 synchronous_release_0
0.035581 -0.0250000004 0.000353731018 -0.00093534719 synchronous_release_0
0.026497 -0.0250000004 0.0315895211 0.0150699089 synchronous_release_0
0.006092 -0.0250000004 0.0348361769 0.00338242198 synchronous_release_0
0.024275 -0.0250000004 0.00805029061 -0.0340616033 synchronous_release_0
0.022587 -0.0250000004 -0.00381222958 0.0347917649 synchronous_release_0
0.024837 -0.0250000004 8.58647321e-06 0.000999963136 synchronous_release_0
0.008496 -0.0250000004 0.00176003968 0.0349557186 synchronous_release_0
0.022279 -0.0250000004 0.000998734816 -5.0286848e-05 synchronous_release_1
0.022702 -0.0250000004 0.0689113133 -0.0122975971 synchronous_release_1
0.032895 -0.0250000004 0.0330995808 -0.0113761924 synchronous_release_0
0.028204 -0.0250000004 0.0186448471 -0.0296204267 synchronous_release_0
0.027793 -0.0250000004 -0.00820778301 0.0340239959 synchronous_release_0
0.024506 -0.0250000004 0.0189700994 0.0294131829 synchronous_release_0
0.023633 -0.0250000004 0.0307545949 0.016707929 synchronous_release_1
0.003868 -0.0250000004 -0.027398502 -0.0217789368 synchronous_release_0
0.024476 -0.0250000004 -0.0287645642 -0.0199399059 synchronous_release_0
0.031727 -0.0250000004 0.0287645642 0.0199399059 synchronous_release_0
0.025449 -0.0250000004 0.0341880979 -0.0074949292 synchronous_release_0
0.02299 -0.0250000004 0.0349815651 -0.0011358266 synchronous_release_0
0.023195 -0.0250000004 0.0476901523 0.0512410907 synchronous_release_0
0.02316 -0.0250000004 -0.00553203667 0.034560043 synchronous_release_0
0.006057 -0.0250000004 0.0329633041 -0.0117652277 synchronous_release_0
0.026526 -0.0250000004 -0.00629266603 0.0344296726 synchronous_release_0
0.022916 -0.0250000004 0.0332879968 0.010812459 synchronous_release_0
0.023771 -0.0250000004 0.0342712023 -0.00710525797 synchronous_release_0
0.02529 -0.0250000004 0.0338051702 0.00906699901 synchronous_release_0
0.009196 -0.0250000004 0.0323986347 -0.0132411656 synchronous_release_0
0.030519 -0.0250000004 0.0209136504 -0.0280645546 synchronous_release_0
0.023533 -0.0250000004 -0.0261325813 0.0232827875 synchronous_release_0
0.03038 -0.0250000004 -0.0332297761 -0.0109900855 synchronous_release_0
0.022478 -0.0250000004 0.00569737667 -0.034533171 synchronous_release_0
0.035678 -0.0250000004 0.0327552917 -0.0123325126 synchronous_release_1
0.023377 -0.0250000004 -0.0335232901 -0.0100592754 synchronous_release_0
0.034485 -0.0250000004 -0.00819464584 0.0340271624 synchronous_release_1
0.003714 -0.0250000004 0.000954960644 -0.000296732486 synchronous_release_0
0.011004 -0.0250000004 0.0272728702 -0.021936056 synchronous_release_0
0.022476 -0.0250000004 0.0335420322 -0.00999660317 synchronous_release_1
0.002591 -0.0250000004 0.0323330794 0.0134004469 synchronous_release_0
0.002989 -0.0250000004 0.0451908317 0.0404077806 synchronous_release_0
0.02392 -0.0250000004 0.00220954522 0.0349301862 synchronous_release_0
0.032041 -0.0250000004 -0.00545514615 0.0345722632 synchronous_release_0
0.02268 -0.0250000004 0.00560160174 -0.0345488358 synchronous_release_0
0.022757 -0.0250000004 0.00486416123 0.0346603511 synchronous_release_0
0.029457 -0.0250000004 -0.000374791095 0.00092710929 synchronous_release_0
0.030902 -0.0250000004 -0.00069944344 0.000714687956 synchronous_release_0
0.026993 -0.0250000004 0.0330366973 0.0115575358 synchronous_release_0
0.023526 -0.0250000004 -0.000227326195 -0.00097381867 synchronous_release_0
0.028076 -0.0250000004 0.0146847431 0.0317704 synchronous_release_1
0.023131 -0.0250000004 0.00386318841 0.0347861434 synchronous_release_0
0.027511 -0.0250000004 -0.0246284278 0.0248684648 synchronous_release_0
0.023037 -0.0250000004 0.0273215872 0.0218753485 synchronous_release_0
0.025593 -0.0250000004 0.0166886494 -0.0307650611 synchronous_release_0
0.032925 -0.0250000004 0.00267071919 -0.0348979549 synchronous_release_0
0.025658 -0.0250000004 0.0335073909 0.0101121094 synchronous_release_0
0.02337 -0.0250000004 0.0243452365 -0.0251457643 synchronous_release_1
0.003706 -0.0250000004 0.0336959506 -0.00946482497 synchronous_release_0
0.022798 -0.0250000004 0.0347645765 -0.00405268055 synchronous_release_0
0.02287 -0.0250000004 0.00014210027 -0.000989852268 synchronous_release_0
