0.04976 -0.0250000004 -0.00625887484 -0.0344358314 asynchronous_release_0
0.019067 -0.0250000004 0.015419178 0.031420518 asynchronous_release_0
0.063637 -0.0250000004 -0.028442563 0.0203965833 asynchronous_release_0
0.047215 -0.0250000004 0.00507367194 -0.0346303025 asynchronous_release_0
0.053608 -0.0250000004 0.0311512665 -0.0159561461 asynchronous_release_0
0.054565 -0.0250000004 0.0345473892 -0.00561051662 asynchronous_release_0
0.035636 -0.0250000004 -0.0343333247 -0.00679873621 asynchronous_release_0
0.046688 -0.0250000004 0.0250689813 -0.0244242948 asynchronous_release_0
0.053994 -0.0250000004 0.00553771745 -0.0345591332 asynchronous_release_0
0.025904 -0.0250000004 -0.00807734398 0.034055198 asynchronous_release_0
0.053405 -0.0250000004 0.0126822989 -0.0326214545 asynchronous_release_0
0.06197 -0.0250000004 -0.0344270554 0.00630696894 asynchronous_release_0
0.03703 -0.0250000004 0.0309526915 0.0163380198 asynchronous_release_0
0.040216 -0.0250000004 -0.00152843407 -0.0349666111 asynchronous_release_0
0.014329 -0.0250000004 0.0349532927 -0.00180757523 asynchronous_release_0
0.059295 -0.0250000004 0.0233926447 0.0260342884 asynchronous_release_0
0.051955 -0.0250000004 0.0349571755 0.00173086113 asynchronous_release_0
0.0531 -0.0250000004 -0.0252074959 -0.0242813127 asynchronous_release_0
0.036653 -0.0250000004 0.0300429808 -0.0179560381 asynchronous_release_0
0.022034 -0.0250000004 -0.0232996196 0.0261175751 asynchronous_release_0
0.065282 -0.0250000004 -0.000260734595 0.000965410519 asynchronous_release_0
0.049701 -0.0250000004 -0.000233583849 -0.0349992205 asynchronous_release_0
0.022979 -0.0250000004 0.00264900159 0.0348996102 asynchronous_release_0
0.054606 -0.0250000004 0.0288994482 -0.0197439078 asynchronous_release_0
0.061547 -0.0250000004 -0.0336862956 0.00949913093 asynchronous_release_0
0.054005 -0.0250000004 0.0346399903 0.00500710237 asynchronous_release_0
0.040886 -0.0250000004 0.0132672852 -0.0323879475 asynchronous_release_0
0.063289 -0.0250000004 0.0216982354 -0.0274624576 asynchronous_release_0
0.059895 -0.0250000004 0.0343232408 0.00684946286 asynchronous_release_0
0.067335 -0.0250000004 0.0348663927 0.00305526815 asynchronous_release_0
0.055035 -0.0250000004 0.0346017948 -0.00526457944 asynchronous_release_0
0.042711 -0.0250000004 0.0145274003 -0.0318426544 asynchronous_release_2
0.050265 -0.0250000004 0.000440484162 0.0349972281 asynchronous_release_0
