0.000000 0.071306
0.000050 0.107998
0.000100 0.092076
0.000150 0.125304
0.000200 0.125306
0.000250 0.074770
0.000300 0.083073
0.000350 0.069231
0.000400 0.095541
0.000450 0.075455
0.000500 0.102456
0.000550 0.086536
0.000600 0.085154
0.000650 0.069238
0.000700 0.106611
0.000750 0.049849
0.000800 0.069228
0.000850 0.131534
0.000900 0.107992
0.000950 0.058162
0.001000 0.110761
0.001050 0.127387
0.001100 0.125992
0.001150 0.161320
0.001200 0.231895
0.001250 0.265151
0.001300 0.284550
0.001350 0.286592
0.001400 0.390460
0.001450 0.577392
0.001500 0.681895
0.001550 0.863289
0.001600 1.118072
0.001650 1.410904
0.001700 1.961250
0.001750 2.414738
0.001800 3.071017
0.001850 3.642185
0.001900 4.627302
0.001950 5.272508
0.002000 6.119202
0.002050 6.758908
0.002100 7.135470
0.002150 7.260800
0.002200 7.540480
0.002250 7.231072
0.002300 7.267682
0.002350 6.448074
0.002400 6.152444
0.002450 5.086988
0.002500 4.395377
0.002550 3.714831
0.002600 3.318200
0.002650 2.942260
0.002700 2.362787
0.002750 2.312953
0.002800 2.342721
0.002850 1.851227
0.002900 1.743910
0.002950 1.577034
0.003000 1.332632
0.003050 1.362446
0.003100 1.475984
0.003150 1.322302
0.003200 1.331951
0.003250 1.210125
0.003300 1.209465
0.003350 1.064731
0.003400 1.247558
0.003450 0.925556
0.003500 1.059239
0.003550 0.854999
0.003600 1.109017
0.003650 0.999735
0.003700 0.992060
0.003750 0.884044
0.003800 0.922161
0.003850 0.879161
0.003900 0.911758
0.003950 1.000376
0.004000 0.864693
0.004050 0.825935
0.004100 0.848036
0.004150 0.836264
0.004200 0.860582
0.004250 0.838304
0.004300 0.919436
0.004350 0.815518
0.004400 0.807139
0.004450 0.885493
0.004500 0.817634
0.004550 0.854222
0.004600 0.837677
0.004650 0.819685
0.004700 0.648752
0.004750 0.687366
0.004800 0.828059
0.004850 0.852895
0.004900 0.638934
0.004950 0.792676
0.005000 0.724180
0.005050 0.748390
0.005100 0.715120
0.005150 0.628642
0.005200 0.662488
0.005250 0.651506
0.005300 0.738612
0.005350 0.757366
0.005400 0.677769
0.005450 0.807917
0.005500 0.833491
0.005550 0.731091
0.005600 0.639054
0.005650 0.665904
0.005700 0.578755
0.005750 0.524751
0.005800 0.654275
0.005850 0.695037
0.005900 0.740767
0.005950 0.641105
0.006000 0.625774
0.006050 0.631388
0.006100 0.644490
0.006150 0.555320
0.006200 0.738683
0.006250 0.573233
0.006300 0.673602
0.006350 0.730326
0.006400 0.672942
0.006450 0.659712
0.006500 0.523431
0.006550 0.583611
0.006600 0.601572
0.006650 0.602258
0.006700 0.690298
0.006750 0.740024
0.006800 0.680511
0.006850 0.715807
0.006900 0.562213
0.006950 0.539905
0.007000 0.584338
0.007050 0.674976
0.007100 0.630619
0.007150 0.637655
0.007200 0.636922
0.007250 0.582936
0.007300 0.607856
0.007350 0.557270
0.007400 0.692997
0.007450 0.543511
0.007500 0.587650
0.007550 0.512330
0.007600 0.465237
0.007650 0.567725
0.007700 0.596778
0.007750 0.544828
0.007800 0.719854
0.007850 0.615582
0.007900 0.569087
0.007950 0.578669
0.008000 0.677787
0.008050 0.623713
0.008100 0.504710
0.008150 0.515842
0.008200 0.501768
0.008250 0.629362
0.008300 0.586410
0.008350 0.558608
0.008400 0.521996
0.008450 0.530264
0.008500 0.527537
0.008550 0.497211
0.008600 0.566143
0.008650 0.596915
0.008700 0.634819
0.008750 0.553107
0.008800 0.509582
0.008850 0.618878
0.008900 0.414031
0.008950 0.421497
0.009000 0.522626
0.009050 0.482700
0.009100 0.566857
0.009150 0.486733
0.009200 0.640359
0.009250 0.582323
0.009300 0.537092
0.009350 0.521314
0.009400 0.592707
0.009450 0.530249
0.009500 0.569655
0.009550 0.508981
0.009600 0.472156
0.009650 0.445724
0.009700 0.571089
0.009750 0.480539
0.009800 0.660550
0.009850 0.489378
0.009900 0.537966
0.009950 0.507382
0.010000 0.447281
0.010050 0.413845
0.010100 0.485367
0.010150 0.459107
0.010200 0.515575
0.010250 0.406513
0.010300 0.529648
0.010350 0.518424
0.010400 0.547662
0.010450 0.540018
0.010500 0.539301
0.010550 0.589739
0.010600 0.501874
0.010650 0.397428
0.010700 0.436073
0.010750 0.525457
0.010800 0.515910
0.010850 0.492784
0.010900 0.429989
0.010950 0.486745
0.011000 0.474959
0.011050 0.500379
0.011100 0.442365
0.011150 0.573365
0.011200 0.497617
0.011250 0.528943
0.011300 0.520570
0.011350 0.539962
0.011400 0.640506
0.011450 0.478384
0.011500 0.491600
0.011550 0.513634
0.011600 0.418814
0.011650 0.482418
0.011700 0.459014
0.011750 0.431358
0.011800 0.381370
0.011850 0.436246
0.011900 0.572424
0.011950 0.524132
0.012000 0.500587
0.012050 0.541413
0.012100 0.483896
0.012150 0.414004
0.012200 0.456740
0.012250 0.479886
0.012300 0.418894
0.012350 0.497580
0.012400 0.436340
0.012450 0.479660
0.012500 0.482640
0.012550 0.614728
0.012600 0.483039
0.012650 0.466155
0.012700 0.541173
0.012750 0.452769
0.012800 0.583104
0.012850 0.395088
0.012900 0.482569
0.012950 0.335035
0.013000 0.533233
0.013050 0.451329
0.013100 0.513701
0.013150 0.495517
0.013200 0.459145
0.013250 0.542633
0.013300 0.367047
0.013350 0.425095
0.013400 0.549747
0.013450 0.513563
0.013500 0.465899
0.013550 0.511583
0.013600 0.463079
0.013650 0.449423
0.013700 0.442256
0.013750 0.521438
0.013800 0.507340
0.013850 0.447252
0.013900 0.491453
0.013950 0.452167
0.014000 0.367534
0.014050 0.427828
0.014100 0.452299
0.014150 0.397263
0.014200 0.399536
0.014250 0.391862
0.014300 0.384720
0.014350 0.427942
0.014400 0.477722
0.014450 0.391754
0.014500 0.443735
0.014550 0.321965
0.014600 0.332878
0.014650 0.395394
0.014700 0.409323
0.014750 0.399453
0.014800 0.396645
0.014850 0.421557
0.014900 0.415359
0.014950 0.522531
0.015000 0.452314
0.015050 0.423702
0.015100 0.483917
0.015150 0.377255
0.015200 0.469952
0.015250 0.411206
0.015300 0.435415
0.015350 0.450035
0.015400 0.401481
0.015450 0.392473
0.015500 0.375322
0.015550 0.478468
0.015600 0.428641
0.015650 0.451209
0.015700 0.483155
0.015750 0.405147
0.015800 0.403453
0.015850 0.384917
0.015900 0.437052
0.015950 0.415786
0.016000 0.366419
0.016050 0.399371
0.016100 0.360630
0.016150 0.361408
0.016200 0.451597
0.016250 0.482989
0.016300 0.441772
0.016350 0.462518
0.016400 0.465711
0.016450 0.467305
0.016500 0.390488
0.016550 0.419568
0.016600 0.490228
0.016650 0.353132
0.016700 0.350834
0.016750 0.354590
0.016800 0.429176
0.016850 0.461188
0.016900 0.447063
0.016950 0.445073
0.017000 0.500033
0.017050 0.407753
0.017100 0.447079
0.017150 0.420379
0.017200 0.398641
0.017250 0.525515
0.017300 0.418939
0.017350 0.377229
0.017400 0.402886
0.017450 0.400086
0.017500 0.395177
0.017550 0.318087
0.017600 0.307784
0.017650 0.397600
0.017700 0.428562
0.017750 0.440226
0.017800 0.356331
0.017850 0.401703
0.017900 0.391114
0.017950 0.349496
0.018000 0.506823
0.018050 0.359951
0.018100 0.349090
0.018150 0.369100
0.018200 0.387471
0.018250 0.422849
0.018300 0.344766
0.018350 0.424670
0.018400 0.289381
0.018450 0.503769
0.018500 0.345579
0.018550 0.382167
0.018600 0.412729
0.018650 0.345941
0.018700 0.391884
0.018750 0.396854
0.018800 0.351363
0.018850 0.304771
0.018900 0.418145
0.018950 0.323817
0.019000 0.382303
0.019050 0.405743
0.019100 0.414064
0.019150 0.373698
0.019200 0.371147
0.019250 0.425721
0.019300 0.317035
0.019350 0.387165
0.019400 0.356327
0.019450 0.450067
0.019500 0.325194
0.019550 0.270328
0.019600 0.245714
0.019650 0.345436
0.019700 0.353508
0.019750 0.310178
0.019800 0.322116
0.019850 0.318242
0.019900 0.310366
0.019950 0.384848
0.020000 0.350834
0.020050 0.377282
0.020100 0.409988
0.020150 0.379524
0.020200 0.348037
0.020250 0.413365
0.020300 0.337148
0.020350 0.347694
0.020400 0.403323
0.020450 0.287995
0.020500 0.378158
0.020550 0.368880
0.020600 0.426041
0.020650 0.419461
0.020700 0.395000
0.020750 0.372454
0.020800 0.355179
0.020850 0.411361
0.020900 0.378713
0.020950 0.331563
0.021000 0.340082
0.021050 0.403958
0.021100 0.357476
0.021150 0.320428
0.021200 0.372381
0.021250 0.378707
0.021300 0.421812
0.021350 0.407880
0.021400 0.404157
0.021450 0.397409
0.021500 0.377695
0.021550 0.432159
0.021600 0.425094
0.021650 0.335964
0.021700 0.374988
0.021750 0.447430
0.021800 0.291394
0.021850 0.355048
0.021900 0.387105
0.021950 0.297073
0.022000 0.366521
0.022050 0.357337
0.022100 0.393288
0.022150 0.405518
0.022200 0.419176
0.022250 0.402162
0.022300 0.236192
0.022350 0.406014
0.022400 0.417144
0.022450 0.405408
0.022500 0.365641
0.022550 0.475683
0.022600 0.474122
0.022650 0.243742
0.022700 0.318972
0.022750 0.347744
0.022800 0.349297
0.022850 0.240951
0.022900 0.311834
0.022950 0.326614
0.023000 0.278806
0.023050 0.322636
0.023100 0.316759
0.023150 0.361895
0.023200 0.427329
0.023250 0.311921
0.023300 0.310193
0.023350 0.307529
0.023400 0.295010
0.023450 0.365142
0.023500 0.378271
0.023550 0.348069
0.023600 0.273695
0.023650 0.329209
0.023700 0.377961
0.023750 0.397043
0.023800 0.342319
0.023850 0.340317
0.023900 0.322984
0.023950 0.274832
0.024000 0.369727
0.024050 0.337013
0.024100 0.310866
0.024150 0.379430
0.024200 0.295654
0.024250 0.305652
0.024300 0.318157
0.024350 0.311717
0.024400 0.315027
0.024450 0.339927
0.024500 0.349277
0.024550 0.322285
0.024600 0.392258
0.024650 0.354480
0.024700 0.306085
0.024750 0.353629
0.024800 0.346800
0.024850 0.311552
0.024900 0.370411
0.024950 0.329133
0.025000 0.357755
0.025050 0.324811
0.025100 0.213713
0.025150 0.321705
0.025200 0.357631
0.025250 0.249063
0.025300 0.340124
0.025350 0.315402
0.025400 0.392851
0.025450 0.396305
0.025500 0.371170
0.025550 0.363302
0.025600 0.381045
0.025650 0.322313
0.025700 0.322985
0.025750 0.315413
0.025800 0.296948
0.025850 0.292888
0.025900 0.351612
0.025950 0.330604
0.026000 0.332927
0.026050 0.344667
0.026100 0.274371
0.026150 0.327867
0.026200 0.347028
0.026250 0.327382
0.026300 0.341359
0.026350 0.328495
0.026400 0.249969
0.026450 0.328945
0.026500 0.345719
0.026550 0.322163
0.026600 0.374700
0.026650 0.244378
0.026700 0.350870
0.026750 0.307352
0.026800 0.274874
0.026850 0.353050
0.026900 0.285601
0.026950 0.278263
0.027000 0.381797
0.027050 0.305969
0.027100 0.357332
0.027150 0.337178
0.027200 0.316374
0.027250 0.317302
0.027300 0.346139
0.027350 0.309381
0.027400 0.327328
0.027450 0.289280
0.027500 0.214665
0.027550 0.301387
0.027600 0.299003
0.027650 0.251739
0.027700 0.281926
0.027750 0.350648
0.027800 0.298879
0.027850 0.303195
0.027900 0.331019
0.027950 0.344439
0.028000 0.364108
0.028050 0.291720
0.028100 0.349567
0.028150 0.293801
0.028200 0.385774
0.028250 0.310140
0.028300 0.267563
0.028350 0.299743
0.028400 0.332669
0.028450 0.252915
0.028500 0.293799
0.028550 0.285713
0.028600 0.326869
0.028650 0.305107
0.028700 0.278637
0.028750 0.323459
0.028800 0.223117
0.028850 0.270227
0.028900 0.306009
0.028950 0.378523
0.029000 0.308492
0.029050 0.280590
0.029100 0.343498
0.029150 0.232120
0.029200 0.308545
0.029250 0.330871
0.029300 0.270550
0.029350 0.276370
0.029400 0.277514
0.029450 0.331180
0.029500 0.281109
0.029550 0.278741
0.029600 0.342783
0.029650 0.236677
0.029700 0.293070
0.029750 0.327106
0.029800 0.289679
0.029850 0.247285
0.029900 0.410740
0.029950 0.302620
0.030000 0.358036
0.030050 0.261428
0.030100 0.384438
0.030150 0.246534
0.030200 0.227134
0.030250 0.259760
0.030300 0.321690
0.030350 0.293948
0.030400 0.260593
0.030450 0.321019
0.030500 0.360974
0.030550 0.388278
0.030600 0.357485
0.030650 0.422329
0.030700 0.397704
0.030750 0.243602
0.030800 0.247322
0.030850 0.299270
0.030900 0.417709
0.030950 0.334607
0.031000 0.394557
0.031050 0.321071
0.031100 0.297074
0.031150 0.329750
0.031200 0.341338
0.031250 0.270354
0.031300 0.320045
0.031350 0.292735
0.031400 0.257751
0.031450 0.353015
0.031500 0.346516
0.031550 0.291958
0.031600 0.311839
0.031650 0.286171
0.031700 0.309916
0.031750 0.285442
0.031800 0.276782
0.031850 0.249584
0.031900 0.339200
0.031950 0.280122
0.032000 0.322690
0.032050 0.328868
0.032100 0.282353
0.032150 0.264605
0.032200 0.368039
0.032250 0.281389
0.032300 0.344444
0.032350 0.242556
0.032400 0.358264
0.032450 0.223612
0.032500 0.320098
0.032550 0.317278
0.032600 0.344487
0.032650 0.346973
0.032700 0.267599
0.032750 0.284953
0.032800 0.280710
0.032850 0.297508
0.032900 0.252441
0.032950 0.259313
0.033000 0.247052
0.033050 0.339336
0.033100 0.285520
0.033150 0.294544
0.033200 0.340188
0.033250 0.326102
0.033300 0.301951
0.033350 0.247635
0.033400 0.298112
0.033450 0.281150
0.033500 0.333229
0.033550 0.307593
0.033600 0.330975
0.033650 0.260105
0.033700 0.192973
0.033750 0.218159
0.033800 0.286790
0.033850 0.295388
0.033900 0.238165
0.033950 0.307173
0.034000 0.348569
0.034050 0.304901
0.034100 0.340272
0.034150 0.290302
0.034200 0.253131
0.034250 0.254903
0.034300 0.302029
0.034350 0.273685
0.034400 0.254178
0.034450 0.332570
0.034500 0.329078
0.034550 0.332494
0.034600 0.319296
0.034650 0.337274
0.034700 0.249693
0.034750 0.249433
0.034800 0.232448
0.034850 0.284496
0.034900 0.300424
0.034950 0.261824
0.035000 0.282647
0.035050 0.377273
0.035100 0.281794
0.035150 0.309110
0.035200 0.301296
0.035250 0.270154
0.035300 0.303927
0.035350 0.259967
0.035400 0.259782
0.035450 0.305750
0.035500 0.287926
0.035550 0.297798
0.035600 0.255666
0.035650 0.333312
0.035700 0.317623
0.035750 0.322635
0.035800 0.280349
0.035850 0.317587
0.035900 0.217655
0.035950 0.242589
0.036000 0.230860
0.036050 0.291286
0.036100 0.231226
0.036150 0.243320
0.036200 0.300418
0.036250 0.221994
0.036300 0.274836
0.036350 0.295868
0.036400 0.233155
0.036450 0.302317
0.036500 0.280392
0.036550 0.279608
0.036600 0.256834
0.036650 0.219290
0.036700 0.269061
0.036750 0.250591
0.036800 0.271847
0.036850 0.312381
0.036900 0.253318
0.036950 0.215478
0.037000 0.237509
0.037050 0.212145
0.037100 0.241664
0.037150 0.330082
0.037200 0.349575
0.037250 0.269185
0.037300 0.205655
0.037350 0.217421
0.037400 0.279421
0.037450 0.301173
0.037500 0.274200
0.037550 0.262162
0.037600 0.292247
0.037650 0.256857
0.037700 0.240959
0.037750 0.276409
0.037800 0.221163
0.037850 0.284707
0.037900 0.251354
0.037950 0.306032
0.038000 0.288634
0.038050 0.354990
0.038100 0.276640
0.038150 0.213264
0.038200 0.325592
0.038250 0.312740
0.038300 0.217771
0.038350 0.315201
0.038400 0.281516
0.038450 0.302372
0.038500 0.334106
0.038550 0.293398
0.038600 0.267221
0.038650 0.312153
0.038700 0.299137
0.038750 0.272105
0.038800 0.284598
0.038850 0.350824
0.038900 0.263066
0.038950 0.285732
0.039000 0.253818
0.039050 0.299202
0.039100 0.299349
0.039150 0.225019
0.039200 0.309762
0.039250 0.255710
0.039300 0.208537
0.039350 0.287267
0.039400 0.288978
0.039450 0.246458
0.039500 0.249657
0.039550 0.298015
0.039600 0.249813
0.039650 0.242719
0.039700 0.293636
0.039750 0.239676
0.039800 0.346509
0.039850 0.271005
0.039900 0.235968
0.039950 0.296002
0.040000 0.292985
0.040050 0.229007
0.040100 0.282030
0.040150 0.292642
0.040200 0.311346
0.040250 0.219700
0.040300 0.230204
0.040350 0.261758
0.040400 0.291814
0.040450 0.319554
0.040500 0.190065
0.040550 0.304511
0.040600 0.341335
0.040650 0.309921
0.040700 0.226233
0.040750 0.248319
0.040800 0.257417
0.040850 0.295181
0.040900 0.312611
0.040950 0.286647
0.041000 0.289325
0.041050 0.268999
0.041100 0.265884
0.041150 0.345160
0.041200 0.415652
0.041250 0.446754
0.041300 0.516839
0.041350 0.561511
0.041400 0.840123
0.041450 0.866593
0.041500 0.976256
0.041550 1.341736
0.041600 1.631061
0.041650 2.295053
0.041700 2.992319
0.041750 3.468863
0.041800 4.527137
0.041850 5.447557
0.041900 6.619582
0.041950 7.233796
0.042000 8.421191
0.042050 8.956005
0.042100 9.632596
0.042150 10.124156
0.042200 10.525282
0.042250 10.365162
0.042300 9.981630
0.042350 9.131106
0.042400 8.526252
0.042450 7.777240
0.042500 7.009350
0.042550 5.749646
0.042600 5.160177
0.042650 4.666803
0.042700 4.374294
0.042750 3.942054
0.042800 3.711378
0.042850 3.263652
0.042900 2.828080
0.042950 2.686806
0.043000 2.644037
0.043050 2.333883
0.043100 2.169344
0.043150 2.164060
0.043200 2.033321
0.043250 1.950613
0.043300 1.880613
0.043350 1.844213
0.043400 1.759014
0.043450 1.958002
0.043500 1.767460
0.043550 1.584100
0.043600 1.583431
0.043650 1.524195
0.043700 1.421874
0.043750 1.524180
0.043800 1.487388
0.043850 1.436416
0.043900 1.414271
0.043950 1.247725
0.044000 1.396885
0.044050 1.247551
0.044100 1.230154
0.044150 1.183522
0.044200 1.329658
0.044250 1.205170
0.044300 1.237255
0.044350 1.443493
0.044400 1.243262
0.044450 1.252390
0.044500 1.213431
0.044550 1.319733
0.044600 1.310299
0.044650 1.131863
0.044700 1.049484
0.044750 1.138858
0.044800 1.292216
0.044850 1.323058
0.044900 1.156219
0.044950 1.271419
0.045000 1.206800
0.045050 1.196082
0.045100 1.071547
0.045150 1.058691
0.045200 1.147150
0.045250 1.273952
0.045300 1.090977
0.045350 1.077189
0.045400 1.109712
0.045450 1.158720
0.045500 1.056661
0.045550 0.997127
0.045600 1.024130
0.045650 1.081382
0.045700 1.081175
0.045750 1.125849
0.045800 0.964342
0.045850 0.927152
0.045900 1.076396
0.045950 0.902286
0.046000 0.958777
0.046050 0.985025
0.046100 1.036278
0.046150 0.913060
0.046200 0.899515
0.046250 0.855367
0.046300 0.926950
0.046350 0.850284
0.046400 0.961956
0.046450 0.842418
0.046500 1.046481
0.046550 1.040569
0.046600 0.967460
0.046650 1.023006
0.046700 1.049744
0.046750 1.010110
0.046800 0.900072
0.046850 0.990412
0.046900 0.985262
0.046950 0.850374
0.047000 0.766809
0.047050 0.906231
0.047100 0.965942
0.047150 0.925778
0.047200 0.945965
0.047250 0.874453
0.047300 0.886996
0.047350 1.004806
0.047400 0.848727
0.047450 0.923003
0.047500 0.899560
0.047550 0.910314
0.047600 0.882981
0.047650 0.818355
0.047700 0.883405
0.047750 0.778491
0.047800 0.883787
0.047850 0.912773
0.047900 0.845949
0.047950 0.809635
0.048000 0.842399
0.048050 0.846405
0.048100 0.951538
0.048150 0.795754
0.048200 0.905824
0.048250 0.880996
0.048300 0.917978
0.048350 0.825362
0.048400 0.754745
0.048450 0.960359
0.048500 0.707326
0.048550 0.852030
0.048600 0.748093
0.048650 0.874673
0.048700 0.698418
0.048750 0.610436
0.048800 0.882697
0.048850 1.000293
0.048900 0.834339
0.048950 0.764895
0.049000 0.904191
0.049050 0.820999
0.049100 0.680538
0.049150 0.703976
0.049200 0.713696
0.049250 0.721474
0.049300 0.784548
0.049350 0.859670
0.049400 0.788648
0.049450 0.848090
0.049500 0.708521
0.049550 0.882993
0.049600 0.773995
0.049650 0.686535
0.049700 0.692341
0.049750 0.756929
0.049800 0.862589
0.049850 0.753997
0.049900 0.888834
0.049950 0.836076
0.050000 0.740116
0.050050 0.610802
0.050100 0.678692
0.050150 0.794978
0.050200 0.839252
0.050250 0.670386
0.050300 0.792039
0.050350 0.789063
0.050400 0.788096
0.050450 0.809346
0.050500 0.655756
0.050550 0.740542
0.050600 0.764800
0.050650 0.710038
0.050700 0.778944
0.050750 0.665174
0.050800 0.686329
0.050850 0.581315
0.050900 0.753160
0.050950 0.767412
0.051000 0.590779
0.051050 0.683435
0.051100 0.665880
0.051150 0.694354
0.051200 0.731112
0.051250 0.555596
0.051300 0.655830
0.051350 0.676174
0.051400 0.629693
0.051450 0.678867
0.051500 0.734371
0.051550 0.704381
0.051600 0.790000
0.051650 0.654592
0.051700 0.625396
0.051750 0.763948
0.051800 0.689280
0.051850 0.770096
0.051900 0.650619
0.051950 0.661837
0.052000 0.694949
0.052050 0.785467
0.052100 0.678076
0.052150 0.622576
0.052200 0.705902
0.052250 0.624200
0.052300 0.590426
0.052350 0.741004
0.052400 0.691655
0.052450 0.595965
0.052500 0.707049
0.052550 0.670119
0.052600 0.659409
0.052650 0.708747
0.052700 0.682266
0.052750 0.760254
0.052800 0.687313
0.052850 0.741125
0.052900 0.689190
0.052950 0.770668
0.053000 0.716569
0.053050 0.698425
0.053100 0.646214
0.053150 0.631096
0.053200 0.701136
0.053250 0.658378
0.053300 0.682721
0.053350 0.727425
0.053400 0.669631
0.053450 0.685505
0.053500 0.596466
0.053550 0.815914
0.053600 0.604631
0.053650 0.693477
0.053700 0.571872
0.053750 0.627468
0.053800 0.729531
0.053850 0.573159
0.053900 0.663443
0.053950 0.709699
0.054000 0.686900
0.054050 0.697580
0.054100 0.612986
0.054150 0.625718
0.054200 0.621126
0.054250 0.586114
0.054300 0.652097
0.054350 0.661687
0.054400 0.652791
0.054450 0.615531
0.054500 0.657812
0.054550 0.466522
0.054600 0.532655
0.054650 0.664611
0.054700 0.616255
0.054750 0.755183
0.054800 0.627921
0.054850 0.761635
0.054900 0.546233
0.054950 0.649243
0.055000 0.590688
0.055050 0.667520
0.055100 0.558155
0.055150 0.605261
0.055200 0.723216
0.055250 0.500844
0.055300 0.622146
0.055350 0.512206
0.055400 0.694745
0.055450 0.687969
0.055500 0.655622
0.055550 0.622076
0.055600 0.582875
0.055650 0.647171
0.055700 0.632476
0.055750 0.597654
0.055800 0.465560
0.055850 0.586898
0.055900 0.584354
0.055950 0.621004
0.056000 0.735102
0.056050 0.599300
0.056100 0.561959
0.056150 0.590835
0.056200 0.600664
0.056250 0.670198
0.056300 0.655393
0.056350 0.580765
0.056400 0.522874
0.056450 0.595910
0.056500 0.623901
0.056550 0.527447
0.056600 0.659604
0.056650 0.626548
0.056700 0.597945
0.056750 0.593123
0.056800 0.604207
0.056850 0.560697
0.056900 0.576301
0.056950 0.580547
0.057000 0.568831
0.057050 0.607333
0.057100 0.549925
0.057150 0.597615
0.057200 0.584746
0.057250 0.560384
0.057300 0.511872
0.057350 0.544742
0.057400 0.540931
0.057450 0.577361
0.057500 0.572451
0.057550 0.567529
0.057600 0.424235
0.057650 0.526371
0.057700 0.538684
0.057750 0.630794
0.057800 0.516041
0.057850 0.695123
0.057900 0.645188
0.057950 0.669364
0.058000 0.562410
0.058050 0.497012
0.058100 0.514019
0.058150 0.662603
0.058200 0.604201
0.058250 0.620273
0.058300 0.497514
0.058350 0.549640
0.058400 0.534099
0.058450 0.557129
0.058500 0.499420
0.058550 0.477896
0.058600 0.551331
0.058650 0.616737
0.058700 0.578911
0.058750 0.528053
0.058800 0.465296
0.058850 0.537850
0.058900 0.565788
0.058950 0.617398
0.059000 0.541592
0.059050 0.471504
0.059100 0.547931
0.059150 0.568905
0.059200 0.540163
0.059250 0.610973
0.059300 0.636857
0.059350 0.596279
0.059400 0.487826
0.059450 0.661130
0.059500 0.560942
0.059550 0.505798
0.059600 0.498236
0.059650 0.500208
0.059700 0.552376
0.059750 0.448000
0.059800 0.561217
0.059850 0.465069
0.059900 0.580904
0.059950 0.523030
0.060000 0.558690
0.060050 0.497078
0.060100 0.642229
0.060150 0.603531
0.060200 0.570762
0.060250 0.508968
0.060300 0.485645
0.060350 0.485217
0.060400 0.418294
0.060450 0.576266
0.060500 0.555403
0.060550 0.498129
0.060600 0.507429
0.060650 0.401423
0.060700 0.406936
0.060750 0.517040
0.060800 0.528840
0.060850 0.572338
0.060900 0.529395
0.060950 0.552227
0.061000 0.487204
0.061050 0.423244
0.061100 0.530348
0.061150 0.435756
0.061200 0.576133
0.061250 0.552571
0.061300 0.548584
0.061350 0.513888
0.061400 0.614298
0.061450 0.536604
0.061500 0.521502
0.061550 0.535932
0.061600 0.493680
0.061650 0.469836
0.061700 0.391595
0.061750 0.591265
0.061800 0.471038
0.061850 0.520126
0.061900 0.527208
0.061950 0.431388
0.062000 0.476811
0.062050 0.495021
0.062100 0.638819
0.062150 0.468233
0.062200 0.459086
0.062250 0.408800
0.062300 0.494317
0.062350 0.487689
0.062400 0.538500
0.062450 0.373184
0.062500 0.541489
0.062550 0.418483
0.062600 0.449302
0.062650 0.472672
0.062700 0.395699
0.062750 0.494383
0.062800 0.462576
0.062850 0.454596
0.062900 0.455411
0.062950 0.448669
0.063000 0.478481
0.063050 0.414977
0.063100 0.536984
0.063150 0.507602
0.063200 0.517366
0.063250 0.582858
0.063300 0.464791
0.063350 0.569613
0.063400 0.554129
0.063450 0.421769
0.063500 0.418739
0.063550 0.494567
0.063600 0.487830
0.063650 0.572806
0.063700 0.586583
0.063750 0.485553
0.063800 0.594991
0.063850 0.394133
0.063900 0.517670
0.063950 0.495578
0.064000 0.477278
0.064050 0.411502
0.064100 0.493118
0.064150 0.456798
0.064200 0.383129
0.064250 0.441747
0.064300 0.590593
0.064350 0.564619
0.064400 0.542452
0.064450 0.422194
0.064500 0.448831
0.064550 0.462611
0.064600 0.522972
0.064650 0.473484
0.064700 0.511942
0.064750 0.471434
0.064800 0.490495
0.064850 0.458979
0.064900 0.461165
0.064950 0.434757
0.065000 0.503262
0.065050 0.634422
0.065100 0.436226
0.065150 0.507502
0.065200 0.576333
0.065250 0.484685
0.065300 0.516992
0.065350 0.457814
0.065400 0.411591
0.065450 0.379673
0.065500 0.469606
0.065550 0.423298
0.065600 0.455665
0.065650 0.531469
0.065700 0.379952
0.065750 0.462338
0.065800 0.448772
0.065850 0.491850
0.065900 0.474353
0.065950 0.528097
0.066000 0.535729
0.066050 0.592293
0.066100 0.410846
0.066150 0.365360
0.066200 0.530447
0.066250 0.483749
0.066300 0.419695
0.066350 0.595865
0.066400 0.416262
0.066450 0.494274
0.066500 0.406088
0.066550 0.412276
0.066600 0.385154
0.066650 0.458022
0.066700 0.377530
0.066750 0.409082
0.066800 0.478142
0.066850 0.449684
0.066900 0.387688
0.066950 0.523874
0.067000 0.444465
0.067050 0.571547
0.067100 0.383309
0.067150 0.511835
0.067200 0.469834
0.067250 0.503116
0.067300 0.465082
0.067350 0.405396
0.067400 0.383350
0.067450 0.503006
0.067500 0.448650
0.067550 0.437438
0.067600 0.315256
0.067650 0.366116
0.067700 0.361535
0.067750 0.470849
0.067800 0.439278
0.067850 0.342454
0.067900 0.503627
0.067950 0.371397
0.068000 0.466163
0.068050 0.434473
0.068100 0.389084
0.068150 0.421344
0.068200 0.412726
0.068250 0.405456
0.068300 0.454218
0.068350 0.464784
0.068400 0.404186
0.068450 0.432506
0.068500 0.411533
0.068550 0.476951
0.068600 0.495831
0.068650 0.419947
0.068700 0.433273
0.068750 0.432869
0.068800 0.418695
0.068850 0.334213
0.068900 0.445366
0.068950 0.472582
0.069000 0.450142
0.069050 0.532686
0.069100 0.425939
0.069150 0.419993
0.069200 0.372485
0.069250 0.427439
0.069300 0.399293
0.069350 0.393295
0.069400 0.398397
0.069450 0.516101
0.069500 0.457403
0.069550 0.305315
0.069600 0.542940
0.069650 0.485550
0.069700 0.348522
0.069750 0.387096
0.069800 0.459282
0.069850 0.498072
0.069900 0.451607
