0.04976 -0.0250000004 -0.00625887484 -0.0344358314 asynchronous_release_0
0.019067 -0.0250000004 0.015419178 0.031420518 asynchronous_release_0
0.050836 -0.0250000004 -0.0064690318 0.0343969712 synchronous_release_0
0.002732 -0.0250000004 0.0243924481 0.0250999697 synchronous_release_0
0.047196 -0.0250000004 0.0339334354 -0.00857449484 synchronous_release_0
0.044324 -0.0250000004 0.033930073 0.00858779069 synchronous_release_0
0.059618 -0.0250000004 0.0157699517 -0.0312459377 synchronous_release_1
0.046412 -0.0250000004 -0.00943861884 0.0337033006 synchronous_release_0
0.049716 -0.0250000004 0.0181990574 0.0298963929 synchronous_release_0
0.045132 -0.0250000004 0.0580266217 -0.0175473979 synchronous_release_0
0.058804 -0.0250000004 0.0101309949 0.0335016857 synchronous_release_1
0.063637 -0.0250000004 -0.028442563 0.0203965833 asynchronous_release_0
0.043439 -0.0250000004 0.034214466 -0.00737362288 synchronous_release_0
0.0479 -0.0250000004 0.000633358437 -0.000773858573 synchronous_release_1
0.047574 -0.0250000004 0.0264423464 0.0229303798 synchronous_release_0
0.050233 -0.0250000004 0.0179736273 -0.0300324611 synchronous_release_0
0.023118 -0.0250000004 -0.000998825782 -4.84464281e-05 synchronous_release_0
0.047538 -0.0250000004 0.0585552296 -0.0156934726 synchronous_release_0
0.046277 -0.0250000004 0.0235353792 -0.0259053262 synchronous_release_1
0.003833 -0.0250000004 0.0244006353 0.0250920107 synchronous_release_0
0.043396 -0.0250000004 0.0339306363 -0.00858556468 synchronous_release_0
0.005411 -0.0250000004 0.0349544236 0.00178557375 synchronous_release_0
0.045326 -0.0250000004 0.0301470325 -0.0177807883 synchronous_release_0
0.045218 -0.0250000004 0.0318655674 0.0144770719 synchronous_release_0
0.042571 -0.0250000004 0.0348357092 0.003387236 synchronous_release_0
0.066097 -0.0250000004 -0.034217028 -0.00736172518 synchronous_release_0
0.043357 -0.0250000004 -0.0125804805 0.0326608559 synchronous_release_0
0.044554 -0.0250000004 0.0349267946 0.00226252446 synchronous_release_0
0.047215 -0.0250000004 0.00507367194 -0.0346303025 asynchronous_release_0
0.0085 -0.0250000004 0.0339655653 -0.00844632318 synchronous_release_1
0.042462 -0.0250000004 0.0346125419 0.00519345172 synchronous_release_0
0.042559 -0.0250000004 0.0237717957 -0.0256885525 synchronous_release_1
0.044635 -0.0250000004 0.0328200556 0.0121591096 synchronous_release_0
0.046261 -0.0250000004 0.00138314225 -0.0349726596 synchronous_release_0
0.05116 -0.0250000004 -0.0309787828 0.0162884935 synchronous_release_0
0.043117 -0.0250000004 0.0599388146 -0.00907405636 synchronous_release_0
0.043234 -0.0250000004 0.0308546209 -0.0165224808 synchronous_release_0
0.04254 -0.0250000004 0.0287554445 -0.0199530552 synchronous_release_0
0.042826 -0.0250000004 0.033989397 0.00834990368 synchronous_release_0
0.053608 -0.0250000004 0.0311512665 -0.0159561461 asynchronous_release_0
0.054565 -0.0250000004 0.0345473892 -0.00561051662 asynchronous_release_0
0.003669 -0.0250000004 -0.020789299 -0.028156794 synchronous_release_0
0.048936 -0.0250000004 -0.0325151851 -0.0129523255 synchronous_release_1
0.003586 -0.0250000004 0.0179350662 0.0300555053 synchronous_release_0
0.004763 -0.0250000004 -0.0116325854 0.0330103462 synchronous_release_0
0.035636 -0.0250000004 -0.0343333247 -0.00679873621 asynchronous_release_0
0.046688 -0.0250000004 0.0250689813 -0.0244242948 asynchronous_release_0
0.060069 -0.0250000004 0.000969214916 -0.000246216262 synchronous_release_0
0.053293 -0.0250000004 0.00736674955 0.0342159466 synchronous_release_0
0.046241 -0.0250000004 0.0243217987 -0.0251684347 synchronous_release_0
0.043041 -0.0250000004 0.0218627057 -0.027331705 synchronous_release_0
0.05706 -0.0250000004 0.012738598 0.0325995111 synchronous_release_0
0.053994 -0.0250000004 0.00553771745 -0.0345591332 asynchronous_release_0
0.043911 -0.0250000004 0.00446681869 -0.0347137945 synchronous_release_0
0.053082 -0.0250000004 0.0348537505 0.00319625995 synchronous_release_0
0.025904 -0.0250000004 -0.00807734398 0.034055198 asynchronous_release_0
0.044509 -0.0250000004 0.0219907911 0.0272287551 synchronous_release_0
0.042394 -0.0250000004 0.029692009 -0.0185306396 synchronous_release_0
0.049313 -0.0250000004 0.00615131038 0.0344552083 synchronous_release_1
0.046901 -0.0250000004 -0.00399186714 0.0347716119 synchronous_release_1
0.053405 -0.0250000004 0.0126822989 -0.0326214545 asynchronous_release_0
0.017781 -0.0250000004 -0.00999870686 -0.0335414052 synchronous_release_0
0.050858 -0.0250000004 0.0324806244 0.0130387514 synchronous_release_1
0.045269 -0.0250000004 0.0314781836 -0.0153011096 synchronous_release_0
0.06197 -0.0250000004 -0.0344270554 0.00630696894 asynchronous_release_0
0.043992 -0.0250000004 0.00801445814 -0.0340700523 synchronous_release_1
0.044222 -0.0250000004 0.0347665728 0.00403551896 synchronous_release_0
0.03703 -0.0250000004 0.0309526915 0.0163380198 asynchronous_release_0
0.040216 -0.0250000004 -0.00152843407 -0.0349666111 asynchronous_release_0
0.046481 -0.0250000004 0.0339741558 -0.00841170239 synchronous_release_0
0.055092 -0.0250000004 0.0327472609 -0.0123538214 synchronous_release_0
0.014329 -0.0250000004 0.0349532927 -0.00180757523 asynchronous_release_0
0.044953 -0.0250000004 0.0237599282 -0.0256995294 synchronous_release_0
0.059295 -0.0250000004 0.0233926447 0.0260342884 asynchronous_release_0
0.004611 -0.0250000004 0.0274220243 0.0217493122 synchronous_release_0
0.044812 -0.0250000004 0.00967832135 -0.0336352508 synchronous_release_0
0.046224 -0.0250000004 -0.0146926643 -0.0317667376 synchronous_release_0
0.04285 -0.0250000004 0.0117246842 0.0329777467 synchronous_release_0
0.04297 -0.0250000004 0.0339382398 0.00855545917 synchronous_release_0
0.044139 -0.0250000004 0.0121122387 -0.0328373823 synchronous_release_0
0.043684 -0.0250000004 0.0284317163 0.0204117002 synchronous_release_0
0.046199 -0.0250000004 0.0288160261 -0.0198654635 synchronous_release_1
0.051955 -0.0250000004 0.0349571755 0.00173086113 asynchronous_release_0
0.009836 -0.0250000004 0.033720774 0.00937600118 synchronous_release_0
0.047217 -0.0250000004 0.000800482749 -0.000599355794 synchronous_release_0
0.047986 -0.0250000004 0.0253184499 0.0241655973 synchronous_release_1
0.0531 -0.0250000004 -0.0252074959 -0.0242813127 asynchronous_release_0
0.046991 -0.0250000004 0.000948332109 -0.000317279389 synchronous_release_0
0.043333 -0.0250000004 -0.023731172 0.0257260855 synchronous_release_0
0.04674 -0.0250000004 0.03197698 0.0142292919 synchronous_release_0
0.036653 -0.0250000004 0.0300429808 -0.0179560381 asynchronous_release_0
0.044176 -0.0250000004 0.0345939773 0.00531570664 synchronous_release_0
0.022034 -0.0250000004 -0.0232996196 0.0261175751 asynchronous_release_0
0.066018 -0.0250000004 0.0295770508 0.0187135797 synchronous_release_0
0.045198 -0.0250000004 -0.000931139065 -0.000364664287 synchronous_release_1
0.049304 -0.0250000004 -0.0026240975 0.0349014915 synchronous_release_0
0.006705 -0.0250000004 0.0211633838 -0.027876714 synchronous_release_0
0.003096 -0.0250000004 0.0222810731 0.0269917354 synchronous_release_0
0.046802 -0.0250000004 0.0276813994 -0.0214182196 synchronous_release_0
0.043522 -0.0250000004 0.0324901191 -0.0130150745 synchronous_release_0
0.006891 -0.0250000004 0.0190292322 -0.0293749608 synchronous_release_0
0.065282 -0.0250000004 -0.000260734595 0.000965410519 asynchronous_release_0
0.048413 -0.0250000004 -0.0242587209 0.0252292382 synchronous_release_0
0.059293 -0.0250000004 0.0347034374 0.00454658469 synchronous_release_1
0.045442 -0.0250000004 0.0326897755 -0.012505142 synchronous_release_0
0.049701 -0.0250000004 -0.000233583849 -0.0349992205 asynchronous_release_0
0.022979 -0.0250000004 0.00264900159 0.0348996102 asynchronous_release_0
0.054606 -0.0250000004 0.0288994482 -0.0197439078 asynchronous_release_0
0.044363 -0.0250000004 0.0315484498 0.0151557024 synchronous_release_0
0.045106 -0.0250000004 0.0259762061 -0.023457125 synchronous_release_0
0.044756 -0.0250000004 -0.0037431389 -0.034799266 synchronous_release_0
0.05776 -0.0250000004 0.0282654789 -0.0206412864 synchronous_release_0
0.048924 -0.0250000004 0.0348033014 0.00370542992 synchronous_release_0
0.049472 -0.0250000004 0.0347646442 0.00405209953 synchronous_release_1
0.053442 -0.0250000004 0.0163557331 0.0309433352 synchronous_release_1
0.00638 -0.0250000004 0.0294141926 -0.0189685337 synchronous_release_0
0.061547 -0.0250000004 -0.0336862956 0.00949913093 asynchronous_release_0
0.054005 -0.0250000004 0.0346399903 0.00500710237 asynchronous_release_0
0.043037 -0.0250000004 0.0129837173 0.0325026627 synchronous_release_0
0.055164 -0.0250000004 0.0345405244 0.00565262572 synchronous_release_0
0.044608 -0.0250000004 -0.00575768011 0.0345231679 synchronous_release_1
0.057452 -0.0250000004 0.0468015261 0.03853073 synchronous_release_0
0.040886 -0.0250000004 0.0132672852 -0.0323879475 asynchronous_release_0
0.04271 -0.0250000004 -0.0172784276 -0.0304377388 synchronous_release_1
0.062012 -0.0250000004 0.0130204002 0.0324879851 synchronous_release_1
0.0458 -0.0250000004 0.0222704506 0.0270005006 synchronous_release_1
0.063289 -0.0250000004 0.0216982354 -0.0274624576 asynchronous_release_0
0.05404 -0.0250000004 0.0100834145 -0.0335160372 synchronous_release_0
0.054929 -0.0250000004 0.0341133852 -0.00782795937 synchronous_release_1
0.021234 -0.0250000004 0.013953246 -0.0320983944 synchronous_release_0
0.047515 -0.0250000004 0.0348927828 -0.00273746326 synchronous_release_1
0.04326 -0.0250000004 0.00045254941 -0.000891739329 synchronous_release_0
0.04364 -0.0250000004 0.000194827811 -0.000980837461 synchronous_release_0
0.050191 -0.0250000004 -0.0112592514 -0.0331395422 synchronous_release_0
0.01252 -0.0250000004 0.0167047066 -0.0307563453 synchronous_release_0
0.059895 -0.0250000004 0.0343232408 0.00684946286 asynchronous_release_0
0.003586 -0.0250000004 0.0230934292 -0.026300067 synchronous_release_0
0.04295 -0.0250000004 -0.0230934292 0.026300067 synchronous_release_0
0.043333 -0.0250000004 -0.00476198689 -0.0346745365 synchronous_release_0
0.042904 -0.0250000004 -0.00930905785 -0.033739316 synchronous_release_0
0.047319 -0.0250000004 0.026807178 0.0225027823 synchronous_release_1
0.046431 -0.0250000004 0.000722321018 0.000691557913 synchronous_release_0
0.003429 -0.0250000004 0.0344948061 0.00592523037 synchronous_release_0
0.052533 -0.0250000004 0.0281193014 0.020839983 synchronous_release_0
0.048007 -0.0250000004 0.0185365992 -0.0296882888 synchronous_release_0
0.043577 -0.0250000004 -0.016394016 0.0309230697 synchronous_release_0
0.053713 -0.0250000004 -0.0127164362 0.0326081623 synchronous_release_0
0.049874 -0.0250000004 0.0178411649 0.0301113406 synchronous_release_0
0.067335 -0.0250000004 0.0348663927 0.00305526815 asynchronous_release_0
0.055035 -0.0250000004 0.0346017948 -0.00526457944 asynchronous_release_0
0.055331 -0.0250000004 0.0144197241 0.0318915593 synchronous_release_0
0.042711 -0.0250000004 0.0145274003 -0.0318426544 asynchronous_release_2
0.043271 -0.0250000004 -0.0210977038 -0.0279264551 synchronous_release_0
0.044819 -0.0250000004 -0.00316611208 -0.034856502 synchronous_release_0
0.006099 -0.0250000004 0.00196295965 0.0349449108 synchronous_release_0
0.050265 -0.0250000004 0.000440484162 0.0349972281 asynchronous_release_0
0.045861 -0.0250000004 0.0221633569 0.0270884775 synchronous_release_0
