0.00000	13.46400
0.00005	2.44800
0.00010	20.80800
0.00015	7.34400
0.00020	6.12000
0.00025	2.44800
0.00030	6.12000
0.00035	6.12000
0.00040	3.67200
0.00045	15.91200
0.00050	18.36000
0.00055	19.58400
0.00060	2.44800
0.00065	4.89600
0.00070	4.89600
0.00075	22.03200
0.00080	28.15200
0.00085	19.58400
0.00090	6.12000
0.00095	4.89600
0.00100	4.89600
0.00105	2.44800
0.00110	13.46400
0.00115	20.80800
0.00120	12.24000
0.00125	2.44800
0.00130	24.48000
0.00135	59.97600
0.00140	52.63200
0.00145	95.47200
0.00150	101.59200
0.00155	134.64000
0.00160	139.53600
0.00165	128.52000
0.00170	235.00800
0.00175	317.01600
0.00180	341.49600
0.00185	474.91200
0.00190	527.54400
0.00195	684.21600
0.00200	689.11200
0.00205	730.72800
0.00210	730.72800
0.00215	842.11200
0.00220	771.12000
0.00225	815.18400
0.00230	779.68800
0.00235	663.40800
0.00240	728.28000
0.00245	533.66400
0.00250	455.32800
0.00255	389.23200
0.00260	257.04000
0.00265	250.92000
0.00270	292.53600
0.00275	203.18400
0.00280	219.09600
0.00285	193.39200
0.00290	117.50400
0.00295	155.44800
0.00300	78.33600
0.00305	154.22400
0.00310	113.83200
0.00315	140.76000
0.00320	95.47200
0.00325	135.86400
0.00330	88.12800
0.00335	73.44000
0.00340	99.14400
0.00345	116.28000
0.00350	82.00800
0.00355	121.17600
0.00360	79.56000
0.00365	141.98400
0.00370	75.88800
0.00375	64.87200
0.00380	82.00800
0.00385	66.09600
0.00390	40.39200
0.00395	111.38400
0.00400	94.24800
0.00405	42.84000
0.00410	82.00800
0.00415	22.03200
0.00420	75.88800
0.00425	23.25600
0.00430	74.66400
0.00435	48.96000
0.00440	56.30400
0.00445	67.32000
0.00450	68.54400
0.00455	62.42400
0.00460	35.49600
0.00465	40.39200
0.00470	63.64800
0.00475	51.40800
0.00480	47.73600
0.00485	36.72000
0.00490	67.32000
0.00495	33.04800
0.00500	23.25600
0.00505	34.27200
0.00510	41.61600
0.00515	26.92800
0.00520	107.71200
0.00525	41.61600
0.00530	66.09600
0.00535	61.20000
0.00540	67.32000
0.00545	39.16800
0.00550	30.60000
0.00555	57.52800
0.00560	50.18400
0.00565	59.97600
0.00570	62.42400
0.00575	18.36000
0.00580	28.15200
0.00585	66.09600
0.00590	26.92800
0.00595	59.97600
0.00600	73.44000
0.00605	17.13600
0.00610	15.91200
0.00615	22.03200
0.00620	34.27200
0.00625	75.88800
0.00630	52.63200
0.00635	42.84000
0.00640	53.85600
0.00645	37.94400
0.00650	51.40800
0.00655	40.39200
0.00660	20.80800
0.00665	26.92800
0.00670	15.91200
0.00675	25.70400
0.00680	25.70400
0.00685	37.94400
0.00690	53.85600
0.00695	36.72000
0.00700	37.94400
0.00705	17.13600
0.00710	39.16800
0.00715	83.23200
0.00720	39.16800
0.00725	70.99200
0.00730	37.94400
0.00735	53.85600
0.00740	36.72000
0.00745	61.20000
0.00750	22.03200
0.00755	42.84000
0.00760	37.94400
0.00765	25.70400
0.00770	17.13600
0.00775	79.56000
0.00780	12.24000
0.00785	55.08000
0.00790	41.61600
0.00795	90.57600
0.00800	28.15200
0.00805	46.51200
0.00810	33.04800
0.00815	35.49600
0.00820	26.92800
0.00825	29.37600
0.00830	40.39200
0.00835	44.06400
0.00840	47.73600
0.00845	50.18400
0.00850	34.27200
0.00855	26.92800
0.00860	41.61600
0.00865	48.96000
0.00870	47.73600
0.00875	46.51200
0.00880	42.84000
0.00885	50.18400
0.00890	25.70400
0.00895	28.15200
0.00900	34.27200
0.00905	45.28800
0.00910	19.58400
0.00915	17.13600
0.00920	17.13600
0.00925	33.04800
0.00930	53.85600
0.00935	77.11200
0.00940	52.63200
0.00945	18.36000
0.00950	40.39200
0.00955	51.40800
0.00960	55.08000
0.00965	46.51200
0.00970	44.06400
0.00975	39.16800
0.00980	28.15200
0.00985	41.61600
0.00990	37.94400
0.00995	91.80000
0.01000	35.49600
0.01005	14.68800
0.01010	44.06400
0.01015	69.76800
0.01020	25.70400
0.01025	40.39200
0.01030	47.73600
0.01035	39.16800
0.01040	15.91200
0.01045	14.68800
0.01050	37.94400
0.01055	29.37600
0.01060	17.13600
0.01065	17.13600
0.01070	31.82400
0.01075	72.21600
0.01080	24.48000
0.01085	19.58400
0.01090	30.60000
0.01095	47.73600
0.01100	14.68800
0.01105	37.94400
0.01110	23.25600
0.01115	22.03200
0.01120	75.88800
0.01125	41.61600
0.01130	28.15200
0.01135	8.56800
0.01140	34.27200
0.01145	26.92800
0.01150	7.34400
0.01155	59.97600
0.01160	28.15200
0.01165	20.80800
0.01170	19.58400
0.01175	69.76800
0.01180	36.72000
0.01185	25.70400
0.01190	11.01600
0.01195	34.27200
0.01200	42.84000
0.01205	24.48000
0.01210	31.82400
0.01215	35.49600
0.01220	22.03200
0.01225	45.28800
0.01230	17.13600
0.01235	12.24000
0.01240	8.56800
0.01245	63.64800
0.01250	34.27200
0.01255	23.25600
0.01260	33.04800
0.01265	25.70400
0.01270	29.37600
0.01275	26.92800
0.01280	6.12000
0.01285	18.36000
0.01290	18.36000
0.01295	8.56800
0.01300	15.91200
0.01305	53.85600
0.01310	29.37600
0.01315	30.60000
0.01320	25.70400
0.01325	19.58400
0.01330	17.13600
0.01335	31.82400
0.01340	17.13600
0.01345	55.08000
0.01350	31.82400
0.01355	17.13600
0.01360	11.01600
0.01365	42.84000
0.01370	19.58400
0.01375	58.75200
0.01380	22.03200
0.01385	39.16800
0.01390	23.25600
0.01395	37.94400
0.01400	40.39200
0.01405	37.94400
0.01410	35.49600
0.01415	15.91200
0.01420	25.70400
0.01425	48.96000
0.01430	26.92800
0.01435	40.39200
0.01440	20.80800
0.01445	30.60000
0.01450	40.39200
0.01455	37.94400
0.01460	29.37600
0.01465	19.58400
0.01470	36.72000
0.01475	33.04800
0.01480	15.91200
0.01485	12.24000
0.01490	34.27200
0.01495	42.84000
0.01500	8.56800
0.01505	47.73600
0.01510	70.99200
0.01515	44.06400
0.01520	45.28800
0.01525	17.13600
0.01530	50.18400
0.01535	34.27200
0.01540	41.61600
0.01545	18.36000
0.01550	22.03200
0.01555	17.13600
0.01560	17.13600
0.01565	59.97600
0.01570	15.91200
0.01575	23.25600
0.01580	33.04800
0.01585	13.46400
0.01590	26.92800
0.01595	56.30400
0.01600	30.60000
0.01605	62.42400
0.01610	31.82400
0.01615	14.68800
0.01620	17.13600
0.01625	25.70400
0.01630	35.49600
0.01635	23.25600
0.01640	22.03200
0.01645	48.96000
0.01650	35.49600
0.01655	63.64800
0.01660	25.70400
0.01665	33.04800
0.01670	55.08000
0.01675	22.03200
0.01680	66.09600
0.01685	12.24000
0.01690	29.37600
0.01695	36.72000
0.01700	61.20000
0.01705	17.13600
0.01710	50.18400
0.01715	30.60000
0.01720	23.25600
0.01725	57.52800
0.01730	40.39200
0.01735	9.79200
0.01740	15.91200
0.01745	9.79200
0.01750	45.28800
0.01755	24.48000
0.01760	25.70400
0.01765	6.12000
0.01770	36.72000
0.01775	12.24000
0.01780	31.82400
0.01785	15.91200
0.01790	22.03200
0.01795	28.15200
0.01800	13.46400
0.01805	22.03200
0.01810	28.15200
0.01815	13.46400
0.01820	51.40800
0.01825	15.91200
0.01830	31.82400
0.01835	26.92800
0.01840	31.82400
0.01845	42.84000
0.01850	36.72000
0.01855	50.18400
0.01860	41.61600
0.01865	19.58400
0.01870	15.91200
0.01875	17.13600
0.01880	22.03200
0.01885	51.40800
0.01890	17.13600
0.01895	22.03200
0.01900	50.18400
0.01905	24.48000
0.01910	37.94400
0.01915	28.15200
0.01920	23.25600
0.01925	45.28800
0.01930	24.48000
0.01935	51.40800
0.01940	2.44800
0.01945	20.80800
0.01950	17.13600
0.01955	50.18400
0.01960	29.37600
0.01965	35.49600
0.01970	46.51200
0.01975	42.84000
0.01980	47.73600
0.01985	17.13600
0.01990	46.51200
0.01995	35.49600
0.02000	33.04800
0.02005	55.08000
0.02010	19.58400
0.02015	3.67200
0.02020	28.15200
0.02025	35.49600
0.02030	20.80800
0.02035	24.48000
0.02040	46.51200
0.02045	19.58400
0.02050	15.91200
0.02055	13.46400
0.02060	46.51200
0.02065	26.92800
0.02070	34.27200
0.02075	48.96000
0.02080	41.61600
0.02085	25.70400
0.02090	7.34400
0.02095	42.84000
0.02100	12.24000
0.02105	15.91200
0.02110	12.24000
0.02115	29.37600
0.02120	46.51200
0.02125	11.01600
0.02130	6.12000
0.02135	44.06400
0.02140	11.01600
0.02145	44.06400
0.02150	24.48000
0.02155	25.70400
0.02160	42.84000
0.02165	9.79200
0.02170	23.25600
0.02175	37.94400
0.02180	34.27200
0.02185	13.46400
0.02190	36.72000
0.02195	28.15200
0.02200	23.25600
0.02205	28.15200
0.02210	25.70400
0.02215	13.46400
0.02220	36.72000
0.02225	15.91200
0.02230	25.70400
0.02235	33.04800
0.02240	11.01600
0.02245	14.68800
0.02250	9.79200
0.02255	9.79200
0.02260	24.48000
0.02265	42.84000
0.02270	44.06400
0.02275	26.92800
0.02280	50.18400
0.02285	33.04800
0.02290	50.18400
0.02295	39.16800
0.02300	39.16800
0.02305	31.82400
0.02310	34.27200
0.02315	28.15200
0.02320	18.36000
0.02325	14.68800
0.02330	29.37600
0.02335	33.04800
0.02340	31.82400
0.02345	34.27200
0.02350	6.12000
0.02355	15.91200
0.02360	24.48000
0.02365	37.94400
0.02370	26.92800
0.02375	36.72000
0.02380	41.61600
0.02385	20.80800
0.02390	39.16800
0.02395	26.92800
0.02400	19.58400
0.02405	13.46400
0.02410	15.91200
0.02415	22.03200
0.02420	17.13600
0.02425	13.46400
0.02430	22.03200
0.02435	17.13600
0.02440	24.48000
0.02445	24.48000
0.02450	25.70400
0.02455	55.08000
0.02460	29.37600
0.02465	46.51200
0.02470	18.36000
0.02475	13.46400
0.02480	41.61600
0.02485	24.48000
0.02490	52.63200
0.02495	22.03200
0.02500	36.72000
0.02505	34.27200
0.02510	20.80800
0.02515	31.82400
0.02520	20.80800
0.02525	3.67200
0.02530	17.13600
0.02535	22.03200
0.02540	4.89600
0.02545	25.70400
0.02550	35.49600
0.02555	50.18400
0.02560	14.68800
0.02565	56.30400
0.02570	14.68800
0.02575	23.25600
0.02580	40.39200
0.02585	24.48000
0.02590	26.92800
0.02595	14.68800
0.02600	7.34400
0.02605	19.58400
0.02610	11.01600
0.02615	4.89600
0.02620	40.39200
0.02625	20.80800
0.02630	7.34400
0.02635	33.04800
0.02640	31.82400
0.02645	59.97600
0.02650	33.04800
0.02655	17.13600
0.02660	30.60000
0.02665	23.25600
0.02670	13.46400
0.02675	17.13600
0.02680	37.94400
0.02685	39.16800
0.02690	9.79200
0.02695	17.13600
0.02700	0.00000
0.02705	20.80800
0.02710	52.63200
0.02715	19.58400
0.02720	7.34400
0.02725	25.70400
0.02730	22.03200
0.02735	23.25600
0.02740	24.48000
0.02745	11.01600
0.02750	6.12000
0.02755	3.67200
0.02760	12.24000
0.02765	35.49600
0.02770	17.13600
0.02775	6.12000
0.02780	12.24000
0.02785	19.58400
0.02790	9.79200
0.02795	11.01600
0.02800	12.24000
0.02805	7.34400
0.02810	25.70400
0.02815	6.12000
0.02820	7.34400
0.02825	31.82400
0.02830	13.46400
0.02835	20.80800
0.02840	19.58400
0.02845	9.79200
0.02850	19.58400
0.02855	30.60000
0.02860	22.03200
0.02865	20.80800
0.02870	28.15200
0.02875	0.00000
0.02880	17.13600
0.02885	39.16800
0.02890	52.63200
0.02895	45.28800
0.02900	51.40800
0.02905	13.46400
0.02910	6.12000
0.02915	17.13600
0.02920	50.18400
0.02925	20.80800
0.02930	22.03200
0.02935	25.70400
0.02940	25.70400
0.02945	26.92800
0.02950	40.39200
0.02955	23.25600
0.02960	3.67200
0.02965	53.85600
0.02970	25.70400
0.02975	42.84000
0.02980	13.46400
0.02985	59.97600
0.02990	34.27200
0.02995	17.13600
0.03000	35.49600
0.03005	20.80800
0.03010	24.48000
0.03015	7.34400
0.03020	9.79200
0.03025	12.24000
0.03030	19.58400
0.03035	24.48000
0.03040	18.36000
0.03045	37.94400
0.03050	24.48000
0.03055	22.03200
0.03060	13.46400
0.03065	6.12000
0.03070	33.04800
0.03075	40.39200
0.03080	18.36000
0.03085	6.12000
0.03090	18.36000
0.03095	35.49600
0.03100	22.03200
0.03105	7.34400
0.03110	24.48000
0.03115	33.04800
0.03120	22.03200
0.03125	26.92800
0.03130	18.36000
0.03135	3.67200
0.03140	19.58400
0.03145	35.49600
0.03150	22.03200
0.03155	11.01600
0.03160	4.89600
0.03165	18.36000
0.03170	28.15200
0.03175	20.80800
0.03180	23.25600
0.03185	14.68800
0.03190	24.48000
0.03195	25.70400
0.03200	12.24000
0.03205	18.36000
0.03210	17.13600
0.03215	15.91200
0.03220	17.13600
0.03225	28.15200
0.03230	29.37600
0.03235	25.70400
0.03240	29.37600
0.03245	14.68800
0.03250	19.58400
0.03255	18.36000
0.03260	46.51200
0.03265	7.34400
0.03270	29.37600
0.03275	11.01600
0.03280	13.46400
0.03285	14.68800
0.03290	34.27200
0.03295	8.56800
0.03300	39.16800
0.03305	23.25600
0.03310	7.34400
0.03315	19.58400
0.03320	4.89600
0.03325	29.37600
0.03330	29.37600
0.03335	6.12000
0.03340	24.48000
0.03345	26.92800
0.03350	61.20000
0.03355	22.03200
0.03360	19.58400
0.03365	15.91200
0.03370	28.15200
0.03375	24.48000
0.03380	39.16800
0.03385	36.72000
0.03390	51.40800
0.03395	13.46400
0.03400	0.00000
0.03405	36.72000
0.03410	13.46400
0.03415	35.49600
0.03420	31.82400
0.03425	14.68800
0.03430	42.84000
0.03435	23.25600
0.03440	31.82400
0.03445	75.88800
0.03450	8.56800
0.03455	19.58400
0.03460	18.36000
0.03465	3.67200
0.03470	45.28800
0.03475	29.37600
0.03480	35.49600
0.03485	31.82400
0.03490	6.12000
0.03495	12.24000
0.03500	4.89600
0.03505	18.36000
0.03510	17.13600
0.03515	23.25600
0.03520	14.68800
0.03525	9.79200
0.03530	8.56800
0.03535	18.36000
0.03540	30.60000
0.03545	29.37600
0.03550	18.36000
0.03555	33.04800
0.03560	23.25600
0.03565	12.24000
0.03570	51.40800
0.03575	7.34400
0.03580	20.80800
0.03585	23.25600
0.03590	20.80800
0.03595	19.58400
0.03600	24.48000
0.03605	33.04800
0.03610	34.27200
0.03615	11.01600
0.03620	11.01600
0.03625	22.03200
0.03630	23.25600
0.03635	31.82400
0.03640	25.70400
0.03645	13.46400
0.03650	13.46400
0.03655	3.67200
0.03660	23.25600
0.03665	24.48000
0.03670	13.46400
0.03675	7.34400
0.03680	40.39200
0.03685	39.16800
0.03690	14.68800
0.03695	25.70400
0.03700	18.36000
0.03705	33.04800
0.03710	20.80800
0.03715	19.58400
0.03720	17.13600
0.03725	25.70400
0.03730	7.34400
0.03735	44.06400
0.03740	34.27200
0.03745	9.79200
0.03750	26.92800
0.03755	34.27200
0.03760	11.01600
0.03765	51.40800
0.03770	19.58400
0.03775	47.73600
0.03780	22.03200
0.03785	13.46400
0.03790	0.00000
0.03795	9.79200
0.03800	14.68800
0.03805	25.70400
0.03810	13.46400
0.03815	12.24000
0.03820	24.48000
0.03825	44.06400
0.03830	26.92800
0.03835	24.48000
0.03840	17.13600
0.03845	11.01600
0.03850	20.80800
0.03855	3.67200
0.03860	23.25600
0.03865	53.85600
0.03870	22.03200
0.03875	45.28800
0.03880	9.79200
0.03885	6.12000
0.03890	12.24000
0.03895	41.61600
0.03900	12.24000
0.03905	20.80800
0.03910	25.70400
0.03915	15.91200
0.03920	20.80800
0.03925	30.60000
0.03930	12.24000
0.03935	14.68800
0.03940	37.94400
0.03945	36.72000
0.03950	36.72000
0.03955	18.36000
0.03960	29.37600
0.03965	12.24000
0.03970	35.49600
0.03975	19.58400
0.03980	36.72000
0.03985	35.49600
0.03990	19.58400
0.03995	30.60000
0.04000	4.89600
0.04005	6.12000
0.04010	24.48000
0.04015	34.27200
0.04020	25.70400
0.04025	15.91200
0.04030	22.03200
0.04035	9.79200
0.04040	24.48000
0.04045	15.91200
0.04050	36.72000
0.04055	12.24000
0.04060	11.01600
0.04065	15.91200
0.04070	14.68800
0.04075	12.24000
0.04080	36.72000
0.04085	9.79200
0.04090	8.56800
0.04095	31.82400
0.04100	24.48000
0.04105	4.89600
0.04110	8.56800
0.04115	13.46400
0.04120	31.82400
0.04125	26.92800
0.04130	25.70400
0.04135	19.58400
0.04140	13.46400
0.04145	47.73600
0.04150	17.13600
0.04155	8.56800
0.04160	6.12000
0.04165	13.46400
0.04170	12.24000
0.04175	20.80800
0.04180	6.12000
0.04185	-0.00000
0.04190	15.91200
0.04195	11.01600
0.04200	20.80800
0.04205	24.48000
0.04210	33.04800
0.04215	55.08000
0.04220	14.68800
0.04225	19.58400
0.04230	25.70400
0.04235	14.68800
0.04240	24.48000
0.04245	30.60000
0.04250	6.12000
0.04255	12.24000
0.04260	19.58400
0.04265	26.92800
0.04270	15.91200
0.04275	12.24000
0.04280	47.73600
0.04285	12.24000
0.04290	22.03200
0.04295	18.36000
0.04300	19.58400
0.04305	11.01600
0.04310	15.91200
0.04315	19.58400
0.04320	14.68800
0.04325	20.80800
0.04330	14.68800
0.04335	9.79200
0.04340	11.01600
0.04345	30.60000
0.04350	26.92800
0.04355	18.36000
0.04360	28.15200
0.04365	25.70400
0.04370	29.37600
0.04375	18.36000
0.04380	6.12000
0.04385	8.56800
0.04390	36.72000
0.04395	20.80800
0.04400	15.91200
0.04405	14.68800
0.04410	41.61600
0.04415	31.82400
0.04420	7.34400
0.04425	0.00000
0.04430	30.60000
0.04435	37.94400
0.04440	57.52800
0.04445	12.24000
0.04450	12.24000
0.04455	13.46400
0.04460	6.12000
0.04465	7.34400
0.04470	4.89600
0.04475	8.56800
0.04480	25.70400
0.04485	26.92800
0.04490	9.79200
0.04495	15.91200
0.04500	7.34400
0.04505	4.89600
0.04510	3.67200
0.04515	30.60000
0.04520	39.16800
0.04525	9.79200
0.04530	4.89600
0.04535	8.56800
0.04540	29.37600
0.04545	25.70400
0.04550	34.27200
0.04555	20.80800
0.04560	64.87200
0.04565	19.58400
0.04570	26.92800
0.04575	22.03200
0.04580	14.68800
0.04585	14.68800
0.04590	31.82400
0.04595	20.80800
0.04600	33.04800
0.04605	53.85600
0.04610	18.36000
0.04615	13.46400
0.04620	26.92800
0.04625	50.18400
0.04630	23.25600
0.04635	11.01600
0.04640	12.24000
0.04645	3.67200
0.04650	23.25600
0.04655	25.70400
0.04660	29.37600
0.04665	48.96000
0.04670	2.44800
0.04675	9.79200
0.04680	15.91200
0.04685	31.82400
0.04690	14.68800
0.04695	18.36000
0.04700	13.46400
0.04705	18.36000
0.04710	14.68800
0.04715	29.37600
0.04720	12.24000
0.04725	9.79200
0.04730	24.48000
0.04735	30.60000
0.04740	18.36000
0.04745	8.56800
0.04750	30.60000
0.04755	28.15200
0.04760	12.24000
0.04765	37.94400
0.04770	22.03200
0.04775	20.80800
0.04780	11.01600
0.04785	37.94400
0.04790	29.37600
0.04795	12.24000
0.04800	14.68800
0.04805	29.37600
0.04810	34.27200
0.04815	9.79200
0.04820	58.75200
0.04825	18.36000
0.04830	67.32000
0.04835	25.70400
0.04840	7.34400
0.04845	18.36000
0.04850	8.56800
0.04855	1.22400
0.04860	13.46400
0.04865	40.39200
0.04870	19.58400
0.04875	23.25600
0.04880	26.92800
0.04885	6.12000
0.04890	34.27200
0.04895	33.04800
0.04900	22.03200
0.04905	35.49600
0.04910	6.12000
0.04915	30.60000
0.04920	11.01600
0.04925	24.48000
0.04930	19.58400
0.04935	26.92800
0.04940	29.37600
0.04945	35.49600
0.04950	39.16800
0.04955	9.79200
0.04960	18.36000
0.04965	20.80800
0.04970	14.68800
0.04975	17.13600
0.04980	3.67200
0.04985	7.34400
0.04990	17.13600
0.04995	28.15200
0.05000	12.24000
0.05005	12.24000
0.05010	47.73600
0.05015	39.16800
0.05020	1.22400
0.05025	14.68800
0.05030	4.89600
0.05035	12.24000
0.05040	29.37600
0.05045	12.24000
0.05050	15.91200
0.05055	6.12000
0.05060	28.15200
0.05065	2.44800
0.05070	36.72000
0.05075	36.72000
0.05080	20.80800
0.05085	37.94400
0.05090	39.16800
0.05095	12.24000
0.05100	30.60000
0.05105	33.04800
0.05110	7.34400
0.05115	24.48000
0.05120	26.92800
0.05125	15.91200
0.05130	15.91200
0.05135	11.01600
0.05140	11.01600
0.05145	41.61600
0.05150	9.79200
0.05155	23.25600
0.05160	24.48000
0.05165	24.48000
0.05170	28.15200
0.05175	4.89600
0.05180	11.01600
0.05185	22.03200
0.05190	36.72000
0.05195	56.30400
0.05200	19.58400
0.05205	31.82400
0.05210	28.15200
0.05215	13.46400
0.05220	26.92800
0.05225	2.44800
0.05230	9.79200
0.05235	11.01600
0.05240	51.40800
0.05245	14.68800
0.05250	18.36000
0.05255	11.01600
0.05260	19.58400
0.05265	7.34400
0.05270	14.68800
0.05275	30.60000
0.05280	17.13600
0.05285	30.60000
0.05290	24.48000
0.05295	23.25600
0.05300	8.56800
0.05305	20.80800
0.05310	15.91200
0.05315	13.46400
0.05320	17.13600
0.05325	25.70400
0.05330	14.68800
0.05335	31.82400
0.05340	22.03200
0.05345	18.36000
0.05350	14.68800
0.05355	14.68800
0.05360	18.36000
0.05365	29.37600
0.05370	22.03200
0.05375	12.24000
0.05380	19.58400
0.05385	8.56800
0.05390	18.36000
0.05395	19.58400
0.05400	17.13600
0.05405	7.34400
0.05410	15.91200
0.05415	25.70400
0.05420	13.46400
0.05425	12.24000
0.05430	18.36000
0.05435	2.44800
0.05440	22.03200
0.05445	-0.00000
0.05450	34.27200
0.05455	24.48000
0.05460	11.01600
0.05465	22.03200
0.05470	41.61600
0.05475	1.22400
0.05480	19.58400
0.05485	11.01600
0.05490	6.12000
0.05495	53.85600
0.05500	30.60000
0.05505	9.79200
0.05510	37.94400
0.05515	1.22400
0.05520	3.67200
0.05525	22.03200
0.05530	55.08000
0.05535	6.12000
0.05540	22.03200
0.05545	11.01600
0.05550	17.13600
0.05555	3.67200
0.05560	23.25600
0.05565	9.79200
0.05570	40.39200
0.05575	4.89600
0.05580	15.91200
0.05585	30.60000
0.05590	28.15200
0.05595	24.48000
0.05600	11.01600
0.05605	28.15200
0.05610	34.27200
0.05615	28.15200
0.05620	11.01600
0.05625	12.24000
0.05630	22.03200
0.05635	9.79200
0.05640	31.82400
0.05645	20.80800
0.05650	18.36000
0.05655	7.34400
0.05660	35.49600
0.05665	47.73600
0.05670	17.13600
0.05675	47.73600
0.05680	14.68800
0.05685	37.94400
0.05690	26.92800
0.05695	24.48000
0.05700	20.80800
0.05705	40.39200
0.05710	7.34400
0.05715	25.70400
0.05720	3.67200
0.05725	41.61600
0.05730	7.34400
0.05735	13.46400
0.05740	22.03200
0.05745	12.24000
0.05750	23.25600
0.05755	17.13600
0.05760	20.80800
0.05765	15.91200
0.05770	7.34400
0.05775	2.44800
0.05780	18.36000
0.05785	37.94400
0.05790	7.34400
0.05795	7.34400
0.05800	61.20000
0.05805	18.36000
0.05810	25.70400
0.05815	17.13600
0.05820	15.91200
0.05825	6.12000
0.05830	14.68800
0.05835	17.13600
0.05840	13.46400
0.05845	2.44800
0.05850	26.92800
0.05855	26.92800
0.05860	37.94400
0.05865	55.08000
0.05870	22.03200
0.05875	11.01600
0.05880	17.13600
0.05885	18.36000
0.05890	25.70400
0.05895	1.22400
0.05900	11.01600
0.05905	8.56800
0.05910	15.91200
0.05915	46.51200
0.05920	26.92800
0.05925	2.44800
0.05930	37.94400
0.05935	9.79200
0.05940	19.58400
0.05945	14.68800
0.05950	23.25600
0.05955	34.27200
0.05960	7.34400
0.05965	8.56800
0.05970	6.12000
0.05975	63.64800
0.05980	37.94400
0.05985	13.46400
0.05990	48.96000
0.05995	14.68800
0.06000	0.00000
0.06005	12.24000
0.06010	25.70400
0.06015	17.13600
0.06020	23.25600
0.06025	31.82400
0.06030	23.25600
0.06035	0.00000
0.06040	14.68800
0.06045	3.67200
0.06050	8.56800
0.06055	13.46400
0.06060	20.80800
0.06065	15.91200
0.06070	24.48000
0.06075	7.34400
0.06080	15.91200
0.06085	45.28800
0.06090	45.28800
0.06095	15.91200
0.06100	22.03200
0.06105	14.68800
0.06110	11.01600
0.06115	31.82400
0.06120	42.84000
0.06125	22.03200
0.06130	18.36000
0.06135	15.91200
0.06140	9.79200
0.06145	24.48000
0.06150	13.46400
0.06155	12.24000
0.06160	11.01600
0.06165	22.03200
0.06170	18.36000
0.06175	18.36000
0.06180	29.37600
0.06185	18.36000
0.06190	9.79200
0.06195	3.67200
0.06200	25.70400
0.06205	22.03200
0.06210	18.36000
0.06215	24.48000
0.06220	2.44800
0.06225	2.44800
0.06230	8.56800
0.06235	13.46400
0.06240	6.12000
0.06245	20.80800
0.06250	36.72000
0.06255	15.91200
0.06260	22.03200
0.06265	15.91200
0.06270	8.56800
0.06275	24.48000
0.06280	25.70400
0.06285	15.91200
0.06290	8.56800
0.06295	9.79200
0.06300	8.56800
0.06305	24.48000
0.06310	18.36000
0.06315	11.01600
0.06320	29.37600
0.06325	22.03200
0.06330	3.67200
0.06335	37.94400
0.06340	41.61600
0.06345	31.82400
0.06350	12.24000
0.06355	40.39200
0.06360	11.01600
0.06365	23.25600
0.06370	12.24000
0.06375	19.58400
0.06380	26.92800
0.06385	23.25600
0.06390	34.27200
0.06395	4.89600
0.06400	13.46400
0.06405	8.56800
0.06410	0.00000
0.06415	34.27200
0.06420	11.01600
0.06425	30.60000
0.06430	9.79200
0.06435	29.37600
0.06440	30.60000
0.06445	15.91200
0.06450	44.06400
0.06455	12.24000
0.06460	39.16800
0.06465	20.80800
0.06470	36.72000
0.06475	11.01600
0.06480	13.46400
0.06485	15.91200
0.06490	4.89600
0.06495	26.92800
0.06500	7.34400
0.06505	36.72000
0.06510	11.01600
0.06515	14.68800
0.06520	22.03200
0.06525	12.24000
0.06530	3.67200
0.06535	8.56800
0.06540	11.01600
0.06545	19.58400
0.06550	14.68800
0.06555	19.58400
0.06560	6.12000
0.06565	17.13600
0.06570	17.13600
0.06575	14.68800
0.06580	20.80800
0.06585	31.82400
0.06590	18.36000
0.06595	4.89600
0.06600	25.70400
0.06605	24.48000
0.06610	15.91200
0.06615	4.89600
0.06620	15.91200
0.06625	39.16800
0.06630	9.79200
0.06635	-0.00000
0.06640	9.79200
0.06645	26.92800
0.06650	8.56800
0.06655	13.46400
0.06660	8.56800
0.06665	14.68800
0.06670	11.01600
0.06675	12.24000
0.06680	3.67200
0.06685	1.22400
0.06690	12.24000
0.06695	17.13600
0.06700	19.58400
0.06705	4.89600
0.06710	53.85600
0.06715	18.36000
0.06720	11.01600
0.06725	12.24000
0.06730	55.08000
0.06735	34.27200
0.06740	13.46400
0.06745	15.91200
0.06750	28.15200
0.06755	35.49600
0.06760	20.80800
0.06765	36.72000
0.06770	67.32000
0.06775	3.67200
0.06780	40.39200
0.06785	15.91200
0.06790	7.34400
0.06795	7.34400
0.06800	23.25600
0.06805	4.89600
0.06810	9.79200
0.06815	9.79200
0.06820	8.56800
0.06825	13.46400
0.06830	18.36000
0.06835	28.15200
0.06840	2.44800
0.06845	14.68800
0.06850	15.91200
0.06855	12.24000
0.06860	17.13600
0.06865	1.22400
0.06870	13.46400
0.06875	28.15200
0.06880	24.48000
0.06885	17.13600
0.06890	7.34400
0.06895	24.48000
0.06900	15.91200
0.06905	20.80800
0.06910	8.56800
0.06915	20.80800
0.06920	9.79200
0.06925	14.68800
0.06930	19.58400
0.06935	15.91200
0.06940	17.13600
0.06945	19.58400
0.06950	26.92800
0.06955	41.61600
0.06960	24.48000
0.06965	34.27200
0.06970	31.82400
0.06975	8.56800
0.06980	15.91200
0.06985	1.22400
0.06990	13.46400
0.06995	14.68800
0.07000	3.67200
0.07005	1.22400
0.07010	17.13600
0.07015	3.67200
0.07020	41.61600
0.07025	47.73600
0.07030	18.36000
0.07035	6.12000
0.07040	30.60000
0.07045	1.22400
0.07050	1.22400
0.07055	7.34400
0.07060	25.70400
0.07065	11.01600
0.07070	15.91200
0.07075	18.36000
0.07080	9.79200
0.07085	3.67200
0.07090	4.89600
0.07095	26.92800
0.07100	4.89600
0.07105	6.12000
0.07110	9.79200
0.07115	19.58400
0.07120	22.03200
0.07125	7.34400
0.07130	29.37600
0.07135	8.56800
0.07140	20.80800
0.07145	14.68800
0.07150	36.72000
0.07155	24.48000
0.07160	45.28800
0.07165	24.48000
0.07170	9.79200
0.07175	13.46400
0.07180	9.79200
0.07185	6.12000
0.07190	7.34400
0.07195	29.37600
0.07200	24.48000
0.07205	17.13600
0.07210	13.46400
0.07215	15.91200
0.07220	31.82400
0.07225	31.82400
0.07230	12.24000
0.07235	2.44800
0.07240	9.79200
0.07245	29.37600
0.07250	20.80800
0.07255	20.80800
0.07260	24.48000
0.07265	17.13600
0.07270	33.04800
0.07275	39.16800
0.07280	13.46400
0.07285	37.94400
0.07290	13.46400
0.07295	8.56800
0.07300	6.12000
0.07305	26.92800
0.07310	15.91200
0.07315	4.89600
0.07320	15.91200
0.07325	12.24000
0.07330	15.91200
0.07335	17.13600
0.07340	20.80800
0.07345	17.13600
0.07350	18.36000
0.07355	42.84000
0.07360	24.48000
0.07365	2.44800
0.07370	26.92800
0.07375	20.80800
0.07380	29.37600
0.07385	4.89600
0.07390	4.89600
0.07395	11.01600
0.07400	4.89600
0.07405	13.46400
0.07410	18.36000
0.07415	31.82400
0.07420	26.92800
0.07425	30.60000
0.07430	28.15200
0.07435	7.34400
0.07440	20.80800
0.07445	18.36000
0.07450	12.24000
0.07455	30.60000
0.07460	22.03200
0.07465	14.68800
0.07470	2.44800
0.07475	11.01600
0.07480	28.15200
0.07485	30.60000
0.07490	24.48000
0.07495	26.92800
0.07500	3.67200
0.07505	7.34400
0.07510	7.34400
0.07515	15.91200
0.07520	17.13600
0.07525	23.25600
0.07530	23.25600
0.07535	13.46400
0.07540	3.67200
0.07545	14.68800
0.07550	17.13600
0.07555	15.91200
0.07560	9.79200
0.07565	12.24000
0.07570	9.79200
0.07575	6.12000
0.07580	4.89600
0.07585	55.08000
0.07590	15.91200
0.07595	11.01600
0.07600	11.01600
0.07605	33.04800
0.07610	19.58400
0.07615	3.67200
0.07620	26.92800
0.07625	18.36000
0.07630	26.92800
0.07635	41.61600
0.07640	14.68800
0.07645	25.70400
0.07650	7.34400
0.07655	29.37600
0.07660	9.79200
0.07665	23.25600
0.07670	39.16800
0.07675	28.15200
0.07680	12.24000
0.07685	41.61600
0.07690	25.70400
0.07695	11.01600
0.07700	4.89600
0.07705	30.60000
0.07710	17.13600
0.07715	8.56800
0.07720	6.12000
0.07725	20.80800
0.07730	22.03200
0.07735	58.75200
0.07740	17.13600
0.07745	7.34400
0.07750	35.49600
0.07755	20.80800
0.07760	24.48000
0.07765	15.91200
0.07770	52.63200
0.07775	15.91200
0.07780	22.03200
0.07785	28.15200
0.07790	22.03200
0.07795	29.37600
0.07800	8.56800
0.07805	9.79200
0.07810	1.22400
0.07815	28.15200
0.07820	14.68800
0.07825	24.48000
0.07830	12.24000
0.07835	12.24000
0.07840	15.91200
0.07845	25.70400
0.07850	15.91200
0.07855	20.80800
0.07860	14.68800
0.07865	28.15200
0.07870	20.80800
0.07875	28.15200
0.07880	29.37600
0.07885	26.92800
0.07890	18.36000
0.07895	20.80800
0.07900	3.67200
0.07905	40.39200
0.07910	11.01600
0.07915	17.13600
0.07920	13.46400
0.07925	31.82400
0.07930	18.36000
0.07935	28.15200
0.07940	33.04800
0.07945	26.92800
0.07950	4.89600
0.07955	35.49600
0.07960	35.49600
0.07965	22.03200
0.07970	20.80800
0.07975	36.72000
0.07980	37.94400
0.07985	14.68800
0.07990	15.91200
0.07995	22.03200
0.08000	11.01600
0.08005	17.13600
0.08010	15.91200
0.08015	14.68800
0.08020	22.03200
0.08025	25.70400
0.08030	14.68800
0.08035	35.49600
0.08040	8.56800
0.08045	28.15200
0.08050	7.34400
0.08055	20.80800
0.08060	18.36000
0.08065	24.48000
0.08070	24.48000
0.08075	17.13600
0.08080	9.79200
0.08085	26.92800
0.08090	31.82400
0.08095	6.12000
0.08100	22.03200
0.08105	4.89600
0.08110	35.49600
0.08115	33.04800
0.08120	18.36000
0.08125	19.58400
0.08130	29.37600
0.08135	23.25600
0.08140	13.46400
0.08145	4.89600
0.08150	19.58400
0.08155	17.13600
0.08160	15.91200
0.08165	8.56800
0.08170	3.67200
0.08175	31.82400
0.08180	17.13600
0.08185	12.24000
0.08190	8.56800
0.08195	14.68800
0.08200	40.39200
0.08205	1.22400
0.08210	30.60000
0.08215	24.48000
0.08220	28.15200
0.08225	22.03200
0.08230	12.24000
0.08235	11.01600
0.08240	3.67200
0.08245	18.36000
0.08250	40.39200
0.08255	11.01600
0.08260	11.01600
0.08265	51.40800
0.08270	15.91200
0.08275	19.58400
0.08280	33.04800
0.08285	20.80800
0.08290	19.58400
0.08295	1.22400
0.08300	11.01600
0.08305	17.13600
0.08310	14.68800
0.08315	11.01600
0.08320	0.00000
0.08325	19.58400
0.08330	23.25600
0.08335	31.82400
0.08340	6.12000
0.08345	12.24000
0.08350	22.03200
0.08355	20.80800
0.08360	39.16800
0.08365	30.60000
0.08370	13.46400
0.08375	17.13600
0.08380	2.44800
0.08385	6.12000
0.08390	26.92800
0.08395	28.15200
0.08400	4.89600
0.08405	23.25600
0.08410	15.91200
0.08415	46.51200
0.08420	8.56800
0.08425	26.92800
0.08430	40.39200
0.08435	61.20000
0.08440	47.73600
0.08445	26.92800
0.08450	29.37600
0.08455	2.44800
0.08460	7.34400
0.08465	33.04800
0.08470	8.56800
0.08475	4.89600
0.08480	8.56800
0.08485	25.70400
0.08490	57.52800
0.08495	3.67200
0.08500	12.24000
0.08505	15.91200
0.08510	26.92800
0.08515	6.12000
0.08520	14.68800
0.08525	28.15200
0.08530	39.16800
0.08535	23.25600
0.08540	29.37600
0.08545	4.89600
0.08550	30.60000
0.08555	2.44800
0.08560	24.48000
0.08565	2.44800
0.08570	23.25600
0.08575	30.60000
0.08580	25.70400
0.08585	26.92800
0.08590	15.91200
0.08595	12.24000
0.08600	8.56800
0.08605	28.15200
0.08610	13.46400
0.08615	33.04800
0.08620	7.34400
0.08625	25.70400
0.08630	40.39200
0.08635	13.46400
0.08640	28.15200
0.08645	4.89600
0.08650	22.03200
0.08655	12.24000
0.08660	13.46400
0.08665	11.01600
0.08670	1.22400
0.08675	56.30400
0.08680	11.01600
0.08685	3.67200
0.08690	20.80800
0.08695	9.79200
0.08700	7.34400
0.08705	15.91200
0.08710	11.01600
0.08715	22.03200
0.08720	12.24000
0.08725	48.96000
0.08730	7.34400
0.08735	14.68800
0.08740	18.36000
0.08745	20.80800
0.08750	24.48000
0.08755	15.91200
0.08760	14.68800
0.08765	13.46400
0.08770	25.70400
0.08775	35.49600
0.08780	4.89600
0.08785	11.01600
0.08790	6.12000
0.08795	2.44800
0.08800	15.91200
0.08805	12.24000
0.08810	4.89600
0.08815	26.92800
0.08820	11.01600
0.08825	20.80800
0.08830	6.12000
0.08835	13.46400
0.08840	23.25600
0.08845	28.15200
0.08850	8.56800
0.08855	28.15200
0.08860	9.79200
0.08865	28.15200
0.08870	2.44800
0.08875	3.67200
0.08880	8.56800
0.08885	14.68800
0.08890	23.25600
0.08895	3.67200
0.08900	9.79200
0.08905	12.24000
0.08910	14.68800
0.08915	6.12000
0.08920	8.56800
0.08925	20.80800
0.08930	0.00000
0.08935	11.01600
0.08940	19.58400
0.08945	20.80800
0.08950	13.46400
0.08955	6.12000
0.08960	12.24000
0.08965	35.49600
0.08970	14.68800
0.08975	24.48000
0.08980	17.13600
0.08985	8.56800
0.08990	12.24000
0.08995	12.24000
0.09000	22.03200
0.09005	17.13600
0.09010	25.70400
0.09015	23.25600
0.09020	11.01600
0.09025	26.92800
0.09030	36.72000
0.09035	2.44800
0.09040	11.01600
0.09045	7.34400
0.09050	28.15200
0.09055	28.15200
0.09060	14.68800
0.09065	11.01600
0.09070	17.13600
0.09075	9.79200
0.09080	19.58400
0.09085	9.79200
0.09090	4.89600
0.09095	31.82400
0.09100	17.13600
0.09105	11.01600
0.09110	11.01600
0.09115	11.01600
0.09120	13.46400
0.09125	42.84000
0.09130	14.68800
0.09135	12.24000
0.09140	17.13600
0.09145	6.12000
0.09150	11.01600
0.09155	8.56800
0.09160	6.12000
0.09165	18.36000
0.09170	22.03200
0.09175	26.92800
0.09180	6.12000
0.09185	17.13600
0.09190	20.80800
0.09195	3.67200
0.09200	26.92800
0.09205	2.44800
0.09210	34.27200
0.09215	8.56800
0.09220	57.52800
0.09225	4.89600
0.09230	17.13600
0.09235	20.80800
0.09240	33.04800
0.09245	20.80800
0.09250	31.82400
0.09255	23.25600
0.09260	6.12000
0.09265	39.16800
0.09270	29.37600
0.09275	12.24000
0.09280	8.56800
0.09285	17.13600
0.09290	22.03200
0.09295	11.01600
0.09300	31.82400
0.09305	6.12000
0.09310	9.79200
0.09315	19.58400
0.09320	2.44800
0.09325	25.70400
0.09330	17.13600
0.09335	20.80800
0.09340	1.22400
0.09345	7.34400
0.09350	28.15200
0.09355	28.15200
0.09360	24.48000
0.09365	41.61600
0.09370	22.03200
0.09375	11.01600
0.09380	20.80800
0.09385	12.24000
0.09390	36.72000
0.09395	20.80800
0.09400	13.46400
0.09405	15.91200
0.09410	18.36000
0.09415	30.60000
0.09420	22.03200
0.09425	26.92800
0.09430	30.60000
0.09435	40.39200
0.09440	24.48000
0.09445	25.70400
0.09450	25.70400
0.09455	7.34400
0.09460	28.15200
0.09465	31.82400
0.09470	18.36000
0.09475	47.73600
0.09480	24.48000
0.09485	11.01600
0.09490	3.67200
0.09495	29.37600
0.09500	18.36000
0.09505	22.03200
0.09510	29.37600
0.09515	22.03200
0.09520	1.22400
0.09525	23.25600
0.09530	15.91200
0.09535	28.15200
0.09540	14.68800
0.09545	13.46400
0.09550	0.00000
0.09555	8.56800
0.09560	15.91200
0.09565	20.80800
0.09570	13.46400
0.09575	12.24000
0.09580	11.01600
0.09585	9.79200
0.09590	11.01600
0.09595	25.70400
0.09600	12.24000
0.09605	23.25600
0.09610	7.34400
0.09615	11.01600
0.09620	3.67200
0.09625	47.73600
0.09630	14.68800
0.09635	44.06400
0.09640	13.46400
0.09645	18.36000
0.09650	7.34400
0.09655	31.82400
0.09660	24.48000
0.09665	20.80800
0.09670	18.36000
0.09675	8.56800
0.09680	8.56800
0.09685	14.68800
0.09690	6.12000
0.09695	17.13600
0.09700	1.22400
0.09705	9.79200
0.09710	45.28800
0.09715	6.12000
0.09720	44.06400
0.09725	7.34400
0.09730	7.34400
0.09735	13.46400
0.09740	26.92800
0.09745	42.84000
0.09750	14.68800
0.09755	6.12000
0.09760	26.92800
0.09765	29.37600
0.09770	23.25600
0.09775	23.25600
0.09780	33.04800
0.09785	4.89600
0.09790	36.72000
0.09795	1.22400
0.09800	8.56800
0.09805	19.58400
0.09810	73.44000
0.09815	39.16800
0.09820	11.01600
0.09825	12.24000
0.09830	17.13600
0.09835	24.48000
0.09840	30.60000
0.09845	36.72000
0.09850	13.46400
0.09855	6.12000
0.09860	12.24000
0.09865	8.56800
0.09870	13.46400
0.09875	15.91200
0.09880	11.01600
0.09885	2.44800
0.09890	31.82400
0.09895	9.79200
0.09900	28.15200
0.09905	14.68800
0.09910	33.04800
0.09915	4.89600
0.09920	24.48000
0.09925	15.91200
0.09930	1.22400
0.09935	8.56800
0.09940	18.36000
0.09945	4.89600
0.09950	-0.00000
0.09955	28.15200
0.09960	31.82400
0.09965	12.24000
0.09970	14.68800
0.09975	12.24000
0.09980	14.68800
0.09985	9.79200
0.09990	14.68800
0.09995	13.46400
0.10000	9.79200
0.10005	11.01600
0.10010	39.16800
0.10015	17.13600
0.10020	22.03200
0.10025	11.01600
0.10030	29.37600
0.10035	9.79200
0.10040	9.79200
0.10045	37.94400
0.10050	7.34400
0.10055	44.06400
0.10060	13.46400
0.10065	20.80800
0.10070	22.03200
0.10075	26.92800
0.10080	19.58400
0.10085	12.24000
0.10090	15.91200
0.10095	15.91200
0.10100	17.13600
0.10105	4.89600
0.10110	8.56800
0.10115	6.12000
0.10120	44.06400
0.10125	34.27200
0.10130	45.28800
0.10135	17.13600
0.10140	3.67200
0.10145	13.46400
0.10150	18.36000
0.10155	37.94400
0.10160	34.27200
0.10165	12.24000
0.10170	12.24000
0.10175	8.56800
0.10180	13.46400
0.10185	3.67200
0.10190	13.46400
0.10195	8.56800
0.10200	3.67200
0.10205	23.25600
0.10210	18.36000
0.10215	7.34400
0.10220	13.46400
0.10225	22.03200
0.10230	13.46400
0.10235	29.37600
0.10240	37.94400
0.10245	17.13600
0.10250	37.94400
0.10255	11.01600
0.10260	9.79200
0.10265	12.24000
0.10270	34.27200
0.10275	26.92800
0.10280	34.27200
0.10285	12.24000
0.10290	26.92800
0.10295	17.13600
0.10300	4.89600
0.10305	12.24000
0.10310	28.15200
0.10315	17.13600
0.10320	8.56800
0.10325	14.68800
0.10330	25.70400
0.10335	12.24000
0.10340	18.36000
0.10345	22.03200
0.10350	9.79200
0.10355	28.15200
0.10360	12.24000
0.10365	42.84000
0.10370	31.82400
0.10375	34.27200
0.10380	3.67200
0.10385	8.56800
0.10390	40.39200
0.10395	4.89600
0.10400	18.36000
0.10405	33.04800
0.10410	12.24000
0.10415	9.79200
0.10420	45.28800
0.10425	18.36000
0.10430	36.72000
0.10435	15.91200
0.10440	3.67200
0.10445	4.89600
0.10450	11.01600
0.10455	9.79200
0.10460	14.68800
0.10465	14.68800
0.10470	25.70400
0.10475	29.37600
0.10480	28.15200
0.10485	34.27200
0.10490	9.79200
0.10495	29.37600
0.10500	1.22400
0.10505	17.13600
0.10510	1.22400
0.10515	18.36000
0.10520	19.58400
0.10525	13.46400
0.10530	22.03200
0.10535	13.46400
0.10540	29.37600
0.10545	15.91200
0.10550	12.24000
0.10555	23.25600
0.10560	14.68800
0.10565	9.79200
0.10570	2.44800
0.10575	11.01600
0.10580	11.01600
0.10585	1.22400
0.10590	2.44800
0.10595	29.37600
0.10600	59.97600
0.10605	37.94400
0.10610	8.56800
0.10615	25.70400
0.10620	36.72000
0.10625	23.25600
0.10630	39.16800
0.10635	24.48000
0.10640	17.13600
0.10645	6.12000
0.10650	33.04800
0.10655	13.46400
0.10660	8.56800
0.10665	13.46400
0.10670	42.84000
0.10675	15.91200
0.10680	15.91200
0.10685	8.56800
0.10690	17.13600
0.10695	4.89600
0.10700	2.44800
0.10705	4.89600
0.10710	56.30400
0.10715	3.67200
0.10720	1.22400
0.10725	9.79200
0.10730	15.91200
0.10735	12.24000
0.10740	18.36000
0.10745	13.46400
0.10750	18.36000
0.10755	12.24000
0.10760	3.67200
0.10765	19.58400
0.10770	4.89600
0.10775	26.92800
0.10780	20.80800
0.10785	23.25600
0.10790	7.34400
0.10795	19.58400
0.10800	13.46400
0.10805	3.67200
0.10810	4.89600
0.10815	15.91200
0.10820	39.16800
0.10825	35.49600
0.10830	15.91200
0.10835	12.24000
0.10840	6.12000
0.10845	15.91200
0.10850	23.25600
0.10855	30.60000
0.10860	19.58400
0.10865	18.36000
0.10870	6.12000
0.10875	9.79200
0.10880	17.13600
0.10885	17.13600
0.10890	25.70400
0.10895	33.04800
0.10900	4.89600
0.10905	23.25600
0.10910	7.34400
0.10915	37.94400
0.10920	7.34400
0.10925	26.92800
0.10930	31.82400
0.10935	46.51200
0.10940	8.56800
0.10945	13.46400
0.10950	17.13600
0.10955	11.01600
0.10960	9.79200
0.10965	9.79200
0.10970	3.67200
0.10975	8.56800
0.10980	29.37600
0.10985	4.89600
0.10990	1.22400
0.10995	4.89600
0.11000	7.34400
0.11005	12.24000
0.11010	20.80800
0.11015	31.82400
0.11020	12.24000
0.11025	18.36000
0.11030	4.89600
0.11035	6.12000
0.11040	12.24000
0.11045	9.79200
0.11050	28.15200
0.11055	3.67200
0.11060	3.67200
0.11065	23.25600
0.11070	0.00000
0.11075	23.25600
0.11080	34.27200
0.11085	14.68800
0.11090	46.51200
0.11095	12.24000
0.11100	7.34400
0.11105	34.27200
0.11110	31.82400
0.11115	44.06400
0.11120	20.80800
0.11125	17.13600
0.11130	18.36000
0.11135	4.89600
0.11140	20.80800
0.11145	8.56800
0.11150	17.13600
0.11155	18.36000
0.11160	11.01600
0.11165	15.91200
0.11170	42.84000
0.11175	31.82400
0.11180	48.96000
0.11185	37.94400
0.11190	15.91200
0.11195	13.46400
0.11200	14.68800
0.11205	19.58400
0.11210	14.68800
0.11215	3.67200
0.11220	28.15200
0.11225	18.36000
0.11230	45.28800
0.11235	1.22400
0.11240	31.82400
0.11245	18.36000
0.11250	29.37600
0.11255	18.36000
0.11260	13.46400
0.11265	8.56800
0.11270	9.79200
0.11275	9.79200
0.11280	20.80800
0.11285	14.68800
0.11290	24.48000
0.11295	0.00000
0.11300	13.46400
0.11305	24.48000
0.11310	6.12000
0.11315	9.79200
0.11320	20.80800
0.11325	23.25600
0.11330	19.58400
0.11335	18.36000
0.11340	19.58400
0.11345	8.56800
0.11350	22.03200
0.11355	12.24000
0.11360	15.91200
0.11365	19.58400
0.11370	14.68800
0.11375	37.94400
0.11380	29.37600
0.11385	7.34400
0.11390	11.01600
0.11395	8.56800
0.11400	2.44800
0.11405	12.24000
0.11410	31.82400
0.11415	11.01600
0.11420	17.13600
0.11425	15.91200
0.11430	17.13600
0.11435	44.06400
0.11440	25.70400
0.11445	3.67200
0.11450	19.58400
0.11455	15.91200
0.11460	18.36000
0.11465	15.91200
0.11470	4.89600
0.11475	3.67200
0.11480	18.36000
0.11485	35.49600
0.11490	18.36000
0.11495	2.44800
0.11500	4.89600
0.11505	4.89600
0.11510	19.58400
0.11515	30.60000
0.11520	9.79200
0.11525	3.67200
0.11530	9.79200
0.11535	18.36000
0.11540	20.80800
0.11545	7.34400
0.11550	48.96000
0.11555	33.04800
0.11560	4.89600
0.11565	45.28800
0.11570	35.49600
0.11575	20.80800
0.11580	42.84000
0.11585	23.25600
0.11590	24.48000
0.11595	0.00000
0.11600	22.03200
0.11605	69.76800
0.11610	31.82400
0.11615	12.24000
0.11620	12.24000
0.11625	8.56800
0.11630	8.56800
0.11635	8.56800
0.11640	19.58400
0.11645	6.12000
0.11650	4.89600
0.11655	4.89600
0.11660	6.12000
0.11665	20.80800
0.11670	14.68800
0.11675	13.46400
0.11680	1.22400
0.11685	8.56800
0.11690	12.24000
0.11695	9.79200
0.11700	23.25600
0.11705	37.94400
0.11710	11.01600
0.11715	22.03200
0.11720	9.79200
0.11725	15.91200
0.11730	13.46400
0.11735	6.12000
0.11740	22.03200
0.11745	6.12000
0.11750	13.46400
0.11755	26.92800
0.11760	3.67200
0.11765	6.12000
0.11770	23.25600
0.11775	29.37600
0.11780	25.70400
0.11785	47.73600
0.11790	13.46400
0.11795	17.13600
0.11800	18.36000
0.11805	9.79200
0.11810	19.58400
0.11815	42.84000
0.11820	12.24000
0.11825	13.46400
0.11830	3.67200
0.11835	7.34400
0.11840	12.24000
0.11845	15.91200
0.11850	25.70400
0.11855	12.24000
0.11860	39.16800
0.11865	6.12000
0.11870	9.79200
0.11875	4.89600
0.11880	7.34400
0.11885	29.37600
0.11890	15.91200
0.11895	33.04800
0.11900	2.44800
0.11905	22.03200
0.11910	15.91200
0.11915	26.92800
0.11920	51.40800
0.11925	8.56800
0.11930	42.84000
0.11935	31.82400
0.11940	9.79200
0.11945	15.91200
0.11950	11.01600
0.11955	28.15200
0.11960	6.12000
0.11965	9.79200
0.11970	17.13600
0.11975	14.68800
0.11980	13.46400
0.11985	19.58400
0.11990	4.89600
0.11995	13.46400
0.12000	35.49600
0.12005	15.91200
0.12010	1.22400
0.12015	9.79200
0.12020	20.80800
0.12025	22.03200
0.12030	34.27200
0.12035	31.82400
0.12040	7.34400
0.12045	30.60000
0.12050	13.46400
0.12055	12.24000
0.12060	19.58400
0.12065	12.24000
0.12070	14.68800
0.12075	30.60000
0.12080	3.67200
0.12085	6.12000
0.12090	17.13600
0.12095	23.25600
0.12100	31.82400
0.12105	9.79200
0.12110	17.13600
0.12115	7.34400
0.12120	24.48000
0.12125	11.01600
0.12130	8.56800
0.12135	18.36000
0.12140	8.56800
0.12145	17.13600
0.12150	17.13600
0.12155	33.04800
0.12160	17.13600
0.12165	18.36000
0.12170	9.79200
0.12175	19.58400
0.12180	30.60000
0.12185	46.51200
0.12190	14.68800
0.12195	14.68800
0.12200	9.79200
0.12205	15.91200
0.12210	2.44800
0.12215	15.91200
0.12220	28.15200
0.12225	33.04800
0.12230	29.37600
0.12235	2.44800
0.12240	28.15200
0.12245	22.03200
0.12250	8.56800
0.12255	9.79200
0.12260	4.89600
0.12265	42.84000
0.12270	13.46400
0.12275	19.58400
0.12280	1.22400
0.12285	25.70400
0.12290	7.34400
0.12295	18.36000
0.12300	29.37600
0.12305	20.80800
0.12310	28.15200
0.12315	26.92800
0.12320	6.12000
0.12325	17.13600
0.12330	6.12000
0.12335	17.13600
0.12340	2.44800
0.12345	4.89600
0.12350	7.34400
0.12355	9.79200
0.12360	15.91200
0.12365	40.39200
0.12370	9.79200
0.12375	19.58400
0.12380	59.97600
0.12385	23.25600
0.12390	26.92800
0.12395	30.60000
0.12400	11.01600
0.12405	20.80800
0.12410	20.80800
0.12415	11.01600
0.12420	12.24000
0.12425	23.25600
0.12430	12.24000
0.12435	9.79200
0.12440	11.01600
0.12445	7.34400
0.12450	6.12000
0.12455	8.56800
0.12460	22.03200
0.12465	46.51200
0.12470	1.22400
0.12475	3.67200
0.12480	44.06400
0.12485	7.34400
0.12490	31.82400
0.12495	34.27200
0.12500	39.16800
0.12505	24.48000
0.12510	12.24000
0.12515	46.51200
0.12520	30.60000
0.12525	8.56800
0.12530	19.58400
0.12535	18.36000
0.12540	24.48000
0.12545	20.80800
0.12550	17.13600
0.12555	4.89600
0.12560	15.91200
0.12565	12.24000
0.12570	3.67200
0.12575	17.13600
0.12580	20.80800
0.12585	14.68800
0.12590	28.15200
0.12595	2.44800
0.12600	18.36000
0.12605	18.36000
0.12610	33.04800
0.12615	2.44800
0.12620	33.04800
0.12625	20.80800
0.12630	9.79200
0.12635	7.34400
0.12640	8.56800
0.12645	17.13600
0.12650	0.00000
0.12655	9.79200
0.12660	6.12000
0.12665	34.27200
0.12670	23.25600
0.12675	24.48000
0.12680	52.63200
0.12685	19.58400
0.12690	3.67200
0.12695	11.01600
0.12700	48.96000
0.12705	2.44800
0.12710	34.27200
0.12715	26.92800
0.12720	23.25600
0.12725	7.34400
0.12730	9.79200
0.12735	19.58400
0.12740	4.89600
0.12745	11.01600
0.12750	18.36000
0.12755	28.15200
0.12760	13.46400
0.12765	4.89600
0.12770	8.56800
0.12775	8.56800
0.12780	18.36000
0.12785	15.91200
0.12790	24.48000
0.12795	2.44800
0.12800	6.12000
0.12805	23.25600
0.12810	1.22400
0.12815	2.44800
0.12820	29.37600
0.12825	34.27200
0.12830	17.13600
0.12835	29.37600
0.12840	15.91200
0.12845	17.13600
0.12850	30.60000
0.12855	14.68800
0.12860	19.58400
0.12865	7.34400
0.12870	18.36000
0.12875	8.56800
0.12880	46.51200
0.12885	14.68800
0.12890	48.96000
0.12895	24.48000
0.12900	6.12000
0.12905	24.48000
0.12910	18.36000
0.12915	11.01600
0.12920	39.16800
0.12925	34.27200
0.12930	33.04800
0.12935	3.67200
0.12940	0.00000
0.12945	25.70400
0.12950	6.12000
0.12955	11.01600
0.12960	13.46400
0.12965	13.46400
0.12970	17.13600
0.12975	6.12000
0.12980	1.22400
0.12985	0.00000
0.12990	23.25600
0.12995	18.36000
0.13000	26.92800
0.13005	22.03200
0.13010	3.67200
0.13015	8.56800
0.13020	29.37600
0.13025	31.82400
0.13030	34.27200
0.13035	13.46400
0.13040	34.27200
0.13045	28.15200
0.13050	17.13600
0.13055	33.04800
0.13060	36.72000
0.13065	28.15200
0.13070	12.24000
0.13075	9.79200
0.13080	26.92800
0.13085	26.92800
0.13090	15.91200
0.13095	7.34400
0.13100	1.22400
0.13105	28.15200
0.13110	34.27200
0.13115	18.36000
0.13120	35.49600
0.13125	40.39200
0.13130	19.58400
0.13135	8.56800
0.13140	13.46400
0.13145	11.01600
0.13150	15.91200
0.13155	15.91200
0.13160	9.79200
0.13165	12.24000
0.13170	22.03200
0.13175	7.34400
0.13180	13.46400
0.13185	17.13600
0.13190	6.12000
0.13195	12.24000
0.13200	8.56800
0.13205	11.01600
0.13210	7.34400
0.13215	8.56800
0.13220	7.34400
0.13225	18.36000
0.13230	2.44800
0.13235	13.46400
0.13240	17.13600
0.13245	19.58400
0.13250	19.58400
0.13255	12.24000
0.13260	14.68800
0.13265	23.25600
0.13270	14.68800
0.13275	2.44800
0.13280	3.67200
0.13285	19.58400
0.13290	20.80800
0.13295	11.01600
0.13300	34.27200
0.13305	6.12000
0.13310	2.44800
0.13315	15.91200
0.13320	-0.00000
0.13325	9.79200
0.13330	34.27200
0.13335	2.44800
0.13340	19.58400
0.13345	25.70400
0.13350	8.56800
0.13355	13.46400
0.13360	20.80800
0.13365	22.03200
0.13370	33.04800
0.13375	9.79200
0.13380	36.72000
0.13385	52.63200
0.13390	29.37600
0.13395	39.16800
0.13400	15.91200
0.13405	20.80800
0.13410	7.34400
0.13415	9.79200
0.13420	14.68800
0.13425	19.58400
0.13430	14.68800
0.13435	28.15200
0.13440	19.58400
0.13445	7.34400
0.13450	17.13600
0.13455	1.22400
0.13460	8.56800
0.13465	13.46400
0.13470	19.58400
0.13475	18.36000
0.13480	7.34400
0.13485	23.25600
0.13490	50.18400
0.13495	34.27200
0.13500	17.13600
0.13505	3.67200
0.13510	12.24000
0.13515	4.89600
0.13520	37.94400
0.13525	15.91200
0.13530	22.03200
0.13535	2.44800
0.13540	7.34400
0.13545	23.25600
0.13550	0.00000
0.13555	9.79200
0.13560	9.79200
0.13565	1.22400
0.13570	22.03200
0.13575	4.89600
0.13580	31.82400
0.13585	26.92800
0.13590	6.12000
0.13595	3.67200
0.13600	12.24000
0.13605	6.12000
0.13610	7.34400
0.13615	8.56800
0.13620	7.34400
0.13625	25.70400
0.13630	7.34400
0.13635	6.12000
0.13640	3.67200
0.13645	22.03200
0.13650	23.25600
0.13655	19.58400
0.13660	11.01600
0.13665	4.89600
0.13670	3.67200
0.13675	0.00000
0.13680	23.25600
0.13685	46.51200
0.13690	30.60000
0.13695	18.36000
0.13700	9.79200
0.13705	14.68800
0.13710	24.48000
0.13715	25.70400
0.13720	11.01600
0.13725	12.24000
0.13730	18.36000
0.13735	13.46400
0.13740	13.46400
0.13745	9.79200
0.13750	2.44800
0.13755	8.56800
0.13760	6.12000
0.13765	19.58400
0.13770	28.15200
0.13775	26.92800
0.13780	8.56800
0.13785	17.13600
0.13790	23.25600
0.13795	13.46400
0.13800	15.91200
0.13805	23.25600
0.13810	19.58400
0.13815	3.67200
0.13820	24.48000
0.13825	11.01600
0.13830	33.04800
0.13835	29.37600
0.13840	44.06400
0.13845	3.67200
0.13850	12.24000
0.13855	29.37600
0.13860	11.01600
0.13865	2.44800
0.13870	25.70400
0.13875	17.13600
0.13880	15.91200
0.13885	19.58400
0.13890	3.67200
0.13895	6.12000
0.13900	4.89600
0.13905	19.58400
0.13910	36.72000
0.13915	7.34400
0.13920	7.34400
0.13925	23.25600
0.13930	18.36000
0.13935	6.12000
0.13940	23.25600
0.13945	4.89600
0.13950	22.03200
0.13955	6.12000
0.13960	7.34400
0.13965	13.46400
0.13970	40.39200
0.13975	3.67200
0.13980	14.68800
0.13985	3.67200
0.13990	3.67200
0.13995	13.46400
0.14000	34.27200
0.14005	18.36000
0.14010	23.25600
0.14015	17.13600
0.14020	18.36000
0.14025	25.70400
0.14030	20.80800
0.14035	29.37600
0.14040	58.75200
0.14045	17.13600
0.14050	8.56800
0.14055	41.61600
0.14060	19.58400
0.14065	13.46400
0.14070	30.60000
0.14075	22.03200
0.14080	15.91200
0.14085	23.25600
0.14090	29.37600
0.14095	14.68800
0.14100	15.91200
0.14105	61.20000
0.14110	15.91200
0.14115	34.27200
0.14120	33.04800
0.14125	19.58400
0.14130	42.84000
0.14135	45.28800
0.14140	36.72000
0.14145	66.09600
0.14150	69.76800
0.14155	140.76000
0.14160	150.55200
0.14165	148.10400
0.14170	178.70400
0.14175	280.29600
0.14180	302.32800
0.14185	521.42400
0.14190	511.63200
0.14195	701.35200
0.14200	739.29600
0.14205	817.63200
0.14210	1012.24800
0.14215	903.31200
0.14220	891.07200
0.14225	794.37600
0.14230	854.35200
0.14235	752.76000
0.14240	790.70400
0.14245	495.72000
0.14250	598.53600
0.14255	407.59200
0.14260	424.72800
0.14265	347.61600
0.14270	303.55200
0.14275	274.17600
0.14280	258.26400
0.14285	223.99200
0.14290	166.46400
0.14295	223.99200
0.14300	119.95200
0.14305	116.28000
0.14310	157.89600
0.14315	178.70400
0.14320	132.19200
0.14325	150.55200
0.14330	90.57600
0.14335	126.07200
0.14340	148.10400
0.14345	100.36800
0.14350	95.47200
0.14355	79.56000
0.14360	91.80000
0.14365	148.10400
0.14370	110.16000
0.14375	79.56000
0.14380	67.32000
0.14385	64.87200
0.14390	75.88800
0.14395	73.44000
0.14400	133.41600
0.14405	55.08000
0.14410	41.61600
0.14415	59.97600
0.14420	34.27200
0.14425	73.44000
0.14430	45.28800
0.14435	56.30400
0.14440	56.30400
0.14445	96.69600
0.14450	117.50400
0.14455	104.04000
0.14460	107.71200
0.14465	83.23200
0.14470	62.42400
0.14475	94.24800
0.14480	53.85600
0.14485	25.70400
0.14490	73.44000
0.14495	57.52800
0.14500	64.87200
0.14505	30.60000
0.14510	59.97600
0.14515	53.85600
0.14520	80.78400
0.14525	52.63200
0.14530	45.28800
0.14535	47.73600
0.14540	50.18400
0.14545	62.42400
0.14550	73.44000
0.14555	59.97600
0.14560	84.45600
0.14565	36.72000
0.14570	82.00800
0.14575	56.30400
0.14580	52.63200
0.14585	61.20000
0.14590	24.48000
0.14595	86.90400
0.14600	59.97600
0.14605	23.25600
0.14610	36.72000
0.14615	57.52800
0.14620	63.64800
0.14625	44.06400
0.14630	58.75200
0.14635	48.96000
0.14640	46.51200
0.14645	24.48000
0.14650	66.09600
0.14655	29.37600
0.14660	33.04800
0.14665	47.73600
0.14670	82.00800
0.14675	20.80800
0.14680	46.51200
0.14685	62.42400
0.14690	55.08000
0.14695	30.60000
0.14700	55.08000
0.14705	56.30400
0.14710	28.15200
0.14715	46.51200
0.14720	85.68000
0.14725	31.82400
0.14730	58.75200
0.14735	61.20000
0.14740	44.06400
0.14745	40.39200
0.14750	28.15200
0.14755	48.96000
0.14760	35.49600
0.14765	33.04800
0.14770	94.24800
0.14775	24.48000
0.14780	25.70400
0.14785	59.97600
0.14790	70.99200
0.14795	44.06400
0.14800	37.94400
0.14805	64.87200
0.14810	50.18400
0.14815	20.80800
0.14820	52.63200
0.14825	66.09600
0.14830	50.18400
0.14835	59.97600
0.14840	41.61600
0.14845	24.48000
0.14850	19.58400
0.14855	51.40800
0.14860	26.92800
0.14865	36.72000
0.14870	84.45600
0.14875	72.21600
0.14880	73.44000
0.14885	53.85600
0.14890	34.27200
0.14895	33.04800
0.14900	37.94400
0.14905	34.27200
0.14910	47.73600
0.14915	11.01600
0.14920	52.63200
0.14925	53.85600
0.14930	24.48000
0.14935	46.51200
0.14940	101.59200
0.14945	52.63200
0.14950	24.48000
0.14955	35.49600
0.14960	15.91200
0.14965	48.96000
0.14970	34.27200
0.14975	34.27200
0.14980	39.16800
0.14985	36.72000
0.14990	50.18400
0.14995	61.20000
0.15000	37.94400
0.15005	44.06400
0.15010	44.06400
0.15015	51.40800
0.15020	52.63200
0.15025	51.40800
0.15030	77.11200
0.15035	82.00800
0.15040	42.84000
0.15045	22.03200
0.15050	39.16800
0.15055	52.63200
0.15060	34.27200
0.15065	45.28800
0.15070	46.51200
0.15075	42.84000
0.15080	45.28800
0.15085	63.64800
0.15090	56.30400
0.15095	35.49600
0.15100	26.92800
0.15105	51.40800
0.15110	62.42400
0.15115	45.28800
0.15120	48.96000
0.15125	33.04800
0.15130	18.36000
0.15135	12.24000
0.15140	41.61600
0.15145	24.48000
0.15150	69.76800
0.15155	30.60000
0.15160	20.80800
0.15165	47.73600
0.15170	86.90400
0.15175	14.68800
0.15180	40.39200
0.15185	26.92800
0.15190	19.58400
0.15195	26.92800
0.15200	28.15200
0.15205	18.36000
0.15210	12.24000
0.15215	31.82400
0.15220	23.25600
0.15225	62.42400
0.15230	33.04800
0.15235	41.61600
0.15240	48.96000
0.15245	28.15200
0.15250	20.80800
0.15255	29.37600
0.15260	34.27200
0.15265	57.52800
0.15270	45.28800
0.15275	11.01600
0.15280	26.92800
0.15285	18.36000
0.15290	35.49600
0.15295	51.40800
0.15300	39.16800
0.15305	58.75200
0.15310	79.56000
0.15315	47.73600
0.15320	62.42400
0.15325	12.24000
0.15330	24.48000
0.15335	33.04800
0.15340	8.56800
0.15345	22.03200
0.15350	12.24000
0.15355	12.24000
0.15360	24.48000
0.15365	41.61600
0.15370	36.72000
0.15375	14.68800
0.15380	18.36000
0.15385	22.03200
0.15390	20.80800
0.15395	41.61600
0.15400	52.63200
0.15405	24.48000
0.15410	42.84000
0.15415	63.64800
0.15420	53.85600
0.15425	52.63200
0.15430	53.85600
0.15435	33.04800
0.15440	11.01600
0.15445	22.03200
0.15450	14.68800
0.15455	29.37600
0.15460	41.61600
0.15465	44.06400
0.15470	40.39200
0.15475	45.28800
0.15480	73.44000
0.15485	46.51200
0.15490	33.04800
0.15495	30.60000
0.15500	29.37600
0.15505	59.97600
0.15510	26.92800
0.15515	36.72000
0.15520	55.08000
0.15525	9.79200
0.15530	19.58400
0.15535	22.03200
0.15540	31.82400
0.15545	51.40800
0.15550	82.00800
0.15555	42.84000
0.15560	44.06400
0.15565	29.37600
0.15570	23.25600
0.15575	68.54400
0.15580	20.80800
0.15585	30.60000
0.15590	34.27200
0.15595	15.91200
0.15600	46.51200
0.15605	19.58400
0.15610	25.70400
0.15615	39.16800
0.15620	40.39200
0.15625	29.37600
0.15630	29.37600
0.15635	44.06400
0.15640	58.75200
0.15645	20.80800
0.15650	22.03200
0.15655	4.89600
0.15660	14.68800
0.15665	18.36000
0.15670	45.28800
0.15675	8.56800
0.15680	39.16800
0.15685	45.28800
0.15690	51.40800
0.15695	9.79200
0.15700	17.13600
0.15705	19.58400
0.15710	20.80800
0.15715	31.82400
0.15720	25.70400
0.15725	44.06400
0.15730	19.58400
0.15735	26.92800
0.15740	29.37600
0.15745	31.82400
0.15750	26.92800
0.15755	26.92800
0.15760	18.36000
0.15765	46.51200
0.15770	18.36000
0.15775	20.80800
0.15780	18.36000
0.15785	8.56800
0.15790	18.36000
0.15795	17.13600
0.15800	26.92800
0.15805	13.46400
0.15810	45.28800
0.15815	44.06400
0.15820	35.49600
0.15825	20.80800
0.15830	7.34400
0.15835	31.82400
0.15840	17.13600
0.15845	34.27200
0.15850	22.03200
0.15855	24.48000
0.15860	13.46400
0.15865	26.92800
0.15870	42.84000
0.15875	25.70400
0.15880	6.12000
0.15885	44.06400
0.15890	40.39200
0.15895	51.40800
0.15900	8.56800
0.15905	7.34400
0.15910	26.92800
0.15915	39.16800
0.15920	12.24000
0.15925	25.70400
0.15930	47.73600
0.15935	9.79200
0.15940	40.39200
0.15945	35.49600
0.15950	26.92800
0.15955	14.68800
0.15960	24.48000
0.15965	18.36000
0.15970	55.08000
0.15975	14.68800
0.15980	48.96000
0.15985	17.13600
0.15990	47.73600
0.15995	42.84000
0.16000	22.03200
0.16005	40.39200
0.16010	36.72000
0.16015	50.18400
0.16020	34.27200
0.16025	62.42400
0.16030	25.70400
0.16035	23.25600
0.16040	12.24000
0.16045	23.25600
0.16050	58.75200
0.16055	33.04800
0.16060	48.96000
0.16065	23.25600
0.16070	31.82400
0.16075	30.60000
0.16080	4.89600
0.16085	14.68800
0.16090	46.51200
0.16095	29.37600
0.16100	13.46400
0.16105	39.16800
0.16110	20.80800
0.16115	30.60000
0.16120	33.04800
0.16125	2.44800
0.16130	18.36000
0.16135	58.75200
0.16140	19.58400
0.16145	20.80800
0.16150	31.82400
0.16155	28.15200
0.16160	17.13600
0.16165	44.06400
0.16170	12.24000
0.16175	30.60000
0.16180	25.70400
0.16185	13.46400
0.16190	19.58400
0.16195	72.21600
0.16200	11.01600
0.16205	56.30400
0.16210	42.84000
0.16215	56.30400
0.16220	70.99200
0.16225	56.30400
0.16230	31.82400
0.16235	30.60000
0.16240	39.16800
0.16245	25.70400
0.16250	41.61600
0.16255	35.49600
0.16260	51.40800
0.16265	12.24000
0.16270	37.94400
0.16275	22.03200
0.16280	68.54400
0.16285	29.37600
0.16290	11.01600
0.16295	22.03200
0.16300	25.70400
0.16305	39.16800
0.16310	31.82400
0.16315	7.34400
0.16320	37.94400
0.16325	45.28800
0.16330	35.49600
0.16335	30.60000
0.16340	14.68800
0.16345	22.03200
0.16350	39.16800
0.16355	17.13600
0.16360	23.25600
0.16365	31.82400
0.16370	22.03200
0.16375	24.48000
0.16380	56.30400
0.16385	19.58400
0.16390	25.70400
0.16395	3.67200
0.16400	24.48000
0.16405	29.37600
0.16410	15.91200
0.16415	23.25600
0.16420	23.25600
0.16425	19.58400
0.16430	15.91200
0.16435	18.36000
0.16440	44.06400
0.16445	36.72000
0.16450	61.20000
0.16455	42.84000
0.16460	20.80800
0.16465	42.84000
0.16470	30.60000
0.16475	25.70400
0.16480	25.70400
0.16485	24.48000
0.16490	56.30400
0.16495	44.06400
0.16500	17.13600
0.16505	17.13600
0.16510	44.06400
0.16515	39.16800
0.16520	52.63200
0.16525	35.49600
0.16530	39.16800
0.16535	19.58400
0.16540	41.61600
0.16545	72.21600
0.16550	15.91200
0.16555	24.48000
0.16560	15.91200
0.16565	24.48000
0.16570	48.96000
0.16575	23.25600
0.16580	4.89600
0.16585	46.51200
0.16590	14.68800
0.16595	14.68800
0.16600	20.80800
0.16605	17.13600
0.16610	46.51200
0.16615	34.27200
0.16620	15.91200
0.16625	11.01600
0.16630	50.18400
0.16635	31.82400
0.16640	20.80800
0.16645	31.82400
0.16650	25.70400
0.16655	61.20000
0.16660	44.06400
0.16665	14.68800
0.16670	8.56800
0.16675	45.28800
0.16680	17.13600
0.16685	31.82400
0.16690	18.36000
0.16695	33.04800
0.16700	14.68800
0.16705	20.80800
0.16710	23.25600
0.16715	42.84000
0.16720	19.58400
0.16725	7.34400
0.16730	23.25600
0.16735	67.32000
0.16740	4.89600
0.16745	12.24000
0.16750	11.01600
0.16755	46.51200
0.16760	6.12000
0.16765	15.91200
0.16770	15.91200
0.16775	9.79200
0.16780	48.96000
0.16785	14.68800
0.16790	36.72000
0.16795	23.25600
0.16800	19.58400
0.16805	31.82400
0.16810	13.46400
0.16815	17.13600
0.16820	22.03200
0.16825	42.84000
0.16830	74.66400
0.16835	8.56800
0.16840	30.60000
0.16845	31.82400
0.16850	30.60000
0.16855	20.80800
0.16860	15.91200
0.16865	12.24000
0.16870	14.68800
0.16875	28.15200
0.16880	36.72000
0.16885	6.12000
0.16890	23.25600
0.16895	37.94400
0.16900	40.39200
0.16905	17.13600
0.16910	12.24000
0.16915	29.37600
0.16920	19.58400
0.16925	33.04800
0.16930	31.82400
0.16935	39.16800
0.16940	8.56800
0.16945	19.58400
0.16950	25.70400
0.16955	22.03200
0.16960	64.87200
0.16965	46.51200
0.16970	29.37600
0.16975	50.18400
0.16980	59.97600
0.16985	29.37600
0.16990	19.58400
