0.021892 -0.0250000004 -0.0104938584 0.0333898029 asynchronous_release_0
0.039526 -0.0250000004 0.0157399735 0.0312610498 asynchronous_release_0
0.045863 -0.0250000004 0.0177126047 0.0301871435 asynchronous_release_0
0.041386 -0.0250000004 0.0339956244 0.00832451346 asynchronous_release_0
0.032587 -0.0250000004 0.0318983227 0.0144047566 asynchronous_release_0
0.037772 -0.0250000004 -0.034080798 0.00796863882 asynchronous_release_0
0.024369 -0.0250000004 -0.0239414427 -0.0255305175 asynchronous_release_3
0.014455 -0.0250000004 0.025470085 -0.0240057237 asynchronous_release_0
0.037128 -0.0250000004 -0.0142967254 0.0319468879 asynchronous_release_0
0.045498 -0.0250000004 -0.0344826879 0.00599535128 asynchronous_release_0
0.047729 -0.0250000004 0.021439585 0.0276648549 asynchronous_release_0
0.034005 -0.0250000004 0.0228319636 0.0265273715 asynchronous_release_0
0.040438 -0.0250000004 0.0159477208 0.0311555806 asynchronous_release_0
0.028107 -0.0250000004 0.0120045668 -0.0328768973 asynchronous_release_2
0.044189 -0.0250000004 0.0347061943 -0.00452549217 asynchronous_release_0
0.046364 -0.0250000004 0.00669455738 0.0343537902 asynchronous_release_0
0.037804 -0.0250000004 0.0327584856 0.0123240261 asynchronous_release_0
0.04723 -0.0250000004 0.0292017792 0.0192939392 asynchronous_release_0
0.038613 -0.0250000004 -0.0169928227 0.0305981041 asynchronous_release_0
0.048422 -0.0250000004 0.0339214493 -0.00862179078 asynchronous_release_0
0.040303 -0.0250000004 0.00244015399 0.0349148342 asynchronous_release_0
0.047183 -0.0250000004 0.00610282065 0.03446383 asynchronous_release_0
0.048659 -0.0250000004 -0.0279743694 -0.0210341308 asynchronous_release_0
0.019463 -0.0250000004 0.0121512846 -0.0328229536 asynchronous_release_0
0.021237 -0.0250000004 -0.0137896141 -0.0321690308 asynchronous_release_1
0.032887 -0.0250000004 0.00997206361 -0.033549336 asynchronous_release_0
0.016135 -0.0250000004 0.00132410867 -0.0349749444 asynchronous_release_0
0.005579 -0.0250000004 -0.00423676983 0.034742622 asynchronous_release_1
0.042357 -0.0250000004 0.00724918269 -0.0342410477 asynchronous_release_0
0.042186 -0.0250000004 -0.0317863738 0.0146501344 asynchronous_release_0
0.045624 -0.0250000004 0.00945514495 0.0336986681 asynchronous_release_1
0.040153 -0.0250000004 0.0215597687 0.0275712962 asynchronous_release_0
0.046794 -0.0250000004 -0.0145292612 -0.0318418054 asynchronous_release_0
0.034353 -0.0250000004 0.0339083527 0.008673155 asynchronous_release_4
0.035158 -0.0250000004 -0.0325439579 0.0128798605 asynchronous_release_0
0.043311 -0.0250000004 -0.0108127474 0.0332879031 asynchronous_release_0
0.04823 -0.0250000004 -0.0189995012 0.0293941993 asynchronous_release_0
0.033094 -0.0250000004 -0.0346067918 -0.00523163087 asynchronous_release_0
0.021366 -0.0250000004 0.0323097176 -0.0134566767 asynchronous_release_1
0.025627 -0.0250000004 -0.032406395 0.0132221618 asynchronous_release_0
0.02951 -0.0250000004 -0.0339690944 -0.00843211877 asynchronous_release_0
0.03227 -0.0250000004 -0.000240917679 0.000970545554 asynchronous_release_0
0.04981 -0.0250000004 0.000370746069 0.000928734274 asynchronous_release_0
0.033478 -0.0250000004 0.0026079522 -0.0349027017 asynchronous_release_0
0.045126 -0.0250000004 -0.021352697 -0.0277319731 asynchronous_release_0
0.025873 -0.0250000004 0.0299071964 0.0181812981 asynchronous_release_4
0.046169 -0.0250000004 0.028059402 -0.020920563 asynchronous_release_0
0.021647 -0.0250000004 -0.00624336651 -0.0344386465 asynchronous_release_0
0.048842 -0.0250000004 0.000394895458 -0.0349977722 asynchronous_release_0
0.037647 -0.0250000004 0.00422937744 -0.0347435227 asynchronous_release_4
0.038542 -0.0250000004 -0.0325417581 -0.0128854174 asynchronous_release_0
0.042263 -0.0250000004 -0.0258057258 0.0236445452 asynchronous_release_0
0.037698 -0.0250000004 0.00646207177 -0.0343982794 asynchronous_release_0
0.032452 -0.0250000004 -0.0249239002 0.0245723259 asynchronous_release_0
0.045079 -0.0250000004 -0.000755665684 -0.000654957537 asynchronous_release_1
0.026416 -0.0250000004 0.0107501233 0.0333081799 asynchronous_release_0
0.013934 -0.0250000004 0.0188624808 0.0294823137 asynchronous_release_0
0.037548 -0.0250000004 0.00390716608 0.0347812313 asynchronous_release_1
0.038687 -0.0250000004 -0.0348191949 0.00355298027 asynchronous_release_0
0.040879 -0.0250000004 -0.0242174207 0.0252688847 asynchronous_release_0
0.043247 -0.0250000004 -0.0201105738 -0.0286455026 asynchronous_release_0
0.024345 -0.0250000004 0.0344539092 -0.0061585829 asynchronous_release_2
0.020274 -0.0250000004 0.0120570523 -0.0328576854 asynchronous_release_0
0.041461 -0.0250000004 0.0344841164 -0.00598712907 asynchronous_release_0
0.034168 -0.0250000004 0.0341552218 -0.00764335144 asynchronous_release_0
0.035686 -0.0250000004 -0.000922579342 0.000385807409 asynchronous_release_4
0.044947 -0.0250000004 -0.000193425146 -0.000981115036 asynchronous_release_0
0.024462 -0.0250000004 -0.00933507205 -0.0337321276 asynchronous_release_2
0.015815 -0.0250000004 0.0164285168 0.0309047542 asynchronous_release_0
0.029488 -0.0250000004 -0.0326198153 -0.0126865144 asynchronous_release_0
0.044732 -0.0250000004 -0.0246642647 0.0248329226 asynchronous_release_0
0.044528 -0.0250000004 0.0251641436 0.0243262384 asynchronous_release_0
0.0263 -0.0250000004 -0.00767776504 0.0341475025 asynchronous_release_0
0.026037 -0.0250000004 -0.00154395322 0.0349659293 asynchronous_release_3
0.019878 -0.0250000004 -0.032901369 0.011937333 asynchronous_release_0
0.046935 -0.0250000004 -0.0157540045 -0.0312539812 asynchronous_release_0
0.048181 -0.0250000004 0.0337074418 0.00942381921 asynchronous_release_0
0.044638 -0.0250000004 0.0286016353 0.020172914 asynchronous_release_0
0.045187 -0.0250000004 0.0211294483 -0.0279024446 asynchronous_release_0
0.048401 -0.0250000004 -0.000661432982 -0.000750004273 asynchronous_release_0
0.026358 -0.0250000004 0.00986250866 0.0335817052 asynchronous_release_0
0.030969 -0.0250000004 0.0207133756 0.0282126934 asynchronous_release_4
0.031108 -0.0250000004 0.0278192505 0.021238863 asynchronous_release_0
0.046215 -0.0250000004 -0.00285854637 0.034883072 asynchronous_release_1
0.02354 -0.0250000004 -0.00399646369 -0.0347710839 asynchronous_release_0
0.045792 -0.0250000004 -0.0270462565 0.0222148601 asynchronous_release_0
0.027859 -0.0250000004 0.0299811057 -0.0180591611 asynchronous_release_0
0.030133 -0.0250000004 0.00540559086 0.0345800461 asynchronous_release_1
0.035231 -0.0250000004 0.0345730978 0.00544985376 asynchronous_release_3
0.046739 -0.0250000004 0.0329303008 0.0118572883 asynchronous_release_0
0.037763 -0.0250000004 0.0334885465 -0.0101743429 asynchronous_release_0
0.039243 -0.0250000004 -0.0300669788 0.017915825 asynchronous_release_0
0.035391 -0.0250000004 0.0142378803 0.0319731569 asynchronous_release_0
0.045345 -0.0250000004 -0.000857418038 0.000514620547 asynchronous_release_0
0.031735 -0.0250000004 -0.00741028042 -0.0342065453 asynchronous_release_0
0.039548 -0.0250000004 -0.00167779325 -0.0349597627 asynchronous_release_0
0.015452 -0.0250000004 0.000104189131 -0.000994557502 asynchronous_release_0
0.043936 -0.0250000004 -0.0274945262 0.021657586 asynchronous_release_0
0.031606 -0.0250000004 -0.017384877 0.0303770646 asynchronous_release_0
0.045529 -0.0250000004 -0.0290294385 0.0532192794 asynchronous_release_0
0.044005 -0.0250000004 -0.0280782223 0.0208952969 asynchronous_release_1
0.046658 -0.0250000004 0.000891531791 -0.000452958129 asynchronous_release_0
0.024793 -0.0250000004 0.0300827443 0.0178893403 asynchronous_release_2
0.037535 -0.0250000004 0.000778038428 0.000628216686 asynchronous_release_0
0.025186 -0.0250000004 0.0185376092 -0.0296876581 asynchronous_release_2
0.026418 -0.0250000004 -0.0242524757 0.0252352416 asynchronous_release_0
0.042669 -0.0250000004 0.0339805982 0.00838563927 asynchronous_release_0
0.020834 -0.0250000004 0.0289114498 0.0197263294 asynchronous_release_0
0.046551 -0.0250000004 -0.0315392273 0.0151748853 asynchronous_release_0
0.030747 -0.0250000004 -0.00223715358 0.0349284289 asynchronous_release_0
0.031842 -0.0250000004 -0.0185405149 0.0296858435 asynchronous_release_0
0.042694 -0.0250000004 -0.0189146374 0.0294488793 asynchronous_release_0
0.031657 -0.0250000004 0.000411051491 -0.000911612128 asynchronous_release_4
0.016558 -0.0250000004 0.000577499272 -0.0008163912 asynchronous_release_0
0.03952 -0.0250000004 0.00321767042 -0.0348517804 asynchronous_release_0
0.016518 -0.0250000004 -0.000631861294 0.000775081483 asynchronous_release_0
0.044575 -0.0250000004 -0.00758517429 -0.0341681889 asynchronous_release_0
0.017568 -0.0250000004 -0.00429248612 -0.0347357822 asynchronous_release_0
0.033664 -0.0250000004 0.000390013973 -0.000920808938 asynchronous_release_0
0.048277 -0.0250000004 -0.0207556458 -0.0281816105 asynchronous_release_0
0.033951 -0.0250000004 0.0266505713 0.0226880376 asynchronous_release_2
0.027887 -0.0250000004 -0.021698021 -0.0274626271 asynchronous_release_0
0.048785 -0.0250000004 0.000929210026 0.000369552063 asynchronous_release_0
0.03829 -0.0250000004 -0.00589014036 -0.0345008152 asynchronous_release_0
0.04107 -0.0250000004 0.0339467757 -0.00852152672 asynchronous_release_0
0.02101 -0.0250000004 0.0307548188 0.0167075169 asynchronous_release_0
0.042657 -0.0250000004 0.0298465435 -0.0182806959 asynchronous_release_0
0.024922 -0.0250000004 -0.0229928759 -0.0263880211 asynchronous_release_0
0.043377 -0.0250000004 -0.00690929837 -0.0343112459 asynchronous_release_0
0.019722 -0.0250000004 0.0320246983 -0.0141215686 asynchronous_release_0
0.030844 -0.0250000004 0.0327825768 -0.0122597984 asynchronous_release_0
0.043343 -0.0250000004 0.0599298892 0.00913281883 asynchronous_release_0
0.043356 -0.0250000004 0.0286266832 0.0201373536 asynchronous_release_0
0.047951 -0.0250000004 -0.0286474282 -0.0201078307 asynchronous_release_0
0.033571 -0.0250000004 -0.0134866344 0.0322972242 asynchronous_release_0
0.041121 -0.0250000004 0.0307159404 -0.0167788858 asynchronous_release_0
0.048136 -0.0250000004 0.000827028837 -0.0349902275 asynchronous_release_0
0.044528 -0.0250000004 0.000832485532 -0.000554046784 asynchronous_release_0
0.01087 -0.0250000004 -0.000658894482 0.000752235376 asynchronous_release_0
0.049139 -0.0250000004 0.0263813605 -0.0230005178 asynchronous_release_0
0.024693 -0.0250000004 0.0344257221 -0.00631424256 asynchronous_release_1
0.035631 -0.0250000004 -0.000894537158 -0.000446993594 asynchronous_release_0
0.044416 -0.0250000004 0.0148115176 0.0317114955 asynchronous_release_0
0.046298 -0.0250000004 -0.0321351882 -0.0138682976 asynchronous_release_0
0.048861 -0.0250000004 -0.0304298687 0.0172922841 asynchronous_release_0
0.046106 -0.0250000004 -0.0331875646 0.0111169039 asynchronous_release_0
0.029678 -0.0250000004 0.0289672584 0.0196442852 asynchronous_release_3
0.031301 -0.0250000004 0.000306794692 0.000951775718 asynchronous_release_0
0.041362 -0.0250000004 -0.0277551596 0.0213225495 asynchronous_release_0
0.016567 -0.0250000004 -0.0303186024 0.0174866334 asynchronous_release_0
0.039487 -0.0250000004 0.0189636123 -0.0294173658 asynchronous_release_1
0.045151 -0.0250000004 0.0347645388 0.004053004 asynchronous_release_0
0.032014 -0.0250000004 -0.0203141877 -0.0285014697 asynchronous_release_0
0.03417 -0.0250000004 -0.0167140423 -0.030751273 asynchronous_release_0
0.024623 -0.0250000004 -0.00399266595 -0.0347715202 asynchronous_release_0
0.046788 -0.0250000004 -0.0345311459 0.00570963798 asynchronous_release_0
0.036897 -0.0250000004 -0.000147212845 0.000989104837 asynchronous_release_0
0.02195 -0.0250000004 -0.0203172872 -0.0284992604 asynchronous_release_0
0.030476 -0.0250000004 -0.0300910471 -0.0178753708 asynchronous_release_1
0.013722 -0.0250000004 -0.000999206049 -3.98405832e-05 asynchronous_release_3
0.045023 -0.0250000004 0.000990271169 0.000139151039 asynchronous_release_0
0.035469 -0.0250000004 0.0213164091 -0.0277598758 asynchronous_release_0
0.022824 -0.0250000004 -0.000511720809 -0.000859151799 asynchronous_release_1
0.006542 -0.0250000004 -0.0170292548 0.030577843 asynchronous_release_0
0.040448 -0.0250000004 0.0348196 0.00354900769 asynchronous_release_0
0.048238 -0.0250000004 0.0324783816 -0.013044337 asynchronous_release_0
0.047702 -0.0250000004 0.0221272167 -0.0271180066 asynchronous_release_1
0.0332 -0.0250000004 0.0339585977 -0.00847429293 asynchronous_release_4
0.00609 -0.0250000004 0.00579923908 -0.0345162111 asynchronous_release_0
0.01747 -0.0250000004 0.0285809647 -0.0202021894 asynchronous_release_0
0.043077 -0.0250000004 0.0303777698 0.0173836446 asynchronous_release_0
0.016475 -0.0250000004 0.000265544222 0.000964098681 asynchronous_release_0
0.047771 -0.0250000004 0.0177974941 0.0301371731 asynchronous_release_0
0.049011 -0.0250000004 -0.00887423306 0.0338562843 asynchronous_release_0
0.033211 -0.0250000004 -0.0221690921 0.027083784 asynchronous_release_0
0.013998 -0.0250000004 -0.0165138023 -0.0308592666 asynchronous_release_0
0.038666 -0.0250000004 0.0308498698 -0.01653135 asynchronous_release_2
0.037439 -0.0250000004 0.0201392128 -0.0286253752 asynchronous_release_0
0.0105 -0.0250000004 0.00157156306 -0.0349646992 asynchronous_release_0
0.045781 -0.0250000004 0.0344057485 -0.00642218557 asynchronous_release_0
0.022483 -0.0250000004 -0.0309585884 0.016326843 asynchronous_release_2
0.027696 -0.0250000004 -0.0340866551 -0.00794354729 asynchronous_release_1
0.003978 -0.0250000004 0.0318461577 -0.014519719 asynchronous_release_1
0.024181 -0.0250000004 0.0300378903 -0.0179645525 asynchronous_release_0
0.028939 -0.0250000004 0.0314764868 -0.0153045999 asynchronous_release_4
0.036463 -0.0250000004 -0.000204744305 0.000978815493 asynchronous_release_4
0.022381 -0.0250000004 0.00502833957 0.0346369139 asynchronous_release_2
0.044286 -0.0250000004 -0.031974315 0.0142352795 asynchronous_release_0
0.048001 -0.0250000004 0.0306866511 0.0168323927 asynchronous_release_0
0.041108 -0.0250000004 0.02237225 0.0269162113 asynchronous_release_0
0.040086 -0.0250000004 -0.0193273923 0.0291796488 asynchronous_release_0
0.03787 -0.0250000004 -0.0265598068 -0.0227942243 asynchronous_release_1
0.032649 -0.0250000004 0.0348371065 -0.00337283371 asynchronous_release_3
0.021182 -0.0250000004 0.034099732 -0.00788722243 asynchronous_release_0
0.046633 -0.0250000004 0.0322051218 0.0137051133 asynchronous_release_0
0.036706 -0.0250000004 -0.0245147019 -0.0249805803 asynchronous_release_0
0.008317 -0.0250000004 0.0327737415 0.0122833981 asynchronous_release_0
0.041986 -0.0250000004 -0.0199960955 -0.0287255316 asynchronous_release_0
0.045008 -0.0250000004 0.0116956554 -0.0329880531 asynchronous_release_0
0.04542 -0.0250000004 0.0241036556 0.0253774267 asynchronous_release_0
0.026478 -0.0250000004 -0.000170361484 0.0349995854 asynchronous_release_4
0.029537 -0.0250000004 0.0209548116 0.0280338344 asynchronous_release_0
0.042809 -0.0250000004 -0.0292288111 0.0192529634 asynchronous_release_2
0.046096 -0.0250000004 0.000999874441 1.5846211e-05 asynchronous_release_0
0.029342 -0.0250000004 0.0334819543 -0.0101960157 asynchronous_release_4
0.045639 -0.0250000004 0.0349818387 0.00112737036 asynchronous_release_0
0.036135 -0.0250000004 -0.000464784503 0.000885423834 asynchronous_release_0
0.047497 -0.0250000004 0.0344549795 -0.00615259191 asynchronous_release_0
0.03412 -0.0250000004 0.0336953581 -0.00946693403 asynchronous_release_0
0.041658 -0.0250000004 -0.0132707926 0.0323865105 asynchronous_release_0
0.049463 -0.0250000004 -0.000443682504 -0.0349971877 asynchronous_release_0
