0.000000 0.091542
0.000050 0.077956
0.000100 0.113450
0.000150 0.106104
0.000200 0.114548
0.000250 0.079060
0.000300 0.100351
0.000350 0.096197
0.000400 0.100839
0.000450 0.094353
0.000500 0.103171
0.000550 0.111977
0.000600 0.107215
0.000650 0.116747
0.000700 0.106110
0.000750 0.082476
0.000800 0.099502
0.000850 0.096440
0.000900 0.115775
0.000950 0.092767
0.001000 0.112467
0.001050 0.142575
0.001100 0.119200
0.001150 0.158978
0.001200 0.144525
0.001250 0.176585
0.001300 0.257617
0.001350 0.266925
0.001400 0.336408
0.001450 0.477420
0.001500 0.557577
0.001550 0.794247
0.001600 1.125192
0.001650 1.605900
0.001700 2.148784
0.001750 2.828360
0.001800 3.800546
0.001850 4.889294
0.001900 6.001223
0.001950 7.240837
0.002000 8.435179
0.002050 9.736051
0.002100 10.525597
0.002150 11.222881
0.002200 11.476837
0.002250 11.596915
0.002300 11.368540
0.002350 10.605688
0.002400 9.858260
0.002450 8.986712
0.002500 8.045624
0.002550 6.869176
0.002600 6.246134
0.002650 5.499552
0.002700 4.917784
0.002750 4.476742
0.002800 4.185454
0.002850 3.820396
0.002900 3.631298
0.002950 3.149280
0.003000 3.025619
0.003050 2.809039
0.003100 2.710404
0.003150 2.494974
0.003200 2.483894
0.003250 2.328442
0.003300 2.272231
0.003350 2.111977
0.003400 2.059132
0.003450 2.096398
0.003500 1.926665
0.003550 1.956069
0.003600 1.801295
0.003650 1.715181
0.003700 1.724365
0.003750 1.597227
0.003800 1.473107
0.003850 1.548757
0.003900 1.588828
0.003950 1.444896
0.004000 1.399946
0.004050 1.432338
0.004100 1.374963
0.004150 1.386921
0.004200 1.347877
0.004250 1.324323
0.004300 1.243907
0.004350 1.250957
0.004400 1.263369
0.004450 1.280869
0.004500 1.287233
0.004550 1.183733
0.004600 1.205105
0.004650 1.149175
0.004700 1.206949
0.004750 1.152079
0.004800 1.153286
0.004850 1.158426
0.004900 1.104259
0.004950 1.070645
0.005000 1.048437
0.005050 1.071241
0.005100 1.058310
0.005150 0.957652
0.005200 0.962330
0.005250 1.060960
0.005300 1.052787
0.005350 1.007987
0.005400 1.032549
0.005450 0.881097
0.005500 0.970977
0.005550 0.882945
0.005600 1.007615
0.005650 0.970789
0.005700 0.917539
0.005750 0.941149
0.005800 0.945781
0.005850 0.879649
0.005900 0.873490
0.005950 0.840436
0.006000 0.884724
0.006050 0.899484
0.006100 0.855525
0.006150 0.819231
0.006200 0.898491
0.006250 0.869457
0.006300 0.846723
0.006350 0.809757
0.006400 0.886857
0.006450 0.812601
0.006500 0.830637
0.006550 0.838353
0.006600 0.837803
0.006650 0.797765
0.006700 0.836927
0.006750 0.817433
0.006800 0.869861
0.006850 0.814289
0.006900 0.775143
0.006950 0.814099
0.007000 0.792401
0.007050 0.839501
0.007100 0.741266
0.007150 0.742136
0.007200 0.705421
0.007250 0.789943
0.007300 0.772801
0.007350 0.803907
0.007400 0.744803
0.007450 0.731941
0.007500 0.708895
0.007550 0.761577
0.007600 0.736535
0.007650 0.736729
0.007700 0.752589
0.007750 0.734747
0.007800 0.675886
0.007850 0.715740
0.007900 0.716909
0.007950 0.753273
0.008000 0.672432
0.008050 0.770988
0.008100 0.649650
0.008150 0.713134
0.008200 0.778226
0.008250 0.712296
0.008300 0.731924
0.008350 0.665134
0.008400 0.706063
0.008450 0.682863
0.008500 0.724304
0.008550 0.687250
0.008600 0.691299
0.008650 0.742631
0.008700 0.697601
0.008750 0.693725
0.008800 0.689825
0.008850 0.643177
0.008900 0.644644
0.008950 0.679294
0.009000 0.733922
0.009050 0.658802
0.009100 0.652541
0.009150 0.660915
0.009200 0.615975
0.009250 0.617373
0.009300 0.630213
0.009350 0.631047
0.009400 0.633975
0.009450 0.658607
0.009500 0.651724
0.009550 0.633774
0.009600 0.623632
0.009650 0.635624
0.009700 0.660261
0.009750 0.639779
0.009800 0.621117
0.009850 0.633421
0.009900 0.632544
0.009950 0.591214
0.010000 0.635249
0.010050 0.613443
0.010100 0.628615
0.010150 0.618461
0.010200 0.659967
0.010250 0.670093
0.010300 0.616544
0.010350 0.605828
0.010400 0.625405
0.010450 0.663045
0.010500 0.585099
0.010550 0.632103
0.010600 0.606639
0.010650 0.647929
0.010700 0.611025
0.010750 0.613043
0.010800 0.638002
0.010850 0.613510
0.010900 0.650341
0.010950 0.596059
0.011000 0.639056
0.011050 0.561324
0.011100 0.598616
0.011150 0.598004
0.011200 0.608975
0.011250 0.595347
0.011300 0.531029
0.011350 0.612349
0.011400 0.581273
0.011450 0.571747
0.011500 0.563361
0.011550 0.557759
0.011600 0.613006
0.011650 0.556284
0.011700 0.579305
0.011750 0.591397
0.011800 0.594264
0.011850 0.576084
0.011900 0.608440
0.011950 0.536420
0.012000 0.614218
0.012050 0.649282
0.012100 0.602494
0.012150 0.615970
0.012200 0.548116
0.012250 0.568816
0.012300 0.537497
0.012350 0.618231
0.012400 0.553372
0.012450 0.548314
0.012500 0.621846
0.012550 0.623012
0.012600 0.618958
0.012650 0.589026
0.012700 0.555248
0.012750 0.557504
0.012800 0.522603
0.012850 0.542071
0.012900 0.532063
0.012950 0.556599
0.013000 0.534779
0.013050 0.575141
0.013100 0.571070
0.013150 0.539834
0.013200 0.495861
0.013250 0.500409
0.013300 0.599604
0.013350 0.509174
0.013400 0.519750
0.013450 0.503788
0.013500 0.571460
0.013550 0.539586
0.013600 0.572128
0.013650 0.519334
0.013700 0.541927
0.013750 0.554623
0.013800 0.545640
0.013850 0.520222
0.013900 0.493478
0.013950 0.526152
0.014000 0.550813
0.014050 0.543653
0.014100 0.540723
0.014150 0.506015
0.014200 0.521731
0.014250 0.515081
0.014300 0.477426
0.014350 0.509998
0.014400 0.527077
0.014450 0.580063
0.014500 0.560323
0.014550 0.502765
0.014600 0.533156
0.014650 0.522756
0.014700 0.513190
0.014750 0.465694
0.014800 0.489349
0.014850 0.522539
0.014900 0.512764
0.014950 0.530844
0.015000 0.472403
0.015050 0.523963
0.015100 0.495492
0.015150 0.484422
0.015200 0.486410
0.015250 0.484798
0.015300 0.555674
0.015350 0.541670
0.015400 0.527576
0.015450 0.553692
0.015500 0.539989
0.015550 0.443519
0.015600 0.534593
0.015650 0.463625
0.015700 0.528104
0.015750 0.465582
0.015800 0.494124
0.015850 0.503586
0.015900 0.487025
0.015950 0.483793
0.016000 0.423438
0.016050 0.529360
0.016100 0.474817
0.016150 0.460633
0.016200 0.548737
0.016250 0.487739
0.016300 0.486714
0.016350 0.502778
0.016400 0.487447
0.016450 0.471357
0.016500 0.442915
0.016550 0.522157
0.016600 0.480613
0.016650 0.496515
0.016700 0.461010
0.016750 0.456474
0.016800 0.493052
0.016850 0.489098
0.016900 0.504470
0.016950 0.483296
0.017000 0.447309
0.017050 0.433957
0.017100 0.502504
0.017150 0.455762
0.017200 0.483858
0.017250 0.444074
0.017300 0.470952
0.017350 0.450772
0.017400 0.469193
0.017450 0.450359
0.017500 0.500546
0.017550 0.438206
0.017600 0.469619
0.017650 0.478679
0.017700 0.458740
0.017750 0.457890
0.017800 0.514901
0.017850 0.492233
0.017900 0.497049
0.017950 0.476377
0.018000 0.412244
0.018050 0.536574
0.018100 0.453244
0.018150 0.510122
0.018200 0.455811
0.018250 0.519667
0.018300 0.492695
0.018350 0.483195
0.018400 0.412393
0.018450 0.436505
0.018500 0.479024
0.018550 0.442682
0.018600 0.460161
0.018650 0.441159
0.018700 0.468909
0.018750 0.467583
0.018800 0.494173
0.018850 0.443891
0.018900 0.433032
0.018950 0.467336
0.019000 0.466888
0.019050 0.434758
0.019100 0.531857
0.019150 0.437361
0.019200 0.480751
0.019250 0.467379
0.019300 0.459347
0.019350 0.474947
0.019400 0.402391
0.019450 0.538341
0.019500 0.456405
0.019550 0.421295
0.019600 0.417775
0.019650 0.402829
0.019700 0.510641
0.019750 0.410211
0.019800 0.437671
0.019850 0.456211
0.019900 0.442198
0.019950 0.479704
0.020000 0.480223
0.020050 0.420871
0.020100 0.505373
0.020150 0.430545
0.020200 0.434158
0.020250 0.421176
0.020300 0.410971
0.020350 0.468851
0.020400 0.443336
0.020450 0.412736
0.020500 0.441530
0.020550 0.439246
0.020600 0.453488
0.020650 0.470754
0.020700 0.436292
0.020750 0.412418
0.020800 0.461369
0.020850 0.408285
0.020900 0.451630
0.020950 0.493208
0.021000 0.456798
0.021050 0.499062
0.021100 0.559836
0.021150 0.607068
0.021200 0.750276
0.021250 0.830184
0.021300 0.934150
0.021350 0.966522
0.021400 1.227782
0.021450 1.576012
0.021500 1.969335
0.021550 2.570579
0.021600 3.327519
0.021650 4.177757
0.021700 5.121670
0.021750 6.623534
0.021800 8.100644
0.021850 9.638966
0.021900 11.433006
0.021950 13.006280
0.022000 14.583346
0.022050 15.784024
0.022100 16.619433
0.022150 17.500013
0.022200 17.938404
0.022250 17.504206
0.022300 17.094299
0.022350 16.347843
0.022400 15.319783
0.022450 13.965809
0.022500 12.380505
0.022550 11.391775
0.022600 10.242596
0.022650 9.333856
0.022700 8.712788
0.022750 7.900440
0.022800 7.470078
0.022850 6.912134
0.022900 6.467413
0.022950 6.007215
0.023000 5.597355
0.023050 5.286807
0.023100 5.024599
0.023150 4.852463
0.023200 4.421511
0.023250 4.363753
0.023300 4.159377
0.023350 3.947999
0.023400 3.568704
0.023450 3.629192
0.023500 3.538354
0.023550 3.337382
0.023600 3.149747
0.023650 3.213521
0.023700 2.979836
0.023750 2.920280
0.023800 2.787812
0.023850 2.680770
0.023900 2.693737
0.023950 2.721161
0.024000 2.638583
0.024050 2.623427
0.024100 2.639549
0.024150 2.451501
0.024200 2.328225
0.024250 2.315463
0.024300 2.307965
0.024350 2.112039
0.024400 2.149615
0.024450 2.188393
0.024500 2.194993
0.024550 2.015155
0.024600 2.033382
0.024650 1.980578
0.024700 2.055652
0.024750 1.865816
0.024800 1.974516
0.024850 1.972816
0.024900 1.904734
0.024950 1.955238
0.025000 1.829189
0.025050 1.786215
0.025100 1.867727
0.025150 1.865557
0.025200 1.845192
0.025250 1.754876
0.025300 1.804462
0.025350 1.793890
0.025400 1.876911
0.025450 1.783961
0.025500 1.824344
0.025550 1.708804
0.025600 1.708524
0.025650 1.805390
0.025700 1.618028
0.025750 1.625654
0.025800 1.662280
0.025850 1.657682
0.025900 1.608426
0.025950 1.595288
0.026000 1.643035
0.026050 1.636251
0.026100 1.568763
0.026150 1.572155
0.026200 1.561921
0.026250 1.540587
0.026300 1.533365
0.026350 1.379851
0.026400 1.510072
0.026450 1.465080
0.026500 1.563209
0.026550 1.531559
0.026600 1.514126
0.026650 1.483784
0.026700 1.471467
0.026750 1.527159
0.026800 1.557930
0.026850 1.495804
0.026900 1.397762
0.026950 1.461720
0.027000 1.460039
0.027050 1.496295
0.027100 1.429588
0.027150 1.447382
0.027200 1.332846
0.027250 1.447006
0.027300 1.429428
0.027350 1.467108
0.027400 1.381476
0.027450 1.369632
0.027500 1.374261
0.027550 1.249203
0.027600 1.380065
0.027650 1.412481
0.027700 1.355170
0.027750 1.335920
0.027800 1.365590
0.027850 1.407704
0.027900 1.263346
0.027950 1.358460
0.028000 1.409213
0.028050 1.354589
0.028100 1.323889
0.028150 1.285137
0.028200 1.237147
0.028250 1.230229
0.028300 1.309468
0.028350 1.257928
0.028400 1.212952
0.028450 1.327348
0.028500 1.291041
0.028550 1.324335
0.028600 1.118871
0.028650 1.285439
0.028700 1.163089
0.028750 1.251501
0.028800 1.336345
0.028850 1.263267
0.028900 1.321829
0.028950 1.285003
0.029000 1.235793
0.029050 1.283531
0.029100 1.241159
0.029150 1.245881
0.029200 1.160546
0.029250 1.157408
0.029300 1.275186
0.029350 1.141912
0.029400 1.230608
0.029450 1.239526
0.029500 1.168122
0.029550 1.268636
0.029600 1.155596
0.029650 1.210094
0.029700 1.195262
0.029750 1.166656
0.029800 1.213137
0.029850 1.178533
0.029900 1.198872
0.029950 1.191722
0.030000 1.281907
0.030050 1.249743
0.030100 1.059440
0.030150 1.103154
0.030200 1.106561
0.030250 1.173625
0.030300 1.257420
0.030350 1.152550
0.030400 1.100153
0.030450 1.139617
0.030500 1.116352
0.030550 1.239250
0.030600 1.131659
0.030650 1.173979
0.030700 1.061535
0.030750 1.084071
0.030800 1.167193
0.030850 1.131455
0.030900 1.055317
0.030950 1.139399
0.031000 1.068027
0.031050 1.054787
0.031100 1.153010
0.031150 1.111316
0.031200 1.113805
0.031250 1.098787
0.031300 1.218511
0.031350 1.093897
0.031400 1.154250
0.031450 1.102760
0.031500 1.180388
0.031550 1.126938
0.031600 1.094764
0.031650 1.032648
0.031700 1.045177
0.031750 1.030427
0.031800 1.085050
0.031850 1.034032
0.031900 1.038376
0.031950 1.039550
0.032000 1.105480
0.032050 1.105602
0.032100 1.104447
0.032150 1.025371
0.032200 1.074935
0.032250 1.102775
0.032300 1.005235
0.032350 0.962979
0.032400 1.065913
0.032450 1.101083
0.032500 1.086948
0.032550 1.096880
0.032600 1.038301
0.032650 1.042245
0.032700 1.094686
0.032750 1.037168
0.032800 0.911724
0.032850 0.996934
0.032900 1.051570
0.032950 0.948724
0.033000 1.105192
0.033050 1.058484
0.033100 1.057319
0.033150 0.957885
0.033200 0.984360
0.033250 1.027614
0.033300 1.039056
0.033350 0.998454
0.033400 0.997149
0.033450 1.008577
0.033500 0.999935
0.033550 1.027551
0.033600 1.008189
0.033650 1.011665
0.033700 1.021240
0.033750 1.020050
0.033800 0.930853
0.033850 0.987717
0.033900 1.026509
0.033950 1.081121
0.034000 0.977309
0.034050 1.068781
0.034100 1.045920
0.034150 0.967562
0.034200 0.972438
0.034250 0.994494
0.034300 1.009098
0.034350 0.960478
0.034400 0.983999
0.034450 0.966231
0.034500 0.945630
0.034550 0.939480
0.034600 0.998454
0.034650 1.018134
0.034700 0.946862
0.034750 0.988738
0.034800 0.956224
0.034850 0.892168
0.034900 0.968344
0.034950 0.952456
0.035000 0.881830
0.035050 0.967456
0.035100 1.009168
0.035150 0.916602
0.035200 0.922349
0.035250 0.980373
0.035300 0.919876
0.035350 0.923558
0.035400 0.898904
0.035450 0.958644
0.035500 0.940435
0.035550 0.983389
0.035600 1.050061
0.035650 0.947089
0.035700 0.925201
0.035750 0.916833
0.035800 0.917042
0.035850 0.958904
0.035900 0.857868
0.035950 0.902578
0.036000 0.935947
0.036050 0.963687
0.036100 0.959015
0.036150 0.963019
0.036200 0.975747
0.036250 0.952961
0.036300 0.939539
0.036350 0.976301
0.036400 0.881273
0.036450 0.904121
0.036500 0.963621
0.036550 0.994825
0.036600 0.987315
0.036650 0.944549
0.036700 0.853840
0.036750 0.864336
0.036800 0.885201
0.036850 0.974055
0.036900 0.877789
0.036950 0.899539
0.037000 0.925831
0.037050 0.908459
0.037100 0.943034
0.037150 0.993380
0.037200 0.930696
0.037250 0.947588
0.037300 0.918988
0.037350 0.965828
0.037400 0.952194
0.037450 0.913762
0.037500 0.902219
0.037550 0.862813
0.037600 0.918888
0.037650 0.883206
0.037700 0.905524
0.037750 0.851582
0.037800 0.914011
0.037850 0.875123
0.037900 0.870243
0.037950 0.861551
0.038000 0.942630
0.038050 0.926500
0.038100 0.875215
0.038150 0.835959
0.038200 0.904421
0.038250 0.907283
0.038300 0.884085
0.038350 0.948355
0.038400 0.846010
0.038450 0.843372
0.038500 0.926312
0.038550 0.950138
0.038600 0.919953
0.038650 0.779749
0.038700 0.873833
0.038750 0.931817
0.038800 0.905339
0.038850 0.855425
0.038900 0.934639
0.038950 0.876105
0.039000 0.839220
0.039050 0.924192
0.039100 0.857595
0.039150 0.834653
0.039200 0.895625
0.039250 0.790991
0.039300 0.818967
0.039350 0.880153
0.039400 0.894239
0.039450 0.864935
0.039500 0.870330
0.039550 0.848824
0.039600 0.843896
0.039650 0.925502
0.039700 0.830138
0.039750 0.775016
0.039800 0.826491
0.039850 0.857419
0.039900 0.846123
0.039950 0.845991
0.040000 0.792999
0.040050 0.825629
0.040100 0.859191
0.040150 0.857509
0.040200 0.834092
0.040250 0.892806
0.040300 0.897676
0.040350 0.808034
0.040400 0.866112
0.040450 0.834502
0.040500 0.857929
0.040550 0.834353
0.040600 0.772485
0.040650 0.895173
0.040700 0.838205
0.040750 0.800617
0.040800 0.825806
0.040850 0.746390
0.040900 0.751865
0.040950 0.763107
0.041000 0.823657
0.041050 0.858131
0.041100 0.852410
0.041150 0.813714
0.041200 0.828508
0.041250 0.842536
0.041300 0.801212
0.041350 0.765540
0.041400 0.846634
0.041450 0.797718
0.041500 0.795167
0.041550 0.868325
0.041600 0.859286
0.041650 0.814358
0.041700 0.834404
0.041750 0.862052
0.041800 0.821171
0.041850 0.874005
0.041900 0.833066
0.041950 0.759226
0.042000 0.871830
0.042050 0.808022
0.042100 0.850210
0.042150 0.734726
0.042200 0.814032
0.042250 0.793798
0.042300 0.769263
0.042350 0.816727
0.042400 0.796445
0.042450 0.883197
0.042500 0.787296
0.042550 0.777114
0.042600 0.862438
0.042650 0.747378
0.042700 0.727679
0.042750 0.773829
0.042800 0.840715
0.042850 0.779141
0.042900 0.804975
0.042950 0.771565
0.043000 0.801758
0.043050 0.779480
0.043100 0.804595
0.043150 0.803019
0.043200 0.675153
0.043250 0.779803
0.043300 0.818930
0.043350 0.818270
0.043400 0.720285
0.043450 0.791617
0.043500 0.816167
0.043550 0.786743
0.043600 0.757223
0.043650 0.878809
0.043700 0.838943
0.043750 0.812961
0.043800 0.848285
0.043850 0.791545
0.043900 0.768897
0.043950 0.793697
0.044000 0.745464
0.044050 0.768514
0.044100 0.789882
0.044150 0.821936
0.044200 0.774454
0.044250 0.743650
0.044300 0.827170
0.044350 0.695194
0.044400 0.725464
0.044450 0.735372
0.044500 0.734627
0.044550 0.770457
0.044600 0.744796
0.044650 0.728888
0.044700 0.703982
0.044750 0.788310
0.044800 0.754522
0.044850 0.752056
0.044900 0.740597
0.044950 0.679605
0.045000 0.811229
0.045050 0.726817
0.045100 0.805572
0.045150 0.805946
0.045200 0.780986
0.045250 0.743264
0.045300 0.763470
0.045350 0.694764
0.045400 0.764004
0.045450 0.764318
0.045500 0.784680
0.045550 0.762250
0.045600 0.833790
0.045650 0.767556
0.045700 0.702939
0.045750 0.724219
0.045800 0.732736
0.045850 0.836758
0.045900 0.745378
0.045950 0.694184
0.046000 0.805845
0.046050 0.770355
0.046100 0.725524
0.046150 0.767408
0.046200 0.722483
0.046250 0.741311
0.046300 0.696242
0.046350 0.723416
0.046400 0.749754
0.046450 0.780832
0.046500 0.727294
0.046550 0.727644
0.046600 0.769052
0.046650 0.717198
0.046700 0.741852
0.046750 0.704814
0.046800 0.705142
0.046850 0.745810
0.046900 0.701164
0.046950 0.738160
0.047000 0.713173
0.047050 0.743689
0.047100 0.742245
0.047150 0.727585
0.047200 0.728003
0.047250 0.790863
0.047300 0.803736
0.047350 0.707634
0.047400 0.680509
0.047450 0.739753
0.047500 0.684118
0.047550 0.727320
0.047600 0.740167
0.047650 0.712991
0.047700 0.732529
0.047750 0.672785
0.047800 0.678891
0.047850 0.674483
0.047900 0.718975
0.047950 0.679131
0.048000 0.664153
0.048050 0.705891
0.048100 0.755468
0.048150 0.711696
0.048200 0.667792
0.048250 0.733880
0.048300 0.671567
0.048350 0.732001
0.048400 0.651153
0.048450 0.733019
0.048500 0.645218
0.048550 0.684482
0.048600 0.721926
0.048650 0.718582
0.048700 0.708407
0.048750 0.733341
0.048800 0.656748
0.048850 0.636648
0.048900 0.645861
0.048950 0.685487
0.049000 0.710524
0.049050 0.685560
0.049100 0.659541
0.049150 0.690519
0.049200 0.638856
0.049250 0.680710
0.049300 0.729605
0.049350 0.636381
0.049400 0.661558
0.049450 0.704636
0.049500 0.648749
0.049550 0.695865
0.049600 0.742135
0.049650 0.700083
0.049700 0.677808
0.049750 0.747102
0.049800 0.657089
0.049850 0.685571
0.049900 0.685172
