0.00000	4.89600
0.00005	11.01600
0.00010	11.01600
0.00015	28.15200
0.00020	9.79200
0.00025	18.36000
0.00030	14.68800
0.00035	7.34400
0.00040	33.04800
0.00045	18.36000
0.00050	9.79200
0.00055	4.89600
0.00060	2.44800
0.00065	24.48000
0.00070	-0.00000
0.00075	11.01600
0.00080	8.56800
0.00085	24.48000
0.00090	15.91200
0.00095	28.15200
0.00100	19.58400
0.00105	15.91200
0.00110	20.80800
0.00115	30.60000
0.00120	56.30400
0.00125	33.04800
0.00130	33.04800
0.00135	45.28800
0.00140	72.21600
0.00145	121.17600
0.00150	143.20800
0.00155	188.49600
0.00160	237.45600
0.00165	345.16800
0.00170	543.45600
0.00175	612.00000
0.00180	681.76800
0.00185	802.94400
0.00190	1036.72800
0.00195	1107.72000
0.00200	1334.16000
0.00205	1560.60000
0.00210	1746.64800
0.00215	1742.97600
0.00220	1675.65600
0.00225	1909.44000
0.00230	1670.76000
0.00235	1607.11200
0.00240	1314.57600
0.00245	1226.44800
0.00250	1216.65600
0.00255	948.60000
0.00260	881.28000
0.00265	758.88000
0.00270	682.99200
0.00275	489.60000
0.00280	501.84000
0.00285	471.24000
0.00290	326.80800
0.00295	231.33600
0.00300	227.66400
0.00305	271.72800
0.00310	259.48800
0.00315	332.92800
0.00320	226.44000
0.00325	317.01600
0.00330	235.00800
0.00335	226.44000
0.00340	197.06400
0.00345	231.33600
0.00350	141.98400
0.00355	148.10400
0.00360	151.77600
0.00365	201.96000
0.00370	198.28800
0.00375	160.34400
0.00380	215.42400
0.00385	140.76000
0.00390	154.22400
0.00395	86.90400
0.00400	149.32800
0.00405	84.45600
0.00410	121.17600
0.00415	132.19200
0.00420	112.60800
0.00425	107.71200
0.00430	160.34400
0.00435	153.00000
0.00440	173.80800
0.00445	122.40000
0.00450	82.00800
0.00455	68.54400
0.00460	110.16000
0.00465	85.68000
0.00470	72.21600
0.00475	91.80000
0.00480	148.10400
0.00485	155.44800
0.00490	85.68000
0.00495	94.24800
0.00500	111.38400
0.00505	83.23200
0.00510	117.50400
0.00515	102.81600
0.00520	75.88800
0.00525	77.11200
0.00530	91.80000
0.00535	78.33600
0.00540	112.60800
0.00545	84.45600
0.00550	129.74400
0.00555	48.96000
0.00560	33.04800
0.00565	82.00800
0.00570	155.44800
0.00575	68.54400
0.00580	79.56000
0.00585	99.14400
0.00590	70.99200
0.00595	107.71200
0.00600	88.12800
0.00605	72.21600
0.00610	50.18400
0.00615	61.20000
0.00620	42.84000
0.00625	67.32000
0.00630	107.71200
0.00635	78.33600
0.00640	50.18400
0.00645	93.02400
0.00650	69.76800
0.00655	95.47200
0.00660	61.20000
0.00665	73.44000
0.00670	135.86400
0.00675	44.06400
0.00680	108.93600
0.00685	66.09600
0.00690	84.45600
0.00695	83.23200
0.00700	75.88800
0.00705	77.11200
0.00710	84.45600
0.00715	108.93600
0.00720	40.39200
0.00725	51.40800
0.00730	108.93600
0.00735	63.64800
0.00740	74.66400
0.00745	86.90400
0.00750	35.49600
0.00755	67.32000
0.00760	72.21600
0.00765	51.40800
0.00770	36.72000
0.00775	82.00800
0.00780	82.00800
0.00785	42.84000
0.00790	64.87200
0.00795	102.81600
0.00800	80.78400
0.00805	35.49600
0.00810	63.64800
0.00815	79.56000
0.00820	74.66400
0.00825	107.71200
0.00830	94.24800
0.00835	75.88800
0.00840	53.85600
0.00845	59.97600
0.00850	73.44000
0.00855	67.32000
0.00860	102.81600
0.00865	75.88800
0.00870	33.04800
0.00875	61.20000
0.00880	57.52800
0.00885	58.75200
0.00890	88.12800
0.00895	39.16800
0.00900	30.60000
0.00905	48.96000
0.00910	75.88800
0.00915	45.28800
0.00920	63.64800
0.00925	41.61600
0.00930	39.16800
0.00935	74.66400
0.00940	62.42400
0.00945	48.96000
0.00950	80.78400
0.00955	70.99200
0.00960	41.61600
0.00965	66.09600
0.00970	69.76800
0.00975	35.49600
0.00980	51.40800
0.00985	58.75200
0.00990	93.02400
0.00995	26.92800
0.01000	41.61600
0.01005	72.21600
0.01010	31.82400
0.01015	55.08000
0.01020	31.82400
0.01025	64.87200
0.01030	37.94400
0.01035	72.21600
0.01040	31.82400
0.01045	30.60000
0.01050	45.28800
0.01055	88.12800
0.01060	55.08000
0.01065	51.40800
0.01070	44.06400
0.01075	50.18400
0.01080	51.40800
0.01085	57.52800
0.01090	34.27200
0.01095	69.76800
0.01100	33.04800
0.01105	28.15200
0.01110	44.06400
0.01115	36.72000
0.01120	48.96000
0.01125	61.20000
0.01130	40.39200
0.01135	30.60000
0.01140	31.82400
0.01145	31.82400
0.01150	37.94400
0.01155	47.73600
0.01160	36.72000
0.01165	40.39200
0.01170	41.61600
0.01175	37.94400
0.01180	45.28800
0.01185	59.97600
0.01190	51.40800
0.01195	55.08000
0.01200	20.80800
0.01205	19.58400
0.01210	50.18400
0.01215	26.92800
0.01220	28.15200
0.01225	72.21600
0.01230	95.47200
0.01235	79.56000
0.01240	35.49600
0.01245	48.96000
0.01250	96.69600
0.01255	56.30400
0.01260	68.54400
0.01265	72.21600
0.01270	25.70400
0.01275	18.36000
0.01280	29.37600
0.01285	58.75200
0.01290	48.96000
0.01295	63.64800
0.01300	48.96000
0.01305	78.33600
0.01310	42.84000
0.01315	67.32000
0.01320	35.49600
0.01325	22.03200
0.01330	69.76800
0.01335	33.04800
0.01340	45.28800
0.01345	25.70400
0.01350	69.76800
0.01355	50.18400
0.01360	41.61600
0.01365	56.30400
0.01370	30.60000
0.01375	40.39200
0.01380	61.20000
0.01385	61.20000
0.01390	57.52800
0.01395	36.72000
0.01400	40.39200
0.01405	36.72000
0.01410	19.58400
0.01415	78.33600
0.01420	61.20000
0.01425	66.09600
0.01430	74.66400
0.01435	35.49600
0.01440	55.08000
0.01445	46.51200
0.01450	44.06400
0.01455	55.08000
0.01460	45.28800
0.01465	55.08000
0.01470	48.96000
0.01475	74.66400
0.01480	56.30400
0.01485	45.28800
0.01490	62.42400
0.01495	29.37600
0.01500	37.94400
0.01505	41.61600
0.01510	20.80800
0.01515	51.40800
0.01520	19.58400
0.01525	62.42400
0.01530	53.85600
0.01535	51.40800
0.01540	42.84000
0.01545	45.28800
0.01550	58.75200
0.01555	30.60000
0.01560	46.51200
0.01565	23.25600
0.01570	48.96000
0.01575	40.39200
0.01580	46.51200
0.01585	25.70400
0.01590	41.61600
0.01595	11.01600
0.01600	74.66400
0.01605	51.40800
0.01610	35.49600
0.01615	53.85600
0.01620	41.61600
0.01625	24.48000
0.01630	23.25600
0.01635	29.37600
0.01640	59.97600
0.01645	18.36000
0.01650	88.12800
0.01655	33.04800
0.01660	86.90400
0.01665	75.88800
0.01670	14.68800
0.01675	45.28800
0.01680	39.16800
0.01685	45.28800
0.01690	58.75200
0.01695	55.08000
0.01700	67.32000
0.01705	36.72000
0.01710	24.48000
0.01715	37.94400
0.01720	57.52800
0.01725	73.44000
0.01730	24.48000
0.01735	45.28800
0.01740	40.39200
0.01745	22.03200
0.01750	25.70400
0.01755	100.36800
0.01760	62.42400
0.01765	23.25600
0.01770	14.68800
0.01775	45.28800
0.01780	40.39200
0.01785	33.04800
0.01790	58.75200
0.01795	24.48000
0.01800	57.52800
0.01805	56.30400
0.01810	86.90400
0.01815	26.92800
0.01820	75.88800
0.01825	13.46400
0.01830	44.06400
0.01835	29.37600
0.01840	56.30400
0.01845	59.97600
0.01850	29.37600
0.01855	26.92800
0.01860	45.28800
0.01865	63.64800
0.01870	13.46400
0.01875	61.20000
0.01880	41.61600
0.01885	26.92800
0.01890	31.82400
0.01895	8.56800
0.01900	30.60000
0.01905	29.37600
0.01910	47.73600
0.01915	44.06400
0.01920	45.28800
0.01925	22.03200
0.01930	40.39200
0.01935	30.60000
0.01940	37.94400
0.01945	17.13600
0.01950	29.37600
0.01955	17.13600
0.01960	41.61600
0.01965	31.82400
0.01970	15.91200
0.01975	31.82400
0.01980	29.37600
0.01985	73.44000
0.01990	28.15200
0.01995	45.28800
0.02000	24.48000
0.02005	11.01600
0.02010	83.23200
0.02015	47.73600
0.02020	29.37600
0.02025	41.61600
0.02030	48.96000
0.02035	17.13600
0.02040	36.72000
0.02045	15.91200
0.02050	18.36000
0.02055	30.60000
0.02060	67.32000
0.02065	33.04800
0.02070	42.84000
0.02075	72.21600
0.02080	45.28800
0.02085	67.32000
0.02090	48.96000
0.02095	66.09600
0.02100	30.60000
0.02105	22.03200
0.02110	69.76800
0.02115	22.03200
0.02120	45.28800
0.02125	13.46400
0.02130	73.44000
0.02135	40.39200
0.02140	42.84000
0.02145	39.16800
0.02150	29.37600
0.02155	31.82400
0.02160	35.49600
0.02165	22.03200
0.02170	23.25600
0.02175	40.39200
0.02180	45.28800
0.02185	67.32000
0.02190	35.49600
0.02195	48.96000
0.02200	40.39200
0.02205	48.96000
0.02210	42.84000
0.02215	40.39200
0.02220	22.03200
0.02225	28.15200
0.02230	30.60000
0.02235	55.08000
0.02240	47.73600
0.02245	36.72000
0.02250	29.37600
0.02255	58.75200
0.02260	41.61600
0.02265	55.08000
0.02270	25.70400
0.02275	23.25600
0.02280	46.51200
0.02285	30.60000
0.02290	29.37600
0.02295	29.37600
0.02300	55.08000
0.02305	30.60000
0.02310	26.92800
0.02315	37.94400
0.02320	34.27200
0.02325	24.48000
0.02330	14.68800
0.02335	22.03200
0.02340	69.76800
0.02345	35.49600
0.02350	69.76800
0.02355	39.16800
0.02360	17.13600
0.02365	67.32000
0.02370	35.49600
0.02375	25.70400
0.02380	9.79200
0.02385	35.49600
0.02390	31.82400
0.02395	47.73600
0.02400	28.15200
0.02405	39.16800
0.02410	24.48000
0.02415	25.70400
0.02420	64.87200
0.02425	26.92800
0.02430	17.13600
0.02435	33.04800
0.02440	26.92800
0.02445	51.40800
0.02450	23.25600
0.02455	22.03200
0.02460	36.72000
0.02465	24.48000
0.02470	42.84000
0.02475	56.30400
0.02480	50.18400
0.02485	39.16800
0.02490	50.18400
0.02495	41.61600
0.02500	31.82400
0.02505	23.25600
0.02510	23.25600
0.02515	46.51200
0.02520	44.06400
0.02525	33.04800
0.02530	12.24000
0.02535	36.72000
0.02540	14.68800
0.02545	37.94400
0.02550	26.92800
0.02555	15.91200
0.02560	50.18400
0.02565	22.03200
0.02570	23.25600
0.02575	25.70400
0.02580	64.87200
0.02585	34.27200
0.02590	30.60000
0.02595	39.16800
0.02600	37.94400
0.02605	53.85600
0.02610	70.99200
0.02615	51.40800
0.02620	44.06400
0.02625	29.37600
0.02630	31.82400
0.02635	36.72000
0.02640	24.48000
0.02645	26.92800
0.02650	36.72000
0.02655	45.28800
0.02660	29.37600
0.02665	24.48000
0.02670	25.70400
0.02675	18.36000
0.02680	42.84000
0.02685	19.58400
0.02690	36.72000
0.02695	36.72000
0.02700	56.30400
0.02705	69.76800
0.02710	22.03200
0.02715	17.13600
0.02720	56.30400
0.02725	34.27200
0.02730	18.36000
0.02735	28.15200
0.02740	17.13600
0.02745	44.06400
0.02750	28.15200
0.02755	59.97600
0.02760	46.51200
0.02765	63.64800
0.02770	26.92800
0.02775	30.60000
0.02780	26.92800
0.02785	30.60000
0.02790	15.91200
0.02795	17.13600
0.02800	74.66400
0.02805	34.27200
0.02810	7.34400
0.02815	45.28800
0.02820	47.73600
0.02825	48.96000
0.02830	37.94400
0.02835	56.30400
0.02840	52.63200
0.02845	6.12000
0.02850	26.92800
0.02855	12.24000
0.02860	56.30400
0.02865	29.37600
0.02870	29.37600
0.02875	45.28800
0.02880	61.20000
0.02885	13.46400
0.02890	28.15200
0.02895	42.84000
0.02900	25.70400
0.02905	59.97600
0.02910	20.80800
0.02915	45.28800
0.02920	46.51200
0.02925	74.66400
0.02930	14.68800
0.02935	42.84000
0.02940	30.60000
0.02945	58.75200
0.02950	31.82400
0.02955	37.94400
0.02960	30.60000
0.02965	72.21600
0.02970	64.87200
0.02975	25.70400
0.02980	42.84000
0.02985	24.48000
0.02990	64.87200
0.02995	50.18400
0.03000	33.04800
0.03005	57.52800
0.03010	39.16800
0.03015	51.40800
0.03020	33.04800
0.03025	9.79200
0.03030	15.91200
0.03035	83.23200
0.03040	61.20000
0.03045	34.27200
0.03050	26.92800
0.03055	15.91200
0.03060	25.70400
0.03065	106.48800
0.03070	101.59200
0.03075	33.04800
0.03080	26.92800
0.03085	50.18400
0.03090	67.32000
0.03095	47.73600
0.03100	52.63200
0.03105	36.72000
0.03110	17.13600
0.03115	51.40800
0.03120	14.68800
0.03125	58.75200
0.03130	20.80800
0.03135	73.44000
0.03140	22.03200
0.03145	15.91200
0.03150	67.32000
0.03155	19.58400
0.03160	28.15200
0.03165	34.27200
0.03170	45.28800
0.03175	53.85600
0.03180	67.32000
0.03185	52.63200
0.03190	18.36000
0.03195	15.91200
0.03200	33.04800
0.03205	41.61600
0.03210	55.08000
0.03215	22.03200
0.03220	51.40800
0.03225	37.94400
0.03230	33.04800
0.03235	9.79200
0.03240	50.18400
0.03245	23.25600
0.03250	56.30400
0.03255	24.48000
0.03260	41.61600
0.03265	57.52800
0.03270	29.37600
0.03275	35.49600
0.03280	58.75200
0.03285	24.48000
0.03290	22.03200
0.03295	12.24000
0.03300	46.51200
0.03305	17.13600
0.03310	28.15200
0.03315	7.34400
0.03320	22.03200
0.03325	29.37600
0.03330	45.28800
0.03335	56.30400
0.03340	55.08000
0.03345	18.36000
0.03350	14.68800
0.03355	40.39200
0.03360	67.32000
0.03365	19.58400
0.03370	23.25600
0.03375	34.27200
0.03380	51.40800
0.03385	19.58400
0.03390	22.03200
0.03395	15.91200
0.03400	13.46400
0.03405	48.96000
0.03410	59.97600
0.03415	59.97600
0.03420	34.27200
0.03425	18.36000
0.03430	18.36000
0.03435	23.25600
0.03440	33.04800
0.03445	46.51200
0.03450	34.27200
0.03455	39.16800
0.03460	33.04800
0.03465	13.46400
0.03470	44.06400
0.03475	20.80800
0.03480	85.68000
0.03485	55.08000
0.03490	42.84000
0.03495	93.02400
0.03500	26.92800
0.03505	50.18400
0.03510	15.91200
0.03515	47.73600
0.03520	48.96000
0.03525	26.92800
0.03530	46.51200
0.03535	14.68800
0.03540	35.49600
0.03545	55.08000
0.03550	51.40800
0.03555	46.51200
0.03560	30.60000
0.03565	30.60000
0.03570	33.04800
0.03575	48.96000
0.03580	34.27200
0.03585	48.96000
0.03590	13.46400
0.03595	29.37600
0.03600	37.94400
0.03605	23.25600
0.03610	12.24000
0.03615	15.91200
0.03620	50.18400
0.03625	13.46400
0.03630	33.04800
0.03635	22.03200
0.03640	63.64800
0.03645	42.84000
0.03650	22.03200
0.03655	25.70400
0.03660	28.15200
0.03665	30.60000
0.03670	35.49600
0.03675	14.68800
0.03680	45.28800
0.03685	50.18400
0.03690	40.39200
0.03695	48.96000
0.03700	17.13600
0.03705	22.03200
0.03710	40.39200
0.03715	35.49600
0.03720	24.48000
0.03725	14.68800
0.03730	17.13600
0.03735	44.06400
0.03740	17.13600
0.03745	39.16800
0.03750	25.70400
0.03755	64.87200
0.03760	40.39200
0.03765	14.68800
0.03770	26.92800
0.03775	28.15200
0.03780	17.13600
0.03785	14.68800
0.03790	23.25600
0.03795	25.70400
0.03800	34.27200
0.03805	33.04800
0.03810	47.73600
0.03815	44.06400
0.03820	35.49600
0.03825	40.39200
0.03830	44.06400
0.03835	13.46400
0.03840	20.80800
0.03845	8.56800
0.03850	44.06400
0.03855	28.15200
0.03860	33.04800
0.03865	36.72000
0.03870	36.72000
0.03875	56.30400
0.03880	20.80800
0.03885	26.92800
0.03890	22.03200
0.03895	22.03200
0.03900	11.01600
0.03905	26.92800
0.03910	46.51200
0.03915	14.68800
0.03920	41.61600
0.03925	44.06400
0.03930	18.36000
0.03935	35.49600
0.03940	42.84000
0.03945	15.91200
0.03950	39.16800
0.03955	41.61600
0.03960	37.94400
0.03965	33.04800
0.03970	31.82400
0.03975	37.94400
0.03980	51.40800
0.03985	22.03200
0.03990	13.46400
0.03995	35.49600
0.04000	29.37600
0.04005	18.36000
0.04010	26.92800
0.04015	55.08000
0.04020	15.91200
0.04025	68.54400
0.04030	33.04800
0.04035	18.36000
0.04040	25.70400
0.04045	53.85600
0.04050	57.52800
0.04055	13.46400
0.04060	12.24000
0.04065	22.03200
0.04070	33.04800
0.04075	24.48000
0.04080	22.03200
0.04085	51.40800
0.04090	24.48000
0.04095	2.44800
0.04100	26.92800
0.04105	42.84000
0.04110	42.84000
0.04115	19.58400
0.04120	6.12000
0.04125	31.82400
0.04130	26.92800
0.04135	64.87200
0.04140	40.39200
0.04145	45.28800
0.04150	34.27200
0.04155	6.12000
0.04160	50.18400
0.04165	6.12000
0.04170	14.68800
0.04175	35.49600
0.04180	26.92800
0.04185	14.68800
0.04190	22.03200
0.04195	37.94400
0.04200	33.04800
0.04205	15.91200
0.04210	28.15200
0.04215	24.48000
0.04220	31.82400
0.04225	13.46400
0.04230	22.03200
0.04235	13.46400
0.04240	19.58400
0.04245	33.04800
0.04250	11.01600
0.04255	39.16800
0.04260	23.25600
0.04265	28.15200
0.04270	61.20000
0.04275	11.01600
0.04280	39.16800
0.04285	14.68800
0.04290	15.91200
0.04295	39.16800
0.04300	20.80800
0.04305	41.61600
0.04310	18.36000
0.04315	15.91200
0.04320	30.60000
0.04325	36.72000
0.04330	18.36000
0.04335	29.37600
0.04340	35.49600
0.04345	17.13600
0.04350	22.03200
0.04355	24.48000
0.04360	50.18400
0.04365	14.68800
0.04370	47.73600
0.04375	37.94400
0.04380	14.68800
0.04385	28.15200
0.04390	15.91200
0.04395	46.51200
0.04400	22.03200
0.04405	46.51200
0.04410	24.48000
0.04415	12.24000
0.04420	18.36000
0.04425	30.60000
0.04430	41.61600
0.04435	37.94400
0.04440	46.51200
0.04445	14.68800
0.04450	11.01600
0.04455	24.48000
0.04460	29.37600
0.04465	28.15200
0.04470	50.18400
0.04475	14.68800
0.04480	17.13600
0.04485	23.25600
0.04490	56.30400
0.04495	90.57600
0.04500	35.49600
0.04505	28.15200
0.04510	40.39200
0.04515	39.16800
0.04520	37.94400
0.04525	14.68800
0.04530	3.67200
0.04535	34.27200
0.04540	41.61600
0.04545	41.61600
0.04550	15.91200
0.04555	20.80800
0.04560	56.30400
0.04565	24.48000
0.04570	19.58400
0.04575	45.28800
0.04580	28.15200
0.04585	44.06400
0.04590	36.72000
0.04595	57.52800
0.04600	4.89600
0.04605	19.58400
0.04610	48.96000
0.04615	33.04800
0.04620	41.61600
0.04625	33.04800
0.04630	35.49600
0.04635	52.63200
0.04640	34.27200
0.04645	47.73600
0.04650	13.46400
0.04655	8.56800
0.04660	23.25600
0.04665	26.92800
0.04670	3.67200
0.04675	36.72000
0.04680	20.80800
0.04685	12.24000
0.04690	30.60000
0.04695	45.28800
0.04700	64.87200
0.04705	13.46400
0.04710	34.27200
0.04715	37.94400
0.04720	39.16800
0.04725	30.60000
0.04730	45.28800
0.04735	34.27200
0.04740	52.63200
0.04745	35.49600
0.04750	25.70400
0.04755	23.25600
0.04760	24.48000
0.04765	28.15200
0.04770	20.80800
0.04775	58.75200
0.04780	40.39200
0.04785	15.91200
0.04790	22.03200
0.04795	26.92800
0.04800	23.25600
0.04805	39.16800
0.04810	17.13600
0.04815	59.97600
0.04820	13.46400
0.04825	34.27200
0.04830	37.94400
0.04835	20.80800
0.04840	13.46400
0.04845	2.44800
0.04850	28.15200
0.04855	40.39200
0.04860	29.37600
0.04865	28.15200
0.04870	28.15200
0.04875	15.91200
0.04880	18.36000
0.04885	12.24000
0.04890	18.36000
0.04895	36.72000
0.04900	14.68800
0.04905	24.48000
0.04910	33.04800
0.04915	46.51200
0.04920	41.61600
0.04925	12.24000
0.04930	47.73600
0.04935	19.58400
0.04940	18.36000
0.04945	56.30400
0.04950	34.27200
0.04955	14.68800
0.04960	12.24000
0.04965	40.39200
0.04970	35.49600
0.04975	48.96000
0.04980	20.80800
0.04985	9.79200
0.04990	22.03200
0.04995	41.61600
0.05000	14.68800
0.05005	26.92800
0.05010	59.97600
0.05015	23.25600
0.05020	33.04800
0.05025	23.25600
0.05030	36.72000
0.05035	24.48000
0.05040	24.48000
0.05045	26.92800
0.05050	28.15200
0.05055	26.92800
0.05060	26.92800
0.05065	41.61600
0.05070	41.61600
0.05075	37.94400
0.05080	23.25600
0.05085	20.80800
0.05090	9.79200
0.05095	33.04800
0.05100	61.20000
0.05105	29.37600
0.05110	12.24000
0.05115	30.60000
0.05120	29.37600
0.05125	33.04800
0.05130	50.18400
0.05135	14.68800
0.05140	14.68800
0.05145	37.94400
0.05150	8.56800
0.05155	6.12000
0.05160	78.33600
0.05165	3.67200
0.05170	46.51200
0.05175	15.91200
0.05180	48.96000
0.05185	30.60000
0.05190	30.60000
0.05195	24.48000
0.05200	35.49600
0.05205	40.39200
0.05210	36.72000
0.05215	12.24000
0.05220	24.48000
0.05225	36.72000
0.05230	8.56800
0.05235	8.56800
0.05240	30.60000
0.05245	57.52800
0.05250	17.13600
0.05255	33.04800
0.05260	19.58400
0.05265	28.15200
0.05270	37.94400
0.05275	24.48000
0.05280	42.84000
0.05285	14.68800
0.05290	23.25600
0.05295	31.82400
0.05300	20.80800
0.05305	33.04800
0.05310	28.15200
0.05315	13.46400
0.05320	53.85600
0.05325	2.44800
0.05330	25.70400
0.05335	22.03200
0.05340	7.34400
0.05345	25.70400
0.05350	57.52800
0.05355	11.01600
0.05360	11.01600
0.05365	56.30400
0.05370	37.94400
0.05375	3.67200
0.05380	6.12000
0.05385	13.46400
0.05390	7.34400
0.05395	29.37600
0.05400	67.32000
0.05405	22.03200
0.05410	29.37600
0.05415	50.18400
0.05420	36.72000
0.05425	22.03200
0.05430	29.37600
0.05435	15.91200
0.05440	23.25600
0.05445	26.92800
0.05450	25.70400
0.05455	39.16800
0.05460	19.58400
0.05465	14.68800
0.05470	0.00000
0.05475	28.15200
0.05480	48.96000
0.05485	22.03200
0.05490	12.24000
0.05495	36.72000
0.05500	17.13600
0.05505	18.36000
0.05510	86.90400
0.05515	19.58400
0.05520	29.37600
0.05525	24.48000
0.05530	23.25600
0.05535	36.72000
0.05540	14.68800
0.05545	29.37600
0.05550	42.84000
0.05555	62.42400
0.05560	15.91200
0.05565	39.16800
0.05570	14.68800
0.05575	26.92800
0.05580	14.68800
0.05585	25.70400
0.05590	29.37600
0.05595	33.04800
0.05600	39.16800
0.05605	24.48000
0.05610	37.94400
0.05615	13.46400
0.05620	26.92800
0.05625	15.91200
0.05630	12.24000
0.05635	26.92800
0.05640	47.73600
0.05645	34.27200
0.05650	46.51200
0.05655	52.63200
0.05660	22.03200
0.05665	7.34400
0.05670	30.60000
0.05675	23.25600
0.05680	26.92800
0.05685	40.39200
0.05690	34.27200
0.05695	37.94400
0.05700	33.04800
0.05705	20.80800
0.05710	20.80800
0.05715	11.01600
0.05720	46.51200
0.05725	28.15200
0.05730	46.51200
0.05735	20.80800
0.05740	11.01600
0.05745	56.30400
0.05750	35.49600
0.05755	37.94400
0.05760	15.91200
0.05765	18.36000
0.05770	44.06400
0.05775	33.04800
0.05780	9.79200
0.05785	55.08000
0.05790	37.94400
0.05795	8.56800
0.05800	42.84000
0.05805	52.63200
0.05810	59.97600
0.05815	22.03200
0.05820	51.40800
0.05825	11.01600
0.05830	22.03200
0.05835	18.36000
0.05840	28.15200
0.05845	44.06400
0.05850	11.01600
0.05855	30.60000
0.05860	52.63200
0.05865	7.34400
0.05870	13.46400
0.05875	37.94400
0.05880	30.60000
0.05885	24.48000
0.05890	37.94400
0.05895	37.94400
0.05900	31.82400
0.05905	24.48000
0.05910	66.09600
0.05915	35.49600
0.05920	36.72000
0.05925	53.85600
0.05930	9.79200
0.05935	55.08000
0.05940	58.75200
0.05945	4.89600
0.05950	11.01600
0.05955	40.39200
0.05960	24.48000
0.05965	7.34400
0.05970	37.94400
0.05975	19.58400
0.05980	63.64800
0.05985	25.70400
0.05990	40.39200
0.05995	20.80800
0.06000	34.27200
0.06005	28.15200
0.06010	15.91200
0.06015	40.39200
0.06020	33.04800
0.06025	29.37600
0.06030	4.89600
0.06035	4.89600
0.06040	30.60000
0.06045	46.51200
0.06050	4.89600
0.06055	9.79200
0.06060	48.96000
0.06065	30.60000
0.06070	37.94400
0.06075	22.03200
0.06080	30.60000
0.06085	33.04800
0.06090	33.04800
0.06095	23.25600
0.06100	68.54400
0.06105	45.28800
0.06110	74.66400
0.06115	37.94400
0.06120	66.09600
0.06125	90.57600
0.06130	73.44000
0.06135	104.04000
0.06140	83.23200
0.06145	165.24000
0.06150	179.92800
0.06155	321.91200
0.06160	413.71200
0.06165	473.68800
0.06170	647.49600
0.06175	831.09600
0.06180	904.53600
0.06185	1002.45600
0.06190	1189.72800
0.06195	1423.51200
0.06200	1674.43200
0.06205	1769.90400
0.06210	2039.18400
0.06215	1920.45600
0.06220	1943.71200
0.06225	1864.15200
0.06230	1791.93600
0.06235	1765.00800
0.06240	1683.00000
0.06245	1583.85600
0.06250	1489.60800
0.06255	1406.37600
0.06260	1161.57600
0.06265	822.52800
0.06270	783.36000
0.06275	621.79200
0.06280	768.67200
0.06285	656.06400
0.06290	545.90400
0.06295	553.24800
0.06300	488.37600
0.06305	428.40000
0.06310	405.14400
0.06315	406.36800
0.06320	330.48000
0.06325	403.92000
0.06330	337.82400
0.06335	291.31200
0.06340	259.48800
0.06345	265.60800
0.06350	331.70400
0.06355	228.88800
0.06360	336.60000
0.06365	266.83200
0.06370	269.28000
0.06375	255.81600
0.06380	233.78400
0.06385	205.63200
0.06390	183.60000
0.06395	208.08000
0.06400	132.19200
0.06405	200.73600
0.06410	139.53600
0.06415	164.01600
0.06420	226.44000
0.06425	165.24000
0.06430	220.32000
0.06435	189.72000
0.06440	235.00800
0.06445	209.30400
0.06450	197.06400
0.06455	182.37600
0.06460	134.64000
0.06465	220.32000
0.06470	209.30400
0.06475	183.60000
0.06480	193.39200
0.06485	233.78400
0.06490	216.64800
0.06495	206.85600
0.06500	150.55200
0.06505	124.84800
0.06510	212.97600
0.06515	137.08800
0.06520	181.15200
0.06525	141.98400
0.06530	151.77600
0.06535	113.83200
0.06540	148.10400
0.06545	206.85600
0.06550	102.81600
0.06555	144.43200
0.06560	104.04000
0.06565	128.52000
0.06570	205.63200
0.06575	115.05600
0.06580	205.63200
0.06585	117.50400
0.06590	82.00800
0.06595	126.07200
0.06600	134.64000
0.06605	69.76800
0.06610	160.34400
0.06615	124.84800
0.06620	176.25600
0.06625	188.49600
0.06630	90.57600
0.06635	105.26400
0.06640	102.81600
0.06645	137.08800
0.06650	134.64000
0.06655	84.45600
0.06660	146.88000
0.06665	118.72800
0.06670	123.62400
0.06675	117.50400
0.06680	99.14400
0.06685	146.88000
0.06690	122.40000
0.06695	95.47200
0.06700	122.40000
0.06705	100.36800
0.06710	123.62400
0.06715	105.26400
0.06720	72.21600
0.06725	123.62400
0.06730	75.88800
0.06735	176.25600
0.06740	140.76000
0.06745	170.13600
0.06750	85.68000
0.06755	85.68000
0.06760	78.33600
0.06765	190.94400
0.06770	129.74400
0.06775	116.28000
0.06780	116.28000
0.06785	91.80000
0.06790	134.64000
0.06795	115.05600
0.06800	111.38400
0.06805	53.85600
0.06810	89.35200
0.06815	108.93600
0.06820	112.60800
0.06825	107.71200
0.06830	91.80000
0.06835	128.52000
0.06840	85.68000
0.06845	59.97600
0.06850	69.76800
0.06855	78.33600
0.06860	130.96800
0.06865	139.53600
0.06870	100.36800
0.06875	134.64000
0.06880	106.48800
0.06885	94.24800
0.06890	102.81600
0.06895	116.28000
0.06900	117.50400
0.06905	110.16000
0.06910	118.72800
0.06915	91.80000
0.06920	105.26400
0.06925	72.21600
0.06930	75.88800
0.06935	132.19200
0.06940	83.23200
0.06945	112.60800
0.06950	104.04000
0.06955	83.23200
0.06960	93.02400
0.06965	137.08800
0.06970	88.12800
0.06975	138.31200
0.06980	69.76800
0.06985	138.31200
0.06990	83.23200
0.06995	59.97600
0.07000	64.87200
0.07005	111.38400
0.07010	94.24800
0.07015	75.88800
0.07020	89.35200
0.07025	95.47200
0.07030	75.88800
0.07035	94.24800
0.07040	111.38400
0.07045	61.20000
0.07050	78.33600
0.07055	57.52800
0.07060	78.33600
0.07065	99.14400
0.07070	118.72800
0.07075	61.20000
0.07080	57.52800
0.07085	113.83200
0.07090	100.36800
0.07095	67.32000
0.07100	122.40000
0.07105	130.96800
0.07110	112.60800
0.07115	117.50400
0.07120	75.88800
0.07125	127.29600
0.07130	153.00000
0.07135	127.29600
0.07140	56.30400
0.07145	99.14400
0.07150	111.38400
0.07155	127.29600
0.07160	74.66400
0.07165	77.11200
0.07170	100.36800
0.07175	79.56000
0.07180	113.83200
0.07185	146.88000
0.07190	118.72800
0.07195	86.90400
0.07200	111.38400
0.07205	84.45600
0.07210	79.56000
0.07215	79.56000
0.07220	118.72800
0.07225	90.57600
0.07230	90.57600
0.07235	77.11200
0.07240	84.45600
0.07245	112.60800
0.07250	88.12800
0.07255	129.74400
0.07260	44.06400
0.07265	51.40800
0.07270	82.00800
0.07275	47.73600
0.07280	78.33600
0.07285	62.42400
0.07290	80.78400
0.07295	62.42400
0.07300	104.04000
0.07305	97.92000
0.07310	106.48800
0.07315	95.47200
0.07320	70.99200
0.07325	67.32000
0.07330	101.59200
0.07335	79.56000
0.07340	86.90400
0.07345	94.24800
0.07350	62.42400
0.07355	63.64800
0.07360	62.42400
0.07365	39.16800
0.07370	88.12800
0.07375	47.73600
0.07380	83.23200
0.07385	72.21600
0.07390	52.63200
0.07395	95.47200
0.07400	72.21600
0.07405	86.90400
0.07410	67.32000
0.07415	93.02400
0.07420	73.44000
0.07425	127.29600
0.07430	84.45600
0.07435	84.45600
0.07440	72.21600
0.07445	90.57600
0.07450	132.19200
0.07455	51.40800
0.07460	94.24800
0.07465	66.09600
0.07470	100.36800
0.07475	73.44000
0.07480	72.21600
0.07485	90.57600
0.07490	63.64800
0.07495	88.12800
0.07500	126.07200
0.07505	68.54400
0.07510	58.75200
0.07515	130.96800
0.07520	42.84000
0.07525	88.12800
0.07530	59.97600
0.07535	57.52800
0.07540	67.32000
0.07545	52.63200
0.07550	48.96000
0.07555	73.44000
0.07560	77.11200
0.07565	133.41600
0.07570	37.94400
0.07575	78.33600
0.07580	107.71200
0.07585	52.63200
0.07590	55.08000
0.07595	63.64800
0.07600	47.73600
0.07605	73.44000
0.07610	45.28800
0.07615	101.59200
0.07620	82.00800
0.07625	61.20000
0.07630	94.24800
0.07635	50.18400
0.07640	97.92000
0.07645	117.50400
0.07650	77.11200
0.07655	93.02400
0.07660	63.64800
0.07665	41.61600
0.07670	84.45600
0.07675	63.64800
0.07680	85.68000
0.07685	39.16800
0.07690	69.76800
0.07695	56.30400
0.07700	58.75200
0.07705	67.32000
0.07710	89.35200
0.07715	86.90400
0.07720	99.14400
0.07725	72.21600
0.07730	44.06400
0.07735	73.44000
0.07740	78.33600
0.07745	50.18400
0.07750	104.04000
0.07755	34.27200
0.07760	28.15200
0.07765	73.44000
0.07770	95.47200
0.07775	106.48800
0.07780	78.33600
0.07785	93.02400
0.07790	88.12800
0.07795	69.76800
0.07800	67.32000
0.07805	100.36800
0.07810	97.92000
0.07815	153.00000
0.07820	118.72800
0.07825	30.60000
0.07830	73.44000
0.07835	68.54400
0.07840	69.76800
0.07845	88.12800
0.07850	75.88800
0.07855	80.78400
0.07860	79.56000
0.07865	51.40800
0.07870	52.63200
0.07875	66.09600
0.07880	59.97600
0.07885	33.04800
0.07890	44.06400
0.07895	58.75200
0.07900	79.56000
0.07905	78.33600
0.07910	69.76800
0.07915	34.27200
0.07920	78.33600
0.07925	47.73600
0.07930	83.23200
0.07935	88.12800
0.07940	62.42400
0.07945	74.66400
0.07950	44.06400
0.07955	73.44000
0.07960	55.08000
0.07965	73.44000
0.07970	82.00800
0.07975	58.75200
0.07980	77.11200
0.07985	79.56000
0.07990	95.47200
0.07995	42.84000
0.08000	45.28800
0.08005	70.99200
0.08010	91.80000
0.08015	78.33600
0.08020	89.35200
0.08025	48.96000
0.08030	46.51200
0.08035	97.92000
0.08040	83.23200
0.08045	42.84000
0.08050	88.12800
0.08055	86.90400
0.08060	69.76800
0.08065	74.66400
0.08070	56.30400
0.08075	127.29600
0.08080	134.64000
0.08085	116.28000
0.08090	67.32000
0.08095	99.14400
0.08100	51.40800
0.08105	42.84000
0.08110	77.11200
0.08115	86.90400
0.08120	90.57600
0.08125	144.43200
0.08130	52.63200
0.08135	63.64800
0.08140	88.12800
0.08145	44.06400
0.08150	55.08000
0.08155	89.35200
0.08160	56.30400
0.08165	48.96000
0.08170	77.11200
0.08175	101.59200
0.08180	47.73600
0.08185	66.09600
0.08190	80.78400
0.08195	105.26400
0.08200	42.84000
0.08205	105.26400
0.08210	42.84000
0.08215	41.61600
0.08220	45.28800
0.08225	62.42400
0.08230	70.99200
0.08235	75.88800
0.08240	86.90400
0.08245	42.84000
0.08250	59.97600
0.08255	63.64800
0.08260	67.32000
0.08265	42.84000
0.08270	113.83200
0.08275	39.16800
0.08280	101.59200
0.08285	66.09600
0.08290	44.06400
0.08295	62.42400
0.08300	42.84000
0.08305	93.02400
0.08310	51.40800
0.08315	45.28800
0.08320	46.51200
0.08325	40.39200
0.08330	53.85600
0.08335	50.18400
0.08340	39.16800
0.08345	82.00800
0.08350	66.09600
0.08355	20.80800
0.08360	28.15200
0.08365	50.18400
0.08370	63.64800
0.08375	36.72000
0.08380	68.54400
0.08385	36.72000
0.08390	56.30400
0.08395	56.30400
0.08400	34.27200
0.08405	68.54400
0.08410	80.78400
0.08415	55.08000
0.08420	50.18400
0.08425	41.61600
0.08430	91.80000
0.08435	91.80000
0.08440	68.54400
0.08445	35.49600
0.08450	86.90400
0.08455	68.54400
0.08460	37.94400
0.08465	90.57600
0.08470	88.12800
0.08475	74.66400
0.08480	59.97600
0.08485	68.54400
0.08490	55.08000
0.08495	61.20000
0.08500	61.20000
0.08505	72.21600
0.08510	56.30400
0.08515	79.56000
0.08520	97.92000
0.08525	36.72000
0.08530	23.25600
0.08535	46.51200
0.08540	66.09600
0.08545	96.69600
0.08550	112.60800
0.08555	51.40800
0.08560	46.51200
0.08565	37.94400
0.08570	17.13600
0.08575	51.40800
0.08580	24.48000
0.08585	56.30400
0.08590	78.33600
0.08595	111.38400
0.08600	25.70400
0.08605	48.96000
0.08610	68.54400
0.08615	61.20000
0.08620	124.84800
0.08625	31.82400
0.08630	55.08000
0.08635	67.32000
0.08640	85.68000
0.08645	57.52800
0.08650	37.94400
0.08655	63.64800
0.08660	24.48000
0.08665	70.99200
0.08670	62.42400
0.08675	51.40800
0.08680	30.60000
0.08685	39.16800
0.08690	33.04800
0.08695	64.87200
0.08700	74.66400
0.08705	69.76800
0.08710	50.18400
0.08715	67.32000
0.08720	42.84000
0.08725	22.03200
0.08730	46.51200
0.08735	46.51200
0.08740	48.96000
0.08745	58.75200
0.08750	41.61600
0.08755	93.02400
0.08760	58.75200
0.08765	45.28800
0.08770	63.64800
0.08775	64.87200
0.08780	13.46400
0.08785	39.16800
0.08790	62.42400
0.08795	64.87200
0.08800	41.61600
0.08805	69.76800
0.08810	48.96000
0.08815	57.52800
0.08820	57.52800
0.08825	44.06400
0.08830	64.87200
0.08835	75.88800
0.08840	22.03200
0.08845	42.84000
0.08850	44.06400
0.08855	47.73600
0.08860	61.20000
0.08865	40.39200
0.08870	56.30400
0.08875	91.80000
0.08880	91.80000
0.08885	84.45600
0.08890	93.02400
0.08895	62.42400
0.08900	52.63200
0.08905	57.52800
0.08910	45.28800
0.08915	95.47200
0.08920	52.63200
0.08925	51.40800
0.08930	55.08000
0.08935	19.58400
0.08940	93.02400
0.08945	75.88800
0.08950	66.09600
0.08955	58.75200
0.08960	51.40800
0.08965	73.44000
0.08970	110.16000
0.08975	84.45600
0.08980	79.56000
0.08985	51.40800
0.08990	83.23200
