0.00000	7.34400
0.00005	53.85600
0.00010	17.13600
0.00015	14.68800
0.00020	9.79200
0.00025	7.34400
0.00030	12.24000
0.00035	19.58400
0.00040	14.68800
0.00045	14.68800
0.00050	17.13600
0.00055	17.13600
0.00060	14.68800
0.00065	66.09600
0.00070	70.99200
0.00075	63.64800
0.00080	22.03200
0.00085	14.68800
0.00090	36.72000
0.00095	22.03200
0.00100	39.16800
0.00105	73.44000
0.00110	2.44800
0.00115	31.82400
0.00120	36.72000
0.00125	41.61600
0.00130	107.71200
0.00135	73.44000
0.00140	154.22400
0.00145	129.74400
0.00150	264.38400
0.00155	315.79200
0.00160	435.74400
0.00165	433.29600
0.00170	496.94400
0.00175	731.95200
0.00180	998.78400
0.00185	1104.04800
0.00190	1346.40000
0.00195	1647.50400
0.00200	2127.31200
0.00205	2352.52800
0.00210	2252.16000
0.00215	2526.33600
0.00220	2320.70400
0.00225	2416.17600
0.00230	2286.43200
0.00235	2237.47200
0.00240	1968.19200
0.00245	1559.37600
0.00250	1674.43200
0.00255	1419.84000
0.00260	1091.80800
0.00265	1111.39200
0.00270	829.87200
0.00275	873.93600
0.00280	724.60800
0.00285	433.29600
0.00290	523.87200
0.00295	509.18400
0.00300	714.81600
0.00305	379.44000
0.00310	347.61600
0.00315	364.75200
0.00320	354.96000
0.00325	227.66400
0.00330	418.60800
0.00335	394.12800
0.00340	413.71200
0.00345	369.64800
0.00350	217.87200
0.00355	374.54400
0.00360	313.34400
0.00365	239.90400
0.00370	225.21600
0.00375	186.04800
0.00380	208.08000
0.00385	357.40800
0.00390	166.46400
0.00395	193.39200
0.00400	149.32800
0.00405	205.63200
0.00410	178.70400
0.00415	205.63200
0.00420	259.48800
0.00425	310.89600
0.00430	247.24800
0.00435	266.83200
0.00440	252.14400
0.00445	176.25600
0.00450	110.16000
0.00455	269.28000
0.00460	337.82400
0.00465	159.12000
0.00470	208.08000
0.00475	271.72800
0.00480	146.88000
0.00485	195.84000
0.00490	139.53600
0.00495	149.32800
0.00500	193.39200
0.00505	132.19200
0.00510	144.43200
0.00515	154.22400
0.00520	144.43200
0.00525	117.50400
0.00530	181.15200
0.00535	115.05600
0.00540	100.36800
0.00545	186.04800
0.00550	107.71200
0.00555	93.02400
0.00560	161.56800
0.00565	203.18400
0.00570	85.68000
0.00575	88.12800
0.00580	166.46400
0.00585	97.92000
0.00590	102.81600
0.00595	156.67200
0.00600	97.92000
0.00605	183.60000
0.00610	183.60000
0.00615	137.08800
0.00620	137.08800
0.00625	105.26400
0.00630	144.43200
0.00635	144.43200
0.00640	190.94400
0.00645	134.64000
0.00650	168.91200
0.00655	95.47200
0.00660	124.84800
0.00665	154.22400
0.00670	119.95200
0.00675	149.32800
0.00680	156.67200
0.00685	102.81600
0.00690	161.56800
0.00695	53.85600
0.00700	66.09600
0.00705	146.88000
0.00710	70.99200
0.00715	110.16000
0.00720	141.98400
0.00725	134.64000
0.00730	134.64000
0.00735	129.74400
0.00740	124.84800
0.00745	124.84800
0.00750	66.09600
0.00755	102.81600
0.00760	100.36800
0.00765	171.36000
0.00770	122.40000
0.00775	141.98400
0.00780	83.23200
0.00785	75.88800
0.00790	73.44000
0.00795	239.90400
0.00800	166.46400
0.00805	119.95200
0.00810	97.92000
0.00815	102.81600
0.00820	110.16000
0.00825	93.02400
0.00830	44.06400
0.00835	75.88800
0.00840	83.23200
0.00845	85.68000
0.00850	80.78400
0.00855	156.67200
0.00860	70.99200
0.00865	146.88000
0.00870	95.47200
0.00875	112.60800
0.00880	63.64800
0.00885	90.57600
0.00890	85.68000
0.00895	97.92000
0.00900	78.33600
0.00905	93.02400
0.00910	127.29600
0.00915	124.84800
0.00920	88.12800
0.00925	102.81600
0.00930	80.78400
0.00935	134.64000
0.00940	171.36000
0.00945	100.36800
0.00950	225.21600
0.00955	95.47200
0.00960	100.36800
0.00965	212.97600
0.00970	63.64800
0.00975	100.36800
0.00980	90.57600
0.00985	93.02400
0.00990	97.92000
0.00995	68.54400
0.01000	68.54400
0.01005	93.02400
0.01010	70.99200
0.01015	159.12000
0.01020	90.57600
0.01025	53.85600
0.01030	119.95200
0.01035	83.23200
0.01040	73.44000
0.01045	44.06400
0.01050	110.16000
0.01055	66.09600
0.01060	78.33600
0.01065	88.12800
0.01070	41.61600
0.01075	129.74400
0.01080	41.61600
0.01085	70.99200
0.01090	70.99200
0.01095	68.54400
0.01100	107.71200
0.01105	107.71200
0.01110	63.64800
0.01115	176.25600
0.01120	39.16800
0.01125	56.30400
0.01130	137.08800
0.01135	151.77600
0.01140	75.88800
0.01145	151.77600
0.01150	90.57600
0.01155	56.30400
0.01160	107.71200
0.01165	68.54400
0.01170	119.95200
0.01175	80.78400
0.01180	137.08800
0.01185	146.88000
0.01190	137.08800
0.01195	31.82400
0.01200	122.40000
0.01205	102.81600
0.01210	48.96000
0.01215	85.68000
0.01220	44.06400
0.01225	119.95200
0.01230	73.44000
0.01235	97.92000
0.01240	63.64800
0.01245	75.88800
0.01250	75.88800
0.01255	88.12800
0.01260	171.36000
0.01265	80.78400
0.01270	117.50400
0.01275	107.71200
0.01280	93.02400
0.01285	110.16000
0.01290	139.53600
0.01295	61.20000
0.01300	149.32800
0.01305	141.98400
0.01310	85.68000
0.01315	36.72000
0.01320	53.85600
0.01325	102.81600
0.01330	100.36800
0.01335	90.57600
0.01340	34.27200
0.01345	129.74400
0.01350	88.12800
0.01355	83.23200
0.01360	70.99200
0.01365	100.36800
0.01370	80.78400
0.01375	144.43200
0.01380	61.20000
0.01385	141.98400
0.01390	56.30400
0.01395	68.54400
0.01400	144.43200
0.01405	34.27200
0.01410	78.33600
0.01415	73.44000
0.01420	66.09600
0.01425	63.64800
0.01430	75.88800
0.01435	48.96000
0.01440	58.75200
0.01445	80.78400
0.01450	127.29600
0.01455	75.88800
0.01460	93.02400
0.01465	39.16800
0.01470	90.57600
0.01475	80.78400
0.01480	34.27200
0.01485	95.47200
0.01490	68.54400
0.01495	100.36800
0.01500	122.40000
0.01505	151.77600
0.01510	31.82400
0.01515	88.12800
0.01520	80.78400
0.01525	110.16000
0.01530	88.12800
0.01535	146.88000
0.01540	56.30400
0.01545	117.50400
0.01550	58.75200
0.01555	66.09600
0.01560	154.22400
0.01565	61.20000
0.01570	70.99200
0.01575	117.50400
0.01580	68.54400
0.01585	56.30400
0.01590	36.72000
0.01595	80.78400
0.01600	115.05600
0.01605	90.57600
0.01610	124.84800
0.01615	31.82400
0.01620	93.02400
0.01625	132.19200
0.01630	171.36000
0.01635	134.64000
0.01640	68.54400
0.01645	66.09600
0.01650	107.71200
0.01655	200.73600
0.01660	141.98400
0.01665	39.16800
0.01670	154.22400
0.01675	75.88800
0.01680	85.68000
0.01685	78.33600
0.01690	78.33600
0.01695	70.99200
0.01700	83.23200
0.01705	144.43200
0.01710	90.57600
0.01715	102.81600
0.01720	102.81600
0.01725	124.84800
0.01730	68.54400
0.01735	95.47200
0.01740	46.51200
0.01745	110.16000
0.01750	75.88800
0.01755	107.71200
0.01760	85.68000
0.01765	119.95200
0.01770	110.16000
0.01775	129.74400
0.01780	53.85600
0.01785	78.33600
0.01790	93.02400
0.01795	48.96000
0.01800	110.16000
0.01805	164.01600
0.01810	93.02400
0.01815	105.26400
0.01820	36.72000
0.01825	61.20000
0.01830	97.92000
0.01835	139.53600
0.01840	122.40000
0.01845	122.40000
0.01850	105.26400
0.01855	161.56800
0.01860	70.99200
0.01865	70.99200
0.01870	31.82400
0.01875	117.50400
0.01880	107.71200
0.01885	122.40000
0.01890	85.68000
0.01895	156.67200
0.01900	88.12800
0.01905	115.05600
0.01910	112.60800
0.01915	53.85600
0.01920	119.95200
0.01925	137.08800
0.01930	75.88800
0.01935	129.74400
0.01940	93.02400
0.01945	173.80800
0.01950	203.18400
0.01955	93.02400
0.01960	102.81600
0.01965	112.60800
0.01970	51.40800
0.01975	124.84800
0.01980	90.57600
0.01985	127.29600
0.01990	85.68000
0.01995	53.85600
0.02000	48.96000
0.02005	115.05600
0.02010	146.88000
0.02015	75.88800
0.02020	100.36800
0.02025	115.05600
0.02030	151.77600
0.02035	48.96000
0.02040	51.40800
0.02045	70.99200
0.02050	105.26400
0.02055	90.57600
0.02060	68.54400
0.02065	85.68000
0.02070	97.92000
0.02075	56.30400
0.02080	124.84800
0.02085	80.78400
0.02090	90.57600
0.02095	105.26400
0.02100	132.19200
0.02105	93.02400
0.02110	93.02400
0.02115	39.16800
0.02120	151.77600
0.02125	149.32800
0.02130	203.18400
0.02135	193.39200
0.02140	203.18400
0.02145	235.00800
0.02150	303.55200
0.02155	389.23200
0.02160	589.96800
0.02165	700.12800
0.02170	935.13600
0.02175	1133.42400
0.02180	1647.50400
0.02185	1865.37600
0.02190	2159.13600
0.02195	2332.94400
0.02200	3042.86400
0.02205	3035.52000
0.02210	3268.08000
0.02215	3128.54400
0.02220	3329.28000
0.02225	3282.76800
0.02230	3133.44000
0.02235	2915.56800
0.02240	2986.56000
0.02245	2915.56800
0.02250	2646.28800
0.02255	2078.35200
0.02260	1965.74400
0.02265	1603.44000
0.02270	1427.18400
0.02275	1113.84000
0.02280	1052.64000
0.02285	984.09600
0.02290	1148.11200
0.02295	771.12000
0.02300	1001.23200
0.02305	773.56800
0.02310	626.68800
0.02315	668.30400
0.02320	773.56800
0.02325	660.96000
0.02330	847.00800
0.02335	820.08000
0.02340	634.03200
0.02345	673.20000
0.02350	538.56000
0.02355	369.64800
0.02360	543.45600
0.02365	452.88000
0.02370	548.35200
0.02375	572.83200
0.02380	511.63200
0.02385	543.45600
0.02390	350.06400
0.02395	381.88800
0.02400	318.24000
0.02405	274.17600
0.02410	269.28000
0.02415	389.23200
0.02420	455.32800
0.02425	244.80000
0.02430	286.41600
0.02435	342.72000
0.02440	330.48000
0.02445	281.52000
0.02450	291.31200
0.02455	423.50400
0.02460	220.32000
0.02465	215.42400
0.02470	239.90400
0.02475	389.23200
0.02480	301.10400
0.02485	335.37600
0.02490	328.03200
0.02495	408.81600
0.02500	296.20800
0.02505	477.36000
0.02510	296.20800
0.02515	384.33600
0.02520	230.11200
0.02525	335.37600
0.02530	489.60000
0.02535	342.72000
0.02540	313.34400
0.02545	259.48800
0.02550	381.88800
0.02555	173.80800
0.02560	298.65600
0.02565	266.83200
0.02570	230.11200
0.02575	208.08000
0.02580	357.40800
0.02585	232.56000
0.02590	369.64800
0.02595	337.82400
0.02600	210.52800
0.02605	190.94400
0.02610	193.39200
0.02615	389.23200
0.02620	212.97600
0.02625	320.68800
0.02630	266.83200
0.02635	249.69600
0.02640	403.92000
0.02645	117.50400
0.02650	274.17600
0.02655	313.34400
0.02660	276.62400
0.02665	301.10400
0.02670	220.32000
0.02675	203.18400
0.02680	279.07200
0.02685	230.11200
0.02690	279.07200
0.02695	523.87200
0.02700	313.34400
0.02705	279.07200
0.02710	271.72800
0.02715	362.30400
0.02720	168.91200
0.02725	369.64800
0.02730	247.24800
0.02735	354.96000
0.02740	301.10400
0.02745	239.90400
0.02750	252.14400
0.02755	306.00000
0.02760	151.77600
0.02765	190.94400
0.02770	232.56000
0.02775	308.44800
0.02780	293.76000
0.02785	222.76800
0.02790	252.14400
0.02795	217.87200
0.02800	203.18400
0.02805	225.21600
0.02810	178.70400
0.02815	286.41600
0.02820	235.00800
0.02825	220.32000
0.02830	141.98400
0.02835	306.00000
0.02840	176.25600
0.02845	271.72800
0.02850	288.86400
0.02855	279.07200
0.02860	232.56000
0.02865	239.90400
0.02870	271.72800
0.02875	198.28800
0.02880	181.15200
0.02885	151.77600
0.02890	252.14400
0.02895	259.48800
0.02900	178.70400
0.02905	318.24000
0.02910	225.21600
0.02915	200.73600
0.02920	266.83200
0.02925	208.08000
0.02930	188.49600
0.02935	306.00000
0.02940	176.25600
0.02945	188.49600
0.02950	198.28800
0.02955	242.35200
0.02960	188.49600
0.02965	230.11200
0.02970	198.28800
0.02975	205.63200
0.02980	264.38400
0.02985	217.87200
0.02990	198.28800
0.02995	107.71200
0.03000	266.83200
0.03005	181.15200
0.03010	161.56800
0.03015	178.70400
0.03020	173.80800
0.03025	271.72800
0.03030	264.38400
0.03035	164.01600
0.03040	146.88000
0.03045	208.08000
0.03050	102.81600
0.03055	217.87200
0.03060	217.87200
0.03065	141.98400
0.03070	85.68000
0.03075	183.60000
0.03080	230.11200
0.03085	237.45600
0.03090	296.20800
0.03095	232.56000
0.03100	141.98400
0.03105	212.97600
0.03110	178.70400
0.03115	212.97600
0.03120	252.14400
0.03125	190.94400
0.03130	139.53600
0.03135	129.74400
0.03140	164.01600
0.03145	195.84000
0.03150	215.42400
0.03155	205.63200
0.03160	139.53600
0.03165	315.79200
0.03170	232.56000
0.03175	151.77600
0.03180	149.32800
0.03185	102.81600
0.03190	222.76800
0.03195	200.73600
0.03200	222.76800
0.03205	357.40800
0.03210	208.08000
0.03215	212.97600
0.03220	78.33600
0.03225	88.12800
0.03230	198.28800
0.03235	171.36000
0.03240	242.35200
0.03245	291.31200
0.03250	183.60000
0.03255	227.66400
0.03260	134.64000
0.03265	110.16000
0.03270	122.40000
0.03275	73.44000
0.03280	188.49600
0.03285	408.81600
0.03290	232.56000
0.03295	232.56000
0.03300	195.84000
0.03305	164.01600
0.03310	139.53600
0.03315	271.72800
0.03320	188.49600
0.03325	220.32000
0.03330	173.80800
0.03335	176.25600
0.03340	195.84000
0.03345	105.26400
0.03350	171.36000
0.03355	203.18400
0.03360	222.76800
0.03365	134.64000
0.03370	171.36000
0.03375	220.32000
0.03380	171.36000
0.03385	212.97600
0.03390	181.15200
0.03395	132.19200
0.03400	283.96800
0.03405	176.25600
0.03410	257.04000
0.03415	337.82400
0.03420	215.42400
0.03425	178.70400
0.03430	127.29600
0.03435	190.94400
0.03440	222.76800
0.03445	173.80800
0.03450	220.32000
0.03455	141.98400
0.03460	112.60800
0.03465	323.13600
0.03470	132.19200
0.03475	259.48800
0.03480	168.91200
0.03485	117.50400
0.03490	132.19200
0.03495	242.35200
0.03500	257.04000
0.03505	235.00800
0.03510	173.80800
0.03515	205.63200
0.03520	171.36000
0.03525	230.11200
0.03530	178.70400
0.03535	105.26400
0.03540	217.87200
0.03545	137.08800
0.03550	166.46400
0.03555	301.10400
0.03560	181.15200
0.03565	239.90400
0.03570	332.92800
0.03575	166.46400
0.03580	188.49600
0.03585	129.74400
0.03590	105.26400
0.03595	166.46400
0.03600	154.22400
0.03605	232.56000
0.03610	178.70400
0.03615	146.88000
0.03620	212.97600
0.03625	259.48800
0.03630	205.63200
0.03635	161.56800
0.03640	186.04800
0.03645	181.15200
0.03650	237.45600
0.03655	132.19200
0.03660	288.86400
0.03665	190.94400
0.03670	166.46400
0.03675	171.36000
0.03680	181.15200
0.03685	320.68800
0.03690	269.28000
0.03695	186.04800
0.03700	249.69600
0.03705	151.77600
0.03710	232.56000
0.03715	164.01600
0.03720	227.66400
0.03725	132.19200
0.03730	291.31200
0.03735	166.46400
0.03740	127.29600
0.03745	183.60000
0.03750	203.18400
0.03755	151.77600
0.03760	154.22400
0.03765	193.39200
0.03770	168.91200
0.03775	244.80000
0.03780	129.74400
0.03785	151.77600
0.03790	156.67200
0.03795	190.94400
0.03800	249.69600
0.03805	230.11200
0.03810	257.04000
0.03815	85.68000
0.03820	124.84800
0.03825	97.92000
0.03830	129.74400
0.03835	176.25600
0.03840	166.46400
0.03845	186.04800
0.03850	134.64000
0.03855	166.46400
0.03860	193.39200
0.03865	181.15200
0.03870	195.84000
0.03875	168.91200
0.03880	134.64000
0.03885	205.63200
0.03890	198.28800
0.03895	119.95200
0.03900	159.12000
0.03905	208.08000
0.03910	208.08000
0.03915	183.60000
0.03920	102.81600
0.03925	117.50400
0.03930	134.64000
0.03935	132.19200
0.03940	97.92000
0.03945	122.40000
0.03950	127.29600
0.03955	154.22400
0.03960	208.08000
0.03965	144.43200
0.03970	137.08800
0.03975	139.53600
0.03980	183.60000
0.03985	129.74400
0.03990	146.88000
0.03995	181.15200
0.04000	85.68000
0.04005	183.60000
0.04010	124.84800
0.04015	129.74400
0.04020	146.88000
0.04025	259.48800
0.04030	73.44000
0.04035	198.28800
0.04040	107.71200
0.04045	97.92000
0.04050	176.25600
0.04055	141.98400
0.04060	105.26400
0.04065	66.09600
0.04070	80.78400
0.04075	124.84800
0.04080	112.60800
0.04085	70.99200
0.04090	97.92000
0.04095	137.08800
0.04100	159.12000
0.04105	83.23200
0.04110	90.57600
0.04115	141.98400
0.04120	249.69600
0.04125	176.25600
0.04130	83.23200
0.04135	105.26400
0.04140	107.71200
0.04145	124.84800
0.04150	183.60000
0.04155	146.88000
0.04160	110.16000
0.04165	132.19200
0.04170	112.60800
0.04175	198.28800
0.04180	112.60800
0.04185	359.85600
0.04190	107.71200
0.04195	151.77600
0.04200	210.52800
0.04205	190.94400
0.04210	217.87200
0.04215	100.36800
0.04220	200.73600
0.04225	159.12000
0.04230	95.47200
0.04235	129.74400
0.04240	112.60800
0.04245	261.93600
0.04250	85.68000
0.04255	181.15200
0.04260	63.64800
0.04265	70.99200
0.04270	137.08800
0.04275	178.70400
0.04280	129.74400
0.04285	208.08000
0.04290	78.33600
0.04295	146.88000
0.04300	232.56000
0.04305	286.41600
0.04310	181.15200
0.04315	171.36000
0.04320	112.60800
0.04325	176.25600
0.04330	166.46400
0.04335	161.56800
0.04340	151.77600
0.04345	156.67200
0.04350	73.44000
0.04355	166.46400
0.04360	166.46400
0.04365	186.04800
0.04370	178.70400
0.04375	181.15200
0.04380	73.44000
0.04385	171.36000
0.04390	129.74400
0.04395	173.80800
0.04400	127.29600
0.04405	115.05600
0.04410	117.50400
0.04415	164.01600
0.04420	75.88800
0.04425	176.25600
0.04430	164.01600
0.04435	83.23200
0.04440	144.43200
0.04445	146.88000
0.04450	183.60000
0.04455	200.73600
0.04460	161.56800
0.04465	119.95200
0.04470	93.02400
0.04475	220.32000
0.04480	110.16000
0.04485	203.18400
0.04490	181.15200
0.04495	127.29600
0.04500	271.72800
0.04505	244.80000
0.04510	208.08000
0.04515	193.39200
0.04520	151.77600
0.04525	161.56800
0.04530	222.76800
0.04535	257.04000
0.04540	137.08800
0.04545	66.09600
0.04550	195.84000
0.04555	95.47200
0.04560	102.81600
0.04565	205.63200
0.04570	156.67200
0.04575	181.15200
0.04580	171.36000
0.04585	105.26400
0.04590	159.12000
0.04595	215.42400
0.04600	171.36000
0.04605	286.41600
0.04610	208.08000
0.04615	166.46400
0.04620	159.12000
0.04625	212.97600
0.04630	110.16000
0.04635	117.50400
0.04640	97.92000
0.04645	88.12800
0.04650	186.04800
0.04655	205.63200
0.04660	166.46400
0.04665	149.32800
0.04670	227.66400
0.04675	146.88000
0.04680	151.77600
0.04685	129.74400
0.04690	139.53600
0.04695	281.52000
0.04700	115.05600
0.04705	208.08000
0.04710	188.49600
0.04715	80.78400
0.04720	168.91200
0.04725	200.73600
0.04730	261.93600
0.04735	73.44000
0.04740	124.84800
0.04745	149.32800
0.04750	164.01600
0.04755	230.11200
0.04760	161.56800
0.04765	132.19200
0.04770	102.81600
0.04775	208.08000
0.04780	198.28800
0.04785	164.01600
0.04790	159.12000
0.04795	90.57600
0.04800	107.71200
0.04805	188.49600
0.04810	154.22400
0.04815	117.50400
0.04820	132.19200
0.04825	220.32000
0.04830	186.04800
0.04835	166.46400
0.04840	139.53600
0.04845	124.84800
0.04850	110.16000
0.04855	183.60000
0.04860	166.46400
0.04865	176.25600
0.04870	141.98400
0.04875	230.11200
0.04880	168.91200
0.04885	139.53600
0.04890	205.63200
0.04895	154.22400
0.04900	151.77600
0.04905	134.64000
0.04910	146.88000
0.04915	176.25600
0.04920	117.50400
0.04925	266.83200
0.04930	188.49600
0.04935	186.04800
0.04940	215.42400
0.04945	144.43200
0.04950	115.05600
0.04955	85.68000
0.04960	95.47200
0.04965	161.56800
0.04970	149.32800
0.04975	186.04800
0.04980	134.64000
0.04985	110.16000
0.04990	181.15200
