0.00000	31.21200
0.00005	7.34400
0.00010	14.68800
0.00015	18.36000
0.00020	18.36000
0.00025	5.50800
0.00030	-0.00000
0.00035	22.03200
0.00040	25.70400
0.00045	12.85200
0.00050	3.67200
0.00055	22.03200
0.00060	3.67200
0.00065	7.34400
0.00070	40.39200
0.00075	3.67200
0.00080	9.18000
0.00085	36.72000
0.00090	14.68800
0.00095	3.67200
0.00100	23.86800
0.00105	22.03200
0.00110	18.36000
0.00115	34.88400
0.00120	29.37600
0.00125	25.70400
0.00130	42.22800
0.00135	14.68800
0.00140	82.62000
0.00145	84.45600
0.00150	172.58400
0.00155	148.71600
0.00160	194.61600
0.00165	317.62800
0.00170	236.84400
0.00175	407.59200
0.00180	534.27600
0.00185	745.41600
0.00190	578.34000
0.00195	754.59600
0.00200	859.24800
0.00205	967.57200
0.00210	1064.88000
0.00215	1070.38800
0.00220	1070.38800
0.00225	1114.45200
0.00230	1252.15200
0.00235	894.13200
0.00240	1024.48800
0.00245	758.26800
0.00250	738.07200
0.00255	578.34000
0.00260	508.57200
0.00265	385.56000
0.00270	407.59200
0.00275	321.30000
0.00280	233.17200
0.00285	293.76000
0.00290	214.81200
0.00295	235.00800
0.00300	273.56400
0.00305	154.22400
0.00310	167.07600
0.00315	132.19200
0.00320	249.69600
0.00325	145.04400
0.00330	185.43600
0.00335	134.02800
0.00340	157.89600
0.00345	128.52000
0.00350	167.07600
0.00355	110.16000
0.00360	123.01200
0.00365	95.47200
0.00370	121.17600
0.00375	139.53600
0.00380	126.68400
0.00385	139.53600
0.00390	84.45600
0.00395	176.25600
0.00400	183.60000
0.00405	86.29200
0.00410	170.74800
0.00415	137.70000
0.00420	67.93200
0.00425	168.91200
0.00430	123.01200
0.00435	95.47200
0.00440	111.99600
0.00445	71.60400
0.00450	78.94800
0.00455	123.01200
0.00460	141.37200
0.00465	124.84800
0.00470	97.30800
0.00475	89.96400
0.00480	170.74800
0.00485	97.30800
0.00490	89.96400
0.00495	146.88000
0.00500	108.32400
0.00505	45.90000
0.00510	110.16000
0.00515	106.48800
0.00520	95.47200
0.00525	71.60400
0.00530	53.24400
0.00535	84.45600
0.00540	51.40800
0.00545	80.78400
0.00550	86.29200
0.00555	58.75200
0.00560	64.26000
0.00565	73.44000
0.00570	115.66800
0.00575	66.09600
0.00580	80.78400
0.00585	47.73600
0.00590	38.55600
0.00595	62.42400
0.00600	82.62000
0.00605	75.27600
0.00610	66.09600
0.00615	67.93200
0.00620	108.32400
0.00625	66.09600
0.00630	58.75200
0.00635	56.91600
0.00640	145.04400
0.00645	148.71600
0.00650	66.09600
0.00655	134.02800
0.00660	121.17600
0.00665	5.50800
0.00670	89.96400
0.00675	60.58800
0.00680	18.36000
0.00685	77.11200
0.00690	55.08000
0.00695	86.29200
0.00700	45.90000
0.00705	40.39200
0.00710	66.09600
0.00715	58.75200
0.00720	73.44000
0.00725	29.37600
0.00730	40.39200
0.00735	78.94800
0.00740	66.09600
0.00745	77.11200
0.00750	106.48800
0.00755	84.45600
0.00760	67.93200
0.00765	33.04800
0.00770	49.57200
0.00775	34.88400
0.00780	34.88400
0.00785	36.72000
0.00790	31.21200
0.00795	42.22800
0.00800	93.63600
0.00805	62.42400
0.00810	53.24400
0.00815	49.57200
0.00820	56.91600
0.00825	34.88400
0.00830	58.75200
0.00835	33.04800
0.00840	84.45600
0.00845	40.39200
0.00850	121.17600
0.00855	123.01200
0.00860	117.50400
0.00865	34.88400
0.00870	47.73600
0.00875	58.75200
0.00880	100.98000
0.00885	33.04800
0.00890	84.45600
0.00895	42.22800
0.00900	82.62000
0.00905	104.65200
0.00910	123.01200
0.00915	62.42400
0.00920	84.45600
0.00925	40.39200
0.00930	58.75200
0.00935	27.54000
0.00940	51.40800
0.00945	111.99600
0.00950	53.24400
0.00955	42.22800
0.00960	45.90000
0.00965	84.45600
0.00970	82.62000
0.00975	56.91600
0.00980	36.72000
0.00985	80.78400
0.00990	49.57200
0.00995	55.08000
0.01000	56.91600
0.01005	12.85200
0.01010	86.29200
0.01015	40.39200
0.01020	88.12800
0.01025	66.09600
0.01030	18.36000
0.01035	16.52400
0.01040	58.75200
0.01045	33.04800
0.01050	55.08000
0.01055	47.73600
0.01060	45.90000
0.01065	47.73600
0.01070	80.78400
0.01075	42.22800
0.01080	66.09600
0.01085	157.89600
0.01090	78.94800
0.01095	60.58800
0.01100	20.19600
0.01105	62.42400
0.01110	51.40800
0.01115	22.03200
0.01120	73.44000
0.01125	51.40800
0.01130	66.09600
0.01135	95.47200
0.01140	93.63600
0.01145	77.11200
0.01150	71.60400
0.01155	58.75200
0.01160	97.30800
0.01165	99.14400
0.01170	31.21200
0.01175	55.08000
0.01180	89.96400
0.01185	53.24400
0.01190	73.44000
0.01195	62.42400
0.01200	84.45600
0.01205	95.47200
0.01210	5.50800
0.01215	56.91600
0.01220	47.73600
0.01225	20.19600
0.01230	66.09600
0.01235	49.57200
0.01240	55.08000
0.01245	33.04800
0.01250	14.68800
0.01255	58.75200
0.01260	20.19600
0.01265	23.86800
0.01270	62.42400
0.01275	66.09600
0.01280	36.72000
0.01285	53.24400
0.01290	60.58800
0.01295	47.73600
0.01300	7.34400
0.01305	73.44000
0.01310	33.04800
0.01315	31.21200
0.01320	58.75200
0.01325	51.40800
0.01330	34.88400
0.01335	33.04800
0.01340	49.57200
0.01345	93.63600
0.01350	27.54000
0.01355	25.70400
0.01360	66.09600
0.01365	38.55600
0.01370	75.27600
0.01375	49.57200
0.01380	7.34400
0.01385	36.72000
0.01390	71.60400
0.01395	18.36000
0.01400	25.70400
0.01405	102.81600
0.01410	56.91600
0.01415	93.63600
0.01420	36.72000
0.01425	106.48800
0.01430	51.40800
0.01435	64.26000
0.01440	88.12800
0.01445	33.04800
0.01450	64.26000
0.01455	60.58800
0.01460	23.86800
0.01465	53.24400
0.01470	95.47200
0.01475	89.96400
0.01480	88.12800
0.01485	42.22800
0.01490	22.03200
0.01495	69.76800
0.01500	53.24400
0.01505	47.73600
0.01510	73.44000
0.01515	75.27600
0.01520	45.90000
0.01525	67.93200
0.01530	66.09600
0.01535	45.90000
0.01540	38.55600
0.01545	20.19600
0.01550	42.22800
0.01555	62.42400
0.01560	40.39200
0.01565	56.91600
0.01570	45.90000
0.01575	20.19600
0.01580	25.70400
0.01585	34.88400
0.01590	73.44000
0.01595	11.01600
0.01600	42.22800
0.01605	27.54000
0.01610	51.40800
0.01615	99.14400
0.01620	22.03200
0.01625	49.57200
0.01630	75.27600
0.01635	75.27600
0.01640	36.72000
0.01645	23.86800
0.01650	51.40800
0.01655	42.22800
0.01660	69.76800
0.01665	86.29200
0.01670	69.76800
0.01675	47.73600
0.01680	51.40800
0.01685	34.88400
0.01690	49.57200
0.01695	58.75200
0.01700	64.26000
0.01705	45.90000
0.01710	75.27600
0.01715	99.14400
0.01720	14.68800
0.01725	22.03200
0.01730	80.78400
0.01735	42.22800
0.01740	7.34400
0.01745	55.08000
0.01750	77.11200
0.01755	14.68800
0.01760	56.91600
0.01765	73.44000
0.01770	55.08000
0.01775	36.72000
0.01780	47.73600
0.01785	45.90000
0.01790	34.88400
0.01795	31.21200
0.01800	27.54000
0.01805	34.88400
0.01810	38.55600
0.01815	23.86800
0.01820	75.27600
0.01825	11.01600
0.01830	60.58800
0.01835	67.93200
0.01840	25.70400
0.01845	25.70400
0.01850	29.37600
0.01855	77.11200
0.01860	49.57200
0.01865	38.55600
0.01870	47.73600
0.01875	25.70400
0.01880	18.36000
0.01885	51.40800
0.01890	47.73600
0.01895	89.96400
0.01900	33.04800
0.01905	14.68800
0.01910	34.88400
0.01915	34.88400
0.01920	67.93200
0.01925	29.37600
0.01930	91.80000
0.01935	53.24400
0.01940	23.86800
0.01945	38.55600
0.01950	49.57200
0.01955	75.27600
0.01960	64.26000
0.01965	42.22800
0.01970	110.16000
0.01975	22.03200
0.01980	75.27600
0.01985	58.75200
0.01990	84.45600
0.01995	71.60400
0.02000	128.52000
0.02005	53.24400
0.02010	38.55600
0.02015	16.52400
0.02020	93.63600
0.02025	47.73600
0.02030	66.09600
0.02035	5.50800
0.02040	82.62000
0.02045	49.57200
0.02050	33.04800
0.02055	64.26000
0.02060	84.45600
0.02065	108.32400
0.02070	12.85200
0.02075	73.44000
0.02080	51.40800
0.02085	12.85200
0.02090	20.19600
0.02095	20.19600
0.02100	23.86800
0.02105	27.54000
0.02110	75.27600
0.02115	60.58800
0.02120	14.68800
0.02125	38.55600
0.02130	86.29200
0.02135	124.84800
0.02140	67.93200
0.02145	5.50800
0.02150	51.40800
0.02155	11.01600
0.02160	16.52400
0.02165	51.40800
0.02170	29.37600
0.02175	36.72000
0.02180	36.72000
0.02185	47.73600
0.02190	18.36000
0.02195	42.22800
0.02200	20.19600
0.02205	14.68800
0.02210	80.78400
0.02215	51.40800
0.02220	0.00000
0.02225	42.22800
0.02230	27.54000
0.02235	58.75200
0.02240	27.54000
0.02245	55.08000
0.02250	33.04800
0.02255	29.37600
0.02260	56.91600
0.02265	31.21200
0.02270	16.52400
0.02275	71.60400
0.02280	67.93200
0.02285	40.39200
0.02290	22.03200
0.02295	51.40800
0.02300	18.36000
0.02305	27.54000
0.02310	69.76800
0.02315	20.19600
0.02320	18.36000
0.02325	27.54000
0.02330	56.91600
0.02335	38.55600
0.02340	25.70400
0.02345	55.08000
0.02350	53.24400
0.02355	49.57200
0.02360	62.42400
0.02365	38.55600
0.02370	58.75200
0.02375	69.76800
0.02380	29.37600
0.02385	53.24400
0.02390	40.39200
0.02395	23.86800
0.02400	47.73600
0.02405	23.86800
0.02410	20.19600
0.02415	51.40800
0.02420	66.09600
0.02425	38.55600
0.02430	71.60400
0.02435	82.62000
0.02440	44.06400
0.02445	55.08000
0.02450	34.88400
0.02455	78.94800
0.02460	71.60400
0.02465	23.86800
0.02470	40.39200
0.02475	45.90000
0.02480	47.73600
0.02485	58.75200
0.02490	42.22800
0.02495	29.37600
0.02500	22.03200
0.02505	34.88400
0.02510	40.39200
0.02515	91.80000
0.02520	58.75200
0.02525	27.54000
0.02530	29.37600
0.02535	58.75200
0.02540	38.55600
0.02545	25.70400
0.02550	53.24400
0.02555	38.55600
0.02560	14.68800
0.02565	5.50800
0.02570	33.04800
0.02575	42.22800
0.02580	45.90000
0.02585	55.08000
0.02590	64.26000
0.02595	9.18000
0.02600	29.37600
0.02605	64.26000
0.02610	56.91600
0.02615	62.42400
0.02620	23.86800
0.02625	42.22800
0.02630	7.34400
0.02635	45.90000
0.02640	44.06400
0.02645	18.36000
0.02650	36.72000
0.02655	88.12800
0.02660	69.76800
0.02665	60.58800
0.02670	49.57200
0.02675	22.03200
0.02680	40.39200
0.02685	55.08000
0.02690	18.36000
0.02695	25.70400
0.02700	34.88400
0.02705	58.75200
0.02710	29.37600
0.02715	29.37600
0.02720	51.40800
0.02725	64.26000
0.02730	23.86800
0.02735	22.03200
0.02740	53.24400
0.02745	77.11200
0.02750	67.93200
0.02755	60.58800
0.02760	9.18000
0.02765	23.86800
0.02770	34.88400
0.02775	53.24400
0.02780	47.73600
0.02785	14.68800
0.02790	86.29200
0.02795	67.93200
0.02800	9.18000
0.02805	51.40800
0.02810	18.36000
0.02815	44.06400
0.02820	3.67200
0.02825	29.37600
0.02830	5.50800
0.02835	16.52400
0.02840	47.73600
0.02845	23.86800
0.02850	25.70400
0.02855	47.73600
0.02860	12.85200
0.02865	9.18000
0.02870	9.18000
0.02875	38.55600
0.02880	20.19600
0.02885	14.68800
0.02890	34.88400
0.02895	11.01600
0.02900	23.86800
0.02905	33.04800
0.02910	18.36000
0.02915	44.06400
0.02920	66.09600
0.02925	33.04800
0.02930	93.63600
0.02935	38.55600
0.02940	42.22800
0.02945	34.88400
0.02950	0.00000
0.02955	62.42400
0.02960	16.52400
0.02965	42.22800
0.02970	33.04800
0.02975	56.91600
0.02980	49.57200
0.02985	27.54000
0.02990	55.08000
0.02995	36.72000
0.03000	20.19600
0.03005	42.22800
0.03010	18.36000
0.03015	31.21200
0.03020	36.72000
0.03025	20.19600
0.03030	23.86800
0.03035	29.37600
0.03040	22.03200
0.03045	31.21200
0.03050	56.91600
0.03055	62.42400
0.03060	58.75200
0.03065	42.22800
0.03070	36.72000
0.03075	53.24400
0.03080	47.73600
0.03085	23.86800
0.03090	31.21200
0.03095	93.63600
0.03100	16.52400
0.03105	51.40800
0.03110	58.75200
0.03115	33.04800
0.03120	33.04800
0.03125	47.73600
0.03130	34.88400
0.03135	71.60400
0.03140	36.72000
0.03145	23.86800
0.03150	31.21200
0.03155	22.03200
0.03160	31.21200
0.03165	7.34400
0.03170	18.36000
0.03175	56.91600
0.03180	20.19600
0.03185	123.01200
0.03190	22.03200
0.03195	36.72000
0.03200	44.06400
0.03205	113.83200
0.03210	75.27600
0.03215	33.04800
0.03220	104.65200
0.03225	36.72000
0.03230	49.57200
0.03235	14.68800
0.03240	36.72000
0.03245	18.36000
0.03250	40.39200
0.03255	33.04800
0.03260	49.57200
0.03265	11.01600
0.03270	29.37600
0.03275	25.70400
0.03280	38.55600
0.03285	27.54000
0.03290	60.58800
0.03295	27.54000
0.03300	49.57200
0.03305	16.52400
0.03310	29.37600
0.03315	75.27600
0.03320	36.72000
0.03325	20.19600
0.03330	14.68800
0.03335	47.73600
0.03340	73.44000
0.03345	47.73600
0.03350	40.39200
0.03355	27.54000
0.03360	20.19600
0.03365	33.04800
0.03370	49.57200
0.03375	44.06400
0.03380	36.72000
0.03385	40.39200
0.03390	45.90000
0.03395	27.54000
0.03400	9.18000
0.03405	31.21200
0.03410	22.03200
0.03415	45.90000
0.03420	14.68800
0.03425	42.22800
0.03430	49.57200
0.03435	42.22800
0.03440	69.76800
0.03445	51.40800
0.03450	44.06400
0.03455	22.03200
0.03460	38.55600
0.03465	31.21200
0.03470	38.55600
0.03475	60.58800
0.03480	29.37600
0.03485	64.26000
0.03490	53.24400
0.03495	58.75200
0.03500	56.91600
0.03505	12.85200
0.03510	14.68800
0.03515	34.88400
0.03520	23.86800
0.03525	44.06400
0.03530	16.52400
0.03535	11.01600
0.03540	47.73600
0.03545	9.18000
0.03550	38.55600
0.03555	14.68800
0.03560	89.96400
0.03565	38.55600
0.03570	12.85200
0.03575	53.24400
0.03580	22.03200
0.03585	14.68800
0.03590	29.37600
0.03595	23.86800
0.03600	40.39200
0.03605	44.06400
0.03610	23.86800
0.03615	49.57200
0.03620	106.48800
0.03625	67.93200
0.03630	40.39200
0.03635	31.21200
0.03640	106.48800
0.03645	38.55600
0.03650	25.70400
0.03655	16.52400
0.03660	60.58800
0.03665	64.26000
0.03670	69.76800
0.03675	12.85200
0.03680	16.52400
0.03685	44.06400
0.03690	20.19600
0.03695	14.68800
0.03700	18.36000
0.03705	44.06400
0.03710	33.04800
0.03715	75.27600
0.03720	47.73600
0.03725	14.68800
0.03730	18.36000
0.03735	55.08000
0.03740	86.29200
0.03745	36.72000
0.03750	18.36000
0.03755	22.03200
0.03760	47.73600
0.03765	40.39200
0.03770	11.01600
0.03775	5.50800
0.03780	23.86800
0.03785	42.22800
0.03790	22.03200
0.03795	58.75200
0.03800	18.36000
0.03805	27.54000
0.03810	31.21200
0.03815	29.37600
0.03820	69.76800
0.03825	11.01600
0.03830	60.58800
0.03835	22.03200
0.03840	29.37600
0.03845	20.19600
0.03850	42.22800
0.03855	49.57200
0.03860	60.58800
0.03865	12.85200
0.03870	22.03200
0.03875	62.42400
0.03880	49.57200
0.03885	99.14400
0.03890	58.75200
0.03895	42.22800
0.03900	5.50800
0.03905	25.70400
0.03910	56.91600
0.03915	58.75200
0.03920	34.88400
0.03925	42.22800
0.03930	14.68800
0.03935	22.03200
0.03940	53.24400
0.03945	44.06400
0.03950	77.11200
0.03955	36.72000
0.03960	23.86800
0.03965	49.57200
0.03970	16.52400
0.03975	36.72000
0.03980	18.36000
0.03985	33.04800
0.03990	22.03200
0.03995	23.86800
0.04000	34.88400
0.04005	51.40800
0.04010	27.54000
0.04015	12.85200
0.04020	16.52400
0.04025	80.78400
0.04030	64.26000
0.04035	23.86800
0.04040	20.19600
0.04045	38.55600
0.04050	88.12800
0.04055	44.06400
0.04060	23.86800
0.04065	45.90000
0.04070	27.54000
0.04075	36.72000
0.04080	22.03200
0.04085	36.72000
0.04090	67.93200
0.04095	11.01600
0.04100	22.03200
0.04105	51.40800
0.04110	31.21200
0.04115	12.85200
0.04120	25.70400
0.04125	67.93200
0.04130	22.03200
0.04135	31.21200
0.04140	34.88400
0.04145	67.93200
0.04150	45.90000
0.04155	22.03200
0.04160	58.75200
0.04165	40.39200
0.04170	67.93200
0.04175	55.08000
0.04180	80.78400
0.04185	88.12800
0.04190	40.39200
0.04195	56.91600
0.04200	55.08000
0.04205	82.62000
0.04210	62.42400
0.04215	40.39200
0.04220	36.72000
0.04225	80.78400
0.04230	20.19600
0.04235	38.55600
0.04240	36.72000
0.04245	16.52400
0.04250	12.85200
0.04255	16.52400
0.04260	47.73600
0.04265	38.55600
0.04270	45.90000
0.04275	25.70400
0.04280	22.03200
0.04285	38.55600
0.04290	16.52400
0.04295	73.44000
0.04300	71.60400
0.04305	40.39200
0.04310	31.21200
0.04315	22.03200
0.04320	22.03200
0.04325	18.36000
0.04330	11.01600
0.04335	64.26000
0.04340	12.85200
0.04345	44.06400
0.04350	53.24400
0.04355	104.65200
0.04360	40.39200
0.04365	51.40800
0.04370	25.70400
0.04375	42.22800
0.04380	64.26000
0.04385	0.00000
0.04390	60.58800
0.04395	66.09600
0.04400	36.72000
0.04405	18.36000
0.04410	51.40800
0.04415	36.72000
0.04420	34.88400
0.04425	11.01600
0.04430	23.86800
0.04435	1.83600
0.04440	9.18000
0.04445	11.01600
0.04450	53.24400
0.04455	33.04800
0.04460	47.73600
0.04465	49.57200
0.04470	60.58800
0.04475	71.60400
0.04480	20.19600
0.04485	29.37600
0.04490	31.21200
0.04495	38.55600
0.04500	18.36000
0.04505	18.36000
0.04510	47.73600
0.04515	22.03200
0.04520	49.57200
0.04525	55.08000
0.04530	45.90000
0.04535	27.54000
0.04540	31.21200
0.04545	16.52400
0.04550	78.94800
0.04555	29.37600
0.04560	78.94800
0.04565	44.06400
0.04570	22.03200
0.04575	34.88400
0.04580	67.93200
0.04585	31.21200
0.04590	11.01600
0.04595	47.73600
0.04600	18.36000
0.04605	38.55600
0.04610	25.70400
0.04615	7.34400
0.04620	27.54000
0.04625	38.55600
0.04630	23.86800
0.04635	11.01600
0.04640	62.42400
0.04645	31.21200
0.04650	29.37600
0.04655	14.68800
0.04660	18.36000
0.04665	34.88400
0.04670	60.58800
0.04675	18.36000
0.04680	34.88400
0.04685	71.60400
0.04690	95.47200
0.04695	60.58800
0.04700	34.88400
0.04705	1.83600
0.04710	38.55600
0.04715	20.19600
0.04720	34.88400
0.04725	60.58800
0.04730	36.72000
0.04735	27.54000
0.04740	23.86800
0.04745	25.70400
0.04750	38.55600
0.04755	55.08000
0.04760	3.67200
0.04765	42.22800
0.04770	3.67200
0.04775	23.86800
0.04780	27.54000
0.04785	47.73600
0.04790	58.75200
0.04795	27.54000
0.04800	29.37600
0.04805	33.04800
0.04810	58.75200
0.04815	29.37600
0.04820	78.94800
0.04825	23.86800
0.04830	23.86800
0.04835	33.04800
0.04840	55.08000
0.04845	25.70400
0.04850	33.04800
0.04855	80.78400
0.04860	58.75200
0.04865	73.44000
0.04870	64.26000
0.04875	60.58800
0.04880	44.06400
0.04885	1.83600
0.04890	42.22800
0.04895	38.55600
0.04900	38.55600
0.04905	58.75200
0.04910	53.24400
0.04915	42.22800
0.04920	51.40800
0.04925	27.54000
0.04930	18.36000
0.04935	18.36000
0.04940	38.55600
0.04945	38.55600
0.04950	47.73600
0.04955	29.37600
0.04960	11.01600
0.04965	3.67200
0.04970	47.73600
0.04975	75.27600
0.04980	27.54000
0.04985	29.37600
0.04990	31.21200
0.04995	23.86800
0.05000	27.54000
0.05005	84.45600
0.05010	36.72000
0.05015	5.50800
0.05020	60.58800
0.05025	102.81600
0.05030	14.68800
0.05035	22.03200
0.05040	71.60400
0.05045	66.09600
0.05050	44.06400
0.05055	44.06400
0.05060	31.21200
0.05065	16.52400
0.05070	62.42400
0.05075	49.57200
0.05080	42.22800
0.05085	82.62000
0.05090	47.73600
0.05095	42.22800
0.05100	49.57200
0.05105	69.76800
0.05110	73.44000
0.05115	45.90000
0.05120	60.58800
0.05125	51.40800
0.05130	33.04800
0.05135	20.19600
0.05140	20.19600
0.05145	29.37600
0.05150	22.03200
0.05155	42.22800
0.05160	16.52400
0.05165	36.72000
0.05170	23.86800
0.05175	22.03200
0.05180	31.21200
0.05185	55.08000
0.05190	42.22800
0.05195	22.03200
0.05200	11.01600
0.05205	20.19600
0.05210	22.03200
0.05215	22.03200
0.05220	60.58800
0.05225	27.54000
0.05230	25.70400
0.05235	33.04800
0.05240	36.72000
0.05245	38.55600
0.05250	45.90000
0.05255	49.57200
0.05260	53.24400
0.05265	16.52400
0.05270	9.18000
0.05275	22.03200
0.05280	23.86800
0.05285	29.37600
0.05290	16.52400
0.05295	58.75200
0.05300	25.70400
0.05305	49.57200
0.05310	40.39200
0.05315	5.50800
0.05320	9.18000
0.05325	3.67200
0.05330	11.01600
0.05335	5.50800
0.05340	56.91600
0.05345	31.21200
0.05350	22.03200
0.05355	51.40800
0.05360	33.04800
0.05365	18.36000
0.05370	25.70400
0.05375	7.34400
0.05380	25.70400
0.05385	36.72000
0.05390	55.08000
0.05395	33.04800
0.05400	33.04800
0.05405	23.86800
0.05410	31.21200
0.05415	77.11200
0.05420	33.04800
0.05425	33.04800
0.05430	27.54000
0.05435	1.83600
0.05440	31.21200
0.05445	34.88400
0.05450	102.81600
0.05455	47.73600
0.05460	12.85200
0.05465	53.24400
0.05470	29.37600
0.05475	12.85200
0.05480	27.54000
0.05485	27.54000
0.05490	23.86800
0.05495	25.70400
0.05500	20.19600
0.05505	18.36000
0.05510	25.70400
0.05515	20.19600
0.05520	34.88400
0.05525	45.90000
0.05530	69.76800
0.05535	22.03200
0.05540	7.34400
0.05545	18.36000
0.05550	67.93200
0.05555	34.88400
0.05560	34.88400
0.05565	45.90000
0.05570	11.01600
0.05575	27.54000
0.05580	22.03200
0.05585	1.83600
0.05590	5.50800
0.05595	3.67200
0.05600	18.36000
0.05605	60.58800
0.05610	25.70400
0.05615	31.21200
0.05620	27.54000
0.05625	29.37600
0.05630	97.30800
0.05635	66.09600
0.05640	84.45600
0.05645	67.93200
0.05650	27.54000
0.05655	60.58800
0.05660	47.73600
0.05665	47.73600
0.05670	67.93200
0.05675	73.44000
0.05680	27.54000
0.05685	56.91600
0.05690	36.72000
0.05695	18.36000
0.05700	23.86800
0.05705	18.36000
0.05710	69.76800
0.05715	29.37600
0.05720	40.39200
0.05725	33.04800
0.05730	23.86800
0.05735	58.75200
0.05740	38.55600
0.05745	38.55600
0.05750	64.26000
0.05755	58.75200
0.05760	34.88400
0.05765	25.70400
0.05770	55.08000
0.05775	12.85200
0.05780	16.52400
0.05785	58.75200
0.05790	51.40800
0.05795	49.57200
0.05800	22.03200
0.05805	56.91600
0.05810	27.54000
0.05815	11.01600
0.05820	47.73600
0.05825	20.19600
0.05830	12.85200
0.05835	33.04800
0.05840	34.88400
0.05845	18.36000
0.05850	27.54000
0.05855	27.54000
0.05860	18.36000
0.05865	49.57200
0.05870	44.06400
0.05875	49.57200
0.05880	12.85200
0.05885	14.68800
0.05890	38.55600
0.05895	47.73600
0.05900	22.03200
0.05905	29.37600
0.05910	42.22800
0.05915	47.73600
0.05920	29.37600
0.05925	34.88400
0.05930	34.88400
0.05935	12.85200
0.05940	44.06400
0.05945	22.03200
0.05950	20.19600
0.05955	93.63600
0.05960	29.37600
0.05965	45.90000
0.05970	42.22800
0.05975	27.54000
0.05980	25.70400
0.05985	22.03200
0.05990	38.55600
0.05995	55.08000
0.06000	29.37600
0.06005	69.76800
0.06010	38.55600
0.06015	22.03200
0.06020	42.22800
0.06025	27.54000
0.06030	14.68800
0.06035	9.18000
0.06040	7.34400
0.06045	47.73600
0.06050	18.36000
0.06055	23.86800
0.06060	56.91600
0.06065	14.68800
0.06070	82.62000
0.06075	67.93200
0.06080	55.08000
0.06085	62.42400
0.06090	18.36000
0.06095	16.52400
0.06100	44.06400
0.06105	22.03200
0.06110	23.86800
0.06115	25.70400
0.06120	23.86800
0.06125	60.58800
0.06130	1.83600
0.06135	33.04800
0.06140	20.19600
0.06145	99.14400
0.06150	25.70400
0.06155	29.37600
0.06160	42.22800
0.06165	16.52400
0.06170	47.73600
0.06175	36.72000
0.06180	66.09600
0.06185	51.40800
0.06190	62.42400
0.06195	34.88400
0.06200	23.86800
0.06205	14.68800
0.06210	22.03200
0.06215	47.73600
0.06220	53.24400
0.06225	67.93200
0.06230	29.37600
0.06235	22.03200
0.06240	97.30800
0.06245	12.85200
0.06250	42.22800
0.06255	40.39200
0.06260	14.68800
0.06265	22.03200
0.06270	25.70400
0.06275	3.67200
0.06280	25.70400
0.06285	31.21200
0.06290	16.52400
0.06295	36.72000
0.06300	25.70400
0.06305	12.85200
0.06310	38.55600
0.06315	22.03200
0.06320	36.72000
0.06325	31.21200
0.06330	31.21200
0.06335	27.54000
0.06340	53.24400
0.06345	62.42400
0.06350	23.86800
0.06355	45.90000
0.06360	22.03200
0.06365	31.21200
0.06370	53.24400
0.06375	42.22800
0.06380	45.90000
0.06385	25.70400
0.06390	9.18000
0.06395	11.01600
0.06400	53.24400
0.06405	18.36000
0.06410	40.39200
0.06415	11.01600
0.06420	60.58800
0.06425	49.57200
0.06430	25.70400
0.06435	22.03200
0.06440	1.83600
0.06445	18.36000
0.06450	9.18000
0.06455	91.80000
0.06460	66.09600
0.06465	0.00000
0.06470	14.68800
0.06475	36.72000
0.06480	55.08000
0.06485	55.08000
0.06490	36.72000
0.06495	25.70400
0.06500	5.50800
0.06505	34.88400
0.06510	5.50800
0.06515	1.83600
0.06520	5.50800
0.06525	40.39200
0.06530	47.73600
0.06535	18.36000
0.06540	18.36000
0.06545	9.18000
0.06550	12.85200
0.06555	25.70400
0.06560	36.72000
0.06565	67.93200
0.06570	44.06400
0.06575	18.36000
0.06580	25.70400
0.06585	14.68800
0.06590	22.03200
0.06595	14.68800
0.06600	3.67200
0.06605	14.68800
0.06610	29.37600
0.06615	7.34400
0.06620	33.04800
0.06625	9.18000
0.06630	47.73600
0.06635	45.90000
0.06640	84.45600
0.06645	34.88400
0.06650	20.19600
0.06655	56.91600
0.06660	42.22800
0.06665	42.22800
0.06670	16.52400
0.06675	1.83600
0.06680	34.88400
0.06685	58.75200
0.06690	38.55600
0.06695	9.18000
0.06700	64.26000
0.06705	67.93200
0.06710	42.22800
0.06715	20.19600
0.06720	22.03200
0.06725	23.86800
0.06730	42.22800
0.06735	5.50800
0.06740	36.72000
0.06745	44.06400
0.06750	12.85200
0.06755	5.50800
0.06760	27.54000
0.06765	55.08000
0.06770	36.72000
0.06775	12.85200
0.06780	51.40800
0.06785	71.60400
0.06790	20.19600
0.06795	3.67200
0.06800	25.70400
0.06805	44.06400
0.06810	16.52400
0.06815	55.08000
0.06820	56.91600
0.06825	93.63600
0.06830	49.57200
0.06835	18.36000
0.06840	31.21200
0.06845	23.86800
0.06850	58.75200
0.06855	20.19600
0.06860	33.04800
0.06865	16.52400
0.06870	49.57200
0.06875	25.70400
0.06880	29.37600
0.06885	42.22800
0.06890	33.04800
0.06895	5.50800
0.06900	18.36000
0.06905	73.44000
0.06910	31.21200
0.06915	9.18000
0.06920	45.90000
0.06925	29.37600
0.06930	42.22800
0.06935	64.26000
0.06940	20.19600
0.06945	33.04800
0.06950	23.86800
0.06955	45.90000
0.06960	44.06400
0.06965	25.70400
0.06970	49.57200
0.06975	47.73600
0.06980	44.06400
0.06985	55.08000
0.06990	99.14400
0.06995	58.75200
0.07000	42.22800
0.07005	27.54000
0.07010	14.68800
0.07015	58.75200
0.07020	36.72000
0.07025	71.60400
0.07030	-0.00000
0.07035	47.73600
0.07040	42.22800
0.07045	60.58800
0.07050	27.54000
0.07055	31.21200
0.07060	51.40800
0.07065	3.67200
0.07070	34.88400
0.07075	29.37600
0.07080	33.04800
0.07085	27.54000
0.07090	23.86800
0.07095	56.91600
0.07100	45.90000
0.07105	20.19600
0.07110	36.72000
0.07115	64.26000
0.07120	31.21200
0.07125	22.03200
0.07130	14.68800
0.07135	31.21200
0.07140	31.21200
0.07145	3.67200
0.07150	60.58800
0.07155	23.86800
0.07160	64.26000
0.07165	62.42400
0.07170	16.52400
0.07175	38.55600
0.07180	27.54000
0.07185	9.18000
0.07190	23.86800
0.07195	29.37600
0.07200	53.24400
0.07205	5.50800
0.07210	12.85200
0.07215	33.04800
0.07220	18.36000
0.07225	11.01600
0.07230	29.37600
0.07235	14.68800
0.07240	14.68800
0.07245	25.70400
0.07250	22.03200
0.07255	11.01600
0.07260	20.19600
0.07265	16.52400
0.07270	73.44000
0.07275	33.04800
0.07280	29.37600
0.07285	7.34400
0.07290	3.67200
0.07295	64.26000
0.07300	29.37600
0.07305	33.04800
0.07310	55.08000
0.07315	25.70400
0.07320	11.01600
0.07325	78.94800
0.07330	16.52400
0.07335	11.01600
0.07340	84.45600
0.07345	33.04800
0.07350	36.72000
0.07355	71.60400
0.07360	97.30800
0.07365	33.04800
0.07370	40.39200
0.07375	3.67200
0.07380	16.52400
0.07385	29.37600
0.07390	14.68800
0.07395	27.54000
0.07400	11.01600
0.07405	53.24400
0.07410	45.90000
0.07415	73.44000
0.07420	0.00000
0.07425	16.52400
0.07430	20.19600
0.07435	31.21200
0.07440	22.03200
0.07445	56.91600
0.07450	14.68800
0.07455	23.86800
0.07460	25.70400
0.07465	49.57200
0.07470	16.52400
0.07475	29.37600
0.07480	11.01600
0.07485	56.91600
0.07490	38.55600
0.07495	66.09600
0.07500	42.22800
0.07505	58.75200
0.07510	49.57200
0.07515	33.04800
0.07520	51.40800
0.07525	25.70400
0.07530	31.21200
0.07535	16.52400
0.07540	29.37600
0.07545	58.75200
0.07550	62.42400
0.07555	33.04800
0.07560	20.19600
0.07565	11.01600
0.07570	75.27600
0.07575	82.62000
0.07580	25.70400
0.07585	20.19600
0.07590	42.22800
0.07595	27.54000
0.07600	44.06400
0.07605	38.55600
0.07610	27.54000
0.07615	51.40800
0.07620	9.18000
0.07625	14.68800
0.07630	45.90000
0.07635	11.01600
0.07640	49.57200
0.07645	23.86800
0.07650	62.42400
0.07655	22.03200
0.07660	40.39200
0.07665	20.19600
0.07670	20.19600
0.07675	66.09600
0.07680	34.88400
0.07685	38.55600
0.07690	16.52400
0.07695	20.19600
0.07700	14.68800
0.07705	40.39200
0.07710	34.88400
0.07715	42.22800
0.07720	25.70400
0.07725	20.19600
0.07730	36.72000
0.07735	40.39200
0.07740	75.27600
0.07745	33.04800
0.07750	40.39200
0.07755	25.70400
0.07760	5.50800
0.07765	20.19600
0.07770	29.37600
0.07775	71.60400
0.07780	33.04800
0.07785	22.03200
0.07790	31.21200
0.07795	7.34400
0.07800	38.55600
0.07805	47.73600
0.07810	14.68800
0.07815	22.03200
0.07820	34.88400
0.07825	56.91600
0.07830	31.21200
0.07835	56.91600
0.07840	9.18000
0.07845	12.85200
0.07850	33.04800
0.07855	9.18000
0.07860	16.52400
0.07865	47.73600
0.07870	51.40800
0.07875	18.36000
0.07880	29.37600
0.07885	99.14400
0.07890	25.70400
0.07895	60.58800
0.07900	16.52400
0.07905	31.21200
0.07910	75.27600
0.07915	31.21200
0.07920	5.50800
0.07925	16.52400
0.07930	51.40800
0.07935	12.85200
0.07940	25.70400
0.07945	33.04800
0.07950	3.67200
0.07955	12.85200
0.07960	62.42400
0.07965	44.06400
0.07970	9.18000
0.07975	5.50800
0.07980	34.88400
0.07985	11.01600
0.07990	7.34400
0.07995	25.70400
0.08000	49.57200
0.08005	40.39200
0.08010	22.03200
0.08015	53.24400
0.08020	67.93200
0.08025	18.36000
0.08030	49.57200
0.08035	31.21200
0.08040	60.58800
0.08045	51.40800
0.08050	38.55600
0.08055	12.85200
0.08060	42.22800
0.08065	12.85200
0.08070	38.55600
0.08075	53.24400
0.08080	12.85200
0.08085	58.75200
0.08090	36.72000
0.08095	40.39200
0.08100	16.52400
0.08105	23.86800
0.08110	33.04800
0.08115	11.01600
0.08120	22.03200
0.08125	49.57200
0.08130	22.03200
0.08135	31.21200
0.08140	29.37600
0.08145	86.29200
0.08150	14.68800
0.08155	27.54000
0.08160	45.90000
0.08165	3.67200
0.08170	18.36000
0.08175	18.36000
0.08180	51.40800
0.08185	34.88400
0.08190	25.70400
0.08195	47.73600
0.08200	84.45600
0.08205	58.75200
0.08210	67.93200
0.08215	53.24400
0.08220	27.54000
0.08225	66.09600
0.08230	58.75200
0.08235	42.22800
0.08240	34.88400
0.08245	64.26000
0.08250	53.24400
0.08255	25.70400
0.08260	53.24400
0.08265	7.34400
0.08270	58.75200
0.08275	23.86800
0.08280	40.39200
0.08285	44.06400
0.08290	9.18000
0.08295	16.52400
0.08300	23.86800
0.08305	27.54000
0.08310	33.04800
0.08315	40.39200
0.08320	12.85200
0.08325	42.22800
0.08330	36.72000
0.08335	29.37600
0.08340	38.55600
0.08345	18.36000
0.08350	31.21200
0.08355	40.39200
0.08360	5.50800
0.08365	58.75200
0.08370	38.55600
0.08375	58.75200
0.08380	11.01600
0.08385	36.72000
0.08390	18.36000
0.08395	5.50800
0.08400	12.85200
0.08405	23.86800
0.08410	29.37600
0.08415	33.04800
0.08420	1.83600
0.08425	45.90000
0.08430	40.39200
0.08435	22.03200
0.08440	31.21200
0.08445	20.19600
0.08450	27.54000
0.08455	36.72000
0.08460	33.04800
0.08465	49.57200
0.08470	23.86800
0.08475	29.37600
0.08480	18.36000
0.08485	18.36000
0.08490	38.55600
0.08495	38.55600
0.08500	23.86800
0.08505	11.01600
0.08510	36.72000
0.08515	12.85200
0.08520	34.88400
0.08525	12.85200
0.08530	22.03200
0.08535	66.09600
0.08540	34.88400
0.08545	40.39200
0.08550	23.86800
0.08555	49.57200
0.08560	11.01600
0.08565	27.54000
0.08570	9.18000
0.08575	27.54000
0.08580	60.58800
0.08585	31.21200
0.08590	12.85200
0.08595	34.88400
0.08600	49.57200
0.08605	16.52400
0.08610	22.03200
0.08615	55.08000
0.08620	40.39200
0.08625	34.88400
0.08630	40.39200
0.08635	14.68800
0.08640	12.85200
0.08645	66.09600
0.08650	53.24400
0.08655	56.91600
0.08660	34.88400
0.08665	44.06400
0.08670	62.42400
0.08675	77.11200
0.08680	49.57200
0.08685	22.03200
0.08690	29.37600
0.08695	58.75200
0.08700	14.68800
0.08705	25.70400
0.08710	16.52400
0.08715	60.58800
0.08720	16.52400
0.08725	33.04800
0.08730	31.21200
0.08735	5.50800
0.08740	25.70400
0.08745	66.09600
0.08750	18.36000
0.08755	20.19600
0.08760	14.68800
0.08765	9.18000
0.08770	47.73600
0.08775	20.19600
0.08780	29.37600
0.08785	16.52400
0.08790	36.72000
0.08795	18.36000
0.08800	3.67200
0.08805	12.85200
0.08810	20.19600
0.08815	42.22800
0.08820	9.18000
0.08825	14.68800
0.08830	29.37600
0.08835	36.72000
0.08840	40.39200
0.08845	44.06400
0.08850	53.24400
0.08855	14.68800
0.08860	31.21200
0.08865	49.57200
0.08870	27.54000
0.08875	113.83200
0.08880	11.01600
0.08885	11.01600
0.08890	29.37600
0.08895	58.75200
0.08900	12.85200
0.08905	44.06400
0.08910	45.90000
0.08915	22.03200
0.08920	16.52400
0.08925	55.08000
0.08930	33.04800
0.08935	66.09600
0.08940	12.85200
0.08945	38.55600
0.08950	27.54000
0.08955	29.37600
0.08960	22.03200
0.08965	117.50400
0.08970	11.01600
0.08975	45.90000
0.08980	40.39200
0.08985	16.52400
0.08990	29.37600
0.08995	11.01600
0.09000	20.19600
0.09005	0.00000
0.09010	47.73600
0.09015	45.90000
0.09020	38.55600
0.09025	25.70400
0.09030	25.70400
0.09035	56.91600
0.09040	27.54000
0.09045	18.36000
0.09050	7.34400
0.09055	16.52400
0.09060	5.50800
0.09065	7.34400
0.09070	22.03200
0.09075	9.18000
0.09080	12.85200
0.09085	20.19600
0.09090	40.39200
0.09095	49.57200
0.09100	22.03200
0.09105	22.03200
0.09110	20.19600
0.09115	58.75200
0.09120	3.67200
0.09125	31.21200
0.09130	42.22800
0.09135	22.03200
0.09140	66.09600
0.09145	58.75200
0.09150	23.86800
0.09155	18.36000
0.09160	16.52400
0.09165	25.70400
0.09170	11.01600
0.09175	18.36000
0.09180	20.19600
0.09185	9.18000
0.09190	23.86800
0.09195	47.73600
0.09200	29.37600
0.09205	16.52400
0.09210	47.73600
0.09215	42.22800
0.09220	14.68800
0.09225	56.91600
0.09230	14.68800
0.09235	9.18000
0.09240	9.18000
0.09245	31.21200
0.09250	47.73600
0.09255	16.52400
0.09260	34.88400
0.09265	44.06400
0.09270	14.68800
0.09275	20.19600
0.09280	45.90000
0.09285	12.85200
0.09290	51.40800
0.09295	34.88400
0.09300	27.54000
0.09305	40.39200
0.09310	29.37600
0.09315	20.19600
0.09320	22.03200
0.09325	56.91600
0.09330	25.70400
0.09335	33.04800
0.09340	20.19600
0.09345	20.19600
0.09350	12.85200
0.09355	16.52400
0.09360	5.50800
0.09365	12.85200
0.09370	88.12800
0.09375	56.91600
0.09380	33.04800
0.09385	33.04800
0.09390	36.72000
0.09395	36.72000
0.09400	22.03200
0.09405	58.75200
0.09410	7.34400
0.09415	22.03200
0.09420	23.86800
0.09425	69.76800
0.09430	20.19600
0.09435	33.04800
0.09440	42.22800
0.09445	64.26000
0.09450	33.04800
0.09455	42.22800
0.09460	16.52400
0.09465	7.34400
0.09470	23.86800
0.09475	11.01600
0.09480	11.01600
0.09485	38.55600
0.09490	5.50800
0.09495	44.06400
0.09500	38.55600
0.09505	49.57200
0.09510	20.19600
0.09515	44.06400
0.09520	18.36000
0.09525	33.04800
0.09530	18.36000
0.09535	7.34400
0.09540	34.88400
0.09545	34.88400
0.09550	-0.00000
0.09555	9.18000
0.09560	22.03200
0.09565	20.19600
0.09570	12.85200
0.09575	27.54000
0.09580	3.67200
0.09585	33.04800
0.09590	55.08000
0.09595	40.39200
0.09600	18.36000
0.09605	14.68800
0.09610	3.67200
0.09615	9.18000
0.09620	12.85200
0.09625	44.06400
0.09630	14.68800
0.09635	49.57200
0.09640	51.40800
0.09645	31.21200
0.09650	12.85200
0.09655	36.72000
0.09660	40.39200
0.09665	53.24400
0.09670	20.19600
0.09675	44.06400
0.09680	7.34400
0.09685	36.72000
0.09690	66.09600
0.09695	33.04800
0.09700	31.21200
0.09705	38.55600
0.09710	31.21200
0.09715	22.03200
0.09720	14.68800
0.09725	27.54000
0.09730	16.52400
0.09735	31.21200
0.09740	95.47200
0.09745	14.68800
0.09750	34.88400
0.09755	5.50800
0.09760	62.42400
0.09765	56.91600
0.09770	40.39200
0.09775	42.22800
0.09780	31.21200
0.09785	27.54000
0.09790	66.09600
0.09795	49.57200
0.09800	56.91600
0.09805	64.26000
0.09810	58.75200
0.09815	33.04800
0.09820	7.34400
0.09825	16.52400
0.09830	23.86800
0.09835	12.85200
0.09840	12.85200
0.09845	33.04800
0.09850	27.54000
0.09855	33.04800
0.09860	47.73600
0.09865	40.39200
0.09870	18.36000
0.09875	23.86800
0.09880	42.22800
0.09885	25.70400
0.09890	14.68800
0.09895	51.40800
0.09900	14.68800
0.09905	5.50800
0.09910	36.72000
0.09915	22.03200
0.09920	31.21200
0.09925	71.60400
0.09930	18.36000
0.09935	55.08000
0.09940	25.70400
0.09945	16.52400
0.09950	5.50800
0.09955	40.39200
0.09960	20.19600
0.09965	22.03200
0.09970	45.90000
0.09975	14.68800
0.09980	22.03200
0.09985	25.70400
0.09990	16.52400
0.09995	29.37600
0.10000	33.04800
0.10005	20.19600
0.10010	14.68800
0.10015	95.47200
0.10020	5.50800
0.10025	3.67200
0.10030	18.36000
0.10035	18.36000
0.10040	33.04800
0.10045	44.06400
0.10050	51.40800
0.10055	36.72000
0.10060	20.19600
0.10065	22.03200
0.10070	31.21200
0.10075	31.21200
0.10080	23.86800
0.10085	23.86800
0.10090	20.19600
0.10095	71.60400
0.10100	36.72000
0.10105	29.37600
0.10110	12.85200
0.10115	27.54000
0.10120	60.58800
0.10125	29.37600
0.10130	42.22800
0.10135	78.94800
0.10140	73.44000
0.10145	16.52400
0.10150	80.78400
0.10155	34.88400
0.10160	14.68800
0.10165	3.67200
0.10170	29.37600
0.10175	9.18000
0.10180	40.39200
0.10185	12.85200
0.10190	14.68800
0.10195	56.91600
0.10200	71.60400
0.10205	11.01600
0.10210	9.18000
0.10215	33.04800
0.10220	22.03200
0.10225	12.85200
0.10230	1.83600
0.10235	11.01600
0.10240	40.39200
0.10245	31.21200
0.10250	20.19600
0.10255	29.37600
0.10260	3.67200
0.10265	62.42400
0.10270	12.85200
0.10275	16.52400
0.10280	27.54000
0.10285	16.52400
0.10290	0.00000
0.10295	14.68800
0.10300	23.86800
0.10305	20.19600
0.10310	0.00000
0.10315	42.22800
0.10320	62.42400
0.10325	22.03200
0.10330	33.04800
0.10335	53.24400
0.10340	18.36000
0.10345	25.70400
0.10350	53.24400
0.10355	22.03200
0.10360	53.24400
0.10365	1.83600
0.10370	36.72000
0.10375	16.52400
0.10380	56.91600
0.10385	34.88400
0.10390	23.86800
0.10395	38.55600
0.10400	40.39200
0.10405	40.39200
0.10410	27.54000
0.10415	14.68800
0.10420	27.54000
0.10425	18.36000
0.10430	29.37600
0.10435	45.90000
0.10440	9.18000
0.10445	47.73600
0.10450	102.81600
0.10455	44.06400
0.10460	18.36000
0.10465	1.83600
0.10470	38.55600
0.10475	-0.00000
0.10480	9.18000
0.10485	18.36000
0.10490	0.00000
0.10495	31.21200
0.10500	36.72000
0.10505	49.57200
0.10510	12.85200
0.10515	14.68800
0.10520	86.29200
0.10525	33.04800
0.10530	1.83600
0.10535	20.19600
0.10540	44.06400
0.10545	40.39200
0.10550	25.70400
0.10555	34.88400
0.10560	16.52400
0.10565	7.34400
0.10570	16.52400
0.10575	20.19600
0.10580	5.50800
0.10585	38.55600
0.10590	9.18000
0.10595	53.24400
0.10600	44.06400
0.10605	55.08000
0.10610	47.73600
0.10615	58.75200
0.10620	1.83600
0.10625	27.54000
0.10630	25.70400
0.10635	62.42400
0.10640	18.36000
0.10645	38.55600
0.10650	29.37600
0.10655	25.70400
0.10660	12.85200
0.10665	34.88400
0.10670	16.52400
0.10675	12.85200
0.10680	31.21200
0.10685	40.39200
0.10690	31.21200
0.10695	67.93200
0.10700	60.58800
0.10705	34.88400
0.10710	31.21200
0.10715	25.70400
0.10720	7.34400
0.10725	31.21200
0.10730	44.06400
0.10735	49.57200
0.10740	47.73600
0.10745	3.67200
0.10750	14.68800
0.10755	12.85200
0.10760	51.40800
0.10765	12.85200
0.10770	-0.00000
0.10775	9.18000
0.10780	38.55600
0.10785	29.37600
0.10790	14.68800
0.10795	11.01600
0.10800	33.04800
0.10805	16.52400
0.10810	47.73600
0.10815	58.75200
0.10820	40.39200
0.10825	56.91600
0.10830	40.39200
0.10835	33.04800
0.10840	40.39200
0.10845	23.86800
0.10850	20.19600
0.10855	12.85200
0.10860	31.21200
0.10865	1.83600
0.10870	7.34400
0.10875	22.03200
0.10880	9.18000
0.10885	18.36000
0.10890	9.18000
0.10895	31.21200
0.10900	42.22800
0.10905	40.39200
0.10910	111.99600
0.10915	40.39200
0.10920	11.01600
0.10925	22.03200
0.10930	20.19600
0.10935	20.19600
0.10940	34.88400
0.10945	67.93200
0.10950	20.19600
0.10955	56.91600
0.10960	3.67200
0.10965	38.55600
0.10970	36.72000
0.10975	20.19600
0.10980	29.37600
0.10985	22.03200
0.10990	53.24400
0.10995	44.06400
0.11000	18.36000
0.11005	11.01600
0.11010	36.72000
0.11015	25.70400
0.11020	40.39200
0.11025	44.06400
0.11030	5.50800
0.11035	36.72000
0.11040	38.55600
0.11045	22.03200
0.11050	31.21200
0.11055	36.72000
0.11060	18.36000
0.11065	42.22800
0.11070	22.03200
0.11075	33.04800
0.11080	16.52400
0.11085	11.01600
0.11090	31.21200
0.11095	3.67200
0.11100	7.34400
0.11105	27.54000
0.11110	29.37600
0.11115	5.50800
0.11120	22.03200
0.11125	7.34400
0.11130	33.04800
0.11135	3.67200
0.11140	5.50800
0.11145	25.70400
0.11150	20.19600
0.11155	31.21200
0.11160	40.39200
0.11165	27.54000
0.11170	14.68800
0.11175	33.04800
0.11180	25.70400
0.11185	56.91600
0.11190	58.75200
0.11195	33.04800
0.11200	20.19600
0.11205	20.19600
0.11210	1.83600
0.11215	27.54000
0.11220	27.54000
0.11225	47.73600
0.11230	29.37600
0.11235	36.72000
0.11240	14.68800
0.11245	7.34400
0.11250	14.68800
0.11255	38.55600
0.11260	20.19600
0.11265	22.03200
0.11270	40.39200
0.11275	91.80000
0.11280	14.68800
0.11285	23.86800
0.11290	45.90000
0.11295	9.18000
0.11300	7.34400
0.11305	47.73600
0.11310	5.50800
0.11315	11.01600
0.11320	5.50800
0.11325	71.60400
0.11330	20.19600
0.11335	49.57200
0.11340	53.24400
0.11345	40.39200
0.11350	45.90000
0.11355	34.88400
0.11360	27.54000
0.11365	40.39200
0.11370	45.90000
0.11375	22.03200
0.11380	71.60400
0.11385	25.70400
0.11390	12.85200
0.11395	47.73600
0.11400	33.04800
0.11405	53.24400
0.11410	11.01600
0.11415	23.86800
0.11420	47.73600
0.11425	7.34400
0.11430	51.40800
0.11435	75.27600
0.11440	31.21200
0.11445	34.88400
0.11450	1.83600
0.11455	36.72000
0.11460	33.04800
0.11465	56.91600
0.11470	34.88400
0.11475	49.57200
0.11480	29.37600
0.11485	12.85200
0.11490	16.52400
0.11495	22.03200
0.11500	36.72000
0.11505	34.88400
0.11510	36.72000
0.11515	16.52400
0.11520	40.39200
0.11525	1.83600
0.11530	34.88400
0.11535	23.86800
0.11540	12.85200
0.11545	31.21200
0.11550	80.78400
0.11555	18.36000
0.11560	3.67200
0.11565	22.03200
0.11570	1.83600
0.11575	56.91600
0.11580	9.18000
0.11585	77.11200
0.11590	27.54000
0.11595	33.04800
0.11600	16.52400
0.11605	95.47200
0.11610	45.90000
0.11615	22.03200
0.11620	31.21200
0.11625	51.40800
0.11630	40.39200
0.11635	33.04800
0.11640	7.34400
0.11645	66.09600
0.11650	20.19600
0.11655	20.19600
0.11660	25.70400
0.11665	22.03200
0.11670	0.00000
0.11675	16.52400
0.11680	53.24400
0.11685	53.24400
0.11690	34.88400
0.11695	7.34400
0.11700	14.68800
0.11705	18.36000
0.11710	12.85200
0.11715	40.39200
0.11720	71.60400
0.11725	55.08000
0.11730	18.36000
0.11735	34.88400
0.11740	22.03200
0.11745	18.36000
0.11750	47.73600
0.11755	51.40800
0.11760	5.50800
0.11765	33.04800
0.11770	22.03200
0.11775	44.06400
0.11780	23.86800
0.11785	40.39200
0.11790	36.72000
0.11795	29.37600
0.11800	7.34400
0.11805	23.86800
0.11810	33.04800
0.11815	20.19600
0.11820	23.86800
0.11825	18.36000
0.11830	69.76800
0.11835	23.86800
0.11840	3.67200
0.11845	62.42400
0.11850	23.86800
0.11855	49.57200
0.11860	51.40800
0.11865	7.34400
0.11870	49.57200
0.11875	34.88400
0.11880	34.88400
0.11885	49.57200
0.11890	34.88400
0.11895	45.90000
0.11900	11.01600
0.11905	18.36000
0.11910	18.36000
0.11915	14.68800
0.11920	22.03200
0.11925	29.37600
0.11930	23.86800
0.11935	9.18000
0.11940	20.19600
0.11945	42.22800
0.11950	29.37600
0.11955	12.85200
0.11960	5.50800
0.11965	47.73600
0.11970	25.70400
0.11975	0.00000
0.11980	53.24400
0.11985	36.72000
0.11990	14.68800
0.11995	38.55600
0.12000	34.88400
0.12005	16.52400
0.12010	14.68800
0.12015	3.67200
0.12020	27.54000
0.12025	67.93200
0.12030	16.52400
0.12035	55.08000
0.12040	31.21200
0.12045	34.88400
0.12050	36.72000
0.12055	34.88400
0.12060	18.36000
0.12065	36.72000
0.12070	25.70400
0.12075	56.91600
0.12080	12.85200
0.12085	34.88400
0.12090	9.18000
0.12095	33.04800
0.12100	14.68800
0.12105	14.68800
0.12110	14.68800
0.12115	23.86800
0.12120	14.68800
0.12125	71.60400
0.12130	14.68800
0.12135	18.36000
0.12140	25.70400
0.12145	47.73600
0.12150	42.22800
0.12155	16.52400
0.12160	36.72000
0.12165	40.39200
0.12170	-0.00000
0.12175	49.57200
0.12180	18.36000
0.12185	40.39200
0.12190	84.45600
0.12195	16.52400
0.12200	29.37600
0.12205	7.34400
0.12210	27.54000
0.12215	60.58800
0.12220	7.34400
0.12225	20.19600
0.12230	33.04800
0.12235	16.52400
0.12240	7.34400
0.12245	5.50800
0.12250	22.03200
0.12255	16.52400
0.12260	62.42400
0.12265	36.72000
0.12270	18.36000
0.12275	11.01600
0.12280	12.85200
0.12285	18.36000
0.12290	3.67200
0.12295	7.34400
0.12300	20.19600
0.12305	22.03200
0.12310	14.68800
0.12315	18.36000
0.12320	29.37600
0.12325	25.70400
0.12330	49.57200
0.12335	69.76800
0.12340	31.21200
0.12345	23.86800
0.12350	40.39200
0.12355	42.22800
0.12360	3.67200
0.12365	23.86800
0.12370	27.54000
0.12375	47.73600
0.12380	16.52400
0.12385	3.67200
0.12390	29.37600
0.12395	25.70400
0.12400	22.03200
0.12405	18.36000
0.12410	11.01600
0.12415	18.36000
0.12420	56.91600
0.12425	53.24400
0.12430	42.22800
0.12435	55.08000
0.12440	1.83600
0.12445	20.19600
0.12450	56.91600
0.12455	27.54000
0.12460	80.78400
0.12465	14.68800
0.12470	22.03200
0.12475	-0.00000
0.12480	44.06400
0.12485	31.21200
0.12490	53.24400
0.12495	12.85200
0.12500	11.01600
0.12505	55.08000
0.12510	22.03200
0.12515	14.68800
0.12520	20.19600
0.12525	16.52400
0.12530	20.19600
0.12535	23.86800
0.12540	33.04800
0.12545	20.19600
0.12550	49.57200
0.12555	18.36000
0.12560	9.18000
0.12565	11.01600
0.12570	23.86800
0.12575	16.52400
0.12580	27.54000
0.12585	20.19600
0.12590	25.70400
0.12595	11.01600
0.12600	25.70400
0.12605	29.37600
0.12610	0.00000
0.12615	44.06400
0.12620	12.85200
0.12625	18.36000
0.12630	25.70400
0.12635	14.68800
0.12640	23.86800
0.12645	9.18000
0.12650	16.52400
0.12655	3.67200
0.12660	14.68800
0.12665	44.06400
0.12670	16.52400
0.12675	66.09600
0.12680	56.91600
0.12685	5.50800
0.12690	58.75200
0.12695	7.34400
0.12700	25.70400
0.12705	23.86800
0.12710	51.40800
0.12715	29.37600
0.12720	34.88400
0.12725	27.54000
0.12730	23.86800
0.12735	12.85200
0.12740	62.42400
0.12745	22.03200
0.12750	71.60400
0.12755	33.04800
0.12760	29.37600
0.12765	22.03200
0.12770	16.52400
0.12775	14.68800
0.12780	7.34400
0.12785	22.03200
0.12790	33.04800
0.12795	5.50800
0.12800	29.37600
0.12805	56.91600
0.12810	67.93200
0.12815	18.36000
0.12820	38.55600
0.12825	58.75200
0.12830	33.04800
0.12835	33.04800
0.12840	31.21200
0.12845	9.18000
0.12850	25.70400
0.12855	23.86800
0.12860	73.44000
0.12865	18.36000
0.12870	31.21200
0.12875	47.73600
0.12880	20.19600
0.12885	33.04800
0.12890	53.24400
0.12895	20.19600
0.12900	11.01600
0.12905	16.52400
0.12910	7.34400
0.12915	49.57200
0.12920	29.37600
0.12925	11.01600
0.12930	27.54000
0.12935	3.67200
0.12940	58.75200
0.12945	12.85200
0.12950	45.90000
0.12955	22.03200
0.12960	20.19600
0.12965	1.83600
0.12970	22.03200
0.12975	42.22800
0.12980	3.67200
0.12985	62.42400
0.12990	64.26000
0.12995	40.39200
0.13000	7.34400
0.13005	25.70400
0.13010	42.22800
0.13015	66.09600
0.13020	7.34400
0.13025	53.24400
0.13030	60.58800
0.13035	93.63600
0.13040	-0.00000
0.13045	95.47200
0.13050	16.52400
0.13055	1.83600
0.13060	18.36000
0.13065	23.86800
0.13070	27.54000
0.13075	14.68800
0.13080	69.76800
0.13085	34.88400
0.13090	73.44000
0.13095	12.85200
0.13100	42.22800
0.13105	14.68800
0.13110	23.86800
0.13115	64.26000
0.13120	25.70400
0.13125	23.86800
0.13130	38.55600
0.13135	31.21200
0.13140	14.68800
0.13145	77.11200
0.13150	31.21200
0.13155	9.18000
0.13160	16.52400
0.13165	14.68800
0.13170	45.90000
0.13175	56.91600
0.13180	7.34400
0.13185	5.50800
0.13190	38.55600
0.13195	36.72000
0.13200	40.39200
0.13205	7.34400
0.13210	16.52400
0.13215	36.72000
0.13220	-0.00000
0.13225	12.85200
0.13230	45.90000
0.13235	38.55600
0.13240	25.70400
0.13245	64.26000
0.13250	55.08000
0.13255	29.37600
0.13260	60.58800
0.13265	34.88400
0.13270	20.19600
0.13275	45.90000
0.13280	1.83600
0.13285	29.37600
0.13290	45.90000
0.13295	9.18000
0.13300	12.85200
0.13305	31.21200
0.13310	23.86800
0.13315	29.37600
0.13320	25.70400
0.13325	9.18000
0.13330	18.36000
0.13335	5.50800
0.13340	5.50800
0.13345	18.36000
0.13350	38.55600
0.13355	12.85200
0.13360	16.52400
0.13365	23.86800
0.13370	12.85200
0.13375	34.88400
0.13380	11.01600
0.13385	18.36000
0.13390	33.04800
0.13395	34.88400
0.13400	20.19600
0.13405	23.86800
0.13410	9.18000
0.13415	25.70400
0.13420	7.34400
0.13425	7.34400
0.13430	55.08000
0.13435	7.34400
0.13440	42.22800
0.13445	18.36000
0.13450	25.70400
0.13455	11.01600
0.13460	16.52400
0.13465	18.36000
0.13470	23.86800
0.13475	29.37600
0.13480	33.04800
0.13485	12.85200
0.13490	66.09600
0.13495	73.44000
0.13500	1.83600
0.13505	64.26000
0.13510	51.40800
0.13515	49.57200
0.13520	23.86800
0.13525	16.52400
0.13530	5.50800
0.13535	33.04800
0.13540	23.86800
0.13545	31.21200
0.13550	44.06400
0.13555	9.18000
0.13560	53.24400
0.13565	25.70400
0.13570	33.04800
0.13575	16.52400
0.13580	11.01600
0.13585	23.86800
0.13590	29.37600
0.13595	18.36000
0.13600	38.55600
0.13605	12.85200
0.13610	22.03200
0.13615	42.22800
0.13620	12.85200
0.13625	23.86800
0.13630	29.37600
0.13635	36.72000
0.13640	42.22800
0.13645	5.50800
0.13650	9.18000
0.13655	18.36000
0.13660	23.86800
0.13665	31.21200
0.13670	23.86800
0.13675	33.04800
0.13680	31.21200
0.13685	7.34400
0.13690	14.68800
0.13695	47.73600
0.13700	3.67200
0.13705	40.39200
0.13710	31.21200
0.13715	69.76800
0.13720	42.22800
0.13725	0.00000
0.13730	38.55600
0.13735	31.21200
0.13740	18.36000
0.13745	34.88400
0.13750	47.73600
0.13755	23.86800
0.13760	5.50800
0.13765	69.76800
0.13770	20.19600
0.13775	27.54000
0.13780	12.85200
0.13785	14.68800
0.13790	16.52400
0.13795	20.19600
0.13800	3.67200
0.13805	22.03200
0.13810	42.22800
0.13815	3.67200
0.13820	14.68800
0.13825	29.37600
0.13830	27.54000
0.13835	45.90000
0.13840	18.36000
0.13845	22.03200
0.13850	73.44000
0.13855	56.91600
0.13860	16.52400
0.13865	20.19600
0.13870	51.40800
0.13875	22.03200
0.13880	18.36000
0.13885	34.88400
0.13890	23.86800
0.13895	27.54000
0.13900	27.54000
0.13905	22.03200
0.13910	22.03200
0.13915	22.03200
0.13920	25.70400
0.13925	25.70400
0.13930	27.54000
0.13935	0.00000
0.13940	22.03200
0.13945	49.57200
0.13950	25.70400
0.13955	11.01600
0.13960	14.68800
0.13965	33.04800
0.13970	29.37600
0.13975	66.09600
0.13980	45.90000
0.13985	67.93200
0.13990	9.18000
0.13995	33.04800
0.14000	69.76800
0.14005	3.67200
0.14010	40.39200
0.14015	40.39200
0.14020	34.88400
0.14025	12.85200
0.14030	20.19600
0.14035	33.04800
0.14040	16.52400
0.14045	29.37600
0.14050	34.88400
0.14055	45.90000
0.14060	9.18000
0.14065	25.70400
0.14070	49.57200
0.14075	7.34400
0.14080	3.67200
0.14085	27.54000
0.14090	18.36000
0.14095	23.86800
0.14100	60.58800
0.14105	31.21200
0.14110	56.91600
0.14115	111.99600
0.14120	67.93200
0.14125	42.22800
0.14130	44.06400
0.14135	36.72000
0.14140	78.94800
0.14145	93.63600
0.14150	176.25600
0.14155	218.48400
0.14160	258.87600
0.14165	304.77600
0.14170	470.01600
0.14175	413.10000
0.14180	644.43600
0.14185	613.22400
0.14190	771.12000
0.14195	1154.84400
0.14200	1164.02400
0.14205	1222.77600
0.14210	1413.72000
0.14215	1320.08400
0.14220	1371.49200
0.14225	1474.30800
0.14230	1154.84400
0.14235	1160.35200
0.14240	1193.40000
0.14245	1090.58400
0.14250	906.98400
0.14255	694.00800
0.14260	638.92800
0.14265	640.76400
0.14270	481.03200
0.14275	347.00400
0.14280	376.38000
0.14285	451.65600
0.14290	295.59600
0.14295	308.44800
0.14300	203.79600
0.14305	242.35200
0.14310	174.42000
0.14315	159.73200
0.14320	189.10800
0.14325	157.89600
0.14330	249.69600
0.14335	148.71600
0.14340	159.73200
0.14345	251.53200
0.14350	212.97600
0.14355	205.63200
0.14360	80.78400
0.14365	201.96000
0.14370	111.99600
0.14375	123.01200
0.14380	106.48800
0.14385	141.37200
0.14390	123.01200
0.14395	154.22400
0.14400	104.65200
0.14405	113.83200
0.14410	163.40400
0.14415	124.84800
0.14420	216.64800
0.14425	172.58400
0.14430	113.83200
0.14435	86.29200
0.14440	108.32400
0.14445	100.98000
0.14450	143.20800
0.14455	145.04400
0.14460	124.84800
0.14465	137.70000
0.14470	102.81600
0.14475	117.50400
0.14480	110.16000
0.14485	89.96400
0.14490	102.81600
0.14495	126.68400
0.14500	137.70000
0.14505	156.06000
0.14510	93.63600
0.14515	135.86400
0.14520	139.53600
0.14525	172.58400
0.14530	159.73200
0.14535	77.11200
0.14540	86.29200
0.14545	139.53600
0.14550	185.43600
0.14555	124.84800
0.14560	93.63600
0.14565	89.96400
0.14570	132.19200
0.14575	185.43600
0.14580	95.47200
0.14585	143.20800
0.14590	80.78400
0.14595	89.96400
0.14600	77.11200
0.14605	84.45600
0.14610	25.70400
0.14615	84.45600
0.14620	80.78400
0.14625	102.81600
0.14630	111.99600
0.14635	34.88400
0.14640	146.88000
0.14645	108.32400
0.14650	130.35600
0.14655	86.29200
0.14660	102.81600
0.14665	135.86400
0.14670	119.34000
0.14675	55.08000
0.14680	71.60400
0.14685	97.30800
0.14690	77.11200
0.14695	106.48800
0.14700	156.06000
0.14705	130.35600
0.14710	119.34000
0.14715	62.42400
0.14720	110.16000
0.14725	121.17600
0.14730	93.63600
0.14735	53.24400
0.14740	62.42400
0.14745	36.72000
0.14750	69.76800
0.14755	66.09600
0.14760	93.63600
0.14765	123.01200
0.14770	123.01200
0.14775	53.24400
0.14780	115.66800
0.14785	78.94800
0.14790	97.30800
0.14795	97.30800
0.14800	91.80000
0.14805	95.47200
0.14810	66.09600
0.14815	104.65200
0.14820	71.60400
0.14825	51.40800
0.14830	47.73600
0.14835	123.01200
0.14840	110.16000
0.14845	97.30800
0.14850	56.91600
0.14855	110.16000
0.14860	80.78400
0.14865	73.44000
0.14870	84.45600
0.14875	97.30800
0.14880	78.94800
0.14885	49.57200
0.14890	45.90000
0.14895	36.72000
0.14900	55.08000
0.14905	150.55200
0.14910	33.04800
0.14915	110.16000
0.14920	42.22800
0.14925	23.86800
0.14930	91.80000
0.14935	58.75200
0.14940	67.93200
0.14945	62.42400
0.14950	36.72000
0.14955	73.44000
0.14960	27.54000
0.14965	95.47200
0.14970	58.75200
0.14975	71.60400
0.14980	102.81600
0.14985	93.63600
0.14990	80.78400
0.14995	66.09600
0.15000	62.42400
0.15005	49.57200
0.15010	7.34400
0.15015	44.06400
0.15020	60.58800
0.15025	99.14400
0.15030	40.39200
0.15035	134.02800
0.15040	99.14400
0.15045	91.80000
0.15050	69.76800
0.15055	80.78400
0.15060	100.98000
0.15065	44.06400
0.15070	119.34000
0.15075	66.09600
0.15080	66.09600
0.15085	58.75200
0.15090	33.04800
0.15095	82.62000
0.15100	31.21200
0.15105	40.39200
0.15110	34.88400
0.15115	58.75200
0.15120	40.39200
0.15125	18.36000
0.15130	49.57200
0.15135	55.08000
0.15140	75.27600
0.15145	25.70400
0.15150	51.40800
0.15155	78.94800
0.15160	89.96400
0.15165	55.08000
0.15170	75.27600
0.15175	58.75200
0.15180	22.03200
0.15185	56.91600
0.15190	119.34000
0.15195	89.96400
0.15200	36.72000
0.15205	77.11200
0.15210	113.83200
0.15215	18.36000
0.15220	71.60400
0.15225	60.58800
0.15230	88.12800
0.15235	33.04800
0.15240	58.75200
0.15245	56.91600
0.15250	66.09600
0.15255	82.62000
0.15260	67.93200
0.15265	75.27600
0.15270	20.19600
0.15275	49.57200
0.15280	29.37600
0.15285	45.90000
0.15290	60.58800
0.15295	69.76800
0.15300	58.75200
0.15305	84.45600
0.15310	80.78400
0.15315	42.22800
0.15320	31.21200
0.15325	73.44000
0.15330	75.27600
0.15335	86.29200
0.15340	80.78400
0.15345	62.42400
0.15350	25.70400
0.15355	60.58800
0.15360	110.16000
0.15365	62.42400
0.15370	62.42400
0.15375	55.08000
0.15380	58.75200
0.15385	42.22800
0.15390	45.90000
0.15395	38.55600
0.15400	73.44000
0.15405	117.50400
0.15410	75.27600
0.15415	29.37600
0.15420	106.48800
0.15425	45.90000
0.15430	172.58400
0.15435	9.18000
0.15440	82.62000
0.15445	73.44000
0.15450	22.03200
0.15455	33.04800
0.15460	36.72000
0.15465	69.76800
0.15470	62.42400
0.15475	86.29200
0.15480	58.75200
0.15485	108.32400
0.15490	128.52000
0.15495	58.75200
0.15500	45.90000
0.15505	47.73600
0.15510	84.45600
0.15515	47.73600
0.15520	71.60400
0.15525	66.09600
0.15530	62.42400
0.15535	31.21200
0.15540	71.60400
0.15545	69.76800
0.15550	31.21200
0.15555	123.01200
0.15560	82.62000
0.15565	47.73600
0.15570	64.26000
0.15575	84.45600
0.15580	20.19600
0.15585	31.21200
0.15590	69.76800
0.15595	99.14400
0.15600	84.45600
0.15605	66.09600
0.15610	55.08000
0.15615	73.44000
0.15620	66.09600
0.15625	47.73600
0.15630	49.57200
0.15635	53.24400
0.15640	51.40800
0.15645	16.52400
0.15650	60.58800
0.15655	60.58800
0.15660	143.20800
0.15665	60.58800
0.15670	64.26000
0.15675	42.22800
0.15680	60.58800
0.15685	40.39200
0.15690	45.90000
0.15695	53.24400
0.15700	78.94800
0.15705	104.65200
0.15710	71.60400
0.15715	73.44000
0.15720	91.80000
0.15725	91.80000
0.15730	51.40800
0.15735	47.73600
0.15740	23.86800
0.15745	89.96400
0.15750	58.75200
0.15755	64.26000
0.15760	23.86800
0.15765	66.09600
0.15770	67.93200
0.15775	51.40800
0.15780	36.72000
0.15785	44.06400
0.15790	56.91600
0.15795	31.21200
0.15800	36.72000
0.15805	38.55600
0.15810	42.22800
0.15815	45.90000
0.15820	34.88400
0.15825	64.26000
0.15830	45.90000
0.15835	33.04800
0.15840	42.22800
0.15845	53.24400
0.15850	84.45600
0.15855	62.42400
0.15860	11.01600
0.15865	44.06400
0.15870	108.32400
0.15875	53.24400
0.15880	31.21200
0.15885	75.27600
0.15890	11.01600
0.15895	29.37600
0.15900	56.91600
0.15905	18.36000
0.15910	42.22800
0.15915	78.94800
0.15920	60.58800
0.15925	95.47200
0.15930	89.96400
0.15935	75.27600
0.15940	23.86800
0.15945	75.27600
0.15950	78.94800
0.15955	42.22800
0.15960	104.65200
0.15965	64.26000
0.15970	93.63600
0.15975	75.27600
0.15980	25.70400
0.15985	64.26000
0.15990	78.94800
0.15995	49.57200
0.16000	80.78400
0.16005	95.47200
0.16010	12.85200
0.16015	89.96400
0.16020	38.55600
0.16025	78.94800
0.16030	18.36000
0.16035	29.37600
0.16040	49.57200
0.16045	66.09600
0.16050	93.63600
0.16055	64.26000
0.16060	45.90000
0.16065	40.39200
0.16070	55.08000
0.16075	31.21200
0.16080	73.44000
0.16085	16.52400
0.16090	51.40800
0.16095	20.19600
0.16100	33.04800
0.16105	64.26000
0.16110	84.45600
0.16115	56.91600
0.16120	42.22800
0.16125	23.86800
0.16130	42.22800
0.16135	88.12800
0.16140	71.60400
0.16145	49.57200
0.16150	38.55600
0.16155	25.70400
0.16160	73.44000
0.16165	40.39200
0.16170	27.54000
0.16175	14.68800
0.16180	42.22800
0.16185	139.53600
0.16190	40.39200
0.16195	25.70400
0.16200	45.90000
0.16205	69.76800
0.16210	56.91600
0.16215	49.57200
0.16220	27.54000
0.16225	67.93200
0.16230	82.62000
0.16235	44.06400
0.16240	91.80000
0.16245	121.17600
0.16250	78.94800
0.16255	38.55600
0.16260	36.72000
0.16265	66.09600
0.16270	56.91600
0.16275	84.45600
0.16280	86.29200
0.16285	34.88400
0.16290	77.11200
0.16295	33.04800
0.16300	36.72000
0.16305	84.45600
0.16310	5.50800
0.16315	124.84800
0.16320	60.58800
0.16325	67.93200
0.16330	11.01600
0.16335	84.45600
0.16340	36.72000
0.16345	49.57200
0.16350	25.70400
0.16355	45.90000
0.16360	55.08000
0.16365	40.39200
0.16370	55.08000
0.16375	45.90000
0.16380	60.58800
0.16385	47.73600
0.16390	20.19600
0.16395	44.06400
0.16400	40.39200
0.16405	33.04800
0.16410	69.76800
0.16415	20.19600
0.16420	60.58800
0.16425	95.47200
0.16430	23.86800
0.16435	49.57200
0.16440	36.72000
0.16445	40.39200
0.16450	66.09600
0.16455	73.44000
0.16460	38.55600
0.16465	44.06400
0.16470	77.11200
0.16475	25.70400
0.16480	16.52400
0.16485	40.39200
0.16490	18.36000
0.16495	12.85200
0.16500	34.88400
0.16505	51.40800
0.16510	58.75200
0.16515	58.75200
0.16520	73.44000
0.16525	66.09600
0.16530	44.06400
0.16535	47.73600
0.16540	23.86800
0.16545	44.06400
0.16550	47.73600
0.16555	47.73600
0.16560	45.90000
0.16565	27.54000
0.16570	62.42400
0.16575	55.08000
0.16580	55.08000
0.16585	60.58800
0.16590	38.55600
0.16595	27.54000
0.16600	22.03200
0.16605	34.88400
0.16610	67.93200
0.16615	45.90000
0.16620	71.60400
0.16625	44.06400
0.16630	16.52400
0.16635	22.03200
0.16640	64.26000
0.16645	97.30800
0.16650	49.57200
0.16655	60.58800
0.16660	77.11200
0.16665	62.42400
0.16670	34.88400
0.16675	95.47200
0.16680	34.88400
0.16685	49.57200
0.16690	38.55600
0.16695	51.40800
0.16700	27.54000
0.16705	55.08000
0.16710	14.68800
0.16715	7.34400
0.16720	45.90000
0.16725	64.26000
0.16730	55.08000
0.16735	77.11200
0.16740	31.21200
0.16745	34.88400
0.16750	47.73600
0.16755	156.06000
0.16760	45.90000
0.16765	20.19600
0.16770	77.11200
0.16775	29.37600
0.16780	60.58800
0.16785	31.21200
0.16790	18.36000
0.16795	53.24400
0.16800	75.27600
0.16805	40.39200
0.16810	38.55600
0.16815	58.75200
0.16820	45.90000
0.16825	45.90000
0.16830	51.40800
0.16835	44.06400
0.16840	40.39200
0.16845	47.73600
0.16850	66.09600
0.16855	31.21200
0.16860	47.73600
0.16865	36.72000
0.16870	47.73600
0.16875	51.40800
0.16880	20.19600
0.16885	89.96400
0.16890	67.93200
0.16895	36.72000
0.16900	64.26000
0.16905	45.90000
0.16910	9.18000
0.16915	34.88400
0.16920	33.04800
0.16925	33.04800
0.16930	75.27600
0.16935	53.24400
0.16940	67.93200
0.16945	126.68400
0.16950	60.58800
0.16955	71.60400
0.16960	44.06400
0.16965	86.29200
0.16970	111.99600
0.16975	69.76800
0.16980	27.54000
0.16985	14.68800
0.16990	62.42400
