0.020222 -0.0250000004 0.000417096712 0.000908862109 asynchronous_release_0
0.037499 -0.0250000004 -0.0287062229 0.0200238051 asynchronous_release_0
0.033253 -0.0250000004 0.0174996862 -0.0303110703 asynchronous_release_4
0.024281 -0.0250000004 0.0342614195 0.00715228161 asynchronous_release_4
0.025355 -0.0250000004 0.0147344913 0.0317473584 asynchronous_release_0
0.033741 -0.0250000004 0.0348352926 0.00339151688 asynchronous_release_0
0.041622 -0.0250000004 0.0250616097 0.0244318587 asynchronous_release_0
0.040934 -0.0250000004 -0.000227293994 0.000973826186 asynchronous_release_0
0.033466 -0.0250000004 -0.0285378596 0.0202630345 asynchronous_release_0
0.020436 -0.0250000004 0.0345063231 0.00585778651 asynchronous_release_0
0.028891 -0.0250000004 -0.000838203592 0.000545357441 asynchronous_release_0
0.037331 -0.0250000004 0.0349504514 -0.00186170607 asynchronous_release_3
0.014072 -0.0250000004 0.0289704072 0.0196396412 asynchronous_release_0
0.029369 -0.0250000004 -0.0289704072 -0.0196396412 asynchronous_release_2
0.04796 -0.0250000004 -0.0265401672 0.0228170884 asynchronous_release_0
0.030335 -0.0250000004 -0.0284583736 -0.0203745177 asynchronous_release_0
0.036489 -0.0250000004 0.0216595015 0.0274930172 asynchronous_release_0
0.045442 -0.0250000004 -0.0335295618 0.0100383506 asynchronous_release_0
0.049083 -0.0250000004 0.0345266971 0.00573647854 asynchronous_release_1
0.035834 -0.0250000004 -0.0218593098 0.0273344211 asynchronous_release_0
0.042665 -0.0250000004 0.0171023783 -0.0305370047 asynchronous_release_4
0.023521 -0.0250000004 0.029094237 0.0194557285 asynchronous_release_4
0.039663 -0.0250000004 0.0347982916 -0.00375218626 asynchronous_release_4
0.010328 -0.0250000004 -0.0114307019 0.0330807959 asynchronous_release_3
0.038767 -0.0250000004 0.0226556881 0.0266780771 asynchronous_release_0
0.030296 -0.0250000004 0.0188332702 0.0295009819 asynchronous_release_4
0.037056 -0.0250000004 0.0149338031 0.0316540918 asynchronous_release_0
0.015178 -0.0250000004 0.0327514329 -0.0123427567 asynchronous_release_0
0.042043 -0.0250000004 0.0237483987 0.0257101839 asynchronous_release_0
0.043689 -0.0250000004 -0.00656406208 -0.0343789629 asynchronous_release_0
0.028121 -0.0250000004 -0.0262713393 0.0231261049 asynchronous_release_0
0.035342 -0.0250000004 0.0327289138 0.0124023467 asynchronous_release_0
0.039598 -0.0250000004 0.0349994436 0.000197360098 asynchronous_release_0
0.049756 -0.0250000004 -0.0306160266 -0.0169605104 asynchronous_release_0
0.040997 -0.0250000004 0.0281599626 0.0207850068 asynchronous_release_4
0.043007 -0.0250000004 -0.00361087591 0.0348132385 asynchronous_release_0
0.024766 -0.0250000004 -0.00641217737 -0.0344076152 asynchronous_release_0
0.021084 -0.0250000004 0.0346932778 0.00462347007 asynchronous_release_0
0.027352 -0.0250000004 -0.0331831831 0.0111299758 asynchronous_release_0
0.0275 -0.0250000004 -0.0286177194 -0.0201500903 asynchronous_release_0
0.035282 -0.0250000004 0.0344991155 -0.00590008714 asynchronous_release_0
0.007434 -0.0250000004 0.00497454374 0.0346446809 asynchronous_release_0
0.023854 -0.0250000004 0.0167485023 0.0307325181 asynchronous_release_1
0.047405 -0.0250000004 0.0332522683 0.0109218429 asynchronous_release_0
0.013709 -0.0250000004 0.0289583532 -0.0196574103 asynchronous_release_0
0.045546 -0.0250000004 0.00254464005 0.0349073747 asynchronous_release_4
0.041924 -0.0250000004 -0.034606783 0.00523168927 asynchronous_release_0
0.033937 -0.0250000004 -0.0343765258 0.00657681325 asynchronous_release_1
0.024365 -0.0250000004 0.0217011765 -0.0274601337 asynchronous_release_3
0.033514 -0.0250000004 0.0260937682 0.0233262783 asynchronous_release_1
0.042009 -0.0250000004 -0.0332480337 0.010934727 asynchronous_release_4
0.017738 -0.0250000004 0.021082449 0.0279379732 asynchronous_release_0
0.038814 -0.0250000004 0.000998560136 -5.364377e-05 asynchronous_release_0
0.027116 -0.0250000004 -0.00724702001 -0.0342415055 asynchronous_release_0
0.035864 -0.0250000004 0.00724702001 0.0342415055 asynchronous_release_0
0.033471 -0.0250000004 0.0214036584 -0.0276926598 asynchronous_release_0
0.049186 -0.0250000004 -0.00532638883 0.0345923342 asynchronous_release_0
0.025572 -0.0250000004 0.0541327186 -0.0272882535 asynchronous_release_2
0.022074 -0.0250000004 0.0339695483 -0.00843028986 asynchronous_release_1
0.019092 -0.0250000004 0.033852917 0.00888707004 asynchronous_release_0
0.046335 -0.0250000004 -0.0348811954 -0.00288135531 asynchronous_release_0
0.046734 -0.0250000004 0.0296260841 0.0186358563 asynchronous_release_0
0.021302 -0.0250000004 0.0342861397 0.00703282495 asynchronous_release_0
0.042655 -0.0250000004 -0.0112519108 -0.0331420353 asynchronous_release_0
0.011899 -0.0250000004 0.0279667651 -0.0210442403 asynchronous_release_0
0.014454 -0.0250000004 0.00258155044 -0.0349046644 asynchronous_release_0
0.027332 -0.0250000004 0.0298754364 -0.0182334391 asynchronous_release_0
0.004157 -0.0250000004 0.0277911948 0.0212755609 asynchronous_release_4
0.038075 -0.0250000004 0.0301945379 0.0176999967 asynchronous_release_0
0.023276 -0.0250000004 -0.00487492169 0.0346588393 asynchronous_release_4
0.037765 -0.0250000004 -0.0336889973 -0.00948954471 asynchronous_release_1
0.049108 -0.0250000004 -0.000121629782 -0.000992575537 asynchronous_release_0
0.028963 -0.0250000004 -0.017111877 -0.030531683 asynchronous_release_0
0.042323 -0.0250000004 -0.00183561503 -0.0349518314 asynchronous_release_1
0.037537 -0.0250000004 -0.0256990469 -0.0237604501 asynchronous_release_0
0.033464 -0.0250000004 -0.0143135807 0.0319393395 asynchronous_release_3
0.047481 -0.0250000004 0.0142465646 0.0319692883 asynchronous_release_0
0.005811 -0.0250000004 -0.00029152086 0.000956564472 asynchronous_release_0
0.033712 -0.0250000004 0.0345355824 -0.00568274133 asynchronous_release_0
0.047552 -0.0250000004 -0.0116467534 -0.0330053501 asynchronous_release_1
0.034735 -0.0250000004 0.0348276776 -0.00346884277 asynchronous_release_0
0.030605 -0.0250000004 0.00337749272 -0.0348366552 asynchronous_release_0
0.025291 -0.0250000004 -0.00162953402 0.0349620454 asynchronous_release_2
0.044187 -0.0250000004 0.0235929179 -0.0258529346 asynchronous_release_0
0.044058 -0.0250000004 0.000978082751 0.000208216551 asynchronous_release_0
0.030646 -0.0250000004 -0.0334531064 -0.0102902706 asynchronous_release_1
0.044679 -0.0250000004 0.0243356555 0.0251550367 asynchronous_release_0
0.048152 -0.0250000004 0.000386185869 -0.0349978694 asynchronous_release_0
0.038943 -0.0250000004 -0.0244126123 0.0250803581 asynchronous_release_3
0.016302 -0.0250000004 0.0230156362 0.026368172 asynchronous_release_0
0.045545 -0.0250000004 -0.0116248727 -0.0330130631 asynchronous_release_0
0.042378 -0.0250000004 0.0341607577 -0.00761857176 asynchronous_release_0
0.033908 -0.0250000004 0.0302780246 0.0175568 asynchronous_release_1
0.00913 -0.0250000004 0.0292984365 0.0191468436 asynchronous_release_0
0.022904 -0.0250000004 0.000972510221 0.000232860193 asynchronous_release_4
0.022353 -0.0250000004 0.0245314455 -0.0249641379 asynchronous_release_2
0.042493 -0.0250000004 0.0230044273 -0.0263779515 asynchronous_release_0
0.042593 -0.0250000004 0.000999949012 -1.00982291e-05 asynchronous_release_0
0.04521 -0.0250000004 -0.0209371529 -0.0280470253 asynchronous_release_0
0.012023 -0.0250000004 0.0336390089 -0.00966525122 asynchronous_release_4
0.036037 -0.0250000004 -0.016578639 -0.0308244826 asynchronous_release_0
0.004784 -0.0250000004 0.0348597177 0.00313050852 asynchronous_release_0
0.047785 -0.0250000004 0.0349975544 -0.000413742444 asynchronous_release_0
0.045467 -0.0250000004 0.0349540697 -0.00179248724 asynchronous_release_4
0.043906 -0.0250000004 -0.0112112863 0.0331557998 asynchronous_release_0
0.038937 -0.0250000004 0.0210926906 0.0279302417 asynchronous_release_0
0.046865 -0.0250000004 0.0347346442 -0.00430168504 asynchronous_release_0
0.017338 -0.0250000004 -0.000949971122 -0.0349871056 asynchronous_release_0
0.043938 -0.0250000004 -0.0336297521 0.0096974106 asynchronous_release_0
0.023089 -0.0250000004 0.00820429738 -0.0340248366 asynchronous_release_4
0.042178 -0.0250000004 -0.000576082712 -0.000817391405 asynchronous_release_2
0.040678 -0.0250000004 0.00266925973 0.0348980666 asynchronous_release_0
0.036798 -0.0250000004 -0.0181794921 0.0299082943 asynchronous_release_0
0.046885 -0.0250000004 0.034984889 -0.00102837004 asynchronous_release_0
0.028315 -0.0250000004 -0.000720924535 -0.000693013575 asynchronous_release_0
0.026531 -0.0250000004 0.0294109189 0.0189736092 asynchronous_release_0
0.032082 -0.0250000004 -0.0104237757 0.0334117479 asynchronous_release_0
0.021277 -0.0250000004 -0.0206125024 -0.0282864764 asynchronous_release_0
0.033939 -0.0250000004 -0.0154061079 -0.0314269286 asynchronous_release_2
0.042419 -0.0250000004 0.0341442796 -0.00769208479 asynchronous_release_4
0.013858 -0.0250000004 -0.0251799544 -0.0243098724 asynchronous_release_0
