0.000000 0.082571
0.000050 0.070037
0.000100 0.070037
0.000150 0.080359
0.000200 0.113046
0.000250 0.117464
0.000300 0.109114
0.000350 0.096820
0.000400 0.103213
0.000450 0.109849
0.000500 0.068565
0.000550 0.121157
0.000600 0.107146
0.000650 0.101734
0.000700 0.113533
0.000750 0.104443
0.000800 0.093886
0.000850 0.099766
0.000900 0.088468
0.000950 0.098552
0.001000 0.125817
0.001050 0.120419
0.001100 0.161458
0.001150 0.168810
0.001200 0.187511
0.001250 0.222899
0.001300 0.241064
0.001350 0.325146
0.001400 0.414813
0.001450 0.643593
0.001500 0.799416
0.001550 1.271006
0.001600 1.835494
0.001650 2.525028
0.001700 3.352481
0.001750 4.823521
0.001800 5.873586
0.001850 7.387644
0.001900 9.016926
0.001950 11.457168
0.002000 13.065850
0.002050 14.973830
0.002100 16.008688
0.002150 16.496968
0.002200 17.512624
0.002250 17.502054
0.002300 16.871240
0.002350 15.936658
0.002400 14.257491
0.002450 12.712437
0.002500 11.027184
0.002550 9.868168
0.002600 8.680502
0.002650 7.488384
0.002700 6.508617
0.002750 6.082713
0.002800 5.266617
0.002850 4.956205
0.002900 4.448469
0.002950 4.107941
0.003000 3.481489
0.003050 3.425165
0.003100 3.213873
0.003150 2.844553
0.003200 2.761415
0.003250 2.585559
0.003300 2.365250
0.003350 2.224508
0.003400 2.213429
0.003450 2.146599
0.003500 2.022757
0.003550 1.852955
0.003600 1.949995
0.003650 1.797861
0.003700 1.519742
0.003750 1.696818
0.003800 1.416480
0.003850 1.543110
0.003900 1.487733
0.003950 1.490429
0.004000 1.437118
0.004050 1.322612
0.004100 1.463208
0.004150 1.378126
0.004200 1.380881
0.004250 1.175079
0.004300 1.224631
0.004350 1.217849
0.004400 1.249185
0.004450 1.247101
0.004500 1.099503
0.004550 1.257983
0.004600 1.114927
0.004650 1.155263
0.004700 1.158254
0.004750 1.196984
0.004800 1.082749
0.004850 1.115669
0.004900 1.082349
0.004950 1.146109
0.005000 1.103157
0.005050 1.038791
0.005100 1.086170
0.005150 0.916646
0.005200 0.972641
0.005250 1.009861
0.005300 0.987147
0.005350 0.977015
0.005400 0.925300
0.005450 0.931862
0.005500 0.966528
0.005550 0.900678
0.005600 1.004108
0.005650 0.933310
0.005700 0.920776
0.005750 0.877386
0.005800 0.928178
0.005850 0.797896
0.005900 0.861124
0.005950 0.989086
0.006000 0.837552
0.006050 0.901372
0.006100 0.897914
0.006150 0.859878
0.006200 0.886999
0.006250 0.834449
0.006300 0.848369
0.006350 0.900147
0.006400 0.880249
0.006450 0.875831
0.006500 0.782037
0.006550 0.863023
0.006600 0.688820
0.006650 0.844224
0.006700 0.772036
0.006750 0.784716
0.006800 0.639695
0.006850 0.758899
0.006900 0.699144
0.006950 0.778166
0.007000 0.810022
0.007050 0.651308
0.007100 0.724619
0.007150 0.834635
0.007200 0.703481
0.007250 0.710449
0.007300 0.711795
0.007350 0.735023
0.007400 0.743608
0.007450 0.696330
0.007500 0.701609
0.007550 0.785169
0.007600 0.717106
0.007650 0.756432
0.007700 0.711899
0.007750 0.630919
0.007800 0.736921
0.007850 0.725491
0.007900 0.699646
0.007950 0.701578
0.008000 0.701393
0.008050 0.638439
0.008100 0.690782
0.008150 0.699566
0.008200 0.756755
0.008250 0.715603
0.008300 0.680920
0.008350 0.700414
0.008400 0.678206
0.008450 0.786352
0.008500 0.780141
0.008550 0.694341
0.008600 0.685910
0.008650 0.633820
0.008700 0.788888
0.008750 0.633494
0.008800 0.640361
0.008850 0.675615
0.008900 0.638928
0.008950 0.612912
0.009000 0.623513
0.009050 0.690471
0.009100 0.632746
0.009150 0.661206
0.009200 0.618269
0.009250 0.624577
0.009300 0.649782
0.009350 0.647092
0.009400 0.619490
0.009450 0.739914
0.009500 0.672841
0.009550 0.574619
0.009600 0.662513
0.009650 0.577433
0.009700 0.687254
0.009750 0.629084
0.009800 0.595864
0.009850 0.549306
0.009900 0.563970
0.009950 0.662696
0.010000 0.613795
0.010050 0.688207
0.010100 0.607026
0.010150 0.646028
0.010200 0.557899
0.010250 0.619067
0.010300 0.661263
0.010350 0.569491
0.010400 0.618293
0.010450 0.553551
0.010500 0.604552
0.010550 0.693580
0.010600 0.615790
0.010650 0.607488
0.010700 0.579475
0.010750 0.572855
0.010800 0.553525
0.010850 0.552641
0.010900 0.547329
0.010950 0.586785
0.011000 0.538558
0.011050 0.464984
0.011100 0.551374
0.011150 0.591844
0.011200 0.563950
0.011250 0.507596
0.011300 0.549629
0.011350 0.522617
0.011400 0.507776
0.011450 0.636652
0.011500 0.598047
0.011550 0.503405
0.011600 0.531875
0.011650 0.632939
0.011700 0.560609
0.011750 0.579297
0.011800 0.555232
0.011850 0.607400
0.011900 0.510035
0.011950 0.612941
0.012000 0.481095
0.012050 0.609823
0.012100 0.530336
0.012150 0.540762
0.012200 0.487014
0.012250 0.502848
0.012300 0.536793
0.012350 0.572769
0.012400 0.591876
0.012450 0.549834
0.012500 0.520708
0.012550 0.542258
0.012600 0.484491
0.012650 0.503373
0.012700 0.555495
0.012750 0.484445
0.012800 0.579468
0.012850 0.635986
0.012900 0.500832
0.012950 0.506434
0.013000 0.479849
0.013050 0.543197
0.013100 0.463521
0.013150 0.420529
0.013200 0.478654
0.013250 0.508556
0.013300 0.530625
0.013350 0.483365
0.013400 0.507499
0.013450 0.469635
0.013500 0.531991
0.013550 0.508915
0.013600 0.445276
0.013650 0.495292
0.013700 0.513781
0.013750 0.485371
0.013800 0.464778
0.013850 0.593620
0.013900 0.472289
0.013950 0.435137
0.014000 0.536212
0.014050 0.515226
0.014100 0.518723
0.014150 0.513823
0.014200 0.465066
0.014250 0.463928
0.014300 0.512229
0.014350 0.425473
0.014400 0.562448
0.014450 0.459652
0.014500 0.468195
0.014550 0.536185
0.014600 0.433843
0.014650 0.491935
0.014700 0.503797
0.014750 0.485369
0.014800 0.553257
0.014850 0.413307
0.014900 0.473844
0.014950 0.478968
0.015000 0.521241
0.015050 0.426901
0.015100 0.458045
0.015150 0.447925
0.015200 0.528363
0.015250 0.430043
0.015300 0.503667
0.015350 0.468743
0.015400 0.508942
0.015450 0.473340
0.015500 0.552218
0.015550 0.487780
0.015600 0.484445
0.015650 0.456023
0.015700 0.494174
0.015750 0.429422
0.015800 0.429103
0.015850 0.493401
0.015900 0.474793
0.015950 0.504391
0.016000 0.466276
0.016050 0.471334
0.016100 0.471978
0.016150 0.510272
0.016200 0.527205
0.016250 0.396347
0.016300 0.462175
0.016350 0.443061
0.016400 0.524833
0.016450 0.397529
0.016500 0.415423
0.016550 0.367471
0.016600 0.412384
0.016650 0.428036
0.016700 0.442211
0.016750 0.508649
0.016800 0.357359
0.016850 0.404193
0.016900 0.387769
0.016950 0.468495
0.017000 0.413930
0.017050 0.392794
0.017100 0.429493
0.017150 0.418751
0.017200 0.342417
0.017250 0.432243
0.017300 0.518045
0.017350 0.417763
0.017400 0.379831
0.017450 0.471823
0.017500 0.437944
0.017550 0.397134
0.017600 0.428742
0.017650 0.396240
0.017700 0.402205
0.017750 0.428917
0.017800 0.391999
0.017850 0.450403
0.017900 0.419235
0.017950 0.474611
0.018000 0.404144
0.018050 0.391416
0.018100 0.452680
0.018150 0.384912
0.018200 0.373203
0.018250 0.432813
0.018300 0.375517
0.018350 0.457635
0.018400 0.444158
0.018450 0.360682
0.018500 0.381934
0.018550 0.436882
0.018600 0.435993
0.018650 0.439625
0.018700 0.386326
0.018750 0.426640
0.018800 0.434518
0.018850 0.451948
0.018900 0.401714
0.018950 0.373160
0.019000 0.455291
0.019050 0.400971
0.019100 0.436266
0.019150 0.429636
0.019200 0.429536
0.019250 0.444140
0.019300 0.419420
0.019350 0.486500
0.019400 0.434712
0.019450 0.411028
0.019500 0.392671
0.019550 0.434577
0.019600 0.409637
0.019650 0.409757
0.019700 0.415443
0.019750 0.378043
0.019800 0.390813
0.019850 0.403317
0.019900 0.409167
0.019950 0.416695
0.020000 0.411882
0.020050 0.398222
0.020100 0.371194
0.020150 0.375914
0.020200 0.428898
0.020250 0.437648
0.020300 0.399282
0.020350 0.347608
0.020400 0.488225
0.020450 0.397437
0.020500 0.419860
0.020550 0.448658
0.020600 0.397987
0.020650 0.342423
0.020700 0.409327
0.020750 0.396875
0.020800 0.425646
0.020850 0.421632
0.020900 0.388707
0.020950 0.391275
0.021000 0.471355
0.021050 0.467635
0.021100 0.601390
0.021150 0.665736
0.021200 0.726734
0.021250 0.803092
0.021300 0.880005
0.021350 1.109841
0.021400 1.492737
0.021450 1.745875
0.021500 2.369276
0.021550 3.151656
0.021600 4.198367
0.021650 5.056969
0.021700 7.021092
0.021750 8.666844
0.021800 11.021627
0.021850 13.017853
0.021900 15.575319
0.021950 17.446337
0.022000 19.807714
0.022050 21.107504
0.022100 22.908166
0.022150 23.478108
0.022200 23.684568
0.022250 23.848046
0.022300 23.427727
0.022350 21.496847
0.022400 19.528140
0.022450 17.626240
0.022500 15.824335
0.022550 14.414065
0.022600 12.618034
0.022650 11.727730
0.022700 10.908126
0.022750 9.539282
0.022800 8.582985
0.022850 8.198647
0.022900 7.622036
0.022950 6.760880
0.023000 6.476192
0.023050 5.806982
0.023100 5.178676
0.023150 4.980498
0.023200 4.675862
0.023250 4.503388
0.023300 4.205043
0.023350 3.806903
0.023400 3.595160
0.023450 3.507506
0.023500 3.473888
0.023550 3.267266
0.023600 3.027130
0.023650 2.983572
0.023700 2.898389
0.023750 2.622245
0.023800 2.576162
0.023850 2.570884
0.023900 2.487005
0.023950 2.385789
0.024000 2.228616
0.024050 2.280608
0.024100 2.128129
0.024150 2.216215
0.024200 2.175352
0.024250 2.079802
0.024300 1.962720
0.024350 2.048902
0.024400 1.850042
0.024450 1.902804
0.024500 2.003032
0.024550 1.795886
0.024600 1.771862
0.024650 1.779810
0.024700 1.770490
0.024750 1.603394
0.024800 1.654473
0.024850 1.849297
0.024900 1.624649
0.024950 1.493657
0.025000 1.500668
0.025050 1.535346
0.025100 1.720140
0.025150 1.578954
0.025200 1.474812
0.025250 1.516298
0.025300 1.551454
0.025350 1.526888
0.025400 1.393773
0.025450 1.382287
0.025500 1.365640
0.025550 1.469232
0.025600 1.570883
0.025650 1.477309
0.025700 1.444486
0.025750 1.375366
0.025800 1.233996
0.025850 1.313526
0.025900 1.441284
0.025950 1.327478
0.026000 1.204173
0.026050 1.366753
0.026100 1.474849
0.026150 1.547949
0.026200 1.250306
0.026250 1.375982
0.026300 1.351671
0.026350 1.327765
0.026400 1.422235
0.026450 1.285647
0.026500 1.298573
0.026550 1.238705
0.026600 1.284050
0.026650 1.222868
0.026700 1.315439
0.026750 1.175923
0.026800 1.285347
0.026850 1.277579
0.026900 1.186778
0.026950 1.240208
0.027000 1.247968
0.027050 1.143594
0.027100 1.298756
0.027150 1.228490
0.027200 1.153492
0.027250 1.127238
0.027300 1.134772
0.027350 1.171958
0.027400 1.160505
0.027450 1.205657
0.027500 1.128200
0.027550 1.112714
0.027600 1.093291
0.027650 1.284301
0.027700 1.115614
0.027750 1.189558
0.027800 1.175356
0.027850 1.130404
0.027900 1.046656
0.027950 1.126556
0.028000 1.151364
0.028050 1.258374
0.028100 1.092917
0.028150 1.101433
0.028200 1.071592
0.028250 1.172356
0.028300 1.130221
0.028350 1.127071
0.028400 1.100592
0.028450 1.138970
0.028500 1.076500
0.028550 1.118394
0.028600 1.083743
0.028650 1.143063
0.028700 1.069885
0.028750 1.124213
0.028800 0.994778
0.028850 1.113226
0.028900 0.975810
0.028950 1.045918
0.029000 1.181479
0.029050 1.015117
0.029100 1.028059
0.029150 1.090141
0.029200 1.120969
0.029250 0.955075
0.029300 0.952707
0.029350 1.074413
0.029400 1.154350
0.029450 1.028210
0.029500 0.994821
0.029550 0.961871
0.029600 1.023651
0.029650 1.009729
0.029700 1.045138
0.029750 1.044386
0.029800 1.040661
0.029850 1.050089
0.029900 1.026036
0.029950 1.020478
0.030000 0.916945
0.030050 0.965217
0.030100 0.963698
0.030150 1.045540
0.030200 0.907585
0.030250 1.044691
0.030300 0.940907
0.030350 0.928433
0.030400 1.006046
0.030450 1.108458
0.030500 1.021368
0.030550 0.998736
0.030600 0.924516
0.030650 0.980116
0.030700 0.980039
0.030750 0.941169
0.030800 0.937911
0.030850 0.942687
0.030900 0.953692
0.030950 1.001966
0.031000 0.913869
0.031050 0.933589
0.031100 0.896104
0.031150 0.901510
0.031200 0.966333
0.031250 0.905657
0.031300 0.914302
0.031350 0.953148
0.031400 0.946278
0.031450 0.946950
0.031500 0.863086
0.031550 0.822446
0.031600 0.981657
0.031650 0.940027
0.031700 0.843604
0.031750 0.938812
0.031800 1.066335
0.031850 0.906097
0.031900 0.970046
0.031950 0.857030
0.032000 0.922337
0.032050 0.862133
0.032100 0.854388
0.032150 0.816998
0.032200 0.823309
0.032250 0.825143
0.032300 0.836059
0.032350 0.880737
0.032400 0.930829
0.032450 1.000667
0.032500 0.865125
0.032550 0.839159
0.032600 0.873164
0.032650 0.914534
0.032700 0.879473
0.032750 0.891497
0.032800 0.901619
0.032850 0.784807
0.032900 0.828272
0.032950 0.866670
0.033000 0.779667
0.033050 0.796217
0.033100 0.762469
0.033150 0.803615
0.033200 0.836982
0.033250 0.827890
0.033300 0.772748
0.033350 0.824252
0.033400 0.851249
0.033450 0.892451
0.033500 0.827162
0.033550 0.850970
0.033600 0.810290
0.033650 0.806512
0.033700 0.880356
0.033750 0.808526
0.033800 0.758731
0.033850 0.836193
0.033900 0.824384
0.033950 0.777856
0.034000 0.895257
0.034050 0.812681
0.034100 0.798737
0.034150 0.799109
0.034200 0.798126
0.034250 0.771084
0.034300 0.736380
0.034350 0.775154
0.034400 0.799642
0.034450 0.814590
0.034500 0.784701
0.034550 0.758847
0.034600 0.820212
0.034650 0.764570
0.034700 0.776115
0.034750 0.889339
0.034800 0.794661
0.034850 0.786139
0.034900 0.748934
0.034950 0.801882
0.035000 0.735900
0.035050 0.811452
0.035100 0.775563
0.035150 0.901453
0.035200 0.745892
0.035250 0.774652
0.035300 0.777388
0.035350 0.741208
0.035400 0.841015
0.035450 0.743167
0.035500 0.834754
0.035550 0.769388
0.035600 0.806430
0.035650 0.810082
0.035700 0.760136
0.035750 0.690660
0.035800 0.794419
0.035850 0.814619
0.035900 0.865832
0.035950 0.712790
0.036000 0.796330
0.036050 0.651356
0.036100 0.747273
0.036150 0.892109
0.036200 0.765682
0.036250 0.812256
0.036300 0.776883
0.036350 0.694783
0.036400 0.762530
0.036450 0.713038
0.036500 0.780314
0.036550 0.743202
0.036600 0.771186
0.036650 0.781680
0.036700 0.762828
0.036750 0.740966
0.036800 0.825154
0.036850 0.804162
0.036900 0.743928
0.036950 0.716020
0.037000 0.729506
0.037050 0.742316
0.037100 0.628879
0.037150 0.663795
0.037200 0.707804
0.037250 0.698290
0.037300 0.761955
0.037350 0.688255
0.037400 0.698907
0.037450 0.691613
0.037500 0.658016
0.037550 0.733336
0.037600 0.744210
0.037650 0.667674
0.037700 0.726744
0.037750 0.683244
0.037800 0.677432
0.037850 0.701928
0.037900 0.677956
0.037950 0.730660
0.038000 0.679326
0.038050 0.633134
0.038100 0.732504
0.038150 0.703924
0.038200 0.675242
0.038250 0.742974
0.038300 0.711272
0.038350 0.680224
0.038400 0.729041
0.038450 0.791919
0.038500 0.646111
0.038550 0.670357
0.038600 0.716352
0.038650 0.699842
0.038700 0.607328
0.038750 0.750370
0.038800 0.757224
0.038850 0.728326
0.038900 0.668166
0.038950 0.669404
0.039000 0.609739
0.039050 0.655425
0.039100 0.602639
0.039150 0.796621
0.039200 0.781761
0.039250 0.655241
0.039300 0.597503
0.039350 0.691639
0.039400 0.668583
0.039450 0.594099
0.039500 0.642738
0.039550 0.674940
0.039600 0.635111
0.039650 0.641193
0.039700 0.683878
0.039750 0.708426
0.039800 0.616714
0.039850 0.662720
0.039900 0.755251
0.039950 0.755339
0.040000 0.745824
0.040050 0.676934
0.040100 0.726639
0.040150 0.661567
0.040200 0.758871
0.040250 0.750961
0.040300 0.684926
0.040350 0.634814
0.040400 0.668661
0.040450 0.677533
0.040500 0.774035
0.040550 0.657347
0.040600 0.613406
0.040650 0.684900
0.040700 0.643382
0.040750 0.680872
0.040800 0.685012
0.040850 0.643368
0.040900 0.631883
0.040950 0.743365
0.041000 0.653298
0.041050 0.700184
0.041100 0.663304
0.041150 0.707050
0.041200 0.605764
0.041250 0.628844
0.041300 0.651190
0.041350 0.695982
0.041400 0.697837
0.041450 0.737887
0.041500 0.576988
0.041550 0.643484
0.041600 0.631927
0.041650 0.692061
0.041700 0.660570
0.041750 0.665758
0.041800 0.658418
0.041850 0.650222
0.041900 0.689828
0.041950 0.627104
0.042000 0.657515
0.042050 0.695621
0.042100 0.665588
0.042150 0.608448
0.042200 0.611108
0.042250 0.710230
0.042300 0.679274
0.042350 0.729624
0.042400 0.594229
0.042450 0.591813
0.042500 0.687262
0.042550 0.611804
0.042600 0.667450
0.042650 0.551646
0.042700 0.595328
0.042750 0.650300
0.042800 0.599205
0.042850 0.556519
0.042900 0.598733
0.042950 0.643683
0.043000 0.508849
0.043050 0.714043
0.043100 0.535925
0.043150 0.665643
0.043200 0.553620
0.043250 0.646458
0.043300 0.661596
0.043350 0.597806
0.043400 0.638952
0.043450 0.610648
0.043500 0.602287
0.043550 0.588673
0.043600 0.573274
0.043650 0.617262
0.043700 0.678909
0.043750 0.659307
0.043800 0.701912
0.043850 0.673552
0.043900 0.559839
0.043950 0.687745
0.044000 0.734162
0.044050 0.658146
0.044100 0.626911
0.044150 0.582317
0.044200 0.534924
0.044250 0.565346
0.044300 0.608297
0.044350 0.532409
0.044400 0.652741
0.044450 0.671137
0.044500 0.667327
0.044550 0.644779
0.044600 0.648059
0.044650 0.501165
0.044700 0.574850
0.044750 0.742870
0.044800 0.665682
0.044850 0.693308
0.044900 0.680578
0.044950 0.616512
0.045000 0.604497
0.045050 0.550055
0.045100 0.639919
0.045150 0.640593
0.045200 0.646706
0.045250 0.601204
0.045300 0.552837
0.045350 0.657769
0.045400 0.601253
0.045450 0.604617
0.045500 0.537852
0.045550 0.636858
0.045600 0.675939
0.045650 0.618271
0.045700 0.718715
0.045750 0.661943
0.045800 0.592153
0.045850 0.626793
0.045900 0.723126
0.045950 0.538260
0.046000 0.630939
0.046050 0.629883
0.046100 0.604832
0.046150 0.622210
0.046200 0.536051
0.046250 0.529255
0.046300 0.709698
0.046350 0.568716
0.046400 0.573137
0.046450 0.619429
0.046500 0.572777
0.046550 0.557669
0.046600 0.611561
0.046650 0.562893
0.046700 0.557085
0.046750 0.610233
0.046800 0.591409
0.046850 0.602547
0.046900 0.578045
0.046950 0.571331
0.047000 0.584363
0.047050 0.584255
0.047100 0.561521
0.047150 0.587809
0.047200 0.579222
0.047250 0.614130
0.047300 0.625480
0.047350 0.626444
0.047400 0.533466
0.047450 0.609300
0.047500 0.574113
0.047550 0.541677
0.047600 0.734053
0.047650 0.583601
0.047700 0.572111
0.047750 0.568239
0.047800 0.588286
0.047850 0.591158
0.047900 0.571029
0.047950 0.538363
0.048000 0.517133
0.048050 0.642067
0.048100 0.652800
0.048150 0.515116
0.048200 0.527549
0.048250 0.586395
0.048300 0.645430
0.048350 0.620438
0.048400 0.548862
0.048450 0.598320
0.048500 0.656676
0.048550 0.564558
0.048600 0.538325
0.048650 0.576301
0.048700 0.586125
0.048750 0.550113
0.048800 0.557961
0.048850 0.554103
0.048900 0.564924
0.048950 0.518944
0.049000 0.550328
0.049050 0.577886
0.049100 0.530826
0.049150 0.526924
0.049200 0.542716
0.049250 0.487570
0.049300 0.498391
0.049350 0.550747
0.049400 0.593378
0.049450 0.556944
0.049500 0.605631
0.049550 0.518567
0.049600 0.568279
0.049650 0.554531
0.049700 0.644227
0.049750 0.552927
0.049800 0.532144
0.049850 0.595136
0.049900 0.550431
