0.03134 -0.0250000004 0.0278564705 0.0211900224 asynchronous_release_0
0.028427 -0.0250000004 -0.00233654664 -0.0349219208 asynchronous_release_0
0.043374 -0.0250000004 -0.034242138 0.00724403111 asynchronous_release_0
0.041327 -0.0250000004 0.0206942754 -0.0282267066 asynchronous_release_0
0.048314 -0.0250000004 0.000799570172 0.000600572677 asynchronous_release_0
0.014581 -0.0250000004 -0.0145059666 0.0318524243 asynchronous_release_1
0.045111 -0.0250000004 -7.24444163e-06 -0.000999973759 asynchronous_release_0
0.031192 -0.0250000004 -0.0235745902 0.0258696482 asynchronous_release_0
0.027473 -0.0250000004 0.0318416819 0.0145295317 asynchronous_release_0
0.035029 -0.0250000004 -0.0349021779 0.00261495216 asynchronous_release_0
0.031481 -0.0250000004 -0.0349989943 -0.000265326379 asynchronous_release_0
0.022708 -0.0250000004 0.00563806865 0.0345429035 asynchronous_release_4
0.025781 -0.0250000004 0.0329807899 0.0117161214 asynchronous_release_3
0.027129 -0.0250000004 -0.0311458795 0.0159666587 asynchronous_release_0
0.033152 -0.0250000004 0.0339306029 -0.00858569676 asynchronous_release_0
0.042614 -0.0250000004 0.00356247135 0.0348182251 asynchronous_release_0
0.009022 -0.0250000004 -0.010075163 -0.0335185186 asynchronous_release_0
0.048157 -0.0250000004 0.0280855581 0.0208854357 asynchronous_release_0
0.0443 -0.0250000004 -0.0293618694 -0.0190494259 asynchronous_release_0
0.032678 -0.0250000004 0.0313901952 -0.0154808153 asynchronous_release_0
0.029887 -0.0250000004 0.0170547322 -0.0305636403 asynchronous_release_0
0.037304 -0.0250000004 -0.0347062709 0.00452490453 asynchronous_release_0
0.0382 -0.0250000004 -0.0188121577 0.0295144494 asynchronous_release_0
0.029025 -0.0250000004 -0.00229756576 -0.034924507 asynchronous_release_0
0.031901 -0.0250000004 0.0304838129 0.0171970099 asynchronous_release_0
0.032336 -0.0250000004 0.0224912803 0.0268168289 asynchronous_release_0
0.035216 -0.0250000004 0.000762130369 0.000647423587 asynchronous_release_0
0.033336 -0.0250000004 -0.0230780733 -0.0263135427 asynchronous_release_0
0.02256 -0.0250000004 0.0268535257 -0.0224474533 asynchronous_release_0
0.04383 -0.0250000004 0.00254089938 -0.0349076472 asynchronous_release_0
0.048572 -0.0250000004 -0.0311522368 0.0159542515 asynchronous_release_0
0.045795 -0.0250000004 0.0349848887 -0.00102838019 asynchronous_release_0
0.019322 -0.0250000004 -0.00276481505 0.0348906262 asynchronous_release_1
0.043459 -0.0250000004 -0.000972482627 0.000232975407 asynchronous_release_0
0.026987 -0.0250000004 -0.00017884481 0.000983877296 asynchronous_release_1
0.022563 -0.0250000004 0.0335123728 -0.0100955865 asynchronous_release_1
0.004688 -0.0250000004 0.0247303375 -0.0247671236 asynchronous_release_3
0.046341 -0.0250000004 -0.0133794211 -0.0323417855 asynchronous_release_0
0.039544 -0.0250000004 0.0335181836 -0.0100762774 asynchronous_release_0
0.028542 -0.0250000004 0.0148258234 0.0317048097 asynchronous_release_0
0.031187 -0.0250000004 0.018870766 0.0294770112 asynchronous_release_0
0.04825 -0.0250000004 0.0213151538 -0.0277608397 asynchronous_release_0
0.033557 -0.0250000004 0.0336252634 0.00971296347 asynchronous_release_4
0.02761 -0.0250000004 0.00881781038 0.0338710233 asynchronous_release_3
0.023861 -0.0250000004 -0.0160719147 0.031091696 asynchronous_release_0
0.037564 -0.0250000004 0.000887311995 -0.000461169625 asynchronous_release_0
0.032253 -0.0250000004 0.000222912027 -0.0349992901 asynchronous_release_3
0.045288 -0.0250000004 0.0105844077 0.0333612097 asynchronous_release_0
0.037953 -0.0250000004 0.00487576564 -0.0346587205 asynchronous_release_0
0.044131 -0.0250000004 0.00893704736 -0.0338397575 asynchronous_release_1
0.026168 -0.0250000004 0.0200229818 -0.0287067971 asynchronous_release_0
0.035668 -0.0250000004 -0.0212891649 -0.027780775 asynchronous_release_0
0.025143 -0.0250000004 -0.0125551801 0.03267059 asynchronous_release_0
0.031511 -0.0250000004 0.034812726 -0.00361581347 asynchronous_release_0
0.040329 -0.0250000004 0.0125002325 0.0326916532 asynchronous_release_0
0.029915 -0.0250000004 -0.0339921232 -0.00833879841 asynchronous_release_0
0.025304 -0.0250000004 -0.032611867 0.0127069325 asynchronous_release_0
0.016755 -0.0250000004 0.032922213 0.0118797262 asynchronous_release_0
0.049309 -0.0250000004 -0.000644903134 -0.000764264318 asynchronous_release_0
0.028665 -0.0250000004 0.0271590084 0.0220768717 asynchronous_release_0
0.044746 -0.0250000004 -0.0348042929 0.00369610521 asynchronous_release_0
0.028358 -0.0250000004 -0.02314764 -0.0262523668 asynchronous_release_0
0.016262 -0.0250000004 -0.0332184534 0.0110242619 asynchronous_release_0
0.006233 -0.0250000004 -0.0261565176 -0.0232558936 asynchronous_release_1
0.031998 -0.0250000004 0.0124567589 0.032708243 asynchronous_release_0
0.029451 -0.0250000004 0.0202394221 -0.0285546107 asynchronous_release_0
0.045409 -0.0250000004 -0.0256795018 0.0237815724 asynchronous_release_0
0.012945 -0.0250000004 -0.00481391761 -0.034667365 asynchronous_release_0
0.04741 -0.0250000004 0.0194788904 -0.029078735 asynchronous_release_0
0.027511 -0.0250000004 0.0270858548 -0.022166562 asynchronous_release_2
0.025104 -0.0250000004 0.00234903511 0.0349210829 asynchronous_release_0
0.041811 -0.0250000004 -0.00415561611 0.0347524223 asynchronous_release_1
0.025025 -0.0250000004 -0.000941092365 0.000338149614 asynchronous_release_0
0.027889 -0.0250000004 -0.0331837117 0.0111283997 asynchronous_release_0
0.025951 -0.0250000004 0.00710455257 -0.0342713486 asynchronous_release_0
0.048767 -0.0250000004 0.0349998002 0.000118248282 asynchronous_release_0
0.024074 -0.0250000004 0.0152474865 -0.0315041926 asynchronous_release_2
0.030879 -0.0250000004 0.0322616926 -0.0135714108 asynchronous_release_4
0.043941 -0.0250000004 0.020303876 0.0285088165 asynchronous_release_0
0.024865 -0.0250000004 -0.000824753157 0.000565492909 asynchronous_release_0
0.033446 -0.0250000004 -0.0188682661 0.0294786114 asynchronous_release_0
0.016429 -0.0250000004 0.034902105 -0.00261592521 asynchronous_release_0
0.033347 -0.0250000004 -0.0301423353 -0.0177887499 asynchronous_release_0
0.042133 -0.0250000004 -0.00996424573 -0.0335516588 asynchronous_release_0
0.031934 -0.0250000004 0.0246051734 -0.0248914733 asynchronous_release_1
0.045542 -0.0250000004 -0.0349936977 -0.000664168925 asynchronous_release_0
0.040898 -0.0250000004 0.0232817937 -0.0261334667 asynchronous_release_0
0.032342 -0.0250000004 0.000662450461 -0.000749105725 asynchronous_release_0
0.028697 -0.0250000004 0.00542979631 0.0345762536 asynchronous_release_0
0.023108 -0.0250000004 0.0348548865 -0.00318384741 asynchronous_release_1
0.023578 -0.0250000004 0.0343074475 -0.0069281345 asynchronous_release_4
0.032104 -0.0250000004 -0.0286309131 -0.0201313391 asynchronous_release_0
0.024621 -0.0250000004 -0.000584819458 -0.000811163487 asynchronous_release_0
0.019419 -0.0250000004 0.000706505164 0.000707707887 asynchronous_release_0
0.029291 -0.0250000004 -0.0157398644 0.0585427764 asynchronous_release_0
0.016582 -0.0250000004 0.0267219308 -0.0226039469 asynchronous_release_0
0.048946 -0.0250000004 0.0333953171 0.0104762968 asynchronous_release_0
0.033677 -0.0250000004 0.00341550016 0.0348329493 asynchronous_release_0
0.022892 -0.0250000004 0.0284584689 -0.0203743846 asynchronous_release_3
0.044802 -0.0250000004 -0.0131532502 -0.0324344263 asynchronous_release_0
0.033138 -0.0250000004 -0.0288288949 0.0198467836 asynchronous_release_0
0.038934 -0.0250000004 0.0219534396 -0.0272588791 asynchronous_release_0
0.047138 -0.0250000004 0.00109006393 -0.034983021 asynchronous_release_0
0.031166 -0.0250000004 -0.000873496548 -0.00048683034 asynchronous_release_0
0.046064 -0.0250000004 0.0110135679 0.0332220006 asynchronous_release_0
0.04797 -0.0250000004 -0.034800593 0.00373078144 asynchronous_release_0
0.024221 -0.0250000004 0.014234185 -0.0319748022 asynchronous_release_0
0.021921 -0.0250000004 -0.030074478 0.0179032336 asynchronous_release_1
0.039507 -0.0250000004 -0.0135720086 0.0322614411 asynchronous_release_0
0.019335 -0.0250000004 -0.00605067359 -0.0344730235 asynchronous_release_0
0.029324 -0.0250000004 0.0251328487 -0.0243585697 asynchronous_release_4
0.027034 -0.0250000004 -0.000558956958 -0.000829196671 asynchronous_release_0
0.04 -0.0250000004 0.0285059126 -0.0203079528 asynchronous_release_0
0.036607 -0.0250000004 0.00333165518 -0.0348410688 asynchronous_release_0
0.024765 -0.0250000004 0.0320094068 -0.0141561957 asynchronous_release_2
0.010969 -0.0250000004 -0.00315575058 -0.0348574416 asynchronous_release_4
0.045614 -0.0250000004 -0.0329916925 0.0116853852 asynchronous_release_0
0.018031 -0.0250000004 -0.0183144303 -0.0298258553 asynchronous_release_0
0.027799 -0.0250000004 -0.0346387797 0.00501546988 asynchronous_release_1
0.02178 -0.0250000004 -0.0340445519 -0.00812209877 asynchronous_release_0
0.035722 -0.0250000004 -0.000575940456 -0.000817491646 asynchronous_release_0
0.034262 -0.0250000004 0.0320256752 0.014119353 asynchronous_release_0
0.035035 -0.0250000004 0.0336693939 -0.00955886561 asynchronous_release_0
0.039324 -0.0250000004 -0.0340034034 -0.00829268107 asynchronous_release_0
0.026217 -0.0250000004 -0.0339786704 0.00839344735 asynchronous_release_0
0.029371 -0.0250000004 -7.81497559e-05 0.000996941631 asynchronous_release_0
0.024293 -0.0250000004 -0.000905758268 -0.000423794715 asynchronous_release_0
0.034458 -0.0250000004 0.0334299203 -0.0103653475 asynchronous_release_0
0.049858 -0.0250000004 0.0224126214 -0.0268826041 asynchronous_release_0
0.044607 -0.0250000004 0.0252497786 0.0242373406 asynchronous_release_0
0.032072 -0.0250000004 0.0304982119 -0.017171461 asynchronous_release_3
0.048031 -0.0250000004 -0.0319277498 0.0143394139 asynchronous_release_0
0.02532 -0.0250000004 0.0108892654 -0.0332629509 asynchronous_release_0
0.004549 -0.0250000004 0.00593449687 0.0344932131 asynchronous_release_0
0.033572 -0.0250000004 0.00988887509 -0.0335739505 asynchronous_release_0
0.025858 -0.0250000004 -0.000254682278 -0.000967024786 asynchronous_release_0
0.011005 -0.0250000004 0.00279348963 0.0348883421 asynchronous_release_0
0.031845 -0.0250000004 0.0349055617 0.00256938913 asynchronous_release_0
0.038073 -0.0250000004 0.0193441185 0.0291685632 asynchronous_release_1
0.046102 -0.0250000004 0.0166369079 -0.0307930722 asynchronous_release_0
0.048884 -0.0250000004 0.0138452414 -0.0321451286 asynchronous_release_0
0.026608 -0.0250000004 -0.0329188422 0.0118890633 asynchronous_release_0
0.028427 -0.0250000004 -0.000984004445 -0.000178143911 asynchronous_release_0
0.005715 -0.0250000004 0.0334279505 0.0103716983 asynchronous_release_2
0.044302 -0.0250000004 0.0313022146 -0.0156579489 asynchronous_release_0
0.042708 -0.0250000004 0.0301134152 -0.0178376632 asynchronous_release_0
0.013104 -0.0250000004 0.0348417891 0.00332411413 asynchronous_release_0
0.029896 -0.0250000004 -0.0271102877 -0.0221366732 asynchronous_release_1
0.025849 -0.0250000004 0.0330684915 0.0114662493 asynchronous_release_4
0.033884 -0.0250000004 -0.000786781654 0.000617231423 asynchronous_release_0
0.033605 -0.0250000004 0.0111104629 -0.0331897215 asynchronous_release_0
0.040609 -0.0250000004 0.0231603824 0.0262411258 asynchronous_release_0
0.03289 -0.0250000004 -0.028448681 0.0203880492 asynchronous_release_0
0.026525 -0.0250000004 -0.0345332028 -0.0056971836 asynchronous_release_0
0.046704 -0.0250000004 0.0311590489 -0.0159409432 asynchronous_release_0
0.00419 -0.0250000004 0.0342696629 -0.00711267894 asynchronous_release_4
0.03736 -0.0250000004 0.0327089239 0.0124549708 asynchronous_release_0
0.036533 -0.0250000004 0.00281373607 -0.0348867151 asynchronous_release_0
0.049788 -0.0250000004 -0.0209842384 -0.0280118143 asynchronous_release_0
0.039016 -0.0250000004 -0.000804641252 -0.000593761278 asynchronous_release_0
0.015205 -0.0250000004 0.0168980794 0.0306505287 asynchronous_release_0
0.037246 -0.0250000004 0.0280670506 0.0209103006 asynchronous_release_0
0.039168 -0.0250000004 0.0328283405 -0.0121367236 asynchronous_release_0
0.047103 -0.0250000004 -0.0321455623 -0.0138442342 asynchronous_release_0
0.004255 -0.0250000004 -0.00584805693 0.0345079734 asynchronous_release_1
0.032571 -0.0250000004 0.0340876902 0.00793910431 asynchronous_release_0
0.018935 -0.0250000004 0.0209897679 -0.0280076712 asynchronous_release_0
0.045635 -0.0250000004 0.0314246726 0.015410709 asynchronous_release_3
0.020687 -0.0250000004 -0.000688969244 0.000724790577 asynchronous_release_0
0.048847 -0.0250000004 0.0187332228 -0.0295646133 asynchronous_release_0
0.022251 -0.0250000004 0.0317907874 -0.0146405546 asynchronous_release_1
0.03274 -0.0250000004 0.0284980565 0.0203189757 asynchronous_release_0
0.039142 -0.0250000004 0.0335023288 -0.0101288679 asynchronous_release_0
0.041515 -0.0250000004 -0.000991849049 0.000127418463 asynchronous_release_0
0.049596 -0.0250000004 0.0277578761 -0.021319013 asynchronous_release_0
0.046362 -0.0250000004 -0.032349314 -0.0133612081 asynchronous_release_0
0.029633 -0.0250000004 -0.034728512 0.00435091411 asynchronous_release_0
0.048228 -0.0250000004 0.0306730005 0.0168572548 asynchronous_release_0
0.031884 -0.0250000004 -0.0313663109 0.0155291512 asynchronous_release_0
0.029216 -0.0250000004 -0.0259613985 0.0234735125 asynchronous_release_0
0.031425 -0.0250000004 -0.0333093574 -0.0107464743 asynchronous_release_0
0.037634 -0.0250000004 0.0210053219 -0.0279960078 asynchronous_release_0
0.038975 -0.0250000004 0.028679434 -0.020062155 asynchronous_release_0
0.007973 -0.0250000004 0.0277926403 0.0212736726 asynchronous_release_0
