0.000000 0.084199
0.000050 0.089827
0.000100 0.100477
0.000150 0.066573
0.000200 0.102924
0.000250 0.093378
0.000300 0.089829
0.000350 0.103905
0.000400 0.101577
0.000450 0.107321
0.000500 0.097906
0.000550 0.099372
0.000600 0.121892
0.000650 0.131818
0.000700 0.102432
0.000750 0.109274
0.000800 0.109655
0.000850 0.128501
0.000900 0.093625
0.000950 0.092895
0.001000 0.123230
0.001050 0.107206
0.001100 0.134621
0.001150 0.157011
0.001200 0.166327
0.001250 0.169861
0.001300 0.240856
0.001350 0.288444
0.001400 0.359675
0.001450 0.411469
0.001500 0.612627
0.001550 0.854957
0.001600 1.281847
0.001650 1.639425
0.001700 2.190504
0.001750 2.905452
0.001800 3.850495
0.001850 4.948621
0.001900 6.112741
0.001950 7.267411
0.002000 8.856650
0.002050 9.616998
0.002100 10.291819
0.002150 11.061117
0.002200 11.693816
0.002250 11.305236
0.002300 11.117191
0.002350 10.307813
0.002400 9.276203
0.002450 8.264547
0.002500 7.208752
0.002550 6.216770
0.002600 5.364866
0.002650 4.693586
0.002700 4.239291
0.002750 3.711113
0.002800 3.398263
0.002850 2.934223
0.002900 2.789994
0.002950 2.483852
0.003000 2.252775
0.003050 2.137383
0.003100 1.940625
0.003150 1.915789
0.003200 1.760043
0.003250 1.757093
0.003300 1.687604
0.003350 1.555264
0.003400 1.508196
0.003450 1.458908
0.003500 1.337286
0.003550 1.316110
0.003600 1.270409
0.003650 1.351823
0.003700 1.186157
0.003750 1.273879
0.003800 1.153195
0.003850 1.194667
0.003900 1.054672
0.003950 1.093862
0.004000 1.066563
0.004050 1.082749
0.004100 0.977275
0.004150 1.008865
0.004200 0.914373
0.004250 1.007323
0.004300 1.022303
0.004350 0.894621
0.004400 0.923873
0.004450 0.913675
0.004500 0.900213
0.004550 0.960219
0.004600 0.834504
0.004650 0.929864
0.004700 0.969030
0.004750 0.870550
0.004800 0.882445
0.004850 0.884209
0.004900 0.826468
0.004950 0.835978
0.005000 0.782345
0.005050 0.787155
0.005100 0.814206
0.005150 0.808474
0.005200 0.745535
0.005250 0.777839
0.005300 0.801697
0.005350 0.754521
0.005400 0.745352
0.005450 0.725226
0.005500 0.788188
0.005550 0.698554
0.005600 0.751029
0.005650 0.768647
0.005700 0.719867
0.005750 0.654773
0.005800 0.711704
0.005850 0.697572
0.005900 0.701527
0.005950 0.720449
0.006000 0.716215
0.006050 0.696931
0.006100 0.759628
0.006150 0.713530
0.006200 0.705811
0.006250 0.663379
0.006300 0.704883
0.006350 0.642135
0.006400 0.643917
0.006450 0.642451
0.006500 0.604871
0.006550 0.672489
0.006600 0.617750
0.006650 0.694596
0.006700 0.623614
0.006750 0.630880
0.006800 0.654066
0.006850 0.609578
0.006900 0.640822
0.006950 0.618114
0.007000 0.643658
0.007050 0.576968
0.007100 0.571147
0.007150 0.583719
0.007200 0.655063
0.007250 0.549971
0.007300 0.621357
0.007350 0.593465
0.007400 0.664266
0.007450 0.640816
0.007500 0.621725
0.007550 0.639185
0.007600 0.565946
0.007650 0.636010
0.007700 0.573664
0.007750 0.586984
0.007800 0.536948
0.007850 0.548960
0.007900 0.578021
0.007950 0.542627
0.008000 0.587817
0.008050 0.579037
0.008100 0.570347
0.008150 0.548463
0.008200 0.574606
0.008250 0.545696
0.008300 0.538378
0.008350 0.539232
0.008400 0.608614
0.008450 0.587490
0.008500 0.523457
0.008550 0.629655
0.008600 0.560258
0.008650 0.496120
0.008700 0.535210
0.008750 0.507780
0.008800 0.596201
0.008850 0.486435
0.008900 0.477037
0.008950 0.552107
0.009000 0.517679
0.009050 0.522725
0.009100 0.496019
0.009150 0.513221
0.009200 0.574921
0.009250 0.488817
0.009300 0.521733
0.009350 0.514373
0.009400 0.475315
0.009450 0.533087
0.009500 0.503512
0.009550 0.476514
0.009600 0.523949
0.009650 0.497403
0.009700 0.501217
0.009750 0.539547
0.009800 0.532126
0.009850 0.505928
0.009900 0.504751
0.009950 0.460703
0.010000 0.479253
0.010050 0.482675
0.010100 0.473097
0.010150 0.490651
0.010200 0.461249
0.010250 0.490057
0.010300 0.476160
0.010350 0.463026
0.010400 0.493098
0.010450 0.495804
0.010500 0.509647
0.010550 0.503883
0.010600 0.444482
0.010650 0.481306
0.010700 0.478352
0.010750 0.465324
0.010800 0.416862
0.010850 0.427798
0.010900 0.428057
0.010950 0.490259
0.011000 0.493757
0.011050 0.462335
0.011100 0.459139
0.011150 0.456681
0.011200 0.452048
0.011250 0.393672
0.011300 0.437004
0.011350 0.427440
0.011400 0.389688
0.011450 0.453896
0.011500 0.429421
0.011550 0.460871
0.011600 0.458810
0.011650 0.451670
0.011700 0.441243
0.011750 0.448005
0.011800 0.423900
0.011850 0.460034
0.011900 0.430275
0.011950 0.435751
0.012000 0.452472
0.012050 0.427382
0.012100 0.470836
0.012150 0.461966
0.012200 0.437879
0.012250 0.430061
0.012300 0.416797
0.012350 0.412135
0.012400 0.430657
0.012450 0.417985
0.012500 0.401978
0.012550 0.414084
0.012600 0.442860
0.012650 0.425828
0.012700 0.444880
0.012750 0.439656
0.012800 0.413884
0.012850 0.435614
0.012900 0.450678
0.012950 0.400208
0.013000 0.381328
0.013050 0.417062
0.013100 0.426979
0.013150 0.455295
0.013200 0.459621
0.013250 0.420437
0.013300 0.429469
0.013350 0.363093
0.013400 0.386961
0.013450 0.405495
0.013500 0.422405
0.013550 0.351711
0.013600 0.380491
0.013650 0.378967
0.013700 0.382166
0.013750 0.403128
0.013800 0.442386
0.013850 0.383996
0.013900 0.407617
0.013950 0.391513
0.014000 0.371923
0.014050 0.406045
0.014100 0.359369
0.014150 0.393763
0.014200 0.402645
0.014250 0.427407
0.014300 0.414026
0.014350 0.376654
0.014400 0.404260
0.014450 0.348688
0.014500 0.379603
0.014550 0.415273
0.014600 0.388075
0.014650 0.395635
0.014700 0.443149
0.014750 0.447093
0.014800 0.391427
0.014850 0.389183
0.014900 0.425836
0.014950 0.402306
0.015000 0.370761
0.015050 0.396027
0.015100 0.416442
0.015150 0.412786
0.015200 0.379859
0.015250 0.402345
0.015300 0.428782
0.015350 0.377598
0.015400 0.408461
0.015450 0.322489
0.015500 0.373812
0.015550 0.375758
0.015600 0.366186
0.015650 0.377604
0.015700 0.392010
0.015750 0.379736
0.015800 0.350586
0.015850 0.392116
0.015900 0.387188
0.015950 0.368814
0.016000 0.355444
0.016050 0.361310
0.016100 0.334326
0.016150 0.373228
0.016200 0.414482
0.016250 0.371070
0.016300 0.379615
0.016350 0.369253
0.016400 0.321328
0.016450 0.303364
0.016500 0.353463
0.016550 0.390777
0.016600 0.376518
0.016650 0.394230
0.016700 0.347147
0.016750 0.362173
0.016800 0.373326
0.016850 0.359264
0.016900 0.359350
0.016950 0.388712
0.017000 0.329708
0.017050 0.407702
0.017100 0.363279
0.017150 0.380419
0.017200 0.360137
0.017250 0.386421
0.017300 0.344260
0.017350 0.376586
0.017400 0.380257
0.017450 0.390991
0.017500 0.374821
0.017550 0.352911
0.017600 0.351672
0.017650 0.391518
0.017700 0.412563
0.017750 0.379347
0.017800 0.377652
0.017850 0.362368
0.017900 0.380731
0.017950 0.359677
0.018000 0.299849
0.018050 0.351773
0.018100 0.331196
0.018150 0.361802
0.018200 0.331735
0.018250 0.372087
0.018300 0.330224
0.018350 0.346190
0.018400 0.320249
0.018450 0.289315
0.018500 0.322713
0.018550 0.331859
0.018600 0.347821
0.018650 0.392737
0.018700 0.333415
0.018750 0.364259
0.018800 0.344481
0.018850 0.335155
0.018900 0.354964
0.018950 0.344936
0.019000 0.344760
0.019050 0.295330
0.019100 0.330180
0.019150 0.352658
0.019200 0.348387
0.019250 0.344493
0.019300 0.368070
0.019350 0.321238
0.019400 0.349144
0.019450 0.335950
0.019500 0.329325
0.019550 0.296017
0.019600 0.341864
0.019650 0.296678
0.019700 0.338071
0.019750 0.357231
0.019800 0.363855
0.019850 0.343487
0.019900 0.398797
0.019950 0.309345
0.020000 0.333928
0.020050 0.329372
0.020100 0.369134
0.020150 0.301346
0.020200 0.321365
0.020250 0.349269
0.020300 0.319200
0.020350 0.299130
0.020400 0.348873
0.020450 0.330123
0.020500 0.325641
0.020550 0.284479
0.020600 0.309531
0.020650 0.363767
0.020700 0.316742
0.020750 0.336788
0.020800 0.283607
0.020850 0.337907
0.020900 0.340662
0.020950 0.348916
0.021000 0.317253
0.021050 0.408185
0.021100 0.462982
0.021150 0.438472
0.021200 0.562553
0.021250 0.621069
0.021300 0.791882
0.021350 0.710528
0.021400 0.956363
0.021450 1.143723
0.021500 1.564266
0.021550 2.025312
0.021600 2.756266
0.021650 3.497890
0.021700 4.476871
0.021750 5.827453
0.021800 7.348031
0.021850 8.436951
0.021900 10.236406
0.021950 11.937484
0.022000 13.233127
0.022050 14.582329
0.022100 15.505286
0.022150 15.766302
0.022200 16.132326
0.022250 15.937074
0.022300 15.263106
0.022350 14.010282
0.022400 12.923757
0.022450 11.789991
0.022500 10.600965
0.022550 9.181787
0.022600 8.267977
0.022650 7.426881
0.022700 6.672845
0.022750 5.781877
0.022800 5.389879
0.022850 4.871521
0.022900 4.405651
0.022950 3.999197
0.023000 3.741215
0.023050 3.452837
0.023100 3.208821
0.023150 2.996575
0.023200 2.881952
0.023250 2.843436
0.023300 2.619233
0.023350 2.508211
0.023400 2.349076
0.023450 2.187484
0.023500 2.198635
0.023550 2.200397
0.023600 2.092414
0.023650 1.886082
0.023700 1.896927
0.023750 1.888313
0.023800 1.872001
0.023850 1.752805
0.023900 1.616564
0.023950 1.596102
0.024000 1.677480
0.024050 1.636452
0.024100 1.487937
0.024150 1.556779
0.024200 1.435927
0.024250 1.483453
0.024300 1.417802
0.024350 1.375658
0.024400 1.380200
0.024450 1.325482
0.024500 1.376487
0.024550 1.326947
0.024600 1.278093
0.024650 1.384061
0.024700 1.233772
0.024750 1.271550
0.024800 1.248431
0.024850 1.310833
0.024900 1.205453
0.024950 1.152943
0.025000 1.196817
0.025050 1.197789
0.025100 1.257624
0.025150 1.253814
0.025200 1.166661
0.025250 1.153377
0.025300 1.189707
0.025350 1.186635
0.025400 1.091931
0.025450 1.052265
0.025500 1.079826
0.025550 1.132134
0.025600 1.141665
0.025650 1.075701
0.025700 1.013479
0.025750 1.063907
0.025800 1.049496
0.025850 0.997714
0.025900 1.026605
0.025950 0.995873
0.026000 1.024888
0.026050 0.996138
0.026100 0.986060
0.026150 1.076542
0.026200 1.007952
0.026250 1.002624
0.026300 0.945629
0.026350 1.006063
0.026400 0.991733
0.026450 0.990581
0.026500 0.970847
0.026550 0.927071
0.026600 0.932094
0.026650 0.977740
0.026700 0.948218
0.026750 0.914252
0.026800 0.902660
0.026850 0.998614
0.026900 0.968449
0.026950 0.923005
0.027000 0.932500
0.027050 0.863468
0.027100 0.839133
0.027150 0.895187
0.027200 0.872537
0.027250 0.892361
0.027300 0.907929
0.027350 0.906057
0.027400 0.906930
0.027450 0.962818
0.027500 0.897250
0.027550 0.853966
0.027600 0.867416
0.027650 0.918622
0.027700 0.886311
0.027750 0.866623
0.027800 0.862992
0.027850 0.816386
0.027900 0.873514
0.027950 0.900160
0.028000 0.875347
0.028050 0.870643
0.028100 0.842278
0.028150 0.837460
0.028200 0.847882
0.028250 0.758188
0.028300 0.777460
0.028350 0.780942
0.028400 0.739503
0.028450 0.828957
0.028500 0.812117
0.028550 0.779755
0.028600 0.817140
0.028650 0.801350
0.028700 0.773988
0.028750 0.776446
0.028800 0.814125
0.028850 0.770513
0.028900 0.729580
0.028950 0.784146
0.029000 0.835520
0.029050 0.765532
0.029100 0.791388
0.029150 0.701172
0.029200 0.764358
0.029250 0.794478
0.029300 0.737300
0.029350 0.843892
0.029400 0.746067
0.029450 0.709113
0.029500 0.733446
0.029550 0.757914
0.029600 0.730926
0.029650 0.737076
0.029700 0.739698
0.029750 0.743536
0.029800 0.711584
0.029850 0.701608
0.029900 0.758082
0.029950 0.712850
0.030000 0.725699
0.030050 0.718757
0.030100 0.699731
0.030150 0.684245
0.030200 0.688053
0.030250 0.644017
0.030300 0.773376
0.030350 0.706394
0.030400 0.751756
0.030450 0.746722
0.030500 0.730064
0.030550 0.733530
0.030600 0.662237
0.030650 0.685775
0.030700 0.770939
0.030750 0.714233
0.030800 0.720811
0.030850 0.749679
0.030900 0.656135
0.030950 0.714047
0.031000 0.727538
0.031050 0.704406
0.031100 0.676811
0.031150 0.707749
0.031200 0.679471
0.031250 0.711789
0.031300 0.639563
0.031350 0.726513
0.031400 0.607577
0.031450 0.653773
0.031500 0.652875
0.031550 0.605215
0.031600 0.663050
0.031650 0.641920
0.031700 0.635940
0.031750 0.685274
0.031800 0.659048
0.031850 0.652486
0.031900 0.647181
0.031950 0.737221
0.032000 0.618727
0.032050 0.701917
0.032100 0.728279
0.032150 0.643361
0.032200 0.664481
0.032250 0.598499
0.032300 0.687500
0.032350 0.667412
0.032400 0.688776
0.032450 0.655648
0.032500 0.649067
0.032550 0.738309
0.032600 0.631418
0.032650 0.656806
0.032700 0.663980
0.032750 0.612812
0.032800 0.604781
0.032850 0.602645
0.032900 0.655206
0.032950 0.641356
0.033000 0.639350
0.033050 0.626090
0.033100 0.638636
0.033150 0.633984
0.033200 0.618680
0.033250 0.655264
0.033300 0.631992
0.033350 0.623320
0.033400 0.590534
0.033450 0.613220
0.033500 0.621926
0.033550 0.636056
0.033600 0.624684
0.033650 0.602486
0.033700 0.593023
0.033750 0.601103
0.033800 0.574024
0.033850 0.597006
0.033900 0.629605
0.033950 0.633117
0.034000 0.673427
0.034050 0.662091
0.034100 0.625442
0.034150 0.618052
0.034200 0.602418
0.034250 0.584666
0.034300 0.551044
0.034350 0.695476
0.034400 0.635914
0.034450 0.629920
0.034500 0.585903
0.034550 0.591527
0.034600 0.606193
0.034650 0.580679
0.034700 0.557843
0.034750 0.630269
0.034800 0.602648
0.034850 0.567936
0.034900 0.621856
0.034950 0.620716
0.035000 0.603456
0.035050 0.602978
0.035100 0.540642
0.035150 0.563936
0.035200 0.548563
0.035250 0.521131
0.035300 0.603883
0.035350 0.642391
0.035400 0.599535
0.035450 0.585615
0.035500 0.557424
0.035550 0.541938
0.035600 0.537803
0.035650 0.567217
0.035700 0.616068
0.035750 0.579928
0.035800 0.628250
0.035850 0.554722
0.035900 0.628289
0.035950 0.584091
0.036000 0.545484
0.036050 0.608526
0.036100 0.577125
0.036150 0.585421
0.036200 0.567659
0.036250 0.639129
0.036300 0.580042
0.036350 0.563670
0.036400 0.577856
0.036450 0.594298
0.036500 0.542832
0.036550 0.565094
0.036600 0.582324
0.036650 0.587154
0.036700 0.542031
0.036750 0.565179
0.036800 0.519888
0.036850 0.533460
0.036900 0.555963
0.036950 0.607425
0.037000 0.540543
0.037050 0.540177
0.037100 0.559135
0.037150 0.601241
0.037200 0.555614
0.037250 0.594108
0.037300 0.551341
0.037350 0.471009
0.037400 0.557389
0.037450 0.481373
0.037500 0.537987
0.037550 0.577539
0.037600 0.517860
0.037650 0.603472
0.037700 0.552022
0.037750 0.531370
0.037800 0.543951
0.037850 0.564169
0.037900 0.483527
0.037950 0.517333
0.038000 0.542148
0.038050 0.557924
0.038100 0.560798
0.038150 0.533130
0.038200 0.525250
0.038250 0.542624
0.038300 0.527092
0.038350 0.568338
0.038400 0.543618
0.038450 0.564238
0.038500 0.558731
0.038550 0.536997
0.038600 0.529872
0.038650 0.499506
0.038700 0.517854
0.038750 0.530072
0.038800 0.553222
0.038850 0.588138
0.038900 0.539842
0.038950 0.549086
0.039000 0.574773
0.039050 0.538787
0.039100 0.507367
0.039150 0.528361
0.039200 0.548657
0.039250 0.562749
0.039300 0.502923
0.039350 0.472819
0.039400 0.557801
0.039450 0.465363
0.039500 0.510214
0.039550 0.594842
0.039600 0.483133
0.039650 0.479785
0.039700 0.489946
0.039750 0.508908
0.039800 0.487301
0.039850 0.528661
0.039900 0.514253
0.039950 0.535797
0.040000 0.468517
0.040050 0.534925
0.040100 0.452230
0.040150 0.501088
0.040200 0.488150
0.040250 0.531590
0.040300 0.541304
0.040350 0.488844
0.040400 0.492016
0.040450 0.503306
0.040500 0.538974
0.040550 0.483024
0.040600 0.511425
0.040650 0.495981
0.040700 0.516346
0.040750 0.468248
0.040800 0.523738
0.040850 0.475552
0.040900 0.529570
0.040950 0.500972
0.041000 0.459139
0.041050 0.487029
0.041100 0.509266
0.041150 0.454134
0.041200 0.494507
0.041250 0.515209
0.041300 0.495469
0.041350 0.465727
0.041400 0.482307
0.041450 0.528003
0.041500 0.483291
0.041550 0.502487
0.041600 0.521758
0.041650 0.456870
0.041700 0.513664
0.041750 0.525524
0.041800 0.476331
0.041850 0.444565
0.041900 0.521761
0.041950 0.458959
0.042000 0.548159
0.042050 0.509699
0.042100 0.435701
0.042150 0.483825
0.042200 0.521141
0.042250 0.466381
0.042300 0.511378
0.042350 0.481068
0.042400 0.484616
0.042450 0.511132
0.042500 0.490942
0.042550 0.425530
0.042600 0.420456
0.042650 0.521266
0.042700 0.484781
0.042750 0.517509
0.042800 0.468942
0.042850 0.490566
0.042900 0.421217
0.042950 0.501271
0.043000 0.456765
0.043050 0.481931
0.043100 0.466629
0.043150 0.463375
0.043200 0.502500
0.043250 0.511456
0.043300 0.557729
0.043350 0.456607
0.043400 0.429005
0.043450 0.490053
0.043500 0.473798
0.043550 0.481908
0.043600 0.482194
0.043650 0.418684
0.043700 0.410086
0.043750 0.460156
0.043800 0.467430
0.043850 0.422932
0.043900 0.428390
0.043950 0.443552
0.044000 0.473748
0.044050 0.424672
0.044100 0.520246
0.044150 0.486202
0.044200 0.461782
0.044250 0.460320
0.044300 0.481920
0.044350 0.435222
0.044400 0.349255
0.044450 0.420533
0.044500 0.440379
0.044550 0.439781
0.044600 0.487408
0.044650 0.446694
0.044700 0.462233
0.044750 0.485893
0.044800 0.434289
0.044850 0.447173
0.044900 0.425044
0.044950 0.446046
0.045000 0.435588
0.045050 0.442238
0.045100 0.494968
0.045150 0.443918
0.045200 0.433428
0.045250 0.420190
0.045300 0.439565
0.045350 0.477169
0.045400 0.453090
0.045450 0.471706
0.045500 0.491299
0.045550 0.422497
0.045600 0.426513
0.045650 0.456139
0.045700 0.459332
0.045750 0.467120
0.045800 0.438258
0.045850 0.462550
0.045900 0.421677
0.045950 0.422995
0.046000 0.428006
0.046050 0.425662
0.046100 0.484233
0.046150 0.493103
0.046200 0.445581
0.046250 0.467359
0.046300 0.479942
0.046350 0.441530
0.046400 0.446661
0.046450 0.513193
0.046500 0.451466
0.046550 0.476220
0.046600 0.443212
0.046650 0.475482
0.046700 0.429320
0.046750 0.433558
0.046800 0.452806
0.046850 0.443042
0.046900 0.476445
0.046950 0.479879
0.047000 0.493679
0.047050 0.419921
0.047100 0.423258
0.047150 0.473810
0.047200 0.467827
0.047250 0.450477
0.047300 0.451069
0.047350 0.482003
0.047400 0.436170
0.047450 0.411096
0.047500 0.405918
0.047550 0.442616
0.047600 0.436549
0.047650 0.407571
0.047700 0.388056
0.047750 0.446876
0.047800 0.403486
0.047850 0.447142
0.047900 0.451620
0.047950 0.462836
0.048000 0.467364
0.048050 0.428620
0.048100 0.407093
0.048150 0.483831
0.048200 0.429572
0.048250 0.455326
0.048300 0.436682
0.048350 0.393784
0.048400 0.442812
0.048450 0.458046
0.048500 0.428665
0.048550 0.440021
0.048600 0.442659
0.048650 0.429725
0.048700 0.437230
0.048750 0.413530
0.048800 0.436657
0.048850 0.436387
0.048900 0.471364
0.048950 0.439812
0.049000 0.481742
0.049050 0.427568
0.049100 0.445974
0.049150 0.462472
0.049200 0.425834
0.049250 0.449234
0.049300 0.455930
0.049350 0.416214
0.049400 0.381326
0.049450 0.436426
0.049500 0.430255
0.049550 0.419109
0.049600 0.431765
0.049650 0.428559
0.049700 0.402462
0.049750 0.413142
0.049800 0.441804
0.049850 0.400696
0.049900 0.440387
