0.097384 -0.0250000004 -0.0233643365 0.0260596964 asynchronous_release_4
0.107484 -0.0250000004 0.0346181202 0.00515613747 asynchronous_release_0
0.016549 -0.0250000004 0.0348368464 0.00337551927 asynchronous_release_0
0.103521 -0.0250000004 -0.0330647655 0.0114769894 asynchronous_release_0
0.043532 -0.0250000004 0.021693154 0.0274664717 asynchronous_release_1
0.063577 -0.0250000004 -0.0257068888 -0.0237519656 asynchronous_release_0
0.097152 -0.0250000004 -0.0266598591 0.0226771232 asynchronous_release_0
0.107296 -0.0250000004 -0.000793461672 0.000608620222 asynchronous_release_0
0.074767 -0.0250000004 0.0299199916 0.0181602342 asynchronous_release_0
0.107941 -0.0250000004 0.000767228339 -0.0349915899 asynchronous_release_0
0.093541 -0.0250000004 0.0186286183 -0.0296306359 asynchronous_release_0
0.085549 -0.0250000004 -0.0279993713 -0.0210008383 asynchronous_release_3
0.10607 -0.0250000004 0.0136362018 0.0322343606 asynchronous_release_0
0.081092 -0.0250000004 0.0312582351 0.0157455625 asynchronous_release_1
0.067192 -0.0250000004 0.0164690495 0.0308831735 asynchronous_release_0
0.106012 -0.0250000004 0.0185110881 -0.029704202 asynchronous_release_0
0.016382 -0.0250000004 0.0273826108 -0.0217989135 asynchronous_release_0
0.089794 -0.0250000004 -0.0216433862 -0.0275057054 asynchronous_release_0
0.105569 -0.0250000004 0.0129989465 -0.032496575 asynchronous_release_0
0.108238 -0.0250000004 0.027727921 0.0213579586 asynchronous_release_0
0.061162 -0.0250000004 -0.0348377182 -0.00336651024 asynchronous_release_1
0.004564 -0.0250000004 -0.00418411463 -0.0347490026 asynchronous_release_3
0.036177 -0.0250000004 0.0051227876 0.034623071 asynchronous_release_0
0.052959 -0.0250000004 0.0325458529 0.0128750713 asynchronous_release_0
0.05963 -0.0250000004 0.000646702536 -0.000762742309 asynchronous_release_0
0.084987 -0.0250000004 0.00673002509 -0.0343468596 asynchronous_release_0
0.081586 -0.0250000004 0.0320527585 0.014057762 asynchronous_release_0
0.06389 -0.0250000004 0.0292932696 -0.0191547475 asynchronous_release_0
0.096231 -0.0250000004 0.060091805 -0.00799843558 asynchronous_release_0
0.031814 -0.0250000004 0.000971885475 0.000235454078 asynchronous_release_0
0.074053 -0.0250000004 -0.015750557 0.0312557187 asynchronous_release_0
0.099028 -0.0250000004 -0.00834292785 0.0339911099 asynchronous_release_0
0.035286 -0.0250000004 0.0331734879 -0.0111588397 asynchronous_release_0
0.102441 -0.0250000004 -0.00530623715 0.034595431 asynchronous_release_0
0.105073 -0.0250000004 0.0335080663 0.0101098711 asynchronous_release_0
0.096048 -0.0250000004 0.000412172157 -0.000911105983 asynchronous_release_0
0.109104 -0.0250000004 0.00255666815 0.0349064958 asynchronous_release_0
0.024477 -0.0250000004 -0.0310681147 0.0161174516 asynchronous_release_0
0.045531 -0.0250000004 -0.000547393844 -0.000836875128 asynchronous_release_0
0.058663 -0.0250000004 0.000703056191 0.0007111343 asynchronous_release_0
0.021866 -0.0250000004 0.0231522014 0.0262483441 asynchronous_release_0
0.108213 -0.0250000004 0.0303973129 -0.0173494487 asynchronous_release_0
0.015853 -0.0250000004 0.000844191733 -0.000536041341 asynchronous_release_0
0.101004 -0.0250000004 -0.0347727307 0.00398211019 asynchronous_release_0
0.093117 -0.0250000004 0.0346867027 0.00467254286 asynchronous_release_0
0.105423 -0.0250000004 -0.0134913374 0.0322952599 asynchronous_release_0
0.103848 -0.0250000004 0.0265299795 -0.0228289331 asynchronous_release_0
0.058171 -0.0250000004 -0.000553442715 -0.000832887244 asynchronous_release_0
0.087829 -0.0250000004 0.0344396267 0.00623795758 asynchronous_release_0
0.109736 -0.0250000004 0.00954946921 0.0336720602 asynchronous_release_0
0.053103 -0.0250000004 0.0349150102 0.00243763506 asynchronous_release_0
0.080503 -0.0250000004 0.0302585057 -0.0175904187 asynchronous_release_0
0.088695 -0.0250000004 -0.0180439729 -0.0299902491 asynchronous_release_4
0.104819 -0.0250000004 -0.022761354 0.0265879816 asynchronous_release_0
0.059105 -0.0250000004 -0.0337070385 -0.00942526164 asynchronous_release_0
0.103362 -0.0250000004 0.000384990701 0.0349978825 asynchronous_release_0
0.031174 -0.0250000004 0.0288597604 -0.0198018744 asynchronous_release_0
0.109982 -0.0250000004 0.0345346091 0.0498232955 asynchronous_release_0
0.066723 -0.0250000004 0.000769554742 0.000638580847 asynchronous_release_0
0.096759 -0.0250000004 0.0240631905 -0.0254157995 asynchronous_release_0
0.090319 -0.0250000004 0.0206851984 -0.0282333591 asynchronous_release_0
0.108855 -0.0250000004 0.0348640888 -0.00308144671 asynchronous_release_0
0.090292 -0.0250000004 -0.000305445033 -0.00095220971 asynchronous_release_0
0.099908 -0.0250000004 0.00536301843 -0.0345866742 asynchronous_release_0
0.082659 -0.0250000004 0.0342822599 -0.00705171309 asynchronous_release_2
0.087196 -0.0250000004 0.0138191867 0.0321563381 asynchronous_release_0
0.060031 -0.0250000004 0.0228604315 0.0265028427 asynchronous_release_0
0.100181 -0.0250000004 0.0229011305 -0.0264676826 asynchronous_release_0
0.100095 -0.0250000004 0.0206640662 -0.0282488295 asynchronous_release_0
0.092303 -0.0250000004 0.0326953619 -0.0124905289 asynchronous_release_4
0.107099 -0.0250000004 0.0622097209 0.0320928438 asynchronous_release_0
0.107165 -0.0250000004 0.031621377 0.0150029503 asynchronous_release_0
0.097322 -0.0250000004 -0.0191423106 -0.0293013983 asynchronous_release_0
0.060162 -0.0250000004 -0.000775836748 -0.000630933705 asynchronous_release_0
0.084004 -0.0250000004 0.0220826797 -0.0271542862 asynchronous_release_0
0.077167 -0.0250000004 0.027813447 -0.0212464625 asynchronous_release_0
0.028905 -0.0250000004 0.00421449112 0.0347453316 asynchronous_release_0
0.009101 -0.0250000004 0.0242972911 -0.0251920949 asynchronous_release_0
0.087005 -0.0250000004 -0.0197934365 -0.0288655482 asynchronous_release_0
0.028056 -0.0250000004 0.0197934365 0.0288655482 asynchronous_release_4
0.071941 -0.0250000004 0.0253545815 0.0241276853 asynchronous_release_0
0.100178 -0.0250000004 0.0162093553 0.0310202643 asynchronous_release_0
0.108563 -0.0250000004 -0.0336358459 -0.00967625305 asynchronous_release_0
0.058148 -0.0250000004 0.0104356075 0.0334080543 asynchronous_release_0
0.009154 -0.0250000004 0.0103039216 -0.0334489043 asynchronous_release_0
0.100938 -0.0250000004 0.0238156401 0.02564791 asynchronous_release_0
0.074203 -0.0250000004 0.0163398887 0.0309517049 asynchronous_release_0
0.029099 -0.0250000004 -0.000791691382 -0.000610921236 asynchronous_release_0
0.068145 -0.0250000004 0.0339108665 -0.00866332123 asynchronous_release_0
0.092978 -0.0250000004 -0.0327082083 -0.0124568499 asynchronous_release_0
0.060638 -0.0250000004 -0.0331009952 0.0113720762 asynchronous_release_0
0.091336 -0.0250000004 0.0328934901 -0.0119590262 asynchronous_release_0
0.098046 -0.0250000004 0.0342861266 -0.00703288888 asynchronous_release_0
0.01305 -0.0250000004 0.0298764705 -0.0182317445 asynchronous_release_0
0.066179 -0.0250000004 -0.00866954723 -0.0339092753 asynchronous_release_0
0.01874 -0.0250000004 0.00314813915 -0.0348581299 asynchronous_release_0
0.093215 -0.0250000004 -0.0309794321 -0.0162872584 asynchronous_release_0
0.017616 -0.0250000004 -0.0124934376 0.0326942505 asynchronous_release_0
0.097215 -0.0250000004 -0.0221677223 0.0270849052 asynchronous_release_0
0.102829 -0.0250000004 0.0314999434 0.0152562632 asynchronous_release_0
0.091577 -0.0250000004 0.0579113013 -0.0179243181 asynchronous_release_0
0.090196 -0.0250000004 0.00962427647 -0.0336507549 asynchronous_release_0
0.103294 -0.0250000004 -0.000242585986 -0.000970129909 asynchronous_release_0
0.012178 -0.0250000004 0.034681046 0.00471434487 asynchronous_release_0
0.092751 -0.0250000004 -0.000625219426 0.000780449017 asynchronous_release_0
0.089409 -0.0250000004 0.0309083084 -0.0164218292 asynchronous_release_1
0.030123 -0.0250000004 0.0339568485 -0.00848129959 asynchronous_release_0
0.099842 -0.0250000004 -0.0170804234 -0.0305492903 asynchronous_release_0
0.028541 -0.0250000004 0.0202083567 0.0285766044 asynchronous_release_0
0.101715 -0.0250000004 -0.020894715 0.0280786553 asynchronous_release_0
0.089249 -0.0250000004 -0.00966241276 0.0336398243 asynchronous_release_4
0.079035 -0.0250000004 -0.0529191448 -0.0295730302 asynchronous_release_0
0.069349 -0.0250000004 0.000969041092 0.000246899499 asynchronous_release_0
0.073733 -0.0250000004 -0.0344705311 -0.00606485651 asynchronous_release_0
0.107811 -0.0250000004 0.0115078495 -0.0330540376 asynchronous_release_1
0.063012 -0.0250000004 -0.0270722862 0.0221831315 asynchronous_release_0
0.023508 -0.0250000004 0.00668273301 0.0343560923 asynchronous_release_0
0.009992 -0.0250000004 0.0221861268 0.0270698315 asynchronous_release_0
0.084658 -0.0250000004 0.0002422385 0.000970216733 asynchronous_release_3
0.085909 -0.0250000004 0.0243212571 0.0251689581 asynchronous_release_4
0.106261 -0.0250000004 0.0312136271 0.0158338083 asynchronous_release_0
0.088783 -0.0250000004 -0.00966218587 -0.0336398895 asynchronous_release_0
0.084908 -0.0250000004 -0.0307017758 0.0168047898 asynchronous_release_0
0.049114 -0.0250000004 -0.0266316286 0.0227102699 asynchronous_release_0
0.106214 -0.0250000004 0.0144394594 0.0318826287 asynchronous_release_1
0.098603 -0.0250000004 0.0033822662 -0.034836192 asynchronous_release_0
0.050522 -0.0250000004 0.000938641665 0.000344893932 asynchronous_release_0
0.102239 -0.0250000004 -0.0292843504 -0.0191683808 asynchronous_release_0
0.100609 -0.0250000004 -0.0323114047 -0.0134526253 asynchronous_release_0
0.107652 -0.0250000004 0.0231535396 0.0262471637 asynchronous_release_0
0.095231 -0.0250000004 -0.000447974016 0.034997133 asynchronous_release_0
0.105145 -0.0250000004 -0.0278648256 -0.0211790344 asynchronous_release_0
0.099514 -0.0250000004 -0.000448108079 -0.00089397939 asynchronous_release_2
0.028607 -0.0250000004 0.0349997275 0.000138106213 asynchronous_release_0
0.103056 -0.0250000004 -0.0173802603 -0.0303797063 asynchronous_release_0
0.030751 -0.0250000004 0.0304728667 -0.017216399 asynchronous_release_0
0.087904 -0.0250000004 -0.0270223028 0.0222439913 asynchronous_release_0
0.108567 -0.0250000004 0.000968961898 -0.000247210113 asynchronous_release_0
0.088198 -0.0250000004 -0.0234984593 -0.0259388205 asynchronous_release_1
0.014018 -0.0250000004 -0.0256095869 -0.0238568452 asynchronous_release_0
0.029126 -0.0250000004 0.00528319087 -0.034598958 asynchronous_release_1
0.09072 -0.0250000004 -0.0142206864 0.031980808 asynchronous_release_1
0.102367 -0.0250000004 0.0240150927 0.0254612514 asynchronous_release_1
0.102349 -0.0250000004 0.000975290906 -0.000220924532 asynchronous_release_0
0.084577 -0.0250000004 0.000539331987 -0.00084209323 asynchronous_release_2
0.102914 -0.0250000004 -0.0257500285 0.02370519 asynchronous_release_0
0.059328 -0.0250000004 -0.0265914739 0.0227572739 asynchronous_release_0
0.104449 -0.0250000004 -0.000983072254 0.000183218297 asynchronous_release_0
0.086061 -0.0250000004 0.00066620446 -0.000745769145 asynchronous_release_1
0.097113 -0.0250000004 0.0236184231 -0.0258296358 asynchronous_release_0
0.106079 -0.0250000004 -0.028329459 0.0205533879 asynchronous_release_0
0.057856 -0.0250000004 0.000685737299 -0.00072784913 asynchronous_release_0
0.020323 -0.0250000004 -0.000922327255 0.000386409671 asynchronous_release_0
0.045613 -0.0250000004 0.0301332866 0.0178040736 asynchronous_release_0
0.063534 -0.0250000004 0.000429733977 0.000902955541 asynchronous_release_0
0.10563 -0.0250000004 -0.0272716938 -0.0219375184 asynchronous_release_0
0.100226 -0.0250000004 -0.0349967643 -0.000475906407 asynchronous_release_0
0.094175 -0.0250000004 -0.00679563758 0.0343339382 asynchronous_release_0
0.097038 -0.0250000004 0.030662523 0.0168763053 asynchronous_release_0
0.089916 -0.0250000004 -0.00169820473 0.0349587772 asynchronous_release_0
0.01493 -0.0250000004 0.000317016078 -0.000948420164 asynchronous_release_0
0.106364 -0.0250000004 0.0349288581 -0.00223044269 asynchronous_release_0
0.084142 -0.0250000004 0.024933997 0.0245620804 asynchronous_release_1
0.106642 -0.0250000004 0.0154491427 0.0314057955 asynchronous_release_0
0.018893 -0.0250000004 -0.00415395212 0.0347526212 asynchronous_release_0
0.100798 -0.0250000004 -0.0302526397 0.0176005055 asynchronous_release_0
0.038733 -0.0250000004 0.0341868462 -0.00750063637 asynchronous_release_0
0.081544 -0.0250000004 0.0343974708 -0.00646637461 asynchronous_release_0
0.03929 -0.0250000004 0.0323483066 0.0133636468 asynchronous_release_0
0.035137 -0.0250000004 0.0289255721 0.0197056154 asynchronous_release_0
0.085771 -0.0250000004 0.00584933528 0.0345077568 asynchronous_release_3
0.104899 -0.0250000004 0.00874165799 0.0338907571 asynchronous_release_0
0.09791 -0.0250000004 -0.0167757924 0.0307176299 asynchronous_release_0
0.021856 -0.0250000004 0.0270233846 -0.0222426771 asynchronous_release_0
0.090228 -0.0250000004 -0.000626835389 0.0349943864 asynchronous_release_0
0.022941 -0.0250000004 0.0297053544 0.0185092388 asynchronous_release_0
0.018469 -0.0250000004 -0.0198407863 -0.0288330227 asynchronous_release_0
0.02758 -0.0250000004 0.000658235424 0.0349938098 asynchronous_release_0
0.104695 -0.0250000004 -0.0103172959 0.0334447814 asynchronous_release_0
0.04057 -0.0250000004 0.0149431019 -0.0316497031 asynchronous_release_0
0.108931 -0.0250000004 -0.0199378959 -0.0287659574 asynchronous_release_0
0.036322 -0.0250000004 0.00930598395 -0.0337401639 asynchronous_release_0
0.108843 -0.0250000004 0.000898704838 0.000438554004 asynchronous_release_0
0.013791 -0.0250000004 -0.0120208995 0.032870929 asynchronous_release_0
0.101865 -0.0250000004 -0.0340522907 0.0080895918 asynchronous_release_0
0.106864 -0.0250000004 0.0339742838 -0.00841118532 asynchronous_release_0
0.006975 -0.0250000004 0.0316005719 -0.0150467224 asynchronous_release_0
0.067307 -0.0250000004 0.0272976579 0.0219052019 asynchronous_release_0
0.09757 -0.0250000004 -5.62508205e-05 -0.000998416669 asynchronous_release_0
0.080388 -0.0250000004 -0.0303210482 -0.0174823922 asynchronous_release_0
0.084956 -0.0250000004 0.0154428154 -0.0314089072 asynchronous_release_3
0.065563 -0.0250000004 -0.0340329671 0.00817050494 asynchronous_release_0
0.092319 -0.0250000004 0.000287982454 0.000957635686 asynchronous_release_0
0.045879 -0.0250000004 0.00602239755 0.0344779745 asynchronous_release_0
0.04848 -0.0250000004 0.0291773188 -0.0193309096 asynchronous_release_0
0.071736 -0.0250000004 0.0135346617 0.0322771271 asynchronous_release_0
0.074061 -0.0250000004 0.0135964039 -0.0322511674 asynchronous_release_0
0.003762 -0.0250000004 -0.0346273826 0.00509356222 asynchronous_release_0
0.100959 -0.0250000004 0.0163345105 0.0309545435 asynchronous_release_0
0.008393 -0.0250000004 0.0319770968 0.0142290294 asynchronous_release_0
0.09291 -0.0250000004 -0.000587956101 -0.000808892838 asynchronous_release_0
0.096917 -0.0250000004 -0.034397432 0.00646658119 asynchronous_release_0
0.08952 -0.0250000004 -0.0298074443 0.0183443797 asynchronous_release_0
0.021853 -0.0250000004 0.0349990412 -0.000259062764 asynchronous_release_0
0.08466 -0.0250000004 0.00222513715 -0.0349291965 asynchronous_release_0
0.043449 -0.0250000004 0.0312767525 0.0157087477 asynchronous_release_0
0.07523 -0.0250000004 0.0303558013 0.0174219783 asynchronous_release_0
0.089354 -0.0250000004 -0.0161632328 0.0310443217 asynchronous_release_4
0.106113 -0.0250000004 -0.0159806652 0.0311386952 asynchronous_release_0
0.050526 -0.0250000004 0.0326324904 0.0126538758 asynchronous_release_0
0.062948 -0.0250000004 0.0272748231 -0.0219336277 asynchronous_release_0
0.088246 -0.0250000004 -0.0272748231 0.0219336277 asynchronous_release_0
0.098953 -0.0250000004 -0.00145009878 -0.0349699473 asynchronous_release_0
0.009635 -0.0250000004 0.0332269854 0.0109985199 asynchronous_release_0
0.095329 -0.0250000004 0.0349999312 6.94013877e-05 asynchronous_release_0
0.097751 -0.0250000004 0.0316050903 0.0150372294 asynchronous_release_0
0.033955 -0.0250000004 0.0279442665 -0.0210741066 asynchronous_release_0
0.066258 -0.0250000004 -0.0299931765 -0.0180391065 asynchronous_release_0
0.065063 -0.0250000004 -0.00073521033 0.000677839044 asynchronous_release_0
0.103185 -0.0250000004 -0.0151635635 -0.0315446722 asynchronous_release_1
0.091937 -0.0250000004 0.00582005064 0.034512708 asynchronous_release_0
0.094377 -0.0250000004 0.000522586513 -0.0349960984 asynchronous_release_0
0.04459 -0.0250000004 0.0224705612 0.0268341924 asynchronous_release_0
0.10895 -0.0250000004 0.0249224042 0.0245738432 asynchronous_release_1
0.016289 -0.0250000004 -0.0205397061 0.0283393802 asynchronous_release_0
0.097549 -0.0250000004 0.000986286722 0.000165040908 asynchronous_release_0
0.025551 -0.0250000004 0.0339849869 0.00836783508 asynchronous_release_0
0.054523 -0.0250000004 0.000949116577 -0.000314924948 asynchronous_release_0
0.08968 -0.0250000004 0.0179944096 -0.0300200137 asynchronous_release_0
0.022989 -0.0250000004 0.0300363843 -0.0179670704 asynchronous_release_0
0.064917 -0.0250000004 -0.0121005773 -0.0328416813 asynchronous_release_0
0.098033 -0.0250000004 0.0223914416 -0.026900248 asynchronous_release_1
0.065751 -0.0250000004 -0.017838877 0.0301126961 asynchronous_release_0
0.08743 -0.0250000004 -0.00495748052 0.0346471267 asynchronous_release_0
0.056442 -0.0250000004 -0.0196662394 0.0289523579 asynchronous_release_0
0.084006 -0.0250000004 0.0302433928 -0.0176163899 asynchronous_release_3
0.09115 -0.0250000004 0.0336401455 -0.0096612943 asynchronous_release_0
0.024306 -0.0250000004 -0.0311307038 -0.0159962271 asynchronous_release_0
0.10804 -0.0250000004 -0.00976325335 -0.033610696 asynchronous_release_1
0.057738 -0.0250000004 0.0299983041 -0.0180305782 asynchronous_release_0
0.07204 -0.0250000004 0.0344096234 -0.006401392 asynchronous_release_0
0.109708 -0.0250000004 0.0114715243 -0.0330666619 asynchronous_release_0
0.087517 -0.0250000004 0.00241880848 -0.0349163195 asynchronous_release_4
0.044144 -0.0250000004 0.0134420427 -0.0323158086 asynchronous_release_0
0.058191 -0.0250000004 0.0170692175 -0.0305555529 asynchronous_release_0
0.017114 -0.0250000004 -0.0134554415 0.032310232 asynchronous_release_0
0.109869 -0.0250000004 0.00073726853 -0.000675599819 asynchronous_release_0
0.108067 -0.0250000004 -0.0219255398 -0.0272813252 asynchronous_release_0
0.107313 -0.0250000004 -0.0321398033 0.0138575988 asynchronous_release_0
0.00384 -0.0250000004 0.019477458 0.0290796944 asynchronous_release_0
0.037606 -0.0250000004 -0.000789724031 0.000613462269 asynchronous_release_0
0.109352 -0.0250000004 -0.0347774981 0.00394025675 asynchronous_release_0
0.090651 -0.0250000004 0.0321735724 0.0137790144 asynchronous_release_0
0.108432 -0.0250000004 -0.0295467585 -0.0187613715 asynchronous_release_0
0.01189 -0.0250000004 -0.0332830661 0.0108276272 asynchronous_release_1
0.051279 -0.0250000004 -0.0349078328 0.00253834765 asynchronous_release_0
0.104041 -0.0250000004 0.0152556429 -0.0315002438 asynchronous_release_0
0.016036 -0.0250000004 0.0245178519 0.0249774886 asynchronous_release_0
0.037733 -0.0250000004 0.0227748647 -0.0265764094 asynchronous_release_0
