0.000000 0.076121
0.000050 0.087503
0.000100 0.088604
0.000150 0.099376
0.000200 0.096191
0.000250 0.097659
0.000300 0.102802
0.000350 0.091176
0.000400 0.095453
0.000450 0.104275
0.000500 0.079913
0.000550 0.084447
0.000600 0.113566
0.000650 0.080644
0.000700 0.100720
0.000750 0.084206
0.000800 0.113814
0.000850 0.102928
0.000900 0.118959
0.000950 0.115403
0.001000 0.106348
0.001050 0.096422
0.001100 0.133294
0.001150 0.142440
0.001200 0.170111
0.001250 0.183453
0.001300 0.234007
0.001350 0.268381
0.001400 0.318678
0.001450 0.495776
0.001500 0.586550
0.001550 0.852156
0.001600 1.204717
0.001650 1.668915
0.001700 2.267252
0.001750 3.079120
0.001800 3.879500
0.001850 4.741816
0.001900 6.165843
0.001950 7.450741
0.002000 8.504531
0.002050 9.641001
0.002100 10.526892
0.002150 11.150440
0.002200 11.622371
0.002250 11.504603
0.002300 11.093323
0.002350 10.206855
0.002400 9.441756
0.002450 8.482398
0.002500 7.385250
0.002550 6.631916
0.002600 5.840298
0.002650 5.242912
0.002700 4.500629
0.002750 4.142473
0.002800 3.714771
0.002850 3.372763
0.002900 3.187655
0.002950 2.940123
0.003000 2.655520
0.003050 2.573108
0.003100 2.343624
0.003150 2.131508
0.003200 2.069000
0.003250 1.900796
0.003300 1.874313
0.003350 1.892511
0.003400 1.823310
0.003450 1.603200
0.003500 1.528594
0.003550 1.533548
0.003600 1.504598
0.003650 1.484110
0.003700 1.340820
0.003750 1.269692
0.003800 1.283139
0.003850 1.331563
0.003900 1.250353
0.003950 1.180853
0.004000 1.299177
0.004050 1.203919
0.004100 1.104076
0.004150 1.181308
0.004200 1.107385
0.004250 1.199133
0.004300 1.116059
0.004350 1.156775
0.004400 1.177821
0.004450 1.058947
0.004500 1.047834
0.004550 1.045754
0.004600 1.059577
0.004650 1.059487
0.004700 0.978898
0.004750 1.065706
0.004800 1.044390
0.004850 0.997166
0.004900 0.955834
0.004950 0.955154
0.005000 0.911522
0.005050 0.934178
0.005100 0.862689
0.005150 0.928171
0.005200 0.933710
0.005250 0.884338
0.005300 0.938554
0.005350 0.954886
0.005400 0.887374
0.005450 0.823428
0.005500 0.876107
0.005550 0.844467
0.005600 0.813560
0.005650 0.860710
0.005700 0.825246
0.005750 0.807468
0.005800 0.808347
0.005850 0.828043
0.005900 0.742341
0.005950 0.722741
0.006000 0.781058
0.006050 0.809576
0.006100 0.792614
0.006150 0.741672
0.006200 0.805525
0.006250 0.707015
0.006300 0.735816
0.006350 0.712060
0.006400 0.739976
0.006450 0.710018
0.006500 0.726742
0.006550 0.710532
0.006600 0.674861
0.006650 0.736793
0.006700 0.706202
0.006750 0.705820
0.006800 0.722158
0.006850 0.687520
0.006900 0.708826
0.006950 0.706916
0.007000 0.670104
0.007050 0.689548
0.007100 0.654589
0.007150 0.654403
0.007200 0.704176
0.007250 0.660444
0.007300 0.720527
0.007350 0.675181
0.007400 0.684371
0.007450 0.683427
0.007500 0.614232
0.007550 0.661778
0.007600 0.685345
0.007650 0.622057
0.007700 0.613633
0.007750 0.613465
0.007800 0.622703
0.007850 0.602237
0.007900 0.606158
0.007950 0.621642
0.008000 0.662171
0.008050 0.643465
0.008100 0.660532
0.008150 0.622248
0.008200 0.641264
0.008250 0.646106
0.008300 0.603519
0.008350 0.568807
0.008400 0.619065
0.008450 0.645133
0.008500 0.585539
0.008550 0.592547
0.008600 0.597141
0.008650 0.602041
0.008700 0.616697
0.008750 0.561421
0.008800 0.570195
0.008850 0.608349
0.008900 0.536378
0.008950 0.543142
0.009000 0.557470
0.009050 0.599542
0.009100 0.602614
0.009150 0.611630
0.009200 0.565294
0.009250 0.560052
0.009300 0.545188
0.009350 0.560726
0.009400 0.618654
0.009450 0.595790
0.009500 0.530329
0.009550 0.549255
0.009600 0.556300
0.009650 0.576622
0.009700 0.534829
0.009750 0.566249
0.009800 0.615453
0.009850 0.574879
0.009900 0.597119
0.009950 0.564245
0.010000 0.511928
0.010050 0.560382
0.010100 0.558756
0.010150 0.555006
0.010200 0.557083
0.010250 0.500415
0.010300 0.578024
0.010350 0.507558
0.010400 0.533810
0.010450 0.508288
0.010500 0.501947
0.010550 0.587235
0.010600 0.513049
0.010650 0.548791
0.010700 0.490778
0.010750 0.531222
0.010800 0.564761
0.010850 0.529343
0.010900 0.507788
0.010950 0.516636
0.011000 0.483734
0.011050 0.516436
0.011100 0.533420
0.011150 0.575610
0.011200 0.521500
0.011250 0.477394
0.011300 0.524973
0.011350 0.507401
0.011400 0.460391
0.011450 0.525801
0.011500 0.504394
0.011550 0.480954
0.011600 0.465934
0.011650 0.492008
0.011700 0.483035
0.011750 0.500715
0.011800 0.504262
0.011850 0.476534
0.011900 0.470300
0.011950 0.469364
0.012000 0.445858
0.012050 0.451194
0.012100 0.494357
0.012150 0.470071
0.012200 0.490165
0.012250 0.494113
0.012300 0.439904
0.012350 0.499450
0.012400 0.502785
0.012450 0.467243
0.012500 0.520461
0.012550 0.494515
0.012600 0.492373
0.012650 0.484443
0.012700 0.427283
0.012750 0.460153
0.012800 0.451086
0.012850 0.449732
0.012900 0.537278
0.012950 0.494616
0.013000 0.450487
0.013050 0.449939
0.013100 0.511528
0.013150 0.484926
0.013200 0.466570
0.013250 0.482922
0.013300 0.471494
0.013350 0.480642
0.013400 0.457143
0.013450 0.436419
0.013500 0.430980
0.013550 0.472606
0.013600 0.475994
0.013650 0.462770
0.013700 0.453040
0.013750 0.490464
0.013800 0.443320
0.013850 0.409626
0.013900 0.503972
0.013950 0.427478
0.014000 0.498309
0.014050 0.441085
0.014100 0.368310
0.014150 0.433132
0.014200 0.383564
0.014250 0.489118
0.014300 0.411875
0.014350 0.442167
0.014400 0.415323
0.014450 0.450317
0.014500 0.416764
0.014550 0.473148
0.014600 0.420879
0.014650 0.455739
0.014700 0.445285
0.014750 0.433593
0.014800 0.442031
0.014850 0.457163
0.014900 0.444991
0.014950 0.459147
0.015000 0.419315
0.015050 0.469735
0.015100 0.464046
0.015150 0.454396
0.015200 0.444393
0.015250 0.430361
0.015300 0.460447
0.015350 0.432355
0.015400 0.442351
0.015450 0.412811
0.015500 0.443676
0.015550 0.400318
0.015600 0.438281
0.015650 0.510567
0.015700 0.415063
0.015750 0.438137
0.015800 0.427873
0.015850 0.462711
0.015900 0.413386
0.015950 0.451958
0.016000 0.385326
0.016050 0.413746
0.016100 0.425679
0.016150 0.368753
0.016200 0.379916
0.016250 0.369384
0.016300 0.429103
0.016350 0.464485
0.016400 0.419954
0.016450 0.402444
0.016500 0.386138
0.016550 0.455380
0.016600 0.438375
0.016650 0.415241
0.016700 0.422421
0.016750 0.407527
0.016800 0.434662
0.016850 0.433684
0.016900 0.422224
0.016950 0.402538
0.017000 0.353729
0.017050 0.424569
0.017100 0.456624
0.017150 0.419850
0.017200 0.494223
0.017250 0.411847
0.017300 0.418660
0.017350 0.409558
0.017400 0.389941
0.017450 0.370889
0.017500 0.393477
0.017550 0.459237
0.017600 0.394275
0.017650 0.411273
0.017700 0.398273
0.017750 0.432543
0.017800 0.421438
0.017850 0.406690
0.017900 0.457905
0.017950 0.402659
0.018000 0.481995
0.018050 0.382831
0.018100 0.351842
0.018150 0.386876
0.018200 0.416756
0.018250 0.435200
0.018300 0.390333
0.018350 0.377511
0.018400 0.381588
0.018450 0.372778
0.018500 0.377282
0.018550 0.395616
0.018600 0.394731
0.018650 0.397607
0.018700 0.414034
0.018750 0.355420
0.018800 0.360832
0.018850 0.391264
0.018900 0.387098
0.018950 0.447906
0.019000 0.402541
0.019050 0.376707
0.019100 0.345717
0.019150 0.396303
0.019200 0.418822
0.019250 0.387888
0.019300 0.402017
0.019350 0.348381
0.019400 0.372544
0.019450 0.401600
0.019500 0.411355
0.019550 0.411409
0.019600 0.410308
0.019650 0.396220
0.019700 0.362298
0.019750 0.382394
0.019800 0.347881
0.019850 0.413825
0.019900 0.373359
0.019950 0.419411
0.020000 0.413301
0.020050 0.377821
0.020100 0.343710
0.020150 0.351384
0.020200 0.380199
0.020250 0.415341
0.020300 0.407216
0.020350 0.453724
0.020400 0.369715
0.020450 0.361369
0.020500 0.374356
0.020550 0.371804
0.020600 0.389905
0.020650 0.376281
0.020700 0.383744
0.020750 0.344690
0.020800 0.334565
0.020850 0.376639
0.020900 0.386355
0.020950 0.349121
0.021000 0.417733
0.021050 0.340843
0.021100 0.388633
0.021150 0.386327
0.021200 0.356399
0.021250 0.349709
0.021300 0.398502
0.021350 0.335094
0.021400 0.347193
0.021450 0.346497
0.021500 0.359177
0.021550 0.354685
0.021600 0.361872
0.021650 0.389526
0.021700 0.378240
0.021750 0.366458
0.021800 0.362916
0.021850 0.354112
0.021900 0.346144
0.021950 0.383900
0.022000 0.358869
0.022050 0.371697
0.022100 0.313307
0.022150 0.371755
0.022200 0.395907
0.022250 0.365381
0.022300 0.370873
0.022350 0.330275
0.022400 0.385059
0.022450 0.374527
0.022500 0.364843
0.022550 0.370931
0.022600 0.373452
0.022650 0.373736
0.022700 0.355383
0.022750 0.434965
0.022800 0.357422
0.022850 0.326558
0.022900 0.350588
0.022950 0.340292
0.023000 0.341470
0.023050 0.376398
0.023100 0.366195
0.023150 0.403733
0.023200 0.329929
0.023250 0.330689
0.023300 0.364160
0.023350 0.387566
0.023400 0.403633
0.023450 0.333807
0.023500 0.333728
0.023550 0.360568
0.023600 0.381445
0.023650 0.306247
0.023700 0.400637
0.023750 0.401391
0.023800 0.320119
0.023850 0.365497
0.023900 0.405906
0.023950 0.357782
0.024000 0.346407
0.024050 0.380765
0.024100 0.332758
0.024150 0.369166
0.024200 0.328214
0.024250 0.364296
0.024300 0.350454
0.024350 0.311164
0.024400 0.401231
0.024450 0.364955
0.024500 0.360384
0.024550 0.370066
0.024600 0.346789
0.024650 0.370313
0.024700 0.356868
0.024750 0.325994
0.024800 0.394843
0.024850 0.375477
0.024900 0.339539
0.024950 0.358397
0.025000 0.374876
0.025050 0.320684
0.025100 0.387403
0.025150 0.384477
0.025200 0.356800
0.025250 0.360848
0.025300 0.388761
0.025350 0.328459
0.025400 0.351288
0.025450 0.357434
0.025500 0.357496
0.025550 0.342210
0.025600 0.328385
0.025650 0.316547
0.025700 0.337097
0.025750 0.315983
0.025800 0.385750
0.025850 0.338866
0.025900 0.381508
0.025950 0.357328
0.026000 0.330935
0.026050 0.340941
0.026100 0.322251
0.026150 0.335953
0.026200 0.332420
0.026250 0.331508
0.026300 0.374343
0.026350 0.349321
0.026400 0.340037
0.026450 0.370991
0.026500 0.358589
0.026550 0.339743
0.026600 0.347451
0.026650 0.371767
0.026700 0.313305
0.026750 0.315629
0.026800 0.352882
0.026850 0.351618
0.026900 0.292145
0.026950 0.350611
0.027000 0.359100
0.027050 0.343256
0.027100 0.378919
0.027150 0.369093
0.027200 0.311807
0.027250 0.305539
0.027300 0.348477
0.027350 0.373029
0.027400 0.361491
0.027450 0.360899
0.027500 0.311274
0.027550 0.323764
0.027600 0.306470
0.027650 0.345600
0.027700 0.362752
0.027750 0.369998
0.027800 0.344429
0.027850 0.335471
0.027900 0.328151
0.027950 0.317441
0.028000 0.331928
0.028050 0.308286
0.028100 0.325626
0.028150 0.358860
0.028200 0.293970
0.028250 0.363452
0.028300 0.300634
0.028350 0.277820
0.028400 0.329434
0.028450 0.368220
0.028500 0.324995
0.028550 0.353051
0.028600 0.322817
0.028650 0.343519
0.028700 0.308563
0.028750 0.305689
0.028800 0.305694
0.028850 0.323048
0.028900 0.316183
0.028950 0.363231
0.029000 0.298979
0.029050 0.364189
0.029100 0.367946
0.029150 0.320922
0.029200 0.312274
0.029250 0.326444
0.029300 0.311345
0.029350 0.321461
0.029400 0.311022
0.029450 0.332398
0.029500 0.319022
0.029550 0.292562
0.029600 0.302742
0.029650 0.299320
0.029700 0.281609
0.029750 0.312093
0.029800 0.294382
0.029850 0.345360
0.029900 0.308549
0.029950 0.335161
0.030000 0.317440
0.030050 0.329136
0.030100 0.314366
0.030150 0.333354
0.030200 0.305859
0.030250 0.314595
0.030300 0.317312
0.030350 0.281746
0.030400 0.320310
0.030450 0.298072
0.030500 0.320335
0.030550 0.272947
0.030600 0.306863
0.030650 0.323147
0.030700 0.302003
0.030750 0.332507
0.030800 0.290361
0.030850 0.293131
0.030900 0.325634
0.030950 0.314902
0.031000 0.312819
0.031050 0.313221
0.031100 0.316124
0.031150 0.284728
0.031200 0.290688
0.031250 0.346764
0.031300 0.327876
0.031350 0.334652
0.031400 0.319452
0.031450 0.330646
0.031500 0.307826
0.031550 0.309552
0.031600 0.288505
0.031650 0.321255
0.031700 0.295112
0.031750 0.300652
0.031800 0.337438
0.031850 0.293378
0.031900 0.298959
0.031950 0.298173
0.032000 0.315979
0.032050 0.295997
0.032100 0.318366
0.032150 0.316374
0.032200 0.266649
0.032250 0.309077
0.032300 0.279892
0.032350 0.293346
0.032400 0.277015
0.032450 0.302865
0.032500 0.327539
0.032550 0.339945
0.032600 0.323682
0.032650 0.350514
0.032700 0.293635
0.032750 0.267333
0.032800 0.292163
0.032850 0.344749
0.032900 0.302026
0.032950 0.294094
0.033000 0.315216
0.033050 0.352990
0.033100 0.328619
0.033150 0.316759
0.033200 0.302191
0.033250 0.305545
0.033300 0.307586
0.033350 0.320330
0.033400 0.313067
0.033450 0.287017
0.033500 0.321917
0.033550 0.330099
0.033600 0.334958
0.033650 0.324342
0.033700 0.322459
0.033750 0.306377
0.033800 0.301738
0.033850 0.286236
0.033900 0.350114
0.033950 0.302760
0.034000 0.260650
0.034050 0.293380
0.034100 0.339237
0.034150 0.325109
0.034200 0.266399
0.034250 0.273979
0.034300 0.303582
0.034350 0.268648
0.034400 0.270773
0.034450 0.298443
0.034500 0.310346
0.034550 0.329918
0.034600 0.305921
0.034650 0.271415
0.034700 0.290280
0.034750 0.302272
0.034800 0.286441
0.034850 0.270547
0.034900 0.251794
0.034950 0.310666
0.035000 0.281470
0.035050 0.274618
0.035100 0.312734
0.035150 0.298922
0.035200 0.304091
0.035250 0.333291
0.035300 0.304646
0.035350 0.262432
0.035400 0.288108
0.035450 0.276268
0.035500 0.317708
0.035550 0.297384
0.035600 0.284109
0.035650 0.310767
0.035700 0.288922
0.035750 0.277014
0.035800 0.295175
0.035850 0.290441
0.035900 0.312295
0.035950 0.264405
0.036000 0.324470
0.036050 0.327752
0.036100 0.276104
0.036150 0.276374
0.036200 0.288975
0.036250 0.318331
0.036300 0.312917
0.036350 0.271813
0.036400 0.307089
0.036450 0.326455
0.036500 0.272074
0.036550 0.281890
0.036600 0.288086
0.036650 0.285504
0.036700 0.271156
0.036750 0.336978
0.036800 0.284416
0.036850 0.305444
0.036900 0.277049
0.036950 0.264083
0.037000 0.298493
0.037050 0.257363
0.037100 0.305974
0.037150 0.293034
0.037200 0.292711
0.037250 0.320739
0.037300 0.288377
0.037350 0.267857
0.037400 0.247259
0.037450 0.271583
0.037500 0.299764
0.037550 0.284446
0.037600 0.288649
0.037650 0.307953
0.037700 0.280528
0.037750 0.308942
0.037800 0.325361
0.037850 0.310013
0.037900 0.262730
0.037950 0.258584
0.038000 0.284866
0.038050 0.257916
0.038100 0.324713
0.038150 0.313085
0.038200 0.279995
0.038250 0.278185
0.038300 0.267168
0.038350 0.317552
0.038400 0.267398
0.038450 0.316382
0.038500 0.283835
0.038550 0.273553
0.038600 0.293382
0.038650 0.276140
0.038700 0.290610
0.038750 0.291172
0.038800 0.280085
0.038850 0.304747
0.038900 0.288221
0.038950 0.280995
0.039000 0.270621
0.039050 0.293837
0.039100 0.256855
0.039150 0.258151
0.039200 0.339526
0.039250 0.293884
0.039300 0.251219
0.039350 0.278527
0.039400 0.272016
0.039450 0.256004
0.039500 0.271575
0.039550 0.288793
0.039600 0.279118
0.039650 0.249560
0.039700 0.268389
0.039750 0.300825
0.039800 0.299913
0.039850 0.288627
0.039900 0.298076
0.039950 0.284364
0.040000 0.293833
0.040050 0.306549
0.040100 0.273545
0.040150 0.255697
0.040200 0.253886
0.040250 0.269804
0.040300 0.293048
0.040350 0.270326
0.040400 0.275029
0.040450 0.253833
0.040500 0.304741
0.040550 0.316865
0.040600 0.332289
0.040650 0.305445
0.040700 0.280135
0.040750 0.289823
0.040800 0.274223
0.040850 0.296197
0.040900 0.288771
0.040950 0.297721
0.041000 0.287003
0.041050 0.264741
0.041100 0.264622
0.041150 0.264506
0.041200 0.240468
0.041250 0.244430
0.041300 0.271566
0.041350 0.279760
0.041400 0.229128
0.041450 0.300326
0.041500 0.262093
0.041550 0.261165
0.041600 0.266901
0.041650 0.279333
0.041700 0.289308
0.041750 0.275078
0.041800 0.245734
0.041850 0.240590
0.041900 0.290805
0.041950 0.237043
0.042000 0.272238
0.042050 0.252832
0.042100 0.325247
0.042150 0.266259
0.042200 0.257764
0.042250 0.247550
0.042300 0.277959
0.042350 0.238095
0.042400 0.266862
0.042450 0.282134
0.042500 0.263423
0.042550 0.240389
0.042600 0.268457
0.042650 0.254781
0.042700 0.247045
0.042750 0.275237
0.042800 0.265823
0.042850 0.258095
0.042900 0.228009
0.042950 0.267481
0.043000 0.282986
0.043050 0.260620
0.043100 0.231275
0.043150 0.289095
0.043200 0.293489
0.043250 0.253735
0.043300 0.291876
0.043350 0.244220
0.043400 0.265053
0.043450 0.281611
0.043500 0.269486
0.043550 0.271274
0.043600 0.296642
0.043650 0.233826
0.043700 0.294172
0.043750 0.265376
0.043800 0.238238
0.043850 0.276860
0.043900 0.260240
0.043950 0.274366
0.044000 0.316735
0.044050 0.292219
0.044100 0.243781
0.044150 0.272089
0.044200 0.256246
0.044250 0.248326
0.044300 0.284732
0.044350 0.303504
0.044400 0.276114
0.044450 0.278004
0.044500 0.261192
0.044550 0.279114
0.044600 0.259593
0.044650 0.278451
0.044700 0.275000
0.044750 0.270644
0.044800 0.293186
0.044850 0.260130
0.044900 0.287199
0.044950 0.289161
0.045000 0.269508
0.045050 0.253400
0.045100 0.264331
0.045150 0.275301
0.045200 0.279070
0.045250 0.294632
0.045300 0.276689
0.045350 0.258689
0.045400 0.256085
0.045450 0.248015
0.045500 0.296403
0.045550 0.261961
0.045600 0.254798
0.045650 0.236646
0.045700 0.268762
0.045750 0.249690
0.045800 0.256234
0.045850 0.277490
0.045900 0.253787
0.045950 0.264049
0.046000 0.231981
0.046050 0.242223
0.046100 0.246963
0.046150 0.275745
0.046200 0.261148
0.046250 0.238172
0.046300 0.285576
0.046350 0.242192
0.046400 0.257197
0.046450 0.257373
0.046500 0.278034
0.046550 0.306220
0.046600 0.289715
0.046650 0.238601
0.046700 0.262125
0.046750 0.288535
0.046800 0.310347
0.046850 0.260943
0.046900 0.222651
0.046950 0.275419
0.047000 0.263429
0.047050 0.255171
0.047100 0.245946
0.047150 0.267846
0.047200 0.247293
0.047250 0.247489
0.047300 0.230642
0.047350 0.248820
0.047400 0.241435
0.047450 0.247329
0.047500 0.242783
0.047550 0.269641
0.047600 0.274667
0.047650 0.276849
0.047700 0.252300
0.047750 0.252532
0.047800 0.253724
0.047850 0.251090
0.047900 0.246532
0.047950 0.235242
0.048000 0.211426
0.048050 0.242372
0.048100 0.228156
0.048150 0.254386
0.048200 0.287455
0.048250 0.246247
0.048300 0.241659
0.048350 0.234155
0.048400 0.261514
0.048450 0.277320
0.048500 0.259192
0.048550 0.281834
0.048600 0.274385
0.048650 0.254253
0.048700 0.258436
0.048750 0.247018
0.048800 0.272693
0.048850 0.272043
0.048900 0.272372
0.048950 0.250164
0.049000 0.239662
0.049050 0.236004
0.049100 0.281487
0.049150 0.224775
0.049200 0.228962
0.049250 0.278520
0.049300 0.269011
0.049350 0.238727
0.049400 0.214287
0.049450 0.253135
0.049500 0.270301
0.049550 0.256769
0.049600 0.240219
0.049650 0.223621
0.049700 0.283590
0.049750 0.292946
0.049800 0.264446
0.049850 0.280772
0.049900 0.229217
0.049950 0.295509
0.050000 0.283924
0.050050 0.226214
0.050100 0.268633
0.050150 0.272025
0.050200 0.235229
0.050250 0.239571
0.050300 0.270110
0.050350 0.224134
0.050400 0.235536
0.050450 0.238894
0.050500 0.275627
0.050550 0.246691
0.050600 0.249074
0.050650 0.296082
0.050700 0.261016
0.050750 0.239056
0.050800 0.270934
0.050850 0.226558
0.050900 0.239117
0.050950 0.254775
0.051000 0.282733
0.051050 0.252521
0.051100 0.270303
0.051150 0.253323
0.051200 0.284470
0.051250 0.253124
0.051300 0.268930
0.051350 0.243664
0.051400 0.257428
0.051450 0.218704
0.051500 0.218016
0.051550 0.230744
0.051600 0.235247
0.051650 0.247003
0.051700 0.221535
0.051750 0.239507
0.051800 0.238867
0.051850 0.246531
0.051900 0.215776
0.051950 0.248374
0.052000 0.259207
0.052050 0.253401
0.052100 0.258010
0.052150 0.257414
0.052200 0.256818
0.052250 0.218566
0.052300 0.259778
0.052350 0.232990
0.052400 0.242842
0.052450 0.234874
0.052500 0.228987
0.052550 0.238865
0.052600 0.260356
0.052650 0.235534
0.052700 0.239128
0.052750 0.216334
0.052800 0.236814
0.052850 0.259470
0.052900 0.263130
0.052950 0.267862
0.053000 0.251389
0.053050 0.264607
0.053100 0.244911
0.053150 0.240057
0.053200 0.249036
0.053250 0.254844
0.053300 0.225459
0.053350 0.285705
0.053400 0.259533
0.053450 0.265389
0.053500 0.241275
0.053550 0.254615
0.053600 0.234731
0.053650 0.258827
0.053700 0.251817
0.053750 0.230801
0.053800 0.201112
0.053850 0.246802
0.053900 0.274278
0.053950 0.245672
0.054000 0.234284
0.054050 0.243424
0.054100 0.221184
0.054150 0.236824
0.054200 0.270954
0.054250 0.231332
0.054300 0.213342
0.054350 0.275816
0.054400 0.237187
0.054450 0.263853
0.054500 0.267683
0.054550 0.234397
0.054600 0.250206
0.054650 0.245274
0.054700 0.251280
0.054750 0.267168
0.054800 0.255676
0.054850 0.263918
0.054900 0.239214
0.054950 0.256244
0.055000 0.242494
0.055050 0.238626
0.055100 0.217101
0.055150 0.239679
0.055200 0.207070
0.055250 0.267278
0.055300 0.239091
0.055350 0.248501
0.055400 0.246848
0.055450 0.210782
0.055500 0.241280
0.055550 0.229606
0.055600 0.262422
0.055650 0.256338
0.055700 0.276999
0.055750 0.227409
0.055800 0.215665
0.055850 0.216189
0.055900 0.224549
0.055950 0.211653
0.056000 0.255895
0.056050 0.240791
0.056100 0.234632
0.056150 0.213846
0.056200 0.240256
0.056250 0.253226
0.056300 0.254962
0.056350 0.229632
0.056400 0.255041
0.056450 0.224019
0.056500 0.248335
0.056550 0.277245
0.056600 0.283573
0.056650 0.228683
0.056700 0.236074
0.056750 0.270750
0.056800 0.239573
0.056850 0.216281
0.056900 0.265825
0.056950 0.222021
0.057000 0.223743
0.057050 0.226613
0.057100 0.275212
0.057150 0.231276
0.057200 0.233026
0.057250 0.245096
0.057300 0.230818
0.057350 0.223392
0.057400 0.259610
0.057450 0.230374
0.057500 0.232140
0.057550 0.237368
0.057600 0.228775
0.057650 0.252473
0.057700 0.213864
0.057750 0.245672
0.057800 0.267151
0.057850 0.208785
0.057900 0.207060
0.057950 0.218092
0.058000 0.243086
0.058050 0.266984
0.058100 0.213024
0.058150 0.218290
0.058200 0.234056
0.058250 0.260358
0.058300 0.247051
0.058350 0.215023
0.058400 0.240195
0.058450 0.213953
0.058500 0.263760
0.058550 0.200012
0.058600 0.244018
0.058650 0.242352
0.058700 0.196033
0.058750 0.227213
0.058800 0.237288
0.058850 0.263882
0.058900 0.262249
0.058950 0.229933
0.059000 0.228242
0.059050 0.238368
0.059100 0.252070
0.059150 0.203056
0.059200 0.255829
0.059250 0.271971
0.059300 0.237114
0.059350 0.192666
0.059400 0.215880
0.059450 0.229634
0.059500 0.244615
0.059550 0.214339
0.059600 0.235287
0.059650 0.224051
0.059700 0.217568
0.059750 0.243362
0.059800 0.308723
0.059850 0.224499
0.059900 0.203612
0.059950 0.263074
0.060000 0.238616
0.060050 0.203280
0.060100 0.230413
0.060150 0.214271
0.060200 0.210140
0.060250 0.231326
0.060300 0.234461
0.060350 0.235189
0.060400 0.287907
0.060450 0.235487
0.060500 0.253176
0.060550 0.258790
0.060600 0.228029
0.060650 0.228757
0.060700 0.205188
0.060750 0.219258
0.060800 0.283261
0.060850 0.226841
0.060900 0.240985
0.060950 0.208805
0.061000 0.226608
0.061050 0.251788
0.061100 0.244010
0.061150 0.210510
0.061200 0.243079
0.061250 0.258565
0.061300 0.212740
0.061350 0.226976
0.061400 0.221584
0.061450 0.259230
0.061500 0.231726
0.061550 0.268220
0.061600 0.203698
0.061650 0.274760
0.061700 0.207676
0.061750 0.231894
0.061800 0.233906
0.061850 0.221068
0.061900 0.200766
0.061950 0.234976
0.062000 0.222112
0.062050 0.239026
0.062100 0.249767
0.062150 0.209531
0.062200 0.190364
0.062250 0.220992
0.062300 0.245460
0.062350 0.236292
0.062400 0.242091
0.062450 0.262905
0.062500 0.211212
0.062550 0.225752
0.062600 0.216521
0.062650 0.199745
0.062700 0.215560
0.062750 0.228902
0.062800 0.242277
0.062850 0.199075
0.062900 0.241383
0.062950 0.242213
0.063000 0.210260
0.063050 0.205996
0.063100 0.240876
0.063150 0.250560
0.063200 0.237498
0.063250 0.226938
0.063300 0.232825
0.063350 0.227315
0.063400 0.229407
0.063450 0.237855
0.063500 0.209465
0.063550 0.221713
0.063600 0.231445
0.063650 0.239927
0.063700 0.214005
0.063750 0.225027
0.063800 0.274386
0.063850 0.285522
0.063900 0.222503
0.063950 0.222057
0.064000 0.226735
0.064050 0.218605
0.064100 0.248947
0.064150 0.240841
0.064200 0.226292
0.064250 0.202708
0.064300 0.230550
0.064350 0.272626
0.064400 0.216837
0.064450 0.225419
0.064500 0.259842
0.064550 0.234914
0.064600 0.237082
0.064650 0.206906
0.064700 0.197381
0.064750 0.193019
0.064800 0.215885
0.064850 0.220633
0.064900 0.207207
0.064950 0.245751
0.065000 0.229743
0.065050 0.244947
0.065100 0.208067
0.065150 0.231087
0.065200 0.220231
0.065250 0.238083
0.065300 0.242907
0.065350 0.215043
0.065400 0.252566
0.065450 0.231226
0.065500 0.243924
0.065550 0.179244
0.065600 0.231274
0.065650 0.224294
0.065700 0.221244
0.065750 0.230032
0.065800 0.219086
0.065850 0.188346
0.065900 0.228763
0.065950 0.216473
0.066000 0.229255
0.066050 0.205051
0.066100 0.215191
0.066150 0.251835
0.066200 0.218338
0.066250 0.228524
0.066300 0.220156
0.066350 0.207786
0.066400 0.236588
0.066450 0.194966
0.066500 0.242428
0.066550 0.254034
0.066600 0.208348
0.066650 0.238598
0.066700 0.239547
0.066750 0.208435
0.066800 0.213353
0.066850 0.246381
0.066900 0.207178
0.066950 0.221488
0.067000 0.241195
0.067050 0.251553
0.067100 0.193442
0.067150 0.219874
0.067200 0.216776
0.067250 0.210980
0.067300 0.226724
0.067350 0.242504
0.067400 0.225944
0.067450 0.217448
0.067500 0.242709
0.067550 0.181499
0.067600 0.236512
0.067650 0.236134
0.067700 0.230336
0.067750 0.215034
0.067800 0.241766
0.067850 0.238682
0.067900 0.249182
0.067950 0.227066
0.068000 0.218512
0.068050 0.226284
0.068100 0.262697
0.068150 0.251451
0.068200 0.233356
0.068250 0.200196
0.068300 0.220277
0.068350 0.236299
0.068400 0.229084
0.068450 0.202674
0.068500 0.203627
0.068550 0.258091
0.068600 0.230295
0.068650 0.240911
0.068700 0.219926
0.068750 0.234672
0.068800 0.217780
0.068850 0.218766
0.068900 0.240440
0.068950 0.197302
0.069000 0.199644
0.069050 0.177116
0.069100 0.216775
0.069150 0.185937
0.069200 0.239518
0.069250 0.237776
0.069300 0.247127
0.069350 0.220411
0.069400 0.215862
0.069450 0.212694
0.069500 0.169181
0.069550 0.203527
0.069600 0.233769
0.069650 0.241773
0.069700 0.195390
0.069750 0.203352
0.069800 0.216920
0.069850 0.229120
0.069900 0.241347
0.069950 0.206001
0.070000 0.242031
0.070050 0.212245
0.070100 0.227292
0.070150 0.218504
0.070200 0.211103
0.070250 0.227589
0.070300 0.235669
0.070350 0.219831
0.070400 0.223686
0.070450 0.212040
0.070500 0.187671
0.070550 0.232439
0.070600 0.222196
0.070650 0.202034
0.070700 0.224280
0.070750 0.219670
0.070800 0.210800
0.070850 0.234526
0.070900 0.246951
0.070950 0.257983
0.071000 0.234935
0.071050 0.218949
0.071100 0.215737
0.071150 0.225335
0.071200 0.200754
0.071250 0.226032
0.071300 0.197138
0.071350 0.215308
0.071400 0.226372
0.071450 0.227450
0.071500 0.219945
0.071550 0.219585
0.071600 0.217792
0.071650 0.194486
0.071700 0.205572
0.071750 0.192270
0.071800 0.227799
0.071850 0.257651
0.071900 0.267420
0.071950 0.244090
0.072000 0.214948
0.072050 0.191514
0.072100 0.269042
0.072150 0.226880
0.072200 0.249656
0.072250 0.233438
0.072300 0.198376
0.072350 0.253018
0.072400 0.246916
0.072450 0.198752
0.072500 0.186764
0.072550 0.205244
0.072600 0.252823
0.072650 0.168187
0.072700 0.217237
0.072750 0.200869
0.072800 0.228178
0.072850 0.224926
0.072900 0.198324
0.072950 0.205248
0.073000 0.219492
0.073050 0.210374
0.073100 0.233424
0.073150 0.224314
0.073200 0.264996
0.073250 0.222200
0.073300 0.185185
0.073350 0.193603
0.073400 0.194694
0.073450 0.223718
0.073500 0.211614
0.073550 0.228926
0.073600 0.203557
0.073650 0.186981
0.073700 0.219047
0.073750 0.246751
0.073800 0.219863
0.073850 0.228393
0.073900 0.192571
0.073950 0.246957
0.074000 0.237771
0.074050 0.207819
0.074100 0.192637
0.074150 0.201169
0.074200 0.221599
0.074250 0.234641
0.074300 0.231353
0.074350 0.235499
0.074400 0.239654
0.074450 0.240838
0.074500 0.221151
0.074550 0.237233
0.074600 0.220502
0.074650 0.217184
0.074700 0.206385
0.074750 0.192573
0.074800 0.217656
0.074850 0.188862
0.074900 0.236460
0.074950 0.219654
0.075000 0.211821
0.075050 0.191957
0.075100 0.254719
0.075150 0.221351
0.075200 0.221027
0.075250 0.180041
0.075300 0.194733
0.075350 0.206439
0.075400 0.219678
0.075450 0.226904
0.075500 0.231123
0.075550 0.211159
0.075600 0.213851
0.075650 0.227147
0.075700 0.201080
0.075750 0.185574
0.075800 0.215548
0.075850 0.218258
0.075900 0.195151
0.075950 0.196319
0.076000 0.221826
0.076050 0.215422
0.076100 0.239466
0.076150 0.213266
0.076200 0.197690
0.076250 0.241598
0.076300 0.215351
0.076350 0.210445
0.076400 0.222349
0.076450 0.194497
0.076500 0.206397
0.076550 0.213725
0.076600 0.214936
0.076650 0.242228
0.076700 0.180544
0.076750 0.226260
0.076800 0.207512
0.076850 0.194880
0.076900 0.220699
0.076950 0.183429
0.077000 0.220055
0.077050 0.224371
0.077100 0.194750
0.077150 0.216024
0.077200 0.245065
0.077250 0.198409
0.077300 0.213543
0.077350 0.253475
0.077400 0.216035
0.077450 0.204873
0.077500 0.226261
0.077550 0.187163
0.077600 0.208557
0.077650 0.208237
0.077700 0.189257
0.077750 0.213809
0.077800 0.190142
0.077850 0.216286
0.077900 0.228450
0.077950 0.181358
0.078000 0.177884
0.078050 0.216578
0.078100 0.250658
0.078150 0.208168
0.078200 0.220372
0.078250 0.231034
0.078300 0.200975
0.078350 0.194379
0.078400 0.223858
0.078450 0.251824
0.078500 0.212291
0.078550 0.193119
0.078600 0.228966
0.078650 0.186182
0.078700 0.207892
0.078750 0.243828
0.078800 0.243562
0.078850 0.207002
0.078900 0.233533
0.078950 0.179535
0.079000 0.166541
0.079050 0.186745
0.079100 0.218069
0.079150 0.197181
0.079200 0.220634
0.079250 0.225100
0.079300 0.191487
0.079350 0.222919
0.079400 0.189262
0.079450 0.198472
0.079500 0.220428
0.079550 0.207402
0.079600 0.208689
0.079650 0.198821
0.079700 0.198505
0.079750 0.231705
0.079800 0.205879
0.079850 0.213563
0.079900 0.203673
0.079950 0.193765
0.080000 0.203051
0.080050 0.205947
0.080100 0.184804
0.080150 0.182870
0.080200 0.221058
0.080250 0.191866
0.080300 0.207616
0.080350 0.202492
0.080400 0.234366
0.080450 0.213170
0.080500 0.216100
0.080550 0.209364
0.080600 0.217133
0.080650 0.208777
0.080700 0.206866
0.080750 0.225960
0.080800 0.201431
0.080850 0.220543
0.080900 0.204073
0.080950 0.210253
0.081000 0.226171
0.081050 0.238875
0.081100 0.288932
0.081150 0.334210
0.081200 0.330822
0.081250 0.372956
0.081300 0.372866
0.081350 0.481852
0.081400 0.659457
0.081450 0.817829
0.081500 1.100448
0.081550 1.455394
0.081600 1.957961
0.081650 2.655895
0.081700 3.306057
0.081750 4.317327
0.081800 5.728236
0.081850 6.892746
0.081900 8.297032
0.081950 10.290994
0.082000 11.469727
0.082050 12.438775
0.082100 13.608372
0.082150 14.492378
0.082200 14.524213
0.082250 14.317405
0.082300 13.840081
0.082350 12.913601
0.082400 11.968915
0.082450 10.824483
0.082500 9.841394
0.082550 8.701208
0.082600 7.775474
0.082650 6.920818
0.082700 6.057976
0.082750 5.610868
0.082800 5.206020
0.082850 4.609758
0.082900 4.191579
0.082950 3.829075
0.083000 3.646957
0.083050 3.496081
0.083100 3.313329
0.083150 2.967169
0.083200 2.973359
0.083250 2.781301
0.083300 2.563887
0.083350 2.624633
0.083400 2.465176
0.083450 2.285388
0.083500 2.148719
0.083550 2.297713
0.083600 2.135793
0.083650 1.965209
0.083700 1.847916
0.083750 1.877898
0.083800 1.730169
0.083850 1.650971
0.083900 1.716023
0.083950 1.769429
0.084000 1.636337
0.084050 1.630837
0.084100 1.561371
0.084150 1.552403
0.084200 1.513087
0.084250 1.557999
0.084300 1.408984
0.084350 1.433566
0.084400 1.370362
0.084450 1.406754
0.084500 1.416153
0.084550 1.334199
0.084600 1.324897
0.084650 1.251205
0.084700 1.241791
0.084750 1.347687
0.084800 1.229765
0.084850 1.296715
0.084900 1.258444
0.084950 1.264304
0.085000 1.188525
0.085050 1.185797
0.085100 1.315897
0.085150 1.185513
0.085200 1.160608
0.085250 1.183426
0.085300 1.168729
0.085350 1.145465
0.085400 1.122159
0.085450 1.114201
0.085500 1.102806
0.085550 1.130766
0.085600 1.073124
0.085650 1.111364
0.085700 1.084500
0.085750 1.004392
0.085800 1.107862
0.085850 1.110150
0.085900 0.969764
0.085950 1.063052
0.086000 1.116919
0.086050 1.053783
0.086100 1.043949
0.086150 0.982377
0.086200 1.000047
0.086250 1.043637
0.086300 0.990590
0.086350 1.011754
0.086400 1.019122
0.086450 0.960762
0.086500 0.994043
0.086550 1.003133
0.086600 0.941185
0.086650 0.950223
0.086700 0.879466
0.086750 0.940522
0.086800 0.906148
0.086850 0.923854
0.086900 0.859857
0.086950 0.947129
0.087000 0.940537
0.087050 0.865995
0.087100 0.857558
0.087150 0.913634
0.087200 0.933161
0.087250 0.914309
0.087300 0.902412
0.087350 0.972650
0.087400 0.871606
0.087450 0.864888
0.087500 0.854656
0.087550 0.888206
0.087600 0.841175
0.087650 0.827389
0.087700 0.792519
0.087750 0.882265
0.087800 0.903641
0.087850 0.845943
0.087900 0.811013
0.087950 0.930903
0.088000 0.862570
0.088050 0.831122
0.088100 0.841932
0.088150 0.808660
0.088200 0.868876
0.088250 0.800276
0.088300 0.841113
0.088350 0.823675
0.088400 0.769058
0.088450 0.834708
0.088500 0.774728
0.088550 0.870582
0.088600 0.760930
0.088650 0.839136
0.088700 0.867774
0.088750 0.782796
0.088800 0.814956
0.088850 0.818722
0.088900 0.790472
0.088950 0.771074
0.089000 0.840693
0.089050 0.828457
0.089100 0.851860
0.089150 0.773614
0.089200 0.747001
0.089250 0.752491
0.089300 0.770499
0.089350 0.790325
0.089400 0.747569
0.089450 0.778131
0.089500 0.814117
0.089550 0.765939
0.089600 0.742782
0.089650 0.719586
0.089700 0.768151
0.089750 0.753937
0.089800 0.764857
0.089850 0.784785
0.089900 0.747178
0.089950 0.691508
0.090000 0.720392
0.090050 0.713284
0.090100 0.724194
0.090150 0.641314
0.090200 0.794751
0.090250 0.733529
0.090300 0.733643
0.090350 0.695789
0.090400 0.699479
0.090450 0.764715
0.090500 0.755808
0.090550 0.721518
0.090600 0.728870
0.090650 0.728978
0.090700 0.698231
0.090750 0.696489
0.090800 0.707463
0.090850 0.696639
0.090900 0.753100
0.090950 0.724114
0.091000 0.747889
0.091050 0.695179
0.091100 0.677019
0.091150 0.775565
0.091200 0.797623
0.091250 0.699201
0.091300 0.684659
0.091350 0.673749
0.091400 0.697572
0.091450 0.657384
0.091500 0.672060
0.091550 0.684928
0.091600 0.701483
0.091650 0.734571
0.091700 0.679633
0.091750 0.696209
0.091800 0.721997
0.091850 0.712905
0.091900 0.703798
0.091950 0.652356
0.092000 0.595307
0.092050 0.689209
0.092100 0.622923
0.092150 0.602629
0.092200 0.670862
0.092250 0.711516
0.092300 0.680203
0.092350 0.634055
0.092400 0.680282
0.092450 0.645184
0.092500 0.617433
0.092550 0.648901
0.092600 0.652625
0.092650 0.663771
0.092700 0.652675
0.092750 0.648985
0.092800 0.628576
0.092850 0.630430
0.092900 0.689916
0.092950 0.636038
0.093000 0.678845
0.093050 0.673309
0.093100 0.636093
0.093150 0.682697
0.093200 0.738701
0.093250 0.617525
0.093300 0.690322
0.093350 0.671704
0.093400 0.660532
0.093450 0.668042
0.093500 0.649370
0.093550 0.653132
0.093600 0.613821
0.093650 0.610053
0.093700 0.610029
0.093750 0.655029
0.093800 0.662561
0.093850 0.630667
0.093900 0.593085
0.093950 0.613723
0.094000 0.587369
0.094050 0.628725
0.094100 0.647551
0.094150 0.613655
0.094200 0.589130
0.094250 0.653208
0.094300 0.675874
0.094350 0.604176
0.094400 0.645704
0.094450 0.617368
0.094500 0.657063
0.094550 0.596545
0.094600 0.643832
0.094650 0.609752
0.094700 0.569933
0.094750 0.602099
0.094800 0.640007
0.094850 0.636219
0.094900 0.611536
0.094950 0.592514
0.095000 0.558254
0.095050 0.554372
0.095100 0.577126
0.095150 0.607532
0.095200 0.548451
0.095250 0.607449
0.095300 0.599795
0.095350 0.592129
0.095400 0.632176
0.095450 0.628356
0.095500 0.643640
0.095550 0.593940
0.095600 0.647464
0.095650 0.676190
0.095700 0.574741
0.095750 0.603421
0.095800 0.561217
0.095850 0.584159
0.095900 0.582190
0.095950 0.622458
0.096000 0.595554
0.096050 0.580140
0.096100 0.591624
0.096150 0.622366
0.096200 0.585781
0.096250 0.610771
0.096300 0.543304
0.096350 0.595268
0.096400 0.574011
0.096450 0.533421
0.096500 0.573870
0.096550 0.583470
0.096600 0.571822
0.096650 0.536948
0.096700 0.556200
0.096750 0.596778
0.096800 0.594805
0.096850 0.554069
0.096900 0.495819
0.096950 0.559699
0.097000 0.613973
0.097050 0.522681
0.097100 0.559486
0.097150 0.561356
0.097200 0.584624
0.097250 0.559278
0.097300 0.598144
0.097350 0.592266
0.097400 0.539603
0.097450 0.598009
0.097500 0.586269
0.097550 0.553039
0.097600 0.529523
0.097650 0.591947
0.097700 0.607547
0.097750 0.541019
0.097800 0.636820
0.097850 0.570254
0.097900 0.540807
0.097950 0.577955
0.098000 0.558291
0.098050 0.573913
0.098100 0.542447
0.098150 0.548249
0.098200 0.504935
0.098250 0.567719
0.098300 0.524381
0.098350 0.549857
0.098400 0.541899
0.098450 0.496499
0.098500 0.549580
0.098550 0.559358
0.098600 0.547448
0.098650 0.596714
0.098700 0.576930
0.098750 0.513644
0.098800 0.527365
0.098850 0.566821
0.098900 0.517282
0.098950 0.505288
0.099000 0.574497
0.099050 0.542729
0.099100 0.552556
0.099150 0.554462
0.099200 0.623861
0.099250 0.596051
0.099300 0.613900
0.099350 0.458820
0.099400 0.591911
0.099450 0.562023
0.099500 0.571910
0.099550 0.549940
0.099600 0.510000
0.099650 0.521844
0.099700 0.497796
0.099750 0.519620
0.099800 0.487558
0.099850 0.533370
0.099900 0.555263
0.099950 0.549189
0.100000 0.511090
0.100050 0.534996
0.100100 0.504857
0.100150 0.524773
0.100200 0.546724
0.100250 0.548648
0.100300 0.480330
0.100350 0.532390
0.100400 0.512204
0.100450 0.546258
0.100500 0.526066
0.100550 0.538036
0.100600 0.487621
0.100650 0.491509
0.100700 0.509508
0.100750 0.499310
0.100800 0.529437
0.100850 0.493015
0.100900 0.521147
0.100950 0.496801
0.101000 0.522944
0.101050 0.510708
0.101100 0.514638
0.101150 0.528694
0.101200 0.504296
0.101250 0.566980
0.101300 0.520299
0.101350 0.487745
0.101400 0.516013
0.101450 0.501693
0.101500 0.580778
0.101550 0.507580
0.101600 0.517627
0.101650 0.521587
0.101700 0.519448
0.101750 0.521378
0.101800 0.468312
0.101850 0.476308
0.101900 0.516940
0.101950 0.494392
0.102000 0.516713
0.102050 0.471681
0.102100 0.463357
0.102150 0.477505
0.102200 0.520304
0.102250 0.485418
0.102300 0.493468
0.102350 0.515866
0.102400 0.491170
0.102450 0.501288
0.102500 0.453993
0.102550 0.513333
0.102600 0.523488
0.102650 0.513118
0.102700 0.490403
0.102750 0.543727
0.102800 0.467538
0.102850 0.483848
0.102900 0.526949
0.102950 0.528913
0.103000 0.504087
0.103050 0.565829
0.103100 0.520385
0.103150 0.549179
0.103200 0.503675
0.103250 0.491161
0.103300 0.511701
0.103350 0.455755
0.103400 0.534213
0.103450 0.488585
0.103500 0.442891
0.103550 0.511091
0.103600 0.517200
0.103650 0.529540
0.103700 0.508698
0.103750 0.462914
0.103800 0.489759
0.103850 0.504175
0.103900 0.499901
0.103950 0.535141
0.104000 0.485111
0.104050 0.480813
0.104100 0.491090
0.104150 0.501382
0.104200 0.447054
0.104250 0.465658
0.104300 0.496811
0.104350 0.492513
0.104400 0.511188
0.104450 0.458830
0.104500 0.548585
0.104550 0.552697
0.104600 0.479374
0.104650 0.495988
0.104700 0.479106
0.104750 0.447528
0.104800 0.497688
0.104850 0.501764
0.104900 0.484856
0.104950 0.499424
0.105000 0.463589
0.105050 0.440315
0.105100 0.503231
0.105150 0.475765
0.105200 0.462995
0.105250 0.504963
0.105300 0.530135
0.105350 0.502643
0.105400 0.534164
0.105450 0.432800
0.105500 0.468507
0.105550 0.476809
0.105600 0.470332
0.105650 0.482872
0.105700 0.451015
0.105750 0.446621
0.105800 0.427402
0.105850 0.461106
0.105900 0.484263
0.105950 0.454453
0.106000 0.445811
0.106050 0.443523
0.106100 0.509168
0.106150 0.449590
0.106200 0.496178
0.106250 0.413146
0.106300 0.425712
0.106350 0.472344
0.106400 0.476462
0.106450 0.455026
0.106500 0.448477
0.106550 0.463239
0.106600 0.471623
0.106650 0.512029
0.106700 0.432932
0.106750 0.496836
0.106800 0.464665
0.106850 0.466657
0.106900 0.498598
0.106950 0.474944
0.107000 0.446975
0.107050 0.423251
0.107100 0.470213
0.107150 0.472217
0.107200 0.482804
0.107250 0.497698
0.107300 0.452497
0.107350 0.544705
0.107400 0.443632
0.107450 0.424118
0.107500 0.533637
0.107550 0.486213
0.107600 0.427958
0.107650 0.511786
0.107700 0.410401
0.107750 0.487823
0.107800 0.425148
0.107850 0.498340
0.107900 0.504705
0.107950 0.480839
0.108000 0.456940
0.108050 0.495706
0.108100 0.465310
0.108150 0.463004
0.108200 0.436880
0.108250 0.438878
0.108300 0.464716
0.108350 0.479750
0.108400 0.468777
0.108450 0.481659
0.108500 0.455481
0.108550 0.474879
0.108600 0.403038
0.108650 0.522410
0.108700 0.474472
0.108750 0.415588
0.108800 0.463296
0.108850 0.450086
0.108900 0.476080
0.108950 0.414910
0.109000 0.497602
0.109050 0.475672
0.109100 0.386039
0.109150 0.464451
0.109200 0.444646
0.109250 0.486022
0.109300 0.422479
0.109350 0.387293
0.109400 0.415540
0.109450 0.424116
0.109500 0.412985
0.109550 0.447871
0.109600 0.452103
0.109650 0.451953
0.109700 0.388148
0.109750 0.466996
0.109800 0.455875
0.109850 0.391987
0.109900 0.448957
