0.055974 -0.0250000004 0.0341829731 -0.00751826754 asynchronous_release_1
0.043281 -0.0250000004 -0.0253959662 -0.0240841213 asynchronous_release_0
0.031889 -0.0250000004 0.0280405953 -0.0209457637 asynchronous_release_0
0.069329 -0.0250000004 -0.0280405953 0.0209457637 asynchronous_release_0
0.064476 -0.0250000004 0.0348938248 0.00272414968 asynchronous_release_0
0.067805 -0.0250000004 -0.0181241497 0.0299418636 asynchronous_release_0
0.064884 -0.0250000004 0.0349988604 0.000282433204 asynchronous_release_0
0.050073 -0.0250000004 0.0336446018 -0.00964576418 asynchronous_release_0
0.059495 -0.0250000004 -0.00846882411 0.033959962 asynchronous_release_0
0.046351 -0.0250000004 -0.0326036298 0.0127280527 asynchronous_release_0
0.050378 -0.0250000004 -0.0272792847 0.0219280785 asynchronous_release_0
0.031629 -0.0250000004 0.0254418495 -0.0240356463 asynchronous_release_0
0.063403 -0.0250000004 0.033285955 -0.010818743 asynchronous_release_0
0.043439 -0.0250000004 -0.0349264194 0.00226830936 asynchronous_release_0
0.069396 -0.0250000004 0.0306615675 -0.0168780412 asynchronous_release_0
0.041421 -0.0250000004 -0.00241286777 0.0349167305 asynchronous_release_0
0.010227 -0.0250000004 0.011961448 -0.0328926095 asynchronous_release_0
0.046642 -0.0250000004 -0.0151593434 0.0315467004 asynchronous_release_0
0.023744 -0.0250000004 0.000129476532 -0.0349997605 asynchronous_release_0
0.064043 -0.0250000004 -0.0349982259 -0.000352394053 asynchronous_release_0
0.067135 -0.0250000004 0.0139793044 -0.0320870542 asynchronous_release_0
0.050424 -0.0250000004 0.0115210337 0.0595169369 asynchronous_release_3
0.03043 -0.0250000004 0.0292627959 -0.0192012702 asynchronous_release_0
0.058551 -0.0250000004 0.00625924521 0.0344357641 asynchronous_release_0
0.035717 -0.0250000004 -0.0291904873 -0.0193110189 asynchronous_release_0
0.060037 -0.0250000004 0.0311213097 -0.0160144959 asynchronous_release_0
0.045273 -0.0250000004 -0.000980385763 -0.000197088191 asynchronous_release_1
0.055676 -0.0250000004 -0.0220751413 0.0271604148 asynchronous_release_0
0.05413 -0.0250000004 0.0275883223 -0.0215379774 asynchronous_release_0
0.058701 -0.0250000004 0.0284346792 -0.0204075726 asynchronous_release_0
0.064897 -0.0250000004 -0.0305268684 0.0171204645 asynchronous_release_0
0.022897 -0.0250000004 -0.0284783539 -0.020346581 asynchronous_release_0
0.061767 -0.0250000004 -0.0256683134 0.023793648 asynchronous_release_0
0.06908 -0.0250000004 -0.0285741698 -0.0202117991 asynchronous_release_0
0.057557 -0.0250000004 -0.03396444 -0.00845084712 asynchronous_release_0
0.049661 -0.0250000004 -0.0340795828 -0.00797383466 asynchronous_release_0
0.066254 -0.0250000004 0.0340795828 0.00797383466 asynchronous_release_0
0.054696 -0.0250000004 -0.0188553543 0.0294868719 asynchronous_release_0
0.049687 -0.0250000004 0.0283990316 -0.0204571504 asynchronous_release_0
0.036685 -0.0250000004 0.0271904986 -0.0220380758 asynchronous_release_0
0.023351 -0.0250000004 0.0349982933 -0.000345635884 asynchronous_release_0
0.054624 -0.0250000004 -0.0252802948 -0.0242055096 asynchronous_release_0
0.051888 -0.0250000004 0.0331446997 0.0112440597 asynchronous_release_1
0.066493 -0.0250000004 0.033672856 0.00954666262 asynchronous_release_0
0.059182 -0.0250000004 -0.00741963781 -0.0342045169 asynchronous_release_0
0.064798 -0.0250000004 -0.0333317994 -0.0106766636 asynchronous_release_0
0.068066 -0.0250000004 0.00081582425 0.000578299916 asynchronous_release_0
0.063907 -0.0250000004 -0.00810423312 0.0340488092 asynchronous_release_0
0.068717 -0.0250000004 0.0209551895 -0.0280335519 asynchronous_release_0
0.06171 -0.0250000004 -0.0163858296 -0.0309274084 asynchronous_release_0
0.064044 -0.0250000004 0.0346845039 0.00468883677 asynchronous_release_0
0.052363 -0.0250000004 0.0291412907 -0.0193851793 asynchronous_release_0
0.014188 -0.0250000004 -0.00972670866 0.03362129 asynchronous_release_0
0.017166 -0.0250000004 0.0280364913 -0.0209512567 asynchronous_release_0
0.049263 -0.0250000004 -0.00589384674 0.0345001822 asynchronous_release_0
0.06477 -0.0250000004 -0.0348620317 0.00310463275 asynchronous_release_0
0.057461 -0.0250000004 0.0345868628 -0.00536180233 asynchronous_release_0
