0.000000 0.114921
0.000050 0.070615
0.000100 0.072689
0.000150 0.084463
0.000200 0.060227
0.000250 0.091383
0.000300 0.102459
0.000350 0.090691
0.000400 0.104534
0.000450 0.131538
0.000500 0.103847
0.000550 0.079609
0.000600 0.109382
0.000650 0.113544
0.000700 0.081688
0.000750 0.050538
0.000800 0.095531
0.000850 0.160621
0.000900 0.061621
0.000950 0.087219
0.001000 0.140543
0.001050 0.146071
0.001100 0.090008
0.001150 0.135690
0.001200 0.197293
0.001250 0.214609
0.001300 0.233989
0.001350 0.308777
0.001400 0.355135
0.001450 0.414015
0.001500 0.690900
0.001550 0.945690
0.001600 1.016976
0.001650 1.374182
0.001700 1.838752
0.001750 2.554578
0.001800 3.010788
0.001850 3.863010
0.001900 4.537305
0.001950 5.398529
0.002000 6.056215
0.002050 6.547707
0.002100 7.282971
0.002150 7.070415
0.002200 7.925397
0.002250 7.965569
0.002300 7.277423
0.002350 6.822551
0.002400 6.499292
0.002450 5.321650
0.002500 4.889004
0.002550 4.111570
0.002600 3.588154
0.002650 3.196336
0.002700 2.885476
0.002750 2.507486
0.002800 2.508216
0.002850 2.277654
0.002900 1.898957
0.002950 1.968877
0.003000 1.752218
0.003050 1.604040
0.003100 1.751506
0.003150 1.489836
0.003200 1.280015
0.003250 1.399129
0.003300 1.273825
0.003350 1.253803
0.003400 1.409494
0.003450 1.191424
0.003500 1.077203
0.003550 1.157547
0.003600 1.140891
0.003650 1.027373
0.003700 1.113916
0.003750 1.068852
0.003800 0.886172
0.003850 0.914530
0.003900 0.994110
0.003950 0.998996
0.004000 1.023181
0.004050 0.989337
0.004100 1.071670
0.004150 1.082096
0.004200 1.052966
0.004250 0.980992
0.004300 1.070910
0.004350 0.850912
0.004400 0.869485
0.004450 0.862621
0.004500 0.846691
0.004550 0.931123
0.004600 0.915208
0.004650 0.924860
0.004700 0.874428
0.004750 0.891616
0.004800 0.809340
0.004850 0.877174
0.004900 0.761459
0.004950 0.681271
0.005000 0.843180
0.005050 0.686768
0.005100 0.768414
0.005150 0.800290
0.005200 0.821108
0.005250 0.870248
0.005300 0.823120
0.005350 0.720660
0.005400 0.764246
0.005450 0.588516
0.005500 0.758083
0.005550 0.753883
0.005600 0.713716
0.005650 0.823144
0.005700 0.752559
0.005750 0.851473
0.005800 0.691595
0.005850 0.769843
0.005900 0.768476
0.005950 0.637578
0.006000 0.748405
0.006050 0.751829
0.006100 0.796869
0.006150 0.687457
0.006200 0.772565
0.006250 0.625179
0.006300 0.772513
0.006350 0.622479
0.006400 0.730298
0.006450 0.661806
0.006500 0.703490
0.006550 0.736522
0.006600 0.675748
0.006650 0.657676
0.006700 0.691579
0.006750 0.714401
0.006800 0.583580
0.006850 0.610628
0.006900 0.601566
0.006950 0.677830
0.007000 0.630638
0.007050 0.756054
0.007100 0.600218
0.007150 0.760846
0.007200 0.643034
0.007250 0.629990
0.007300 0.670256
0.007350 0.558676
0.007400 0.642460
0.007450 0.658258
0.007500 0.642560
0.007550 0.655622
0.007600 0.538472
0.007650 0.567050
0.007700 0.624451
0.007750 0.668031
0.007800 0.715143
0.007850 0.739465
0.007900 0.634022
0.007950 0.535214
0.008000 0.603609
0.008050 0.664717
0.008100 0.630628
0.008150 0.657070
0.008200 0.593236
0.008250 0.584330
0.008300 0.627191
0.008350 0.705419
0.008400 0.549096
0.008450 0.577294
0.008500 0.589217
0.008550 0.665997
0.008600 0.562782
0.008650 0.569088
0.008700 0.698496
0.008750 0.681894
0.008800 0.643881
0.008850 0.644497
0.008900 0.686054
0.008950 0.742824
0.009000 0.600280
0.009050 0.738660
0.009100 0.689486
0.009150 0.576670
0.009200 0.646559
0.009250 0.495057
0.009300 0.589177
0.009350 0.611991
0.009400 0.474251
0.009450 0.589029
0.009500 0.567652
0.009550 0.508988
0.009600 0.700607
0.009650 0.671443
0.009700 0.567030
0.009750 0.558704
0.009800 0.564929
0.009850 0.649361
0.009900 0.490798
0.009950 0.532328
0.010000 0.573984
0.010050 0.668072
0.010100 0.561460
0.010150 0.640416
0.010200 0.549653
0.010250 0.577943
0.010300 0.723482
0.010350 0.621614
0.010400 0.670282
0.010450 0.557184
0.010500 0.649529
0.010550 0.591053
0.010600 0.567176
0.010650 0.620934
0.010700 0.616828
0.010750 0.468662
0.010800 0.610589
0.010850 0.665403
0.010900 0.594676
0.010950 0.510060
0.011000 0.562925
0.011050 0.596827
0.011100 0.520426
0.011150 0.582390
0.011200 0.449282
0.011250 0.462494
0.011300 0.583559
0.011350 0.600053
0.011400 0.513089
0.011450 0.608585
0.011500 0.629858
0.011550 0.638472
0.011600 0.496966
0.011650 0.586286
0.011700 0.689508
0.011750 0.568488
0.011800 0.568266
0.011850 0.427202
0.011900 0.447892
0.011950 0.531792
0.012000 0.538001
0.012050 0.435445
0.012100 0.485250
0.012150 0.579412
0.012200 0.577282
0.012250 0.581572
0.012300 0.599549
0.012350 0.468745
0.012400 0.574449
0.012450 0.482735
0.012500 0.483089
0.012550 0.434867
0.012600 0.515662
0.012650 0.537276
0.012700 0.560726
0.012750 0.586292
0.012800 0.400178
0.012850 0.568490
0.012900 0.458321
0.012950 0.463659
0.013000 0.455539
0.013050 0.481175
0.013100 0.531089
0.013150 0.620957
0.013200 0.516320
0.013250 0.553908
0.013300 0.470746
0.013350 0.451546
0.013400 0.580666
0.013450 0.529024
0.013500 0.479826
0.013550 0.391772
0.013600 0.549037
0.013650 0.422847
0.013700 0.464713
0.013750 0.446363
0.013800 0.411237
0.013850 0.614855
0.013900 0.526651
0.013950 0.601609
0.014000 0.498691
0.014050 0.482407
0.014100 0.447310
0.014150 0.443120
0.014200 0.461727
0.014250 0.613847
0.014300 0.511598
0.014350 0.502772
0.014400 0.443603
0.014450 0.583085
0.014500 0.591935
0.014550 0.548929
0.014600 0.538618
0.014650 0.511474
0.014700 0.510339
0.014750 0.508929
0.014800 0.459720
0.014850 0.583482
0.014900 0.434641
0.014950 0.534533
0.015000 0.430780
0.015050 0.504504
0.015100 0.539303
0.015150 0.454093
0.015200 0.564185
0.015250 0.504951
0.015300 0.455293
0.015350 0.470167
0.015400 0.443194
0.015450 0.466520
0.015500 0.377211
0.015550 0.468031
0.015600 0.352241
0.015650 0.416235
0.015700 0.440242
0.015750 0.463246
0.015800 0.387595
0.015850 0.491563
0.015900 0.385686
0.015950 0.396600
0.016000 0.412464
0.016050 0.448150
0.016100 0.471925
0.016150 0.399721
0.016200 0.399350
0.016250 0.384988
0.016300 0.521925
0.016350 0.486637
0.016400 0.550407
0.016450 0.449453
0.016500 0.483643
0.016550 0.400973
0.016600 0.474756
0.016650 0.472412
0.016700 0.647286
0.016750 0.440038
0.016800 0.436187
0.016850 0.498575
0.016900 0.495098
0.016950 0.581372
0.017000 0.375169
0.017050 0.522849
0.017100 0.462965
0.017150 0.434225
0.017200 0.463907
0.017250 0.546117
0.017300 0.479158
0.017350 0.422774
0.017400 0.390006
0.017450 0.481580
0.017500 0.532546
0.017550 0.342496
0.017600 0.486900
0.017650 0.368120
0.017700 0.479813
0.017750 0.466095
0.017800 0.370885
0.017850 0.460339
0.017900 0.478408
0.017950 0.406288
0.018000 0.411923
0.018050 0.377445
0.018100 0.430549
0.018150 0.429879
0.018200 0.423749
0.018250 0.451993
0.018300 0.407823
0.018350 0.554671
0.018400 0.378755
0.018450 0.314273
0.018500 0.490811
0.018550 0.439649
0.018600 0.382869
0.018650 0.505171
0.018700 0.506225
0.018750 0.449023
0.018800 0.489777
0.018850 0.437507
0.018900 0.385596
0.018950 0.390292
0.019000 0.417524
0.019050 0.438878
0.019100 0.391095
0.019150 0.355243
0.019200 0.586320
0.019250 0.342508
0.019300 0.435824
0.019350 0.338988
0.019400 0.490380
0.019450 0.433140
0.019500 0.522099
0.019550 0.458093
0.019600 0.414046
0.019650 0.388590
0.019700 0.502392
0.019750 0.461052
0.019800 0.470228
0.019850 0.354914
0.019900 0.455003
0.019950 0.487463
0.020000 0.417525
0.020050 0.489385
0.020100 0.351431
0.020150 0.410019
0.020200 0.402235
0.020250 0.387101
0.020300 0.437398
0.020350 0.485226
0.020400 0.475751
0.020450 0.481799
0.020500 0.401594
0.020550 0.306808
0.020600 0.357549
0.020650 0.437657
0.020700 0.444492
0.020750 0.416862
0.020800 0.412398
0.020850 0.478558
0.020900 0.410289
0.020950 0.399503
0.021000 0.452225
0.021050 0.477063
0.021100 0.466558
0.021150 0.337270
0.021200 0.434029
0.021250 0.390907
0.021300 0.407701
0.021350 0.449451
0.021400 0.382112
0.021450 0.353014
0.021500 0.351742
0.021550 0.382876
0.021600 0.431128
0.021650 0.393362
0.021700 0.406242
0.021750 0.498140
0.021800 0.404084
0.021850 0.324722
0.021900 0.371261
0.021950 0.395693
0.022000 0.364298
0.022050 0.448064
0.022100 0.318886
0.022150 0.322488
0.022200 0.321234
0.022250 0.404280
0.022300 0.429342
0.022350 0.344376
0.022400 0.303752
0.022450 0.423520
0.022500 0.405193
0.022550 0.362799
0.022600 0.330101
0.022650 0.343961
0.022700 0.364751
0.022750 0.351035
0.022800 0.355521
0.022850 0.427833
0.022900 0.419847
0.022950 0.424699
0.023000 0.329556
0.023050 0.340988
0.023100 0.367786
0.023150 0.349762
0.023200 0.415798
0.023250 0.388606
0.023300 0.365452
0.023350 0.409084
0.023400 0.342792
0.023450 0.370086
0.023500 0.351408
0.023550 0.223590
0.023600 0.334309
0.023650 0.398819
0.023700 0.345949
0.023750 0.335119
0.023800 0.356668
0.023850 0.340602
0.023900 0.347438
0.023950 0.377848
0.024000 0.358916
0.024050 0.397234
0.024100 0.368181
0.024150 0.390261
0.024200 0.432373
0.024250 0.327497
0.024300 0.374413
0.024350 0.368925
0.024400 0.440186
0.024450 0.414874
0.024500 0.417893
0.024550 0.415527
0.024600 0.414634
0.024650 0.371260
0.024700 0.466726
0.024750 0.413980
0.024800 0.343030
0.024850 0.436498
0.024900 0.438224
0.024950 0.396968
0.025000 0.351965
0.025050 0.349371
0.025100 0.413670
0.025150 0.380586
0.025200 0.383673
0.025250 0.309369
0.025300 0.395859
0.025350 0.334535
0.025400 0.327320
0.025450 0.308852
0.025500 0.353649
0.025550 0.376703
0.025600 0.372199
0.025650 0.420619
0.025700 0.368905
0.025750 0.527941
0.025800 0.423206
0.025850 0.415252
0.025900 0.355878
0.025950 0.363248
0.026000 0.376921
0.026050 0.400599
0.026100 0.306223
0.026150 0.305109
0.026200 0.425798
0.026250 0.280504
0.026300 0.337283
0.026350 0.394923
0.026400 0.338635
0.026450 0.380085
0.026500 0.394166
0.026550 0.341302
0.026600 0.373960
0.026650 0.308020
0.026700 0.369582
0.026750 0.374682
0.026800 0.350283
0.026850 0.309077
0.026900 0.315620
0.026950 0.313568
0.027000 0.326120
0.027050 0.383736
0.027100 0.370546
0.027150 0.352394
0.027200 0.393009
0.027250 0.365059
0.027300 0.332586
0.027350 0.376662
0.027400 0.372126
0.027450 0.312022
0.027500 0.357940
0.027550 0.348916
0.027600 0.370818
0.027650 0.359606
0.027700 0.381640
0.027750 0.306500
0.027800 0.331778
0.027850 0.306422
0.027900 0.354725
0.027950 0.351215
0.028000 0.451478
0.028050 0.374130
0.028100 0.367875
0.028150 0.366669
0.028200 0.397103
0.028250 0.390349
0.028300 0.335370
0.028350 0.265906
0.028400 0.332073
0.028450 0.287447
0.028500 0.323675
0.028550 0.203373
0.028600 0.338005
0.028650 0.357403
0.028700 0.367134
0.028750 0.359642
0.028800 0.327883
0.028850 0.292497
0.028900 0.369839
0.028950 0.364069
0.029000 0.387325
0.029050 0.325153
0.029100 0.348950
0.029150 0.353020
0.029200 0.350097
0.029250 0.399905
0.029300 0.327878
0.029350 0.317228
0.029400 0.354239
0.029450 0.340115
0.029500 0.471311
0.029550 0.280539
0.029600 0.352096
0.029650 0.358088
0.029700 0.293906
0.029750 0.290794
0.029800 0.434535
0.029850 0.410967
0.029900 0.368117
0.029950 0.333457
0.030000 0.267377
0.030050 0.365319
0.030100 0.332302
0.030150 0.325702
0.030200 0.380785
0.030250 0.352519
0.030300 0.343542
0.030350 0.300478
0.030400 0.333332
0.030450 0.444434
0.030500 0.394173
0.030550 0.324697
0.030600 0.520314
0.030650 0.284638
0.030700 0.392828
0.030750 0.385128
0.030800 0.347779
0.030850 0.301601
0.030900 0.354244
0.030950 0.460468
0.031000 0.341167
0.031050 0.371817
0.031100 0.378323
0.031150 0.349921
0.031200 0.349512
0.031250 0.389796
0.031300 0.462882
0.031350 0.261886
0.031400 0.285115
0.031450 0.377131
0.031500 0.241800
0.031550 0.315654
0.031600 0.380370
0.031650 0.299578
0.031700 0.351758
0.031750 0.315150
0.031800 0.293025
0.031850 0.338429
0.031900 0.360409
0.031950 0.437537
0.032000 0.432342
0.032050 0.427768
0.032100 0.351160
0.032150 0.366290
0.032200 0.304095
0.032250 0.377275
0.032300 0.292932
0.032350 0.258098
0.032400 0.335385
0.032450 0.437735
0.032500 0.347215
0.032550 0.440797
0.032600 0.285368
0.032650 0.306462
0.032700 0.374818
0.032750 0.379860
0.032800 0.318572
0.032850 0.307674
0.032900 0.377129
0.032950 0.292465
0.033000 0.299299
0.033050 0.269759
0.033100 0.355452
0.033150 0.284834
0.033200 0.302346
0.033250 0.373222
0.033300 0.276338
0.033350 0.297926
0.033400 0.300884
0.033450 0.394310
0.033500 0.392877
0.033550 0.305425
0.033600 0.326612
0.033650 0.294652
0.033700 0.282129
0.033750 0.447343
0.033800 0.335048
0.033850 0.298872
0.033900 0.312107
0.033950 0.269645
0.034000 0.346175
0.034050 0.290739
0.034100 0.220037
0.034150 0.441781
0.034200 0.322688
0.034250 0.328614
0.034300 0.365485
0.034350 0.338537
0.034400 0.272891
0.034450 0.313913
0.034500 0.367556
0.034550 0.296184
0.034600 0.320140
0.034650 0.321302
0.034700 0.333593
0.034750 0.295829
0.034800 0.200752
0.034850 0.318160
0.034900 0.342412
0.034950 0.331072
0.035000 0.281132
0.035050 0.346110
0.035100 0.346694
0.035150 0.259284
0.035200 0.285010
0.035250 0.409690
0.035300 0.273314
0.035350 0.277254
0.035400 0.331554
0.035450 0.299468
0.035500 0.325552
0.035550 0.373110
0.035600 0.350285
0.035650 0.345217
0.035700 0.379456
0.035750 0.308590
0.035800 0.316300
0.035850 0.354920
0.035900 0.370697
0.035950 0.359183
0.036000 0.318784
0.036050 0.286884
0.036100 0.351014
0.036150 0.339394
0.036200 0.308879
0.036250 0.353745
0.036300 0.379171
0.036350 0.273665
0.036400 0.228963
0.036450 0.255621
0.036500 0.327715
0.036550 0.317393
0.036600 0.301901
0.036650 0.253319
0.036700 0.267017
0.036750 0.360999
0.036800 0.310916
0.036850 0.315244
0.036900 0.246432
0.036950 0.293524
0.037000 0.286718
0.037050 0.312536
0.037100 0.286452
0.037150 0.322762
0.037200 0.326442
0.037250 0.269714
0.037300 0.282979
0.037350 0.276105
0.037400 0.359836
0.037450 0.286406
0.037500 0.303556
0.037550 0.341834
0.037600 0.326052
0.037650 0.306440
0.037700 0.313178
0.037750 0.298022
0.037800 0.207109
0.037850 0.391751
0.037900 0.344874
0.037950 0.284134
0.038000 0.346439
0.038050 0.418137
0.038100 0.352780
0.038150 0.311616
0.038200 0.290948
0.038250 0.356760
0.038300 0.361473
0.038350 0.286335
0.038400 0.297034
0.038450 0.295458
0.038500 0.252245
0.038550 0.251327
0.038600 0.275918
0.038650 0.231722
0.038700 0.309808
0.038750 0.316032
0.038800 0.284987
0.038850 0.360411
0.038900 0.363682
0.038950 0.265568
0.039000 0.304535
0.039050 0.307683
0.039100 0.228631
0.039150 0.292751
0.039200 0.357120
0.039250 0.306982
0.039300 0.270821
0.039350 0.269985
0.039400 0.277039
0.039450 0.288863
0.039500 0.246947
0.039550 0.311003
0.039600 0.338034
0.039650 0.307208
0.039700 0.308863
0.039750 0.334407
0.039800 0.292305
0.039850 0.289149
0.039900 0.352301
0.039950 0.306893
0.040000 0.238088
0.040050 0.311784
0.040100 0.371305
0.040150 0.389243
0.040200 0.296965
0.040250 0.235779
0.040300 0.278471
0.040350 0.259109
0.040400 0.439501
0.040450 0.225285
0.040500 0.352519
0.040550 0.243123
0.040600 0.212999
0.040650 0.372429
0.040700 0.257795
0.040750 0.256165
0.040800 0.305186
0.040850 0.250504
0.040900 0.352053
0.040950 0.297357
0.041000 0.325384
0.041050 0.435716
0.041100 0.375269
0.041150 0.344267
0.041200 0.526004
0.041250 0.608458
0.041300 0.792106
0.041350 0.679996
0.041400 0.827784
0.041450 0.973616
0.041500 1.292821
0.041550 1.626487
0.041600 2.154606
0.041650 2.520320
0.041700 3.177916
0.041750 3.804418
0.041800 4.904377
0.041850 5.764393
0.041900 6.379107
0.041950 7.957775
0.042000 9.084528
0.042050 10.231236
0.042100 10.320621
0.042150 10.432187
0.042200 11.016423
0.042250 11.202493
0.042300 11.175692
0.042350 10.055636
0.042400 9.466400
0.042450 8.542654
0.042500 7.735566
0.042550 6.927272
0.042600 6.104985
0.042650 5.398461
0.042700 4.867251
0.042750 4.363243
0.042800 4.368207
0.042850 3.912413
0.042900 3.751351
0.042950 3.421141
0.043000 3.563305
0.043050 3.187019
0.043100 3.088150
0.043150 2.810070
0.043200 2.780991
0.043250 2.403663
0.043300 2.383950
0.043350 2.232220
0.043400 2.346736
0.043450 2.260666
0.043500 2.239612
0.043550 2.276026
0.043600 2.094304
0.043650 1.997598
0.043700 1.926800
0.043750 1.733986
0.043800 1.636096
0.043850 1.731902
0.043900 1.687389
0.043950 1.828397
0.044000 1.797203
0.044050 1.621247
0.044100 1.785523
0.044150 1.716975
0.044200 1.411892
0.044250 1.445106
0.044300 1.584868
0.044350 1.513754
0.044400 1.653976
0.044450 1.667396
0.044500 1.699566
0.044550 1.504378
0.044600 1.371930
0.044650 1.500080
0.044700 1.389691
0.044750 1.425871
0.044800 1.498945
0.044850 1.469887
0.044900 1.442525
0.044950 1.640067
0.045000 1.458041
0.045050 1.417017
0.045100 1.495951
0.045150 1.311175
0.045200 1.406331
0.045250 1.168391
0.045300 1.123757
0.045350 1.352281
0.045400 1.417029
0.045450 1.358227
0.045500 1.247300
0.045550 1.291956
0.045600 1.277411
0.045650 1.136683
0.045700 1.214175
0.045750 1.254363
0.045800 1.059928
0.045850 1.163204
0.045900 1.139075
0.045950 1.241825
0.046000 1.364249
0.046050 1.215079
0.046100 1.138337
0.046150 1.184235
0.046200 1.353305
0.046250 1.186783
0.046300 1.270935
0.046350 1.413821
0.046400 1.303549
0.046450 1.225467
0.046500 1.227196
0.046550 1.140388
0.046600 1.025308
0.046650 1.313344
0.046700 1.016059
0.046750 1.053841
0.046800 1.217301
0.046850 1.117705
0.046900 1.207466
0.046950 0.947832
0.047000 0.907561
0.047050 1.163891
0.047100 1.074013
0.047150 1.255719
0.047200 1.105361
0.047250 1.016013
0.047300 1.091158
0.047350 1.031924
0.047400 1.251507
0.047450 1.057583
0.047500 0.951487
0.047550 1.078295
0.047600 1.002513
0.047650 1.238449
0.047700 1.120821
0.047750 1.124233
0.047800 1.065449
0.047850 0.897267
0.047900 1.214770
0.047950 1.142546
0.048000 1.019161
0.048050 0.978121
0.048100 1.041919
0.048150 1.183035
0.048200 1.127729
0.048250 1.046167
0.048300 0.949845
0.048350 0.962607
0.048400 1.094595
0.048450 1.046571
0.048500 0.900326
0.048550 0.854716
0.048600 1.110595
0.048650 1.017597
0.048700 0.932111
0.048750 0.947865
0.048800 0.933380
0.048850 1.059682
0.048900 0.986655
0.048950 0.921243
0.049000 0.990027
0.049050 1.031525
0.049100 0.932580
0.049150 0.859900
0.049200 0.984983
0.049250 0.880709
0.049300 1.081100
0.049350 1.028184
0.049400 1.036424
0.049450 0.931828
0.049500 0.989438
0.049550 0.935126
0.049600 0.839936
0.049650 0.928348
0.049700 0.809072
0.049750 0.937440
0.049800 0.975468
0.049850 0.976684
0.049900 0.881999
0.049950 0.999029
0.050000 0.918212
0.050050 0.941360
0.050100 0.878319
0.050150 0.953641
0.050200 0.971903
0.050250 0.970099
0.050300 0.942107
0.050350 1.014831
0.050400 0.848638
0.050450 0.933440
0.050500 0.869877
0.050550 1.088473
0.050600 0.911634
0.050650 0.867104
0.050700 0.704702
0.050750 0.894372
0.050800 0.858829
0.050850 0.880189
0.050900 0.950524
0.050950 0.891526
0.051000 0.993672
0.051050 0.915224
0.051100 0.814039
0.051150 0.860013
0.051200 0.742122
0.051250 0.818826
0.051300 0.840297
0.051350 1.003695
0.051400 0.848580
0.051450 0.816612
0.051500 0.880434
0.051550 0.770034
0.051600 0.843187
0.051650 0.775929
0.051700 0.741596
0.051750 0.944408
0.051800 0.855374
0.051850 0.919706
0.051900 0.877207
0.051950 0.858505
0.052000 0.940726
0.052050 0.810616
0.052100 0.772958
0.052150 0.985752
0.052200 0.821913
0.052250 0.859481
0.052300 0.764188
0.052350 0.769230
0.052400 0.941078
0.052450 0.803668
0.052500 0.799342
0.052550 0.864436
0.052600 0.798091
0.052650 0.869631
0.052700 0.897065
0.052750 0.820033
0.052800 1.035571
0.052850 0.736475
0.052900 0.878133
0.052950 0.845293
0.053000 0.762493
0.053050 0.786721
0.053100 0.796136
0.053150 0.852394
0.053200 0.795921
0.053250 0.779797
0.053300 0.837251
0.053350 0.725055
0.053400 0.672408
0.053450 0.767274
0.053500 0.827064
0.053550 0.851646
0.053600 0.778654
0.053650 0.818228
0.053700 0.756863
0.053750 0.858879
0.053800 0.850249
0.053850 0.816801
0.053900 0.812393
0.053950 0.764773
0.054000 0.829445
0.054050 0.707111
0.054100 0.854105
0.054150 0.758691
0.054200 0.881098
0.054250 0.684560
0.054300 0.773360
0.054350 0.797126
0.054400 0.780665
0.054450 0.742359
0.054500 0.787955
0.054550 0.705913
0.054600 0.802898
0.054650 0.699948
0.054700 0.745636
0.054750 0.816658
0.054800 0.668475
0.054850 0.729605
0.054900 0.796398
0.054950 0.747874
0.055000 0.768581
0.055050 0.803671
0.055100 0.750617
0.055150 0.823275
0.055200 0.787841
0.055250 0.652771
0.055300 0.701097
0.055350 0.900243
0.055400 0.782755
0.055450 0.694919
0.055500 0.740166
0.055550 0.685456
0.055600 0.740786
0.055650 0.649218
0.055700 0.612039
0.055750 0.687477
0.055800 0.646951
0.055850 0.763955
0.055900 0.650760
0.055950 0.683982
0.056000 0.789038
0.056050 0.695782
0.056100 0.729176
0.056150 0.748048
0.056200 0.690471
0.056250 0.727325
0.056300 0.592974
0.056350 0.751546
0.056400 0.718611
0.056450 0.808759
0.056500 0.830156
0.056550 0.740674
0.056600 0.629428
0.056650 0.759430
0.056700 0.660507
0.056750 0.821467
0.056800 0.663356
0.056850 0.843952
0.056900 0.793808
0.056950 0.783432
0.057000 0.623558
0.057050 0.709936
0.057100 0.614805
0.057150 0.712761
0.057200 0.746855
0.057250 0.724885
0.057300 0.689094
0.057350 0.737014
0.057400 0.697736
0.057450 0.718156
0.057500 0.742083
0.057550 0.851321
0.057600 0.635698
0.057650 0.714938
0.057700 0.745875
0.057750 0.707533
0.057800 0.629754
0.057850 0.665258
0.057900 0.604658
0.057950 0.616982
0.058000 0.601475
0.058050 0.740475
0.058100 0.612345
0.058150 0.663141
0.058200 0.623199
0.058250 0.710249
0.058300 0.624808
0.058350 0.612732
0.058400 0.647386
0.058450 0.706700
0.058500 0.666632
0.058550 0.707330
0.058600 0.601508
0.058650 0.717302
0.058700 0.812243
0.058750 0.830987
0.058800 0.700300
0.058850 0.650562
0.058900 0.783443
0.058950 0.773883
0.059000 0.587149
0.059050 0.722627
0.059100 0.621850
0.059150 0.645138
0.059200 0.567761
0.059250 0.543559
0.059300 0.608322
0.059350 0.708890
0.059400 0.601638
0.059450 0.758296
0.059500 0.630701
0.059550 0.710193
0.059600 0.639568
0.059650 0.672644
0.059700 0.732094
0.059750 0.624254
0.059800 0.637041
0.059850 0.679811
0.059900 0.619575
0.059950 0.706789
0.060000 0.881895
0.060050 0.704051
0.060100 0.648469
0.060150 0.756493
0.060200 0.679217
0.060250 0.595719
0.060300 0.711169
0.060350 0.681947
0.060400 0.772344
0.060450 0.648796
0.060500 0.637565
0.060550 0.603279
0.060600 0.712043
0.060650 0.675397
0.060700 0.592491
0.060750 0.713669
0.060800 0.634342
0.060850 0.520716
0.060900 0.603070
0.060950 0.728328
0.061000 0.591380
0.061050 0.601958
0.061100 0.561197
0.061150 0.749225
0.061200 0.744165
0.061250 0.783229
0.061300 0.720548
0.061350 0.620874
0.061400 0.605758
0.061450 0.691466
0.061500 0.614892
0.061550 0.564004
0.061600 0.563546
0.061650 0.664276
0.061700 0.682507
0.061750 0.542575
0.061800 0.571773
0.061850 0.646849
0.061900 0.728303
0.061950 0.684715
0.062000 0.605033
0.062050 0.664263
0.062100 0.567019
0.062150 0.474517
0.062200 0.670633
0.062250 0.651665
0.062300 0.581525
0.062350 0.632273
0.062400 0.578228
0.062450 0.667804
0.062500 0.578703
0.062550 0.615841
0.062600 0.678129
0.062650 0.549959
0.062700 0.710133
0.062750 0.596883
0.062800 0.572610
0.062850 0.588536
0.062900 0.576803
0.062950 0.633083
0.063000 0.623926
0.063050 0.758616
0.063100 0.591770
0.063150 0.722832
0.063200 0.497476
0.063250 0.646322
0.063300 0.614341
0.063350 0.570873
0.063400 0.434666
0.063450 0.644848
0.063500 0.606412
0.063550 0.725614
0.063600 0.600682
0.063650 0.559540
0.063700 0.627952
0.063750 0.534474
0.063800 0.613172
0.063850 0.648604
0.063900 0.503781
0.063950 0.605659
0.064000 0.719306
0.064050 0.528104
0.064100 0.612300
0.064150 0.578566
0.064200 0.578164
0.064250 0.647206
0.064300 0.600580
0.064350 0.674918
0.064400 0.557369
0.064450 0.630467
0.064500 0.541070
0.064550 0.700822
0.064600 0.612690
0.064650 0.572232
0.064700 0.539451
0.064750 0.620643
0.064800 0.585294
0.064850 0.709518
0.064900 0.598911
0.064950 0.649249
0.065000 0.647664
0.065050 0.509366
0.065100 0.592260
0.065150 0.587978
0.065200 0.665902
0.065250 0.570308
0.065300 0.641791
0.065350 0.552555
0.065400 0.574380
0.065450 0.449536
0.065500 0.569564
0.065550 0.613772
0.065600 0.630509
0.065650 0.425219
0.065700 0.473256
0.065750 0.550356
0.065800 0.547296
0.065850 0.549502
0.065900 0.481807
0.065950 0.526159
0.066000 0.647231
0.066050 0.529297
0.066100 0.591024
0.066150 0.586692
0.066200 0.636676
0.066250 0.587324
0.066300 0.547150
0.066350 0.565318
0.066400 0.541000
0.066450 0.519288
0.066500 0.556092
0.066550 0.627612
0.066600 0.552664
0.066650 0.550918
0.066700 0.611914
0.066750 0.516736
0.066800 0.444074
0.066850 0.744552
0.066900 0.483325
0.066950 0.544453
0.067000 0.585604
0.067050 0.581220
0.067100 0.558025
0.067150 0.592571
0.067200 0.523630
0.067250 0.513760
0.067300 0.521380
0.067350 0.581590
0.067400 0.571787
0.067450 0.617313
0.067500 0.614305
0.067550 0.554507
0.067600 0.640701
0.067650 0.632307
0.067700 0.492460
0.067750 0.599096
0.067800 0.577054
0.067850 0.693480
0.067900 0.584570
0.067950 0.576060
0.068000 0.571615
0.068050 0.597125
0.068100 0.598158
0.068150 0.565094
0.068200 0.541513
0.068250 0.517881
0.068300 0.619962
0.068350 0.683964
0.068400 0.664598
0.068450 0.557510
0.068500 0.576320
0.068550 0.529316
0.068600 0.594796
0.068650 0.597216
0.068700 0.657392
0.068750 0.731460
0.068800 0.494488
0.068850 0.542246
0.068900 0.599762
0.068950 0.624284
0.069000 0.443091
0.069050 0.546197
0.069100 0.574846
0.069150 0.575878
0.069200 0.520128
0.069250 0.579296
0.069300 0.696847
0.069350 0.627273
0.069400 0.536714
0.069450 0.685040
0.069500 0.431688
0.069550 0.575902
0.069600 0.507299
0.069650 0.511037
0.069700 0.479909
0.069750 0.579939
0.069800 0.518133
0.069850 0.506523
0.069900 0.485096
