0.04829 -0.0250000004 -0.0339689513 0.00843269499 synchronous_release_0
0.055974 -0.0250000004 0.0341829731 -0.00751826754 asynchronous_release_1
0.043464 -0.0250000004 0.0341792806 0.00753503683 synchronous_release_0
0.063095 -0.0250000004 -0.000738074481 -0.000674719246 synchronous_release_0
0.043815 -0.0250000004 0.0225815857 0.0267408299 synchronous_release_0
0.053032 -0.0250000004 0.000940761196 0.000339069862 synchronous_release_0
0.050168 -0.0250000004 0.0282040192 -0.0207251852 synchronous_release_0
0.049995 -0.0250000004 -0.00354783069 0.03481972 synchronous_release_0
0.043281 -0.0250000004 -0.0253959662 -0.0240841213 asynchronous_release_0
0.031889 -0.0250000004 0.0280405953 -0.0209457637 asynchronous_release_0
0.069329 -0.0250000004 -0.0280405953 0.0209457637 asynchronous_release_0
0.045868 -0.0250000004 0.0182242375 0.0298810503 synchronous_release_0
0.008535 -0.0250000004 0.0298256483 0.0183147674 synchronous_release_0
0.046697 -0.0250000004 0.0135364391 -0.0322763817 synchronous_release_0
0.052306 -0.0250000004 0.0347040878 0.00454161758 synchronous_release_1
0.046825 -0.0250000004 0.0348314699 -0.00343055494 synchronous_release_1
0.042507 -0.0250000004 0.0349045243 -0.00258344449 synchronous_release_0
0.005634 -0.0250000004 0.0346474657 0.00495511089 synchronous_release_0
0.053076 -0.0250000004 0.000963365083 -0.000268193433 synchronous_release_0
0.064476 -0.0250000004 0.0348938248 0.00272414968 asynchronous_release_0
0.058063 -0.0250000004 0.0140961181 0.0320359088 synchronous_release_0
0.049073 -0.0250000004 0.0166973126 -0.0307603601 synchronous_release_0
0.067805 -0.0250000004 -0.0181241497 0.0299418636 asynchronous_release_0
0.049852 -0.0250000004 -0.0196073168 0.0289922943 synchronous_release_0
0.064884 -0.0250000004 0.0349988604 0.000282433204 asynchronous_release_0
0.045054 -0.0250000004 0.034298327 -0.00697314587 synchronous_release_0
0.047078 -0.0250000004 0.0349979278 0.000380849391 synchronous_release_0
0.046917 -0.0250000004 0.00084604979 -0.000533103886 synchronous_release_1
0.044631 -0.0250000004 0.0319379151 0.0143167586 synchronous_release_0
0.042573 -0.0250000004 0.000995307986 -9.67574942e-05 synchronous_release_0
0.043125 -0.0250000004 0.0134067735 -0.0323304566 synchronous_release_0
0.043826 -0.0250000004 0.0469964097 0.0382927863 synchronous_release_1
0.043184 -0.0250000004 0.0323089995 0.0134584008 synchronous_release_0
0.042904 -0.0250000004 0.0140188095 -0.0320698142 synchronous_release_0
0.043978 -0.0250000004 0.0347826785 -0.00389426195 synchronous_release_0
0.04431 -0.0250000004 0.008377125 -0.0600401847 synchronous_release_0
0.047418 -0.0250000004 0.03208782 0.0139775465 synchronous_release_0
0.049022 -0.0250000004 0.00393899962 0.0347776405 synchronous_release_1
0.051631 -0.0250000004 0.0347623279 0.0040719233 synchronous_release_0
0.042658 -0.0250000004 0.0259160389 -0.0235235824 synchronous_release_0
0.042936 -0.0250000004 0.018062643 -0.0299790081 synchronous_release_0
0.050073 -0.0250000004 0.0336446018 -0.00964576418 asynchronous_release_0
0.059495 -0.0250000004 -0.00846882411 0.033959962 asynchronous_release_0
0.045044 -0.0250000004 0.0341996631 -0.00744197856 synchronous_release_0
0.046351 -0.0250000004 -0.0326036298 0.0127280527 asynchronous_release_0
0.047236 -0.0250000004 -0.00527899794 0.034599598 synchronous_release_0
0.058306 -0.0250000004 0.0326036298 -0.0127280527 synchronous_release_0
0.050378 -0.0250000004 -0.0272792847 0.0219280785 asynchronous_release_0
0.047471 -0.0250000004 0.0272792847 -0.0219280785 synchronous_release_0
0.031629 -0.0250000004 0.0254418495 -0.0240356463 asynchronous_release_0
0.042519 -0.0250000004 0.00164123723 0.034961498 synchronous_release_0
0.063403 -0.0250000004 0.033285955 -0.010818743 asynchronous_release_0
0.043999 -0.0250000004 0.0211899609 0.0278565173 synchronous_release_0
0.007722 -0.0250000004 0.0217630751 -0.0274111029 synchronous_release_0
0.042787 -0.0250000004 0.0321753345 0.0137748992 synchronous_release_0
0.046168 -0.0250000004 0.000982538536 0.000186059198 synchronous_release_1
0.047495 -0.0250000004 -0.0161570533 0.0310475382 synchronous_release_2
0.042685 -0.0250000004 0.0347432456 0.00423165248 synchronous_release_0
0.043439 -0.0250000004 -0.0349264194 0.00226830936 asynchronous_release_0
0.007428 -0.0250000004 0.0163885474 -0.0309259683 synchronous_release_0
0.044192 -0.0250000004 -0.0337418368 0.0092999166 synchronous_release_0
0.069396 -0.0250000004 0.0306615675 -0.0168780412 asynchronous_release_0
0.041421 -0.0250000004 -0.00241286777 0.0349167305 asynchronous_release_0
0.003122 -0.0250000004 0.0349999868 -3.03727969e-05 synchronous_release_0
0.043543 -0.0250000004 -0.00273253437 -0.0348931692 synchronous_release_0
0.048401 -0.0250000004 0.0097208068 -0.0336229968 synchronous_release_0
0.057266 -0.0250000004 -0.000486079312 -0.0008739147 synchronous_release_1
0.010227 -0.0250000004 0.011961448 -0.0328926095 asynchronous_release_0
0.003494 -0.0250000004 -0.0168679895 -0.0306670985 synchronous_release_0
0.009284 -0.0250000004 0.0349924811 0.000725441851 synchronous_release_0
0.042453 -0.0250000004 0.0181244916 -0.0299416567 synchronous_release_0
0.043588 -0.0250000004 0.0183719964 0.0297904305 synchronous_release_0
0.055684 -0.0250000004 0.0349852678 -0.00101540034 synchronous_release_0
0.046642 -0.0250000004 -0.0151593434 0.0315467004 asynchronous_release_0
0.006309 -0.0250000004 0.0197405723 0.0289017267 synchronous_release_0
0.044978 -0.0250000004 0.0338559764 0.00887540774 synchronous_release_0
0.023744 -0.0250000004 0.000129476532 -0.0349997605 asynchronous_release_0
0.043112 -0.0250000004 0.0223995728 -0.0268934776 synchronous_release_0
0.064043 -0.0250000004 -0.0349982259 -0.000352394053 asynchronous_release_0
0.050679 -0.0250000004 0.0178042952 -0.0301331557 synchronous_release_0
0.067135 -0.0250000004 0.0139793044 -0.0320870542 asynchronous_release_0
0.042894 -0.0250000004 -0.000112488409 -0.000993653037 synchronous_release_0
0.045696 -0.0250000004 -0.0139793044 0.0320870542 synchronous_release_0
0.048442 -0.0250000004 -0.0347778563 0.00393709433 synchronous_release_1
0.045902 -0.0250000004 0.0201918993 -0.0285882354 synchronous_release_0
0.045698 -0.0250000004 0.034606333 -0.00523466501 synchronous_release_0
0.059158 -0.0250000004 -0.034606333 0.00523466501 synchronous_release_0
0.022373 -0.0250000004 0.0348325967 0.0034190947 synchronous_release_0
0.050424 -0.0250000004 0.0115210337 0.0595169369 asynchronous_release_3
0.042584 -0.0250000004 0.0114205429 -0.0330843044 synchronous_release_0
0.05512 -0.0250000004 -0.0114205429 0.0330843044 synchronous_release_0
0.04784 -0.0250000004 -0.0131736585 0.0324261426 synchronous_release_0
0.04781 -0.0250000004 -0.0251024633 0.0243898819 synchronous_release_0
0.049105 -0.0250000004 0.0336734889 0.00954442997 synchronous_release_0
0.04817 -0.0250000004 0.0349204799 0.00235798273 synchronous_release_0
0.053558 -0.0250000004 -0.0229412481 0.0264329176 synchronous_release_0
0.046715 -0.0250000004 -0.0313507413 -0.0155605597 synchronous_release_0
0.03043 -0.0250000004 0.0292627959 -0.0192012702 asynchronous_release_0
0.042298 -0.0250000004 0.0311348033 -0.0159882464 synchronous_release_0
0.05161 -0.0250000004 0.000541983068 -0.000840389406 synchronous_release_0
0.043253 -0.0250000004 -0.029146916 -0.0531550307 synchronous_release_0
0.042969 -0.0250000004 0.034495396 0.005921795 synchronous_release_0
0.058551 -0.0250000004 0.00625924521 0.0344357641 asynchronous_release_0
0.042675 -0.0250000004 0.0212792965 -0.0277883346 synchronous_release_0
0.043943 -0.0250000004 -0.00839764242 -0.0339776338 synchronous_release_0
0.050128 -0.0250000004 0.0349802902 0.00117443549 synchronous_release_0
0.060276 -0.0250000004 0.0309123592 0.0164142026 synchronous_release_0
0.027767 -0.0250000004 0.000716193334 -0.000697901933 synchronous_release_0
0.046463 -0.0250000004 0.0339217406 -0.00862064477 synchronous_release_0
0.052811 -0.0250000004 0.0277399951 -0.0213422743 synchronous_release_0
0.064681 -0.0250000004 0.0327028384 0.0124709407 synchronous_release_0
0.044179 -0.0250000004 -0.000594915232 -0.000803788446 synchronous_release_0
0.016628 -0.0250000004 0.0343091073 -0.00691991022 synchronous_release_1
0.05017 -0.0250000004 -0.0273998911 -0.0217771891 synchronous_release_0
0.062166 -0.0250000004 0.0273998911 0.0217771891 synchronous_release_0
0.042347 -0.0250000004 -0.00521987828 0.0346085664 synchronous_release_0
0.049718 -0.0250000004 0.0273619586 0.0218248304 synchronous_release_0
0.06681 -0.0250000004 0.0234266471 -0.026003696 synchronous_release_0
0.035717 -0.0250000004 -0.0291904873 -0.0193110189 asynchronous_release_0
0.043097 -0.0250000004 0.0291904873 0.0193110189 synchronous_release_0
0.008161 -0.0250000004 0.0252777243 -0.024208194 synchronous_release_0
0.046099 -0.0250000004 0.00038292513 0.000923779381 synchronous_release_0
0.045282 -0.0250000004 -0.0153882126 0.0314356949 synchronous_release_0
0.060037 -0.0250000004 0.0311213097 -0.0160144959 asynchronous_release_0
0.056293 -0.0250000004 -0.000457557026 -0.000889180278 synchronous_release_0
0.044987 -0.0250000004 0.0164647789 0.0308854505 synchronous_release_0
0.044256 -0.0250000004 -0.000336521436 -0.000941675806 synchronous_release_1
0.044624 -0.0250000004 -0.000986376175 0.000164505446 synchronous_release_0
0.051253 -0.0250000004 0.00575769061 0.0345231661 synchronous_release_1
0.042766 -0.0250000004 0.0276619052 0.0214433906 synchronous_release_0
0.048261 -0.0250000004 0.0240037427 -0.025471952 synchronous_release_0
0.045273 -0.0250000004 -0.000980385763 -0.000197088191 asynchronous_release_1
0.047504 -0.0250000004 0.0347869379 -0.00385602787 synchronous_release_0
0.055676 -0.0250000004 -0.0220751413 0.0271604148 asynchronous_release_0
0.048875 -0.0250000004 0.0167573384 0.030727701 synchronous_release_1
0.009488 -0.0250000004 0.0334653323 0.0102504407 synchronous_release_0
0.043378 -0.0250000004 0.0159673908 -0.0311455042 synchronous_release_0
0.003098 -0.0250000004 -0.000377837757 0.000925871821 synchronous_release_0
0.05413 -0.0250000004 0.0275883223 -0.0215379774 asynchronous_release_0
0.045719 -0.0250000004 -0.0275883223 0.0215379774 synchronous_release_1
0.047362 -0.0250000004 0.0126970069 0.0326157326 synchronous_release_0
0.006465 -0.0250000004 -0.0190723795 0.0293469647 synchronous_release_0
0.045095 -0.0250000004 0.0349514067 0.00184368282 synchronous_release_0
0.047171 -0.0250000004 0.0341609157 -0.00761786322 synchronous_release_0
0.058701 -0.0250000004 0.0284346792 -0.0204075726 asynchronous_release_0
0.043631 -0.0250000004 -0.0284346792 0.0204075726 synchronous_release_1
0.064897 -0.0250000004 -0.0305268684 0.0171204645 asynchronous_release_0
0.047269 -0.0250000004 -0.000436677065 0.0349972758 synchronous_release_0
0.043114 -0.0250000004 0.0348194039 -0.00355093115 synchronous_release_0
0.016684 -0.0250000004 0.00122437408 0.0349785778 synchronous_release_0
0.022897 -0.0250000004 -0.0284783539 -0.020346581 asynchronous_release_0
0.006911 -0.0250000004 0.031859833 -0.0144896874 synchronous_release_0
0.004398 -0.0250000004 0.0240019925 0.0254736011 synchronous_release_0
0.04327 -0.0250000004 0.0100597894 -0.0335231358 synchronous_release_1
0.045924 -0.0250000004 0.034061782 -0.00804953472 synchronous_release_1
0.042381 -0.0250000004 0.0602541144 0.0356292253 synchronous_release_0
0.052428 -0.0250000004 0.0301270572 0.0178146126 synchronous_release_1
0.051103 -0.0250000004 0.0343614692 -0.00665503091 synchronous_release_0
0.042139 -0.0250000004 0.0247172689 0.0247801658 synchronous_release_0
0.05004 -0.0250000004 -0.000708004737 0.000706207683 synchronous_release_0
0.055755 -0.0250000004 0.0338188876 -0.00901569988 synchronous_release_1
0.045556 -0.0250000004 -0.0322162926 -0.0136788337 synchronous_release_0
0.044158 -0.0250000004 0.00809713358 -0.0340504982 synchronous_release_0
0.050256 -0.0250000004 0.0346252367 0.00510812946 synchronous_release_0
0.043803 -0.0250000004 0.0349130155 -0.00246603889 synchronous_release_0
0.048178 -0.0250000004 0.0601607224 -0.00746240417 synchronous_release_0
0.054368 -0.0250000004 -0.00430842106 -0.0347338093 synchronous_release_0
0.061767 -0.0250000004 -0.0256683134 0.023793648 asynchronous_release_0
0.043825 -0.0250000004 -0.0173613751 -0.0303905027 synchronous_release_0
0.048024 -0.0250000004 0.0173613751 0.0303905027 synchronous_release_0
0.06908 -0.0250000004 -0.0285741698 -0.0202117991 asynchronous_release_0
0.043154 -0.0250000004 0.00973281565 0.0336195226 synchronous_release_0
0.004025 -0.0250000004 0.0157795556 -0.0312410887 synchronous_release_0
0.057557 -0.0250000004 -0.03396444 -0.00845084712 asynchronous_release_0
0.042546 -0.0250000004 0.0155254868 0.0313681249 synchronous_release_0
0.054246 -0.0250000004 0.0194028496 -0.0291295284 synchronous_release_0
0.057644 -0.0250000004 0.0347232965 -0.00439234372 synchronous_release_0
0.068571 -0.0250000004 0.0211655295 0.027875085 synchronous_release_0
0.011529 -0.0250000004 -0.00012888721 -0.00099165926 synchronous_release_0
0.054227 -0.0250000004 0.0277791179 0.021291327 synchronous_release_1
0.047675 -0.0250000004 -0.0116572867 -0.0330016313 synchronous_release_1
0.049387 -0.0250000004 0.0122160144 -0.0327989175 synchronous_release_0
0.064019 -0.0250000004 -0.034512703 0.00582007994 synchronous_release_0
0.050258 -0.0250000004 -0.00122742381 -0.034978471 synchronous_release_0
0.043108 -0.0250000004 0.0102871725 -0.0334540593 synchronous_release_0
0.009089 -0.0250000004 0.0272217674 -0.0219994404 synchronous_release_0
0.003709 -0.0250000004 0.0320259361 0.0141187612 synchronous_release_0
0.049661 -0.0250000004 -0.0340795828 -0.00797383466 asynchronous_release_0
0.066254 -0.0250000004 0.0340795828 0.00797383466 asynchronous_release_0
0.047923 -0.0250000004 0.0295662015 -0.0187307161 synchronous_release_0
0.044243 -0.0250000004 -0.00143817521 -0.0349704397 synchronous_release_1
0.006722 -0.0250000004 -0.00359909763 -0.0348144581 synchronous_release_0
0.046792 -0.0250000004 -0.00961008937 0.0336548092 synchronous_release_1
0.05081 -0.0250000004 -0.0165452249 -0.0308424307 synchronous_release_0
0.048625 -0.0250000004 -0.020990922 -0.0280068062 synchronous_release_0
0.004288 -0.0250000004 0.018018002 0.0300058595 synchronous_release_0
0.044872 -0.0250000004 0.0349948376 -0.000601117705 synchronous_release_1
0.047874 -0.0250000004 -0.0349948376 0.000601117705 synchronous_release_1
0.054696 -0.0250000004 -0.0188553543 0.0294868719 asynchronous_release_0
0.044992 -0.0250000004 -0.0211795827 -0.0278644087 synchronous_release_0
0.04743 -0.0250000004 0.0347210772 -0.00440985233 synchronous_release_0
0.005246 -0.0250000004 0.0261059694 -0.0233126223 synchronous_release_0
0.052358 -0.0250000004 0.000463234235 -0.000886235885 synchronous_release_0
0.006709 -0.0250000004 0.0348398906 -0.00334395371 synchronous_release_0
0.046311 -0.0250000004 0.0300129183 -0.0180062416 synchronous_release_0
0.013751 -0.0250000004 0.0174829881 -0.0303207046 synchronous_release_0
0.04959 -0.0250000004 -0.0349999945 1.96404913e-05 synchronous_release_1
0.059607 -0.0250000004 -0.0170952701 -0.0305409846 synchronous_release_0
0.043751 -0.0250000004 0.0282279943 -0.0206925188 synchronous_release_0
0.048751 -0.0250000004 0.0335609912 -0.00993276749 synchronous_release_1
0.049687 -0.0250000004 0.0283990316 -0.0204571504 asynchronous_release_0
0.036685 -0.0250000004 0.0271904986 -0.0220380758 asynchronous_release_0
0.023351 -0.0250000004 0.0349982933 -0.000345635884 asynchronous_release_0
0.04251 -0.0250000004 0.0109036133 -0.0332582504 synchronous_release_0
0.054624 -0.0250000004 -0.0252802948 -0.0242055096 asynchronous_release_0
0.007085 -0.0250000004 0.0336027336 -0.00979062268 synchronous_release_0
0.043293 -0.0250000004 0.0252802948 0.0242055096 synchronous_release_0
0.050178 -0.0250000004 0.0312903231 -0.0156816989 synchronous_release_1
0.043256 -0.0250000004 0.0169123523 0.0306426556 synchronous_release_0
0.044004 -0.0250000004 0.0307358566 0.0167423749 synchronous_release_0
0.043992 -0.0250000004 0.000160592822 0.000987020742 synchronous_release_0
0.053332 -0.0250000004 0.00616583988 -0.0344526112 synchronous_release_0
0.042369 -0.0250000004 0.0347673781 -0.00402857549 synchronous_release_0
0.014613 -0.0250000004 0.0252953941 0.02418973 synchronous_release_0
0.043269 -0.0250000004 -0.0234152995 -0.0260139145 synchronous_release_0
0.045051 -0.0250000004 -0.000979485918 -0.000201512621 synchronous_release_1
0.051888 -0.0250000004 0.0331446997 0.0112440597 asynchronous_release_1
0.062654 -0.0250000004 -0.000980748053 0.000195277386 synchronous_release_0
0.043224 -0.0250000004 -0.00060951033 0.000792778126 synchronous_release_0
0.012804 -0.0250000004 0.0289405182 -0.0196836583 synchronous_release_0
0.066493 -0.0250000004 0.033672856 0.00954666262 asynchronous_release_0
0.043703 -0.0250000004 0.00414442744 0.0347537584 synchronous_release_1
0.044838 -0.0250000004 0.0324558377 -0.0131003283 synchronous_release_0
0.058706 -0.0250000004 -0.000374295095 -0.000927309647 synchronous_release_0
0.045043 -0.0250000004 -0.00603755562 0.0344753234 synchronous_release_1
0.044737 -0.0250000004 0.0155471345 0.0313574012 synchronous_release_0
0.060492 -0.0250000004 -0.0193827388 0.029142914 synchronous_release_0
0.056942 -0.0250000004 0.0205552056 0.0283281402 synchronous_release_0
0.046425 -0.0250000004 0.034302469 -0.00695274173 synchronous_release_0
0.059182 -0.0250000004 -0.00741963781 -0.0342045169 asynchronous_release_0
0.064798 -0.0250000004 -0.0333317994 -0.0106766636 asynchronous_release_0
0.003366 -0.0250000004 0.0219633963 -0.0272508573 synchronous_release_0
0.044358 -0.0250000004 0.00986548516 0.0335808309 synchronous_release_0
0.052411 -0.0250000004 0.02414911 -0.0253341762 synchronous_release_0
0.043478 -0.0250000004 0.0166516428 0.0307851066 synchronous_release_0
0.047208 -0.0250000004 0.0283980741 -0.0204584796 synchronous_release_0
0.042921 -0.0250000004 0.0143988829 -0.0319009745 synchronous_release_1
0.043867 -0.0250000004 0.0348264957 -0.00348068888 synchronous_release_1
0.01084 -0.0250000004 -0.00900181349 0.0338225864 synchronous_release_0
0.002528 -0.0250000004 0.0247903123 0.0247070924 synchronous_release_1
0.042688 -0.0250000004 0.0341823681 -0.00752101816 synchronous_release_0
0.047355 -0.0250000004 0.0152961694 -0.0314805845 synchronous_release_0
0.04973 -0.0250000004 0.0349110706 -0.00249342099 synchronous_release_0
0.044182 -0.0250000004 0.0196149012 0.0289871635 synchronous_release_1
0.007731 -0.0250000004 0.0349979167 0.000381871751 synchronous_release_0
0.054318 -0.0250000004 0.0272020705 0.0220237908 synchronous_release_0
0.002632 -0.0250000004 0.0315819629 0.0150857423 synchronous_release_0
0.045804 -0.0250000004 -0.00272634534 -0.0348936533 synchronous_release_0
0.057293 -0.0250000004 0.0329381763 -0.0118353935 synchronous_release_0
0.045501 -0.0250000004 0.0283238419 0.0205611279 synchronous_release_0
0.049466 -0.0250000004 0.0319683801 -0.0142486026 synchronous_release_0
0.068066 -0.0250000004 0.00081582425 0.000578299916 asynchronous_release_0
0.067478 -0.0250000004 -0.0348017949 -0.00371955231 synchronous_release_0
0.050211 -0.0250000004 0.0141796707 0.0319990147 synchronous_release_1
0.050848 -0.0250000004 0.0325185638 0.0129438405 synchronous_release_0
0.04256 -0.0250000004 0.0257298817 0.023727056 synchronous_release_0
0.042517 -0.0250000004 0.0296764678 0.0185555183 synchronous_release_0
0.043003 -0.0250000004 0.0184144264 -0.0297642218 synchronous_release_0
0.019093 -0.0250000004 0.0337154264 -0.00939521285 synchronous_release_0
0.005176 -0.0250000004 -0.0209285673 0.0280534324 synchronous_release_0
0.018879 -0.0250000004 0.0209285673 -0.0280534324 synchronous_release_0
0.046117 -0.0250000004 -0.0138307015 -0.0321513872 synchronous_release_1
0.042387 -0.0250000004 0.0247238234 -0.0247736262 synchronous_release_0
0.064681 -0.0250000004 0.0338165013 0.00902464608 synchronous_release_0
0.011491 -0.0250000004 0.0325386132 -0.0128933568 synchronous_release_0
0.052602 -0.0250000004 0.0342962531 -0.00698333899 synchronous_release_1
0.05431 -0.0250000004 0.00013490471 0.03499974 synchronous_release_0
0.047641 -0.0250000004 0.0245045704 -0.0249905188 synchronous_release_0
0.052375 -0.0250000004 0.0338947093 0.00872632113 synchronous_release_0
0.053071 -0.0250000004 -0.0245045704 0.0249905188 synchronous_release_0
0.058428 -0.0250000004 0.00939013888 0.0337168399 synchronous_release_0
0.063907 -0.0250000004 -0.00810423312 0.0340488092 asynchronous_release_0
0.068717 -0.0250000004 0.0209551895 -0.0280335519 asynchronous_release_0
0.04938 -0.0250000004 -0.00767623906 0.0341478455 synchronous_release_1
0.050113 -0.0250000004 -0.0125763254 0.0326624561 synchronous_release_0
0.06171 -0.0250000004 -0.0163858296 -0.0309274084 asynchronous_release_0
0.045673 -0.0250000004 -0.00476198689 -0.0346745365 synchronous_release_0
0.068731 -0.0250000004 0.00476198689 0.0346745365 synchronous_release_0
0.006014 -0.0250000004 0.011765258 -0.0329632933 synchronous_release_0
0.04349 -0.0250000004 0.0270584433 0.0222000146 synchronous_release_1
0.050245 -0.0250000004 0.034012294 -0.00825614069 synchronous_release_1
0.005634 -0.0250000004 0.00591494824 -0.0344965707 synchronous_release_0
0.064044 -0.0250000004 0.0346845039 0.00468883677 asynchronous_release_0
0.045877 -0.0250000004 0.0132816002 0.0323820799 synchronous_release_0
0.049464 -0.0250000004 0.0158998048 0.0311800611 synchronous_release_0
0.042742 -0.0250000004 0.0319865819 -0.0142076943 synchronous_release_1
0.052363 -0.0250000004 0.0291412907 -0.0193851793 asynchronous_release_0
0.046869 -0.0250000004 0.048925332 -0.0357954172 synchronous_release_1
0.014188 -0.0250000004 -0.00972670866 0.03362129 asynchronous_release_0
0.044659 -0.0250000004 0.0145268282 0.0588555117 synchronous_release_0
0.045791 -0.0250000004 0.0339802455 -0.00838706819 synchronous_release_0
0.043014 -0.0250000004 0.00167953696 0.034959679 synchronous_release_1
0.048575 -0.0250000004 0.0302016184 -0.0176879125 synchronous_release_0
0.017166 -0.0250000004 0.0280364913 -0.0209512567 asynchronous_release_0
0.002877 -0.0250000004 0.0321625662 0.0138046854 synchronous_release_0
0.057879 -0.0250000004 0.00412607485 0.034755942 synchronous_release_0
0.042738 -0.0250000004 0.0295788921 0.0187106692 synchronous_release_0
0.049263 -0.0250000004 -0.00589384674 0.0345001822 asynchronous_release_0
0.05673 -0.0250000004 0.0302076908 -0.0176775398 synchronous_release_0
0.047169 -0.0250000004 -0.00058603695 0.0349950934 synchronous_release_0
0.052227 -0.0250000004 0.0305996584 -0.0169900238 synchronous_release_1
0.046716 -0.0250000004 0.0276590017 -0.0214471356 synchronous_release_0
0.059062 -0.0250000004 0.0335866284 0.00984572954 synchronous_release_0
0.043231 -0.0250000004 0.015352589 -0.0314531081 synchronous_release_0
0.06477 -0.0250000004 -0.0348620317 0.00310463275 asynchronous_release_0
0.042521 -0.0250000004 0.0348620317 -0.00310463275 synchronous_release_0
0.049824 -0.0250000004 0.014742325 -0.0317437215 synchronous_release_0
0.003313 -0.0250000004 -0.0157881372 -0.0312367528 synchronous_release_0
0.002792 -0.0250000004 0.0349999473 -6.07284667e-05 synchronous_release_0
0.005349 -0.0250000004 0.0311444537 0.0159694397 synchronous_release_0
0.048894 -0.0250000004 0.000262029832 -0.000965059774 synchronous_release_0
0.050493 -0.0250000004 0.0318594996 0.0144904205 synchronous_release_1
0.048066 -0.0250000004 -0.0345306083 -0.0057128881 synchronous_release_0
0.023337 -0.0250000004 0.0150135054 -0.0316163669 synchronous_release_0
0.043026 -0.0250000004 0.0348873296 -0.00280610641 synchronous_release_0
0.010051 -0.0250000004 -0.00459382311 0.0346972159 synchronous_release_0
0.051413 -0.0250000004 0.0277517588 0.0213269755 synchronous_release_0
0.005329 -0.0250000004 -0.00258613733 0.0349043249 synchronous_release_0
0.042942 -0.0250000004 0.025572588 0.0238965006 synchronous_release_0
0.002523 -0.0250000004 0.0349905349 0.000813921485 synchronous_release_0
0.057461 -0.0250000004 0.0345868628 -0.00536180233 asynchronous_release_0
0.042682 -0.0250000004 0.0126499743 -0.032634003 synchronous_release_1
0.0442 -0.0250000004 -0.00462397304 0.0346932108 synchronous_release_0
0.043591 -0.0250000004 0.0349561318 0.00175181311 synchronous_release_0
0.047418 -0.0250000004 0.0304750198 0.0172125876 synchronous_release_0
