0.00000	6.12000
0.00005	11.62800
0.00010	7.34400
0.00015	12.24000
0.00020	16.52400
0.00025	5.50800
0.00030	0.61200
0.00035	0.61200
0.00040	1.22400
0.00045	8.56800
0.00050	1.22400
0.00055	9.79200
0.00060	3.67200
0.00065	1.83600
0.00070	10.40400
0.00075	9.18000
0.00080	7.34400
0.00085	8.56800
0.00090	1.83600
0.00095	9.79200
0.00100	9.18000
0.00105	12.85200
0.00110	6.12000
0.00115	8.56800
0.00120	1.22400
0.00125	14.68800
0.00130	28.15200
0.00135	15.91200
0.00140	8.56800
0.00145	68.54400
0.00150	49.57200
0.00155	61.20000
0.00160	88.74000
0.00165	78.33600
0.00170	134.64000
0.00175	141.98400
0.00180	180.54000
0.00185	180.54000
0.00190	236.23200
0.00195	276.62400
0.00200	296.82000
0.00205	341.49600
0.00210	410.65200
0.00215	402.69600
0.00220	342.10800
0.00225	361.69200
0.00230	339.04800
0.00235	412.48800
0.00240	293.14800
0.00245	241.74000
0.00250	217.87200
0.00255	207.46800
0.00260	201.96000
0.00265	177.48000
0.00270	115.66800
0.00275	160.34400
0.00280	113.83200
0.00285	116.89200
0.00290	94.24800
0.00295	88.74000
0.00300	66.09600
0.00305	71.60400
0.00310	50.18400
0.00315	38.55600
0.00320	45.90000
0.00325	41.61600
0.00330	31.82400
0.00335	67.32000
0.00340	42.84000
0.00345	59.36400
0.00350	51.40800
0.00355	39.16800
0.00360	50.79600
0.00365	44.06400
0.00370	32.43600
0.00375	47.73600
0.00380	41.00400
0.00385	34.27200
0.00390	48.34800
0.00395	34.88400
0.00400	39.16800
0.00405	33.66000
0.00410	31.21200
0.00415	41.00400
0.00420	39.16800
0.00425	27.54000
0.00430	33.04800
0.00435	42.22800
0.00440	43.45200
0.00445	37.33200
0.00450	33.04800
0.00455	30.60000
0.00460	41.61600
0.00465	18.97200
0.00470	9.18000
0.00475	50.18400
0.00480	52.02000
0.00485	37.33200
0.00490	31.82400
0.00495	30.60000
0.00500	17.13600
0.00505	33.66000
0.00510	59.97600
0.00515	36.10800
0.00520	26.31600
0.00525	14.68800
0.00530	27.54000
0.00535	44.06400
0.00540	20.19600
0.00545	14.07600
0.00550	11.01600
0.00555	20.80800
0.00560	28.15200
0.00565	25.70400
0.00570	28.15200
0.00575	11.62800
0.00580	55.69200
0.00585	31.82400
0.00590	23.86800
0.00595	33.04800
0.00600	34.88400
0.00605	38.55600
0.00610	26.92800
0.00615	17.74800
0.00620	25.70400
0.00625	11.62800
0.00630	20.80800
0.00635	17.13600
0.00640	12.24000
0.00645	20.19600
0.00650	31.82400
0.00655	23.86800
0.00660	20.80800
0.00665	34.88400
0.00670	9.18000
0.00675	26.92800
0.00680	28.15200
0.00685	50.18400
0.00690	29.98800
0.00695	18.97200
0.00700	19.58400
0.00705	14.68800
0.00710	28.15200
0.00715	12.85200
0.00720	15.91200
0.00725	23.86800
0.00730	29.98800
0.00735	22.64400
0.00740	8.56800
0.00745	15.30000
0.00750	48.34800
0.00755	15.30000
0.00760	20.80800
0.00765	19.58400
0.00770	14.07600
0.00775	24.48000
0.00780	17.74800
0.00785	23.86800
0.00790	17.13600
0.00795	36.72000
0.00800	29.37600
0.00805	26.92800
0.00810	4.28400
0.00815	23.25600
0.00820	13.46400
0.00825	41.61600
0.00830	25.70400
0.00835	12.85200
0.00840	28.76400
0.00845	19.58400
0.00850	26.31600
0.00855	30.60000
0.00860	41.61600
0.00865	26.31600
0.00870	28.76400
0.00875	26.92800
0.00880	14.68800
0.00885	11.62800
0.00890	9.79200
0.00895	18.97200
0.00900	55.69200
0.00905	24.48000
0.00910	25.09200
0.00915	14.07600
0.00920	14.07600
0.00925	26.92800
0.00930	18.97200
0.00935	41.00400
0.00940	14.68800
0.00945	20.80800
0.00950	11.62800
0.00955	25.70400
0.00960	20.80800
0.00965	20.19600
0.00970	11.62800
0.00975	29.37600
0.00980	17.13600
0.00985	21.42000
0.00990	31.82400
0.00995	9.18000
0.01000	21.42000
0.01005	18.36000
0.01010	31.82400
0.01015	17.13600
0.01020	31.21200
0.01025	17.13600
0.01030	25.70400
0.01035	20.80800
0.01040	16.52400
0.01045	14.68800
0.01050	12.85200
0.01055	14.68800
0.01060	17.74800
0.01065	16.52400
0.01070	26.92800
0.01075	25.09200
0.01080	10.40400
0.01085	17.74800
0.01090	24.48000
0.01095	14.07600
0.01100	11.01600
0.01105	28.15200
0.01110	35.49600
0.01115	29.37600
0.01120	29.98800
0.01125	27.54000
0.01130	15.91200
0.01135	24.48000
0.01140	18.97200
0.01145	25.09200
0.01150	17.13600
0.01155	5.50800
0.01160	26.92800
0.01165	14.07600
0.01170	19.58400
0.01175	7.34400
0.01180	2.44800
0.01185	16.52400
0.01190	12.24000
0.01195	11.62800
0.01200	10.40400
0.01205	3.67200
0.01210	25.09200
0.01215	11.62800
0.01220	9.18000
0.01225	20.80800
0.01230	12.24000
0.01235	22.03200
0.01240	19.58400
0.01245	8.56800
0.01250	11.62800
0.01255	10.40400
0.01260	3.67200
0.01265	33.66000
0.01270	8.56800
0.01275	12.24000
0.01280	18.97200
0.01285	15.91200
0.01290	42.84000
0.01295	6.73200
0.01300	28.76400
0.01305	17.13600
0.01310	11.01600
0.01315	24.48000
0.01320	11.01600
0.01325	21.42000
0.01330	19.58400
0.01335	13.46400
0.01340	12.24000
0.01345	25.70400
0.01350	21.42000
0.01355	15.91200
0.01360	11.01600
0.01365	33.04800
0.01370	18.97200
0.01375	11.62800
0.01380	3.06000
0.01385	28.15200
0.01390	18.97200
0.01395	13.46400
0.01400	9.79200
0.01405	9.79200
0.01410	12.24000
0.01415	11.62800
0.01420	17.74800
0.01425	37.33200
0.01430	15.91200
0.01435	22.64400
0.01440	29.98800
0.01445	14.07600
0.01450	20.80800
0.01455	14.68800
0.01460	5.50800
0.01465	18.36000
0.01470	4.89600
0.01475	9.79200
0.01480	6.73200
0.01485	16.52400
0.01490	30.60000
0.01495	6.73200
0.01500	9.18000
0.01505	26.92800
0.01510	7.34400
0.01515	7.95600
0.01520	9.18000
0.01525	23.25600
0.01530	12.24000
0.01535	25.09200
0.01540	29.37600
0.01545	15.30000
0.01550	9.18000
0.01555	29.37600
0.01560	14.07600
0.01565	6.73200
0.01570	20.80800
0.01575	15.91200
0.01580	15.91200
0.01585	8.56800
0.01590	17.13600
0.01595	16.52400
0.01600	8.56800
0.01605	34.27200
0.01610	23.86800
0.01615	16.52400
0.01620	6.73200
0.01625	20.80800
0.01630	11.01600
0.01635	18.97200
0.01640	22.03200
0.01645	14.68800
0.01650	16.52400
0.01655	11.62800
0.01660	6.73200
0.01665	17.13600
0.01670	13.46400
0.01675	9.79200
0.01680	6.12000
0.01685	21.42000
0.01690	19.58400
0.01695	14.68800
0.01700	15.30000
0.01705	13.46400
0.01710	2.44800
0.01715	18.36000
0.01720	14.68800
0.01725	16.52400
0.01730	14.07600
0.01735	6.73200
0.01740	6.12000
0.01745	5.50800
0.01750	13.46400
0.01755	9.79200
0.01760	7.34400
0.01765	9.79200
0.01770	19.58400
0.01775	3.06000
0.01780	14.68800
0.01785	3.67200
0.01790	14.07600
0.01795	23.86800
0.01800	13.46400
0.01805	12.24000
0.01810	4.28400
0.01815	16.52400
0.01820	5.50800
0.01825	22.64400
0.01830	23.86800
0.01835	17.74800
0.01840	12.85200
0.01845	21.42000
0.01850	8.56800
0.01855	21.42000
0.01860	4.28400
0.01865	17.74800
0.01870	12.85200
0.01875	22.03200
0.01880	15.91200
0.01885	6.12000
0.01890	9.18000
0.01895	5.50800
0.01900	15.91200
0.01905	12.85200
0.01910	4.28400
0.01915	17.74800
0.01920	16.52400
0.01925	14.68800
0.01930	6.73200
0.01935	27.54000
0.01940	12.85200
0.01945	3.67200
0.01950	25.70400
0.01955	4.28400
0.01960	15.91200
0.01965	20.19600
0.01970	18.97200
0.01975	14.68800
0.01980	17.13600
0.01985	23.86800
0.01990	14.68800
0.01995	6.73200
0.02000	25.70400
0.02005	4.28400
0.02010	31.21200
0.02015	14.68800
0.02020	9.18000
0.02025	0.61200
0.02030	11.62800
0.02035	12.24000
0.02040	17.13600
0.02045	11.01600
0.02050	9.79200
0.02055	11.62800
0.02060	14.68800
0.02065	3.67200
0.02070	19.58400
0.02075	11.62800
0.02080	21.42000
0.02085	8.56800
0.02090	15.91200
0.02095	7.95600
0.02100	11.01600
0.02105	27.54000
0.02110	18.36000
0.02115	14.68800
0.02120	14.68800
0.02125	21.42000
0.02130	15.30000
0.02135	6.73200
0.02140	9.79200
0.02145	9.79200
0.02150	26.31600
0.02155	9.79200
0.02160	11.01600
0.02165	13.46400
0.02170	3.06000
0.02175	16.52400
0.02180	16.52400
0.02185	7.34400
0.02190	17.74800
0.02195	15.91200
0.02200	34.88400
0.02205	12.24000
0.02210	26.92800
0.02215	9.18000
0.02220	11.01600
0.02225	17.74800
0.02230	7.34400
0.02235	27.54000
0.02240	12.24000
0.02245	6.12000
0.02250	3.67200
0.02255	23.25600
0.02260	44.06400
0.02265	7.95600
0.02270	14.68800
0.02275	11.01600
0.02280	11.01600
0.02285	11.62800
0.02290	18.97200
0.02295	5.50800
0.02300	12.85200
0.02305	16.52400
0.02310	10.40400
0.02315	20.80800
0.02320	12.85200
0.02325	33.04800
0.02330	16.52400
0.02335	14.07600
0.02340	12.85200
0.02345	37.94400
0.02350	18.97200
0.02355	12.85200
0.02360	10.40400
0.02365	6.73200
0.02370	14.68800
0.02375	11.62800
0.02380	5.50800
0.02385	8.56800
0.02390	9.79200
0.02395	13.46400
0.02400	23.25600
0.02405	11.01600
0.02410	6.12000
0.02415	8.56800
0.02420	15.30000
0.02425	10.40400
0.02430	2.44800
0.02435	16.52400
0.02440	15.30000
0.02445	7.95600
0.02450	14.68800
0.02455	25.09200
0.02460	4.28400
0.02465	1.83600
0.02470	31.21200
0.02475	21.42000
0.02480	12.85200
0.02485	18.36000
0.02490	23.25600
0.02495	18.97200
0.02500	12.24000
0.02505	4.89600
0.02510	11.01600
0.02515	9.18000
0.02520	20.19600
0.02525	45.28800
0.02530	20.19600
0.02535	28.76400
0.02540	11.62800
0.02545	10.40400
0.02550	1.22400
0.02555	12.24000
0.02560	15.30000
0.02565	6.73200
0.02570	7.95600
0.02575	18.36000
0.02580	7.34400
0.02585	16.52400
0.02590	6.12000
0.02595	12.24000
0.02600	10.40400
0.02605	11.01600
0.02610	9.79200
0.02615	11.01600
0.02620	26.92800
0.02625	24.48000
0.02630	26.92800
0.02635	17.13600
0.02640	28.76400
0.02645	6.73200
0.02650	15.91200
0.02655	17.74800
0.02660	18.36000
0.02665	25.09200
0.02670	5.50800
0.02675	11.62800
0.02680	4.89600
0.02685	30.60000
0.02690	11.01600
0.02695	4.89600
0.02700	15.30000
0.02705	7.95600
0.02710	11.01600
0.02715	9.79200
0.02720	36.10800
0.02725	0.61200
0.02730	11.01600
0.02735	11.01600
0.02740	21.42000
0.02745	20.19600
0.02750	20.19600
0.02755	10.40400
0.02760	7.95600
0.02765	3.67200
0.02770	6.73200
0.02775	12.85200
0.02780	10.40400
0.02785	18.36000
0.02790	7.95600
0.02795	16.52400
0.02800	7.34400
0.02805	3.67200
0.02810	5.50800
0.02815	9.79200
0.02820	14.68800
0.02825	14.68800
0.02830	12.24000
0.02835	14.68800
0.02840	9.18000
0.02845	15.30000
0.02850	14.68800
0.02855	6.73200
0.02860	4.28400
0.02865	11.62800
0.02870	22.64400
0.02875	20.19600
0.02880	12.85200
0.02885	7.34400
0.02890	7.95600
0.02895	12.24000
0.02900	18.36000
0.02905	14.68800
0.02910	9.18000
0.02915	21.42000
0.02920	16.52400
0.02925	10.40400
0.02930	12.85200
0.02935	4.89600
0.02940	18.36000
0.02945	15.91200
0.02950	17.13600
0.02955	7.34400
0.02960	24.48000
0.02965	29.37600
0.02970	4.89600
0.02975	17.74800
0.02980	3.06000
0.02985	14.07600
0.02990	15.30000
0.02995	11.01600
0.03000	6.12000
0.03005	14.07600
0.03010	7.95600
0.03015	3.67200
0.03020	4.89600
0.03025	18.97200
0.03030	11.62800
0.03035	17.74800
0.03040	4.89600
0.03045	17.74800
0.03050	15.30000
0.03055	14.07600
0.03060	5.50800
0.03065	24.48000
0.03070	6.73200
0.03075	7.34400
0.03080	26.31600
0.03085	18.97200
0.03090	5.50800
0.03095	22.64400
0.03100	7.34400
0.03105	3.67200
0.03110	11.01600
0.03115	14.68800
0.03120	29.37600
0.03125	8.56800
0.03130	4.28400
0.03135	13.46400
0.03140	11.01600
0.03145	7.95600
0.03150	22.03200
0.03155	6.12000
0.03160	4.28400
0.03165	11.62800
0.03170	13.46400
0.03175	4.28400
0.03180	15.30000
0.03185	15.30000
0.03190	15.30000
0.03195	9.79200
0.03200	8.56800
0.03205	4.89600
0.03210	12.85200
0.03215	6.73200
0.03220	8.56800
0.03225	26.31600
0.03230	26.31600
0.03235	9.79200
0.03240	7.95600
0.03245	3.67200
0.03250	10.40400
0.03255	6.12000
0.03260	13.46400
0.03265	18.36000
0.03270	9.18000
0.03275	11.62800
0.03280	18.36000
0.03285	2.44800
0.03290	27.54000
0.03295	9.79200
0.03300	12.24000
0.03305	14.68800
0.03310	18.97200
0.03315	9.18000
0.03320	3.06000
0.03325	18.97200
0.03330	14.68800
0.03335	12.24000
0.03340	5.50800
0.03345	12.85200
0.03350	14.07600
0.03355	27.54000
0.03360	2.44800
0.03365	6.12000
0.03370	24.48000
0.03375	12.24000
0.03380	9.18000
0.03385	14.68800
0.03390	18.97200
0.03395	14.07600
0.03400	14.68800
0.03405	8.56800
0.03410	12.24000
0.03415	5.50800
0.03420	12.24000
0.03425	8.56800
0.03430	19.58400
0.03435	17.13600
0.03440	7.95600
0.03445	4.28400
0.03450	12.85200
0.03455	15.30000
0.03460	3.06000
0.03465	22.03200
0.03470	6.12000
0.03475	9.79200
0.03480	11.62800
0.03485	12.85200
0.03490	17.74800
0.03495	12.85200
0.03500	20.19600
0.03505	-0.00000
0.03510	4.89600
0.03515	29.37600
0.03520	9.18000
0.03525	10.40400
0.03530	11.62800
0.03535	14.07600
0.03540	15.91200
0.03545	7.34400
0.03550	14.68800
0.03555	17.74800
0.03560	3.06000
0.03565	4.28400
0.03570	20.80800
0.03575	9.18000
0.03580	4.89600
0.03585	9.18000
0.03590	0.61200
0.03595	8.56800
0.03600	23.25600
0.03605	6.12000
0.03610	7.34400
0.03615	11.01600
0.03620	6.12000
0.03625	13.46400
0.03630	15.91200
0.03635	23.25600
0.03640	11.01600
0.03645	22.64400
0.03650	16.52400
0.03655	4.28400
0.03660	22.03200
0.03665	36.10800
0.03670	28.15200
0.03675	11.01600
0.03680	27.54000
0.03685	4.28400
0.03690	10.40400
0.03695	7.95600
0.03700	20.19600
0.03705	2.44800
0.03710	5.50800
0.03715	22.03200
0.03720	4.89600
0.03725	11.62800
0.03730	7.34400
0.03735	9.79200
0.03740	10.40400
0.03745	22.64400
0.03750	5.50800
0.03755	25.09200
0.03760	15.30000
0.03765	7.34400
0.03770	15.91200
0.03775	13.46400
0.03780	7.95600
0.03785	23.86800
0.03790	8.56800
0.03795	9.18000
0.03800	6.73200
0.03805	15.30000
0.03810	7.95600
0.03815	7.95600
0.03820	14.07600
0.03825	21.42000
0.03830	6.12000
0.03835	7.34400
0.03840	14.07600
0.03845	14.07600
0.03850	15.30000
0.03855	2.44800
0.03860	19.58400
0.03865	10.40400
0.03870	18.97200
0.03875	6.12000
0.03880	17.74800
0.03885	6.73200
0.03890	15.30000
0.03895	7.95600
0.03900	23.25600
0.03905	10.40400
0.03910	22.64400
0.03915	3.06000
0.03920	17.74800
0.03925	9.18000
0.03930	1.22400
0.03935	10.40400
0.03940	18.36000
0.03945	18.36000
0.03950	17.13600
0.03955	24.48000
0.03960	1.22400
0.03965	9.18000
0.03970	6.73200
0.03975	8.56800
0.03980	6.12000
0.03985	3.67200
0.03990	6.73200
0.03995	6.73200
0.04000	9.79200
0.04005	15.91200
0.04010	18.97200
0.04015	7.34400
0.04020	6.12000
0.04025	5.50800
0.04030	14.07600
0.04035	12.85200
0.04040	22.64400
0.04045	7.95600
0.04050	14.07600
0.04055	9.18000
0.04060	15.91200
0.04065	4.28400
0.04070	15.91200
0.04075	14.07600
0.04080	22.03200
0.04085	12.24000
0.04090	9.18000
0.04095	3.06000
0.04100	22.03200
0.04105	6.73200
0.04110	4.89600
0.04115	3.67200
0.04120	8.56800
0.04125	19.58400
0.04130	15.91200
0.04135	13.46400
0.04140	6.73200
0.04145	6.12000
0.04150	-0.00000
0.04155	8.56800
0.04160	8.56800
0.04165	15.30000
0.04170	8.56800
0.04175	11.01600
0.04180	1.22400
0.04185	16.52400
0.04190	7.34400
0.04195	4.89600
0.04200	7.34400
0.04205	11.62800
0.04210	8.56800
0.04215	7.34400
0.04220	3.06000
0.04225	9.18000
0.04230	18.97200
0.04235	15.30000
0.04240	4.89600
0.04245	5.50800
0.04250	17.74800
0.04255	1.83600
0.04260	3.06000
0.04265	7.95600
0.04270	3.06000
0.04275	6.12000
0.04280	12.24000
0.04285	15.91200
0.04290	11.01600
0.04295	11.62800
0.04300	4.28400
0.04305	2.44800
0.04310	10.40400
0.04315	7.95600
0.04320	6.73200
0.04325	13.46400
0.04330	9.18000
0.04335	1.83600
0.04340	8.56800
0.04345	14.68800
0.04350	11.62800
0.04355	9.79200
0.04360	1.83600
0.04365	6.73200
0.04370	2.44800
0.04375	5.50800
0.04380	1.83600
0.04385	10.40400
0.04390	10.40400
0.04395	11.62800
0.04400	3.67200
0.04405	11.62800
0.04410	20.80800
0.04415	7.34400
0.04420	9.79200
0.04425	11.01600
0.04430	6.73200
0.04435	11.01600
0.04440	11.62800
0.04445	15.30000
0.04450	6.73200
0.04455	9.18000
0.04460	11.01600
0.04465	9.79200
0.04470	6.12000
0.04475	4.28400
0.04480	15.91200
0.04485	6.12000
0.04490	7.34400
0.04495	8.56800
0.04500	25.70400
0.04505	20.19600
0.04510	10.40400
0.04515	1.83600
0.04520	11.62800
0.04525	10.40400
0.04530	4.28400
0.04535	8.56800
0.04540	6.12000
0.04545	10.40400
0.04550	6.12000
0.04555	11.62800
0.04560	15.91200
0.04565	22.64400
0.04570	12.85200
0.04575	7.95600
0.04580	12.24000
0.04585	18.97200
0.04590	8.56800
0.04595	10.40400
0.04600	33.04800
0.04605	11.01600
0.04610	17.13600
0.04615	0.61200
0.04620	6.12000
0.04625	16.52400
0.04630	21.42000
0.04635	21.42000
0.04640	26.92800
0.04645	9.18000
0.04650	12.85200
0.04655	15.30000
0.04660	6.73200
0.04665	7.95600
0.04670	11.62800
0.04675	13.46400
0.04680	2.44800
0.04685	4.89600
0.04690	1.22400
0.04695	9.18000
0.04700	6.12000
0.04705	1.22400
0.04710	17.13600
0.04715	6.12000
0.04720	3.06000
0.04725	30.60000
0.04730	5.50800
0.04735	3.67200
0.04740	16.52400
0.04745	9.18000
0.04750	3.67200
0.04755	17.13600
0.04760	13.46400
0.04765	10.40400
0.04770	5.50800
0.04775	3.06000
0.04780	14.68800
0.04785	3.06000
0.04790	10.40400
0.04795	6.12000
0.04800	4.89600
0.04805	7.95600
0.04810	9.18000
0.04815	17.74800
0.04820	6.73200
0.04825	3.06000
0.04830	12.24000
0.04835	7.95600
0.04840	13.46400
0.04845	17.13600
0.04850	18.97200
0.04855	4.28400
0.04860	4.28400
0.04865	18.36000
0.04870	7.34400
0.04875	7.34400
0.04880	34.27200
0.04885	9.18000
0.04890	3.06000
0.04895	18.97200
0.04900	10.40400
0.04905	12.24000
0.04910	6.73200
0.04915	3.06000
0.04920	18.36000
0.04925	4.28400
0.04930	9.79200
0.04935	4.28400
0.04940	13.46400
0.04945	2.44800
0.04950	19.58400
0.04955	7.95600
0.04960	4.89600
0.04965	22.64400
0.04970	24.48000
0.04975	17.13600
0.04980	9.18000
0.04985	14.68800
0.04990	10.40400
0.04995	9.79200
0.05000	16.52400
0.05005	7.95600
0.05010	12.24000
0.05015	9.79200
0.05020	25.09200
0.05025	7.95600
0.05030	14.68800
0.05035	8.56800
0.05040	16.52400
0.05045	15.30000
0.05050	6.12000
0.05055	7.95600
0.05060	17.13600
0.05065	26.31600
0.05070	9.79200
0.05075	12.24000
0.05080	3.67200
0.05085	11.62800
0.05090	2.44800
0.05095	9.18000
0.05100	9.79200
0.05105	21.42000
0.05110	7.34400
0.05115	3.67200
0.05120	7.34400
0.05125	11.01600
0.05130	8.56800
0.05135	23.25600
0.05140	11.01600
0.05145	22.64400
0.05150	20.80800
0.05155	15.91200
0.05160	13.46400
0.05165	12.24000
0.05170	16.52400
0.05175	12.85200
0.05180	8.56800
0.05185	11.01600
0.05190	17.13600
0.05195	12.24000
0.05200	7.95600
0.05205	19.58400
0.05210	35.49600
0.05215	27.54000
0.05220	15.91200
0.05225	5.50800
0.05230	12.85200
0.05235	17.13600
0.05240	7.95600
0.05245	0.61200
0.05250	7.34400
0.05255	3.67200
0.05260	7.95600
0.05265	6.12000
0.05270	12.85200
0.05275	8.56800
0.05280	15.30000
0.05285	26.31600
0.05290	7.34400
0.05295	7.95600
0.05300	3.06000
0.05305	29.37600
0.05310	7.95600
0.05315	6.12000
0.05320	5.50800
0.05325	7.95600
0.05330	18.97200
0.05335	9.18000
0.05340	9.18000
0.05345	6.12000
0.05350	14.68800
0.05355	10.40400
0.05360	17.13600
0.05365	23.25600
0.05370	25.70400
0.05375	7.95600
0.05380	3.06000
0.05385	8.56800
0.05390	11.01600
0.05395	7.34400
0.05400	4.89600
0.05405	8.56800
0.05410	8.56800
0.05415	4.28400
0.05420	5.50800
0.05425	20.19600
0.05430	22.03200
0.05435	6.73200
0.05440	8.56800
0.05445	1.83600
0.05450	5.50800
0.05455	5.50800
0.05460	2.44800
0.05465	8.56800
0.05470	7.95600
0.05475	5.50800
0.05480	13.46400
0.05485	1.83600
0.05490	5.50800
0.05495	2.44800
0.05500	9.18000
0.05505	4.28400
0.05510	3.67200
0.05515	6.12000
0.05520	11.01600
0.05525	4.28400
0.05530	6.12000
0.05535	11.62800
0.05540	7.95600
0.05545	1.83600
0.05550	8.56800
0.05555	9.79200
0.05560	4.28400
0.05565	19.58400
0.05570	9.18000
0.05575	17.13600
0.05580	15.91200
0.05585	7.34400
0.05590	11.62800
0.05595	12.85200
0.05600	13.46400
0.05605	17.13600
0.05610	11.01600
0.05615	3.67200
0.05620	18.97200
0.05625	3.67200
0.05630	14.07600
0.05635	5.50800
0.05640	9.18000
0.05645	13.46400
0.05650	10.40400
0.05655	13.46400
0.05660	12.85200
0.05665	7.34400
0.05670	12.24000
0.05675	11.01600
0.05680	8.56800
0.05685	11.01600
0.05690	10.40400
0.05695	15.30000
0.05700	6.73200
0.05705	1.22400
0.05710	45.90000
0.05715	3.67200
0.05720	8.56800
0.05725	12.24000
0.05730	10.40400
0.05735	7.34400
0.05740	6.73200
0.05745	7.95600
0.05750	14.68800
0.05755	12.85200
0.05760	21.42000
0.05765	14.68800
0.05770	11.62800
0.05775	8.56800
0.05780	8.56800
0.05785	11.62800
0.05790	2.44800
0.05795	6.73200
0.05800	3.67200
0.05805	25.09200
0.05810	18.97200
0.05815	5.50800
0.05820	9.18000
0.05825	11.01600
0.05830	6.12000
0.05835	1.22400
0.05840	12.85200
0.05845	4.89600
0.05850	16.52400
0.05855	16.52400
0.05860	6.12000
0.05865	1.22400
0.05870	18.36000
0.05875	7.34400
0.05880	10.40400
0.05885	9.18000
0.05890	9.79200
0.05895	10.40400
0.05900	4.89600
0.05905	10.40400
0.05910	8.56800
0.05915	11.62800
0.05920	3.06000
0.05925	11.62800
0.05930	22.64400
0.05935	12.24000
0.05940	1.83600
0.05945	11.01600
0.05950	15.91200
0.05955	4.28400
0.05960	8.56800
0.05965	8.56800
0.05970	18.97200
0.05975	23.25600
0.05980	9.79200
0.05985	6.12000
0.05990	13.46400
0.05995	7.34400
0.06000	11.01600
0.06005	7.95600
0.06010	8.56800
0.06015	4.89600
0.06020	1.22400
0.06025	3.67200
0.06030	5.50800
0.06035	9.18000
0.06040	4.28400
0.06045	11.62800
0.06050	11.62800
0.06055	17.13600
0.06060	6.73200
0.06065	33.66000
0.06070	18.97200
0.06075	4.89600
0.06080	7.34400
0.06085	11.62800
0.06090	10.40400
0.06095	1.22400
0.06100	8.56800
0.06105	19.58400
0.06110	3.67200
0.06115	7.34400
0.06120	9.79200
0.06125	7.34400
0.06130	12.24000
0.06135	10.40400
0.06140	1.22400
0.06145	3.06000
0.06150	11.62800
0.06155	7.95600
0.06160	5.50800
0.06165	4.28400
0.06170	1.83600
0.06175	6.12000
0.06180	7.34400
0.06185	14.68800
0.06190	6.73200
0.06195	18.36000
0.06200	4.89600
0.06205	15.30000
0.06210	3.67200
0.06215	1.22400
0.06220	28.15200
0.06225	15.30000
0.06230	15.30000
0.06235	8.56800
0.06240	7.95600
0.06245	3.67200
0.06250	-0.00000
0.06255	4.89600
0.06260	15.30000
0.06265	19.58400
0.06270	1.22400
0.06275	1.22400
0.06280	4.89600
0.06285	3.06000
0.06290	7.95600
0.06295	10.40400
0.06300	14.07600
0.06305	9.79200
0.06310	9.79200
0.06315	3.67200
0.06320	1.22400
0.06325	11.01600
0.06330	7.34400
0.06335	18.97200
0.06340	7.95600
0.06345	11.62800
0.06350	9.18000
0.06355	20.80800
0.06360	6.12000
0.06365	4.28400
0.06370	7.34400
0.06375	1.83600
0.06380	15.91200
0.06385	4.28400
0.06390	16.52400
0.06395	13.46400
0.06400	6.73200
0.06405	11.62800
0.06410	7.34400
0.06415	9.79200
0.06420	6.73200
0.06425	3.67200
0.06430	11.62800
0.06435	10.40400
0.06440	4.89600
0.06445	7.95600
0.06450	9.79200
0.06455	14.07600
0.06460	18.97200
0.06465	32.43600
0.06470	9.18000
0.06475	5.50800
0.06480	15.91200
0.06485	17.13600
0.06490	14.68800
0.06495	7.95600
0.06500	4.28400
0.06505	4.89600
0.06510	4.28400
0.06515	10.40400
0.06520	14.68800
0.06525	5.50800
0.06530	5.50800
0.06535	3.06000
0.06540	8.56800
0.06545	8.56800
0.06550	1.22400
0.06555	1.22400
0.06560	7.34400
0.06565	4.89600
0.06570	-0.00000
0.06575	2.44800
0.06580	9.79200
0.06585	4.28400
0.06590	1.83600
0.06595	10.40400
0.06600	7.34400
0.06605	9.18000
0.06610	6.12000
0.06615	10.40400
0.06620	3.67200
0.06625	17.13600
0.06630	14.68800
0.06635	5.50800
0.06640	8.56800
0.06645	9.79200
0.06650	13.46400
0.06655	10.40400
0.06660	14.68800
0.06665	6.73200
0.06670	0.61200
0.06675	17.13600
0.06680	7.34400
0.06685	17.74800
0.06690	13.46400
0.06695	9.79200
0.06700	8.56800
0.06705	3.06000
0.06710	0.61200
0.06715	12.24000
0.06720	12.85200
0.06725	10.40400
0.06730	15.91200
0.06735	4.89600
0.06740	16.52400
0.06745	14.07600
0.06750	3.06000
0.06755	13.46400
0.06760	7.34400
0.06765	7.95600
0.06770	16.52400
0.06775	2.44800
0.06780	9.18000
0.06785	13.46400
0.06790	7.34400
0.06795	18.36000
0.06800	7.34400
0.06805	15.91200
0.06810	14.68800
0.06815	14.07600
0.06820	4.89600
0.06825	11.01600
0.06830	14.07600
0.06835	3.06000
0.06840	4.89600
0.06845	8.56800
0.06850	4.89600
0.06855	4.28400
0.06860	11.62800
0.06865	12.85200
0.06870	6.73200
0.06875	4.28400
0.06880	7.34400
0.06885	23.25600
0.06890	14.68800
0.06895	1.83600
0.06900	1.83600
0.06905	0.00000
0.06910	14.07600
0.06915	18.97200
0.06920	4.89600
0.06925	31.82400
0.06930	17.13600
0.06935	11.01600
0.06940	6.73200
0.06945	10.40400
0.06950	11.62800
0.06955	12.85200
0.06960	4.28400
0.06965	9.79200
0.06970	2.44800
0.06975	10.40400
0.06980	8.56800
0.06985	1.83600
0.06990	6.12000
0.06995	3.67200
0.07000	7.95600
0.07005	11.01600
0.07010	3.06000
0.07015	12.85200
0.07020	2.44800
0.07025	23.86800
0.07030	20.19600
0.07035	24.48000
0.07040	8.56800
0.07045	16.52400
0.07050	9.79200
0.07055	9.79200
0.07060	10.40400
0.07065	39.16800
0.07070	7.95600
0.07075	7.34400
0.07080	4.89600
0.07085	21.42000
0.07090	3.06000
0.07095	6.12000
0.07100	6.12000
0.07105	7.34400
0.07110	18.36000
0.07115	23.25600
0.07120	9.79200
0.07125	3.67200
0.07130	3.06000
0.07135	8.56800
0.07140	9.79200
0.07145	12.85200
0.07150	2.44800
0.07155	9.79200
0.07160	12.85200
0.07165	-0.00000
0.07170	5.50800
0.07175	10.40400
0.07180	5.50800
0.07185	7.95600
0.07190	3.06000
0.07195	12.85200
0.07200	8.56800
0.07205	4.89600
0.07210	9.79200
0.07215	9.18000
0.07220	26.31600
0.07225	11.01600
0.07230	10.40400
0.07235	20.80800
0.07240	13.46400
0.07245	6.73200
0.07250	9.79200
0.07255	14.68800
0.07260	30.60000
0.07265	3.06000
0.07270	5.50800
0.07275	20.80800
0.07280	6.12000
0.07285	21.42000
0.07290	9.18000
0.07295	2.44800
0.07300	20.19600
0.07305	22.03200
0.07310	3.06000
0.07315	17.74800
0.07320	3.67200
0.07325	9.18000
0.07330	7.95600
0.07335	11.62800
0.07340	4.89600
0.07345	1.83600
0.07350	10.40400
0.07355	7.34400
0.07360	12.85200
0.07365	8.56800
0.07370	13.46400
0.07375	3.67200
0.07380	3.06000
0.07385	1.83600
0.07390	4.28400
0.07395	3.67200
0.07400	1.83600
0.07405	13.46400
0.07410	4.28400
0.07415	17.13600
0.07420	1.22400
0.07425	9.79200
0.07430	6.73200
0.07435	14.07600
0.07440	22.03200
0.07445	9.79200
0.07450	8.56800
0.07455	0.61200
0.07460	11.01600
0.07465	9.79200
0.07470	12.24000
0.07475	8.56800
0.07480	4.89600
0.07485	16.52400
0.07490	4.28400
0.07495	10.40400
0.07500	11.62800
0.07505	4.28400
0.07510	4.28400
0.07515	20.19600
0.07520	15.30000
0.07525	4.89600
0.07530	0.61200
0.07535	5.50800
0.07540	6.73200
0.07545	2.44800
0.07550	6.73200
0.07555	4.28400
0.07560	1.22400
0.07565	4.89600
0.07570	9.79200
0.07575	5.50800
0.07580	15.91200
0.07585	3.06000
0.07590	4.28400
0.07595	1.83600
0.07600	7.95600
0.07605	12.24000
0.07610	22.03200
0.07615	1.22400
0.07620	3.67200
0.07625	6.73200
0.07630	22.64400
0.07635	6.12000
0.07640	7.34400
0.07645	20.19600
0.07650	11.01600
0.07655	11.01600
0.07660	5.50800
0.07665	3.67200
0.07670	12.24000
0.07675	13.46400
0.07680	20.80800
0.07685	12.85200
0.07690	2.44800
0.07695	10.40400
0.07700	6.73200
0.07705	7.34400
0.07710	6.73200
0.07715	9.18000
0.07720	1.22400
0.07725	14.68800
0.07730	20.80800
0.07735	10.40400
0.07740	11.62800
0.07745	11.01600
0.07750	11.62800
0.07755	0.61200
0.07760	6.12000
0.07765	14.07600
0.07770	12.24000
0.07775	18.36000
0.07780	4.89600
0.07785	12.85200
0.07790	8.56800
0.07795	4.89600
0.07800	0.61200
0.07805	17.13600
0.07810	7.34400
0.07815	5.50800
0.07820	9.79200
0.07825	3.06000
0.07830	6.73200
0.07835	6.73200
0.07840	1.83600
0.07845	6.12000
0.07850	2.44800
0.07855	7.95600
0.07860	3.67200
0.07865	26.31600
0.07870	12.24000
0.07875	8.56800
0.07880	9.79200
0.07885	5.50800
0.07890	12.24000
0.07895	4.28400
0.07900	3.06000
0.07905	12.85200
0.07910	18.36000
0.07915	9.79200
0.07920	4.89600
0.07925	5.50800
0.07930	1.22400
0.07935	1.83600
0.07940	20.80800
0.07945	7.34400
0.07950	11.01600
0.07955	4.28400
0.07960	7.95600
0.07965	15.91200
0.07970	0.00000
0.07975	7.34400
0.07980	8.56800
0.07985	9.79200
0.07990	3.06000
0.07995	3.67200
0.08000	3.67200
0.08005	27.54000
0.08010	4.89600
0.08015	19.58400
0.08020	17.74800
0.08025	18.97200
0.08030	4.28400
0.08035	-0.00000
0.08040	19.58400
0.08045	5.50800
0.08050	15.91200
0.08055	5.50800
0.08060	13.46400
0.08065	14.68800
0.08070	9.79200
0.08075	6.73200
0.08080	22.64400
0.08085	6.73200
0.08090	14.07600
0.08095	18.36000
0.08100	10.40400
0.08105	8.56800
0.08110	4.89600
0.08115	17.13600
0.08120	3.06000
0.08125	1.83600
0.08130	9.79200
0.08135	23.25600
0.08140	23.25600
0.08145	5.50800
0.08150	10.40400
0.08155	15.30000
0.08160	11.62800
0.08165	18.97200
0.08170	1.83600
0.08175	23.25600
0.08180	22.64400
0.08185	7.95600
0.08190	11.01600
0.08195	3.06000
0.08200	3.06000
0.08205	11.01600
0.08210	9.79200
0.08215	3.06000
0.08220	13.46400
0.08225	11.62800
0.08230	4.89600
0.08235	8.56800
0.08240	9.18000
0.08245	17.13600
0.08250	4.28400
0.08255	6.73200
0.08260	7.95600
0.08265	5.50800
0.08270	16.52400
0.08275	1.22400
0.08280	7.34400
0.08285	16.52400
0.08290	9.79200
0.08295	5.50800
0.08300	22.64400
0.08305	3.06000
0.08310	9.79200
0.08315	9.79200
0.08320	10.40400
0.08325	7.34400
0.08330	9.79200
0.08335	11.01600
0.08340	7.95600
0.08345	6.73200
0.08350	9.79200
0.08355	5.50800
0.08360	6.73200
0.08365	4.28400
0.08370	7.34400
0.08375	7.95600
0.08380	6.73200
0.08385	4.89600
0.08390	20.80800
0.08395	16.52400
0.08400	12.85200
0.08405	11.62800
0.08410	12.24000
0.08415	3.06000
0.08420	10.40400
0.08425	14.07600
0.08430	3.06000
0.08435	5.50800
0.08440	2.44800
0.08445	9.18000
0.08450	14.68800
0.08455	6.12000
0.08460	6.73200
0.08465	7.34400
0.08470	6.73200
0.08475	8.56800
0.08480	0.00000
0.08485	9.18000
0.08490	6.12000
0.08495	10.40400
0.08500	5.50800
0.08505	6.73200
0.08510	7.34400
0.08515	1.83600
0.08520	12.85200
0.08525	12.24000
0.08530	3.06000
0.08535	5.50800
0.08540	13.46400
0.08545	5.50800
0.08550	3.67200
0.08555	0.00000
0.08560	9.18000
0.08565	0.61200
0.08570	4.28400
0.08575	5.50800
0.08580	1.83600
0.08585	14.68800
0.08590	13.46400
0.08595	14.07600
0.08600	9.79200
0.08605	21.42000
0.08610	15.91200
0.08615	9.18000
0.08620	14.68800
0.08625	7.34400
0.08630	7.34400
0.08635	14.07600
0.08640	12.24000
0.08645	21.42000
0.08650	22.64400
0.08655	1.22400
0.08660	11.62800
0.08665	10.40400
0.08670	7.34400
0.08675	6.73200
0.08680	13.46400
0.08685	5.50800
0.08690	12.85200
0.08695	7.95600
0.08700	13.46400
0.08705	9.79200
0.08710	15.30000
0.08715	10.40400
0.08720	9.18000
0.08725	17.74800
0.08730	10.40400
0.08735	18.36000
0.08740	11.01600
0.08745	7.95600
0.08750	8.56800
0.08755	9.18000
0.08760	0.61200
0.08765	6.73200
0.08770	7.34400
0.08775	7.95600
0.08780	11.62800
0.08785	7.95600
0.08790	4.89600
0.08795	4.89600
0.08800	7.34400
0.08805	18.97200
0.08810	3.67200
0.08815	4.89600
0.08820	22.03200
0.08825	7.95600
0.08830	7.34400
0.08835	5.50800
0.08840	8.56800
0.08845	9.18000
0.08850	13.46400
0.08855	3.06000
0.08860	4.28400
0.08865	12.85200
0.08870	4.28400
0.08875	8.56800
0.08880	3.06000
0.08885	11.62800
0.08890	1.22400
0.08895	1.83600
0.08900	10.40400
0.08905	18.97200
0.08910	16.52400
0.08915	4.89600
0.08920	6.73200
0.08925	13.46400
0.08930	3.06000
0.08935	7.34400
0.08940	28.76400
0.08945	3.06000
0.08950	0.61200
0.08955	9.18000
0.08960	21.42000
0.08965	7.34400
0.08970	9.79200
0.08975	9.79200
0.08980	17.13600
0.08985	13.46400
0.08990	4.89600
0.08995	1.83600
0.09000	17.13600
0.09005	9.18000
0.09010	7.95600
0.09015	0.61200
0.09020	5.50800
0.09025	9.79200
0.09030	7.95600
0.09035	3.67200
0.09040	5.50800
0.09045	8.56800
0.09050	5.50800
0.09055	4.89600
0.09060	4.89600
0.09065	9.18000
0.09070	11.01600
0.09075	8.56800
0.09080	12.24000
0.09085	4.28400
0.09090	7.34400
0.09095	8.56800
0.09100	7.95600
0.09105	35.49600
0.09110	12.85200
0.09115	1.83600
0.09120	17.13600
0.09125	1.83600
0.09130	17.13600
0.09135	7.95600
0.09140	22.03200
0.09145	6.12000
0.09150	4.28400
0.09155	7.95600
0.09160	9.18000
0.09165	5.50800
0.09170	6.12000
0.09175	18.36000
0.09180	5.50800
0.09185	12.85200
0.09190	17.74800
0.09195	18.36000
0.09200	6.73200
0.09205	1.22400
0.09210	2.44800
0.09215	11.62800
0.09220	2.44800
0.09225	14.07600
0.09230	10.40400
0.09235	15.91200
0.09240	7.34400
0.09245	5.50800
0.09250	4.28400
0.09255	6.73200
0.09260	3.67200
0.09265	6.12000
0.09270	0.61200
0.09275	5.50800
0.09280	11.01600
0.09285	3.67200
0.09290	0.61200
0.09295	9.18000
0.09300	13.46400
0.09305	14.07600
0.09310	16.52400
0.09315	12.85200
0.09320	6.12000
0.09325	18.97200
0.09330	7.34400
0.09335	14.68800
0.09340	11.01600
0.09345	3.67200
0.09350	10.40400
0.09355	0.61200
0.09360	9.18000
0.09365	8.56800
0.09370	6.12000
0.09375	10.40400
0.09380	8.56800
0.09385	6.73200
0.09390	3.67200
0.09395	6.73200
0.09400	10.40400
0.09405	11.62800
0.09410	25.09200
0.09415	6.12000
0.09420	9.18000
0.09425	7.34400
0.09430	6.73200
0.09435	11.62800
0.09440	20.80800
0.09445	13.46400
0.09450	13.46400
0.09455	29.98800
0.09460	17.74800
0.09465	9.79200
0.09470	2.44800
0.09475	9.18000
0.09480	12.85200
0.09485	11.62800
0.09490	3.67200
0.09495	14.07600
0.09500	7.34400
0.09505	8.56800
0.09510	4.89600
0.09515	26.31600
0.09520	13.46400
0.09525	6.73200
0.09530	3.67200
0.09535	5.50800
0.09540	6.73200
0.09545	18.97200
0.09550	9.79200
0.09555	11.62800
0.09560	11.01600
0.09565	23.86800
0.09570	12.24000
0.09575	2.44800
0.09580	17.13600
0.09585	23.86800
0.09590	5.50800
0.09595	28.15200
0.09600	7.95600
0.09605	14.07600
0.09610	0.61200
0.09615	14.07600
0.09620	9.18000
0.09625	5.50800
0.09630	20.19600
0.09635	8.56800
0.09640	6.12000
0.09645	4.89600
0.09650	3.67200
0.09655	9.79200
0.09660	16.52400
0.09665	4.89600
0.09670	7.34400
0.09675	12.85200
0.09680	21.42000
0.09685	12.24000
0.09690	17.74800
0.09695	1.83600
0.09700	18.97200
0.09705	13.46400
0.09710	7.95600
0.09715	9.79200
0.09720	9.79200
0.09725	6.12000
0.09730	16.52400
0.09735	18.36000
0.09740	4.89600
0.09745	3.67200
0.09750	0.61200
0.09755	6.73200
0.09760	12.24000
0.09765	5.50800
0.09770	9.79200
0.09775	15.30000
0.09780	12.85200
0.09785	5.50800
0.09790	9.79200
0.09795	15.91200
0.09800	14.07600
0.09805	22.64400
0.09810	9.18000
0.09815	14.07600
0.09820	7.34400
0.09825	9.18000
0.09830	8.56800
0.09835	4.89600
0.09840	0.00000
0.09845	9.18000
0.09850	5.50800
0.09855	9.18000
0.09860	3.67200
0.09865	6.73200
0.09870	8.56800
0.09875	1.22400
0.09880	0.61200
0.09885	20.19600
0.09890	17.13600
0.09895	6.73200
0.09900	1.22400
0.09905	2.44800
0.09910	9.18000
0.09915	6.73200
0.09920	1.83600
0.09925	7.95600
0.09930	8.56800
0.09935	3.06000
0.09940	3.06000
0.09945	4.89600
0.09950	2.44800
0.09955	9.79200
0.09960	2.44800
0.09965	1.83600
0.09970	2.44800
0.09975	5.50800
0.09980	11.62800
0.09985	11.62800
0.09990	4.28400
0.09995	3.06000
0.10000	6.12000
0.10005	17.13600
0.10010	12.85200
0.10015	9.18000
0.10020	0.61200
0.10025	2.44800
0.10030	6.73200
0.10035	1.83600
0.10040	28.76400
0.10045	7.34400
0.10050	12.85200
0.10055	6.73200
0.10060	11.01600
0.10065	19.58400
0.10070	9.18000
0.10075	21.42000
0.10080	14.07600
0.10085	15.91200
0.10090	22.03200
0.10095	4.28400
0.10100	6.73200
0.10105	12.85200
0.10110	4.28400
0.10115	11.01600
0.10120	27.54000
0.10125	28.15200
0.10130	27.54000
0.10135	20.19600
0.10140	22.64400
0.10145	38.55600
0.10150	61.81200
0.10155	68.54400
0.10160	105.87600
0.10165	89.96400
0.10170	148.71600
0.10175	127.90800
0.10180	163.40400
0.10185	291.92400
0.10190	221.54400
0.10195	291.92400
0.10200	329.25600
0.10205	392.29200
0.10210	387.39600
0.10215	372.70800
0.10220	405.75600
0.10225	447.37200
0.10230	350.06400
0.10235	393.51600
0.10240	340.27200
0.10245	315.18000
0.10250	247.24800
0.10255	175.03200
0.10260	222.15600
0.10265	177.48000
0.10270	183.60000
0.10275	188.49600
0.10280	151.16400
0.10285	113.83200
0.10290	119.95200
0.10295	118.72800
0.10300	66.09600
0.10305	77.72400
0.10310	93.63600
0.10315	103.42800
0.10320	87.51600
0.10325	84.45600
0.10330	58.75200
0.10335	72.82800
0.10340	61.20000
0.10345	72.82800
0.10350	50.18400
0.10355	74.66400
0.10360	70.99200
0.10365	62.42400
0.10370	39.16800
0.10375	63.64800
0.10380	60.58800
0.10385	39.16800
0.10390	47.73600
0.10395	43.45200
0.10400	37.33200
0.10405	46.51200
0.10410	69.76800
0.10415	69.76800
0.10420	26.31600
0.10425	25.09200
0.10430	37.33200
0.10435	42.84000
0.10440	61.81200
0.10445	40.39200
0.10450	36.10800
0.10455	40.39200
0.10460	49.57200
0.10465	44.67600
0.10470	42.84000
0.10475	41.00400
0.10480	55.69200
0.10485	31.21200
0.10490	36.72000
0.10495	42.84000
0.10500	42.22800
0.10505	34.27200
0.10510	31.21200
0.10515	30.60000
0.10520	66.70800
0.10525	39.16800
0.10530	35.49600
0.10535	29.37600
0.10540	63.64800
0.10545	42.22800
0.10550	40.39200
0.10555	28.15200
0.10560	31.82400
0.10565	31.82400
0.10570	38.55600
0.10575	41.00400
0.10580	38.55600
0.10585	45.28800
0.10590	35.49600
0.10595	50.18400
0.10600	23.86800
0.10605	30.60000
0.10610	42.84000
0.10615	49.57200
0.10620	12.24000
0.10625	22.64400
0.10630	54.46800
0.10635	22.03200
0.10640	34.88400
0.10645	30.60000
0.10650	16.52400
0.10655	27.54000
0.10660	25.70400
0.10665	20.19600
0.10670	28.76400
0.10675	24.48000
0.10680	25.70400
0.10685	10.40400
0.10690	42.84000
0.10695	30.60000
0.10700	20.80800
0.10705	43.45200
0.10710	49.57200
0.10715	39.78000
0.10720	27.54000
0.10725	34.88400
0.10730	29.98800
0.10735	28.76400
0.10740	14.07600
0.10745	42.84000
0.10750	28.76400
0.10755	23.86800
0.10760	32.43600
0.10765	20.80800
0.10770	26.92800
0.10775	31.82400
0.10780	31.21200
0.10785	14.07600
0.10790	29.37600
0.10795	18.97200
0.10800	13.46400
0.10805	24.48000
0.10810	21.42000
0.10815	12.85200
0.10820	17.13600
0.10825	33.66000
0.10830	34.88400
0.10835	20.19600
0.10840	16.52400
0.10845	14.68800
0.10850	28.15200
0.10855	20.80800
0.10860	25.09200
0.10865	26.92800
0.10870	22.64400
0.10875	26.92800
0.10880	31.82400
0.10885	36.72000
0.10890	18.97200
0.10895	36.10800
0.10900	23.86800
0.10905	9.18000
0.10910	30.60000
0.10915	28.76400
0.10920	9.79200
0.10925	37.33200
0.10930	18.97200
0.10935	26.31600
0.10940	20.19600
0.10945	11.01600
0.10950	12.24000
0.10955	25.70400
0.10960	44.67600
0.10965	22.03200
0.10970	22.03200
0.10975	12.85200
0.10980	28.15200
0.10985	26.92800
0.10990	20.80800
0.10995	20.80800
0.11000	37.94400
0.11005	11.01600
0.11010	32.43600
0.11015	20.80800
0.11020	5.50800
0.11025	27.54000
0.11030	27.54000
0.11035	17.74800
0.11040	15.91200
0.11045	9.18000
0.11050	19.58400
0.11055	29.37600
0.11060	29.37600
0.11065	33.66000
0.11070	25.70400
0.11075	40.39200
0.11080	15.30000
0.11085	45.28800
0.11090	32.43600
0.11095	42.84000
0.11100	36.72000
0.11105	21.42000
0.11110	33.66000
0.11115	35.49600
0.11120	23.25600
0.11125	26.31600
0.11130	21.42000
0.11135	40.39200
0.11140	36.72000
0.11145	25.09200
0.11150	25.70400
0.11155	22.03200
0.11160	22.64400
0.11165	21.42000
0.11170	15.30000
0.11175	25.09200
0.11180	34.88400
0.11185	26.31600
0.11190	18.97200
0.11195	15.91200
0.11200	14.68800
0.11205	35.49600
0.11210	38.55600
0.11215	18.97200
0.11220	23.25600
0.11225	27.54000
0.11230	19.58400
0.11235	29.37600
0.11240	36.72000
0.11245	19.58400
0.11250	20.19600
0.11255	11.01600
0.11260	20.19600
0.11265	37.94400
0.11270	22.64400
0.11275	12.85200
0.11280	28.15200
0.11285	53.24400
0.11290	23.86800
0.11295	22.03200
0.11300	41.00400
0.11305	23.25600
0.11310	19.58400
0.11315	39.16800
0.11320	30.60000
0.11325	26.92800
0.11330	30.60000
0.11335	18.97200
0.11340	31.21200
0.11345	7.95600
0.11350	35.49600
0.11355	19.58400
0.11360	15.91200
0.11365	15.91200
0.11370	34.27200
0.11375	13.46400
0.11380	15.91200
0.11385	17.13600
0.11390	15.91200
0.11395	16.52400
0.11400	11.62800
0.11405	32.43600
0.11410	6.73200
0.11415	22.64400
0.11420	26.31600
0.11425	21.42000
0.11430	11.01600
0.11435	18.97200
0.11440	15.30000
0.11445	21.42000
0.11450	23.25600
0.11455	20.80800
0.11460	14.68800
0.11465	18.97200
0.11470	36.72000
0.11475	18.36000
0.11480	17.13600
0.11485	17.13600
0.11490	34.27200
0.11495	23.25600
0.11500	16.52400
0.11505	25.70400
0.11510	22.03200
0.11515	12.24000
0.11520	11.62800
0.11525	15.91200
0.11530	9.79200
0.11535	33.66000
0.11540	24.48000
0.11545	19.58400
0.11550	20.19600
0.11555	11.01600
0.11560	13.46400
0.11565	19.58400
0.11570	18.36000
0.11575	20.19600
0.11580	12.85200
0.11585	36.10800
0.11590	5.50800
0.11595	28.15200
0.11600	22.64400
0.11605	18.36000
0.11610	20.19600
0.11615	25.09200
0.11620	11.01600
0.11625	12.85200
0.11630	15.30000
0.11635	6.73200
0.11640	29.37600
0.11645	17.13600
0.11650	15.30000
0.11655	16.52400
0.11660	32.43600
0.11665	17.13600
0.11670	15.91200
0.11675	26.92800
0.11680	32.43600
0.11685	33.04800
0.11690	21.42000
0.11695	15.30000
0.11700	27.54000
0.11705	17.74800
0.11710	44.06400
0.11715	18.97200
0.11720	7.34400
0.11725	16.52400
0.11730	22.64400
0.11735	18.97200
0.11740	9.18000
0.11745	10.40400
0.11750	16.52400
0.11755	14.07600
0.11760	24.48000
0.11765	31.21200
0.11770	24.48000
0.11775	14.07600
0.11780	12.85200
0.11785	13.46400
0.11790	21.42000
0.11795	25.70400
0.11800	13.46400
0.11805	6.73200
0.11810	5.50800
0.11815	15.30000
0.11820	15.91200
0.11825	22.64400
0.11830	26.92800
0.11835	11.62800
0.11840	24.48000
0.11845	13.46400
0.11850	15.30000
0.11855	18.97200
0.11860	14.68800
0.11865	11.01600
0.11870	20.80800
0.11875	38.55600
0.11880	14.68800
0.11885	31.82400
0.11890	25.09200
0.11895	25.09200
0.11900	23.25600
0.11905	12.24000
0.11910	26.31600
0.11915	11.62800
0.11920	33.04800
0.11925	34.88400
0.11930	25.70400
0.11935	28.15200
0.11940	12.85200
0.11945	14.68800
0.11950	15.30000
0.11955	17.74800
0.11960	37.33200
0.11965	23.86800
0.11970	34.88400
0.11975	17.13600
0.11980	33.04800
0.11985	13.46400
0.11990	18.97200
0.11995	9.79200
0.12000	17.13600
0.12005	31.82400
0.12010	11.01600
0.12015	17.74800
0.12020	36.72000
0.12025	18.36000
0.12030	6.73200
0.12035	15.91200
0.12040	22.03200
0.12045	13.46400
0.12050	11.62800
0.12055	11.62800
0.12060	17.13600
0.12065	18.97200
0.12070	17.74800
0.12075	24.48000
0.12080	10.40400
0.12085	24.48000
0.12090	28.15200
0.12095	9.79200
0.12100	28.15200
0.12105	7.34400
0.12110	20.19600
0.12115	24.48000
0.12120	13.46400
0.12125	18.97200
0.12130	14.07600
0.12135	12.85200
0.12140	29.98800
0.12145	20.19600
0.12150	16.52400
0.12155	15.30000
0.12160	28.76400
0.12165	8.56800
0.12170	9.79200
0.12175	12.85200
0.12180	25.09200
0.12185	23.25600
0.12190	12.85200
0.12195	17.74800
0.12200	4.89600
0.12205	31.82400
0.12210	43.45200
0.12215	55.08000
0.12220	15.30000
0.12225	26.92800
0.12230	21.42000
0.12235	7.95600
0.12240	19.58400
0.12245	17.13600
0.12250	23.25600
0.12255	21.42000
0.12260	22.03200
0.12265	18.97200
0.12270	12.24000
0.12275	24.48000
0.12280	26.31600
0.12285	17.74800
0.12290	11.62800
0.12295	7.95600
0.12300	17.13600
0.12305	4.89600
0.12310	17.13600
0.12315	22.03200
0.12320	14.07600
0.12325	11.01600
0.12330	7.34400
0.12335	23.86800
0.12340	25.70400
0.12345	24.48000
0.12350	14.07600
0.12355	24.48000
0.12360	13.46400
0.12365	22.64400
0.12370	31.82400
0.12375	15.91200
0.12380	10.40400
0.12385	26.92800
0.12390	22.03200
0.12395	19.58400
0.12400	8.56800
0.12405	13.46400
0.12410	28.76400
0.12415	15.30000
0.12420	17.13600
0.12425	24.48000
0.12430	23.25600
0.12435	12.24000
0.12440	26.31600
0.12445	34.88400
0.12450	5.50800
0.12455	20.80800
0.12460	21.42000
0.12465	14.68800
0.12470	8.56800
0.12475	10.40400
0.12480	26.31600
0.12485	11.01600
0.12490	21.42000
0.12495	25.09200
0.12500	31.21200
0.12505	13.46400
0.12510	30.60000
0.12515	18.97200
0.12520	12.24000
0.12525	23.25600
0.12530	13.46400
0.12535	14.07600
0.12540	15.91200
0.12545	17.13600
0.12550	11.62800
0.12555	14.68800
0.12560	13.46400
0.12565	12.24000
0.12570	11.62800
0.12575	18.36000
0.12580	3.06000
0.12585	12.24000
0.12590	20.80800
0.12595	23.25600
0.12600	9.18000
0.12605	15.30000
0.12610	6.12000
0.12615	18.97200
0.12620	21.42000
0.12625	11.62800
0.12630	10.40400
0.12635	21.42000
0.12640	18.36000
0.12645	14.07600
0.12650	39.78000
0.12655	6.12000
0.12660	23.86800
0.12665	22.03200
0.12670	4.28400
0.12675	18.97200
0.12680	2.44800
0.12685	9.79200
0.12690	25.09200
0.12695	6.12000
0.12700	21.42000
0.12705	22.03200
0.12710	20.19600
0.12715	25.09200
0.12720	21.42000
0.12725	14.07600
0.12730	18.97200
0.12735	20.80800
0.12740	31.82400
0.12745	7.34400
0.12750	7.95600
0.12755	15.91200
0.12760	7.34400
0.12765	15.91200
0.12770	22.03200
0.12775	15.30000
0.12780	6.12000
0.12785	1.83600
0.12790	14.68800
0.12795	7.34400
0.12800	12.24000
0.12805	21.42000
0.12810	15.91200
0.12815	9.18000
0.12820	16.52400
0.12825	17.74800
0.12830	30.60000
0.12835	20.80800
0.12840	7.95600
0.12845	29.98800
0.12850	22.64400
0.12855	20.80800
0.12860	18.97200
0.12865	6.12000
0.12870	17.13600
0.12875	10.40400
0.12880	17.74800
0.12885	18.36000
0.12890	16.52400
0.12895	18.97200
0.12900	8.56800
0.12905	6.73200
0.12910	22.03200
0.12915	9.79200
0.12920	24.48000
0.12925	15.91200
0.12930	3.06000
0.12935	40.39200
0.12940	22.03200
0.12945	36.72000
0.12950	22.64400
0.12955	14.68800
0.12960	25.09200
0.12965	12.24000
0.12970	18.36000
0.12975	13.46400
0.12980	14.68800
0.12985	12.24000
0.12990	20.80800
