0.020613 -0.0250000004 -0.000970446502 0.000241316361 asynchronous_release_0
0.021806 -0.0250000004 0.000688107988 0.000725608295 asynchronous_release_0
0.031796 -0.0250000004 0.00995965273 -0.0335530225 asynchronous_release_0
0.040968 -0.0250000004 0.00776827269 -0.0341270265 asynchronous_release_0
0.023347 -0.0250000004 0.0166325618 0.0307954199 asynchronous_release_1
0.040837 -0.0250000004 0.0349999121 -7.84568285e-05 asynchronous_release_0
0.04056 -0.0250000004 -0.0196788138 0.0289438126 asynchronous_release_0
0.049206 -0.0250000004 -0.000801022497 0.000598634245 asynchronous_release_0
0.025579 -0.0250000004 0.000926232912 0.000376951711 asynchronous_release_0
0.038277 -0.0250000004 0.0293701631 0.0190366362 asynchronous_release_0
0.039408 -0.0250000004 0.024481275 0.0250133399 asynchronous_release_0
0.01144 -0.0250000004 -0.0244051237 0.0250876451 asynchronous_release_0
0.027364 -0.0250000004 0.0260567222 -0.0233676535 asynchronous_release_0
0.013793 -0.0250000004 0.0339388569 0.00855301084 asynchronous_release_0
0.031586 -0.0250000004 -0.00922557377 -0.0337622391 asynchronous_release_0
0.044671 -0.0250000004 -0.0345332565 -0.00569685866 asynchronous_release_0
0.038023 -0.0250000004 0.0291188813 -0.0194188247 asynchronous_release_0
0.04458 -0.0250000004 0.0273500422 0.0218397617 asynchronous_release_0
0.046996 -0.0250000004 0.00283134392 -0.0348852905 asynchronous_release_0
0.044785 -0.0250000004 0.0264155265 -0.0229612709 asynchronous_release_0
0.032252 -0.0250000004 0.0326777077 -0.0125366431 asynchronous_release_0
0.048023 -0.0250000004 0.00121597849 0.0349788707 asynchronous_release_0
0.017505 -0.0250000004 0.0348063537 -0.00367664837 asynchronous_release_0
0.034037 -0.0250000004 -0.00800279287 0.0340727942 asynchronous_release_0
0.028525 -0.0250000004 0.000365033307 0.0349980964 asynchronous_release_0
0.042062 -0.0250000004 0.0158407978 -0.0312100805 asynchronous_release_0
0.037868 -0.0250000004 0.0309614094 -0.0163214929 asynchronous_release_4
0.030593 -0.0250000004 -0.0169200697 -0.0306383949 asynchronous_release_0
0.041498 -0.0250000004 -0.00625384037 -0.0344367461 asynchronous_release_0
0.046471 -0.0250000004 0.000521794187 -0.000853071407 asynchronous_release_0
0.039838 -0.0250000004 0.0342331723 -0.00728628238 asynchronous_release_0
0.030308 -0.0250000004 0.000161658208 0.000986846809 asynchronous_release_0
0.040523 -0.0250000004 0.00099237944 0.000123219509 asynchronous_release_0
0.031784 -0.0250000004 0.00248660498 -0.0349115568 asynchronous_release_0
0.040325 -0.0250000004 0.00637050621 -0.0344153549 asynchronous_release_0
0.035701 -0.0250000004 -0.00964440716 -0.0336449909 asynchronous_release_0
0.009408 -0.0250000004 -0.000897337685 -0.000441344626 asynchronous_release_1
0.023459 -0.0250000004 0.0321439699 -0.0138479312 asynchronous_release_4
0.039006 -0.0250000004 -0.0345165424 0.00579726638 asynchronous_release_0
0.040642 -0.0250000004 0.00490519843 -0.0346545672 asynchronous_release_0
0.040818 -0.0250000004 0.0329043766 0.0119290402 asynchronous_release_0
0.016752 -0.0250000004 0.0220983504 0.0271415348 asynchronous_release_0
0.041023 -0.0250000004 -0.00257138574 -0.0349054147 asynchronous_release_0
0.009466 -0.0250000004 -0.0342011265 -0.00743525012 asynchronous_release_0
0.04061 -0.0250000004 -0.0236404446 0.0258094823 asynchronous_release_0
0.027691 -0.0250000004 0.00654302292 0.0343829733 asynchronous_release_0
0.024831 -0.0250000004 3.6689099e-07 -0.000999999933 asynchronous_release_0
0.026185 -0.0250000004 0.0103844527 -0.0334239905 asynchronous_release_0
0.011814 -0.0250000004 -0.0332687045 -0.0108716742 asynchronous_release_0
0.021907 -0.0250000004 0.0182148154 -0.0298867947 asynchronous_release_0
0.047623 -0.0250000004 -0.0252251376 -0.0242629848 asynchronous_release_0
0.007852 -0.0250000004 0.0319704412 -0.0142439772 asynchronous_release_0
0.042328 -0.0250000004 0.00417408965 0.0347502083 asynchronous_release_0
0.029895 -0.0250000004 0.00580434067 -0.0345153535 asynchronous_release_0
0.046049 -0.0250000004 0.0218390083 -0.0273506438 asynchronous_release_0
0.017934 -0.0250000004 -0.0347665583 -0.0040356444 asynchronous_release_0
0.033882 -0.0250000004 -0.0173127229 0.0304182449 asynchronous_release_0
0.036241 -0.0250000004 0.000690631216 -0.00072320711 asynchronous_release_0
0.031254 -0.0250000004 -0.000987749149 0.000156050054 asynchronous_release_0
0.037496 -0.0250000004 -0.000999776743 -2.11297172e-05 asynchronous_release_0
0.036221 -0.0250000004 -0.0175630523 -0.0302743983 asynchronous_release_0
0.033986 -0.0250000004 0.000599505363 0.000800370739 asynchronous_release_1
0.038224 -0.0250000004 -0.00291819357 0.0348781328 asynchronous_release_0
0.035984 -0.0250000004 0.00203958062 -0.0349405225 asynchronous_release_0
0.038667 -0.0250000004 -0.0196248855 -0.0289804049 asynchronous_release_0
0.037361 -0.0250000004 -0.0192725997 0.0292158673 asynchronous_release_0
0.031327 -0.0250000004 0.0303500177 -0.0174320517 asynchronous_release_0
0.030938 -0.0250000004 -0.0348675113 0.0030424752 asynchronous_release_0
0.025263 -0.0250000004 0.000831237996 0.000555916714 asynchronous_release_0
0.041497 -0.0250000004 0.000883310003 0.034988852 asynchronous_release_0
0.033436 -0.0250000004 -0.00874116474 -0.0338908843 asynchronous_release_0
0.006061 -0.0250000004 0.000993300942 -0.000115556214 asynchronous_release_0
0.034825 -0.0250000004 -0.0333011918 0.0107717512 asynchronous_release_0
0.022305 -0.0250000004 -0.0314371757 0.0153851873 asynchronous_release_0
0.048621 -0.0250000004 0.00839928501 0.0339772278 asynchronous_release_0
0.026916 -0.0250000004 0.000970927887 0.000239372176 asynchronous_release_0
0.038684 -0.0250000004 0.0289504321 0.0196690742 asynchronous_release_0
0.022172 -0.0250000004 0.0196466219 0.0289656736 asynchronous_release_0
0.017666 -0.0250000004 0.0349887871 -0.000885874991 asynchronous_release_0
0.043177 -0.0250000004 0.0341221606 -0.00778961868 asynchronous_release_0
0.023031 -0.0250000004 0.00249771027 0.034910764 asynchronous_release_3
0.044514 -0.0250000004 0.0161596084 0.0310462084 asynchronous_release_0
0.029037 -0.0250000004 -0.000999137116 4.15334047e-05 asynchronous_release_0
0.029146 -0.0250000004 0.0338998404 -0.00870636677 asynchronous_release_0
0.01519 -0.0250000004 -0.00837830467 -0.0339824074 asynchronous_release_0
0.038246 -0.0250000004 -0.013861566 -0.0321380925 asynchronous_release_3
0.048789 -0.0250000004 0.0283934971 -0.0204648314 asynchronous_release_0
0.045319 -0.0250000004 0.0332755172 0.0108508045 asynchronous_release_0
0.02593 -0.0250000004 -0.033712045 0.00940733856 asynchronous_release_0
0.03442 -0.0250000004 -0.000499064966 -0.000866564574 asynchronous_release_0
0.048109 -0.0250000004 -0.0280901766 0.0208792236 asynchronous_release_0
0.03841 -0.0250000004 -0.0257853497 0.0236667645 asynchronous_release_0
0.012844 -0.0250000004 0.0329984319 0.01166634 asynchronous_release_1
0.014492 -0.0250000004 0.0345474218 -0.00561031606 asynchronous_release_0
0.0421 -0.0250000004 -0.0214836178 -0.0276306743 asynchronous_release_0
0.032994 -0.0250000004 -0.0061739148 0.0344511651 asynchronous_release_4
0.018321 -0.0250000004 0.0246926726 -0.0248046753 asynchronous_release_0
0.048714 -0.0250000004 0.0258430176 -0.0236037803 asynchronous_release_0
0.032959 -0.0250000004 0.0280576228 -0.0209229493 asynchronous_release_0
0.039537 -0.0250000004 0.0305202864 -0.0171321954 asynchronous_release_1
0.036169 -0.0250000004 -0.00674769888 -0.0343433918 asynchronous_release_0
0.028734 -0.0250000004 0.000195678049 -0.000980668191 asynchronous_release_0
0.04445 -0.0250000004 -0.0343714135 0.00660347886 asynchronous_release_0
0.033538 -0.0250000004 0.0322660842 0.0135609665 asynchronous_release_0
0.035418 -0.0250000004 0.0349139072 -0.00245338224 asynchronous_release_0
0.034873 -0.0250000004 -0.0227274498 0.0266169688 asynchronous_release_0
0.031387 -0.0250000004 0.0322431348 -0.0136154418 asynchronous_release_4
0.027894 -0.0250000004 -0.0243808141 -0.0251112704 asynchronous_release_0
0.022541 -0.0250000004 -0.0230888962 0.0263040467 asynchronous_release_1
0.034071 -0.0250000004 -0.0343381467 -0.00677433998 asynchronous_release_0
0.026725 -0.0250000004 -0.000939288303 -0.00034312896 asynchronous_release_0
0.010937 -0.0250000004 0.000775111324 0.000631824687 asynchronous_release_0
0.019998 -0.0250000004 0.0240153023 0.0254610537 asynchronous_release_0
0.034737 -0.0250000004 -0.034979833 0.00118797537 asynchronous_release_1
0.025201 -0.0250000004 -0.000900501383 0.0349884138 asynchronous_release_4
0.029624 -0.0250000004 0.000316295695 -0.000948660652 asynchronous_release_0
0.011519 -0.0250000004 -0.0231665951 -0.0262356413 asynchronous_release_0
0.026412 -0.0250000004 0.014632225 0.031794622 asynchronous_release_0
0.044788 -0.0250000004 0.0173442443 0.0304002827 asynchronous_release_0
0.048877 -0.0250000004 0.00030520553 0.000952286503 asynchronous_release_0
0.043067 -0.0250000004 -0.0215344951 -0.0275910406 asynchronous_release_0
0.033575 -0.0250000004 -0.0265365959 -0.0228212418 asynchronous_release_0
0.028664 -0.0250000004 -0.0140621689 -0.0320508253 asynchronous_release_2
0.013266 -0.0250000004 0.0137655612 -0.0321793307 asynchronous_release_0
0.026893 -0.0250000004 0.0339339481 -0.00857246547 asynchronous_release_1
0.031796 -0.0250000004 0.00328854142 -0.0348451646 asynchronous_release_0
0.046289 -0.0250000004 -0.0320795384 0.013996543 asynchronous_release_1
0.046454 -0.0250000004 -0.0247140644 -0.0247833618 asynchronous_release_0
0.031122 -0.0250000004 0.014293302 0.0319484196 asynchronous_release_0
0.037054 -0.0250000004 0.00532698105 -0.034592243 asynchronous_release_0
0.022582 -0.0250000004 0.0150547333 0.0315967563 asynchronous_release_1
0.031273 -0.0250000004 -0.0333064402 -0.0107555122 asynchronous_release_0
0.039868 -0.0250000004 0.000145922825 0.0349996958 asynchronous_release_0
0.035407 -0.0250000004 0.0216993389 -0.0274615857 asynchronous_release_3
0.032018 -0.0250000004 0.000904434868 0.000426611731 asynchronous_release_0
0.031734 -0.0250000004 0.0345117299 -0.00582584752 asynchronous_release_0
0.04055 -0.0250000004 -0.0345117299 0.00582584752 asynchronous_release_0
0.040505 -0.0250000004 0.00187379282 0.0349498054 asynchronous_release_0
0.049352 -0.0250000004 0.0272451063 0.0219705299 asynchronous_release_0
0.034958 -0.0250000004 -0.0220267683 -0.0271996595 asynchronous_release_0
0.037776 -0.0250000004 0.0290751734 0.0194842062 asynchronous_release_0
0.027795 -0.0250000004 -0.000570840952 -0.00082106066 asynchronous_release_0
0.040215 -0.0250000004 -0.0104033402 0.0334181165 asynchronous_release_0
0.02926 -0.0250000004 0.0138263715 0.0321532495 asynchronous_release_0
0.04768 -0.0250000004 0.0200537365 -0.0286853212 asynchronous_release_0
0.028341 -0.0250000004 0.0218070547 -0.0273761277 asynchronous_release_0
0.04307 -0.0250000004 0.0247369332 -0.0247605359 asynchronous_release_0
0.040424 -0.0250000004 -0.0180822865 0.0299671639 asynchronous_release_0
0.008688 -0.0250000004 -0.0349924304 0.000727884098 asynchronous_release_0
0.019878 -0.0250000004 0.0314696248 0.0153187047 asynchronous_release_0
0.043861 -0.0250000004 -0.0333769811 0.0105345685 asynchronous_release_0
0.018774 -0.0250000004 -0.0161448132 -0.0310539048 asynchronous_release_0
0.016138 -0.0250000004 0.0255789084 0.0238897352 asynchronous_release_0
0.010412 -0.0250000004 -0.000452194905 0.000891919149 asynchronous_release_0
0.043798 -0.0250000004 0.0243798385 -0.0251122176 asynchronous_release_0
0.032916 -0.0250000004 0.00752990984 0.0341804104 asynchronous_release_4
0.041521 -0.0250000004 0.0282519452 -0.0206598062 asynchronous_release_0
0.031174 -0.0250000004 0.0160751754 0.0310900102 asynchronous_release_0
0.042448 -0.0250000004 -0.0349128144 -0.00246888434 asynchronous_release_0
0.049734 -0.0250000004 0.0322100367 0.0136935582 asynchronous_release_0
0.033615 -0.0250000004 -0.022672561 0.026663739 asynchronous_release_0
0.015989 -0.0250000004 -0.0346345592 -0.00504453269 asynchronous_release_0
0.035499 -0.0250000004 -0.0349988458 -0.000284243209 asynchronous_release_0
0.035201 -0.0250000004 -0.000769829889 0.0349915327 asynchronous_release_0
0.029409 -0.0250000004 -0.000923100309 0.000384559253 asynchronous_release_0
0.034353 -0.0250000004 -0.00416986052 0.034750716 asynchronous_release_0
0.042359 -0.0250000004 0.0269156024 -0.0223729825 asynchronous_release_1
0.028627 -0.0250000004 -0.0110116941 0.0332226217 asynchronous_release_0
0.024862 -0.0250000004 -0.0209408828 -0.0280442405 asynchronous_release_0
0.027238 -0.0250000004 0.00760395781 -0.0341640136 asynchronous_release_0
0.029783 -0.0250000004 0.000639387352 -0.000768884786 asynchronous_release_0
