0.000000 0.102801
0.000050 0.094887
0.000100 0.094968
0.000150 0.082976
0.000200 0.077423
0.000250 0.092525
0.000300 0.088277
0.000350 0.098391
0.000400 0.114067
0.000450 0.105975
0.000500 0.098320
0.000550 0.113402
0.000600 0.100186
0.000650 0.122544
0.000700 0.093098
0.000750 0.104272
0.000800 0.104838
0.000850 0.121400
0.000900 0.101335
0.000950 0.110875
0.001000 0.116353
0.001050 0.106869
0.001100 0.121079
0.001150 0.138787
0.001200 0.144002
0.001250 0.199404
0.001300 0.163984
0.001350 0.200046
0.001400 0.251546
0.001450 0.311590
0.001500 0.438354
0.001550 0.629138
0.001600 0.847534
0.001650 1.149894
0.001700 1.551545
0.001750 2.097463
0.001800 2.724291
0.001850 3.458517
0.001900 4.232955
0.001950 5.172489
0.002000 6.188354
0.002050 6.945160
0.002100 7.663074
0.002150 8.241744
0.002200 8.729988
0.002250 8.665196
0.002300 8.408877
0.002350 8.015911
0.002400 7.393082
0.002450 6.521214
0.002500 5.959030
0.002550 5.227114
0.002600 4.661073
0.002650 4.300499
0.002700 3.764294
0.002750 3.344702
0.002800 3.205541
0.002850 3.008671
0.002900 2.625259
0.002950 2.496037
0.003000 2.383861
0.003050 2.384233
0.003100 2.116264
0.003150 2.096486
0.003200 1.957906
0.003250 1.723080
0.003300 1.763147
0.003350 1.740367
0.003400 1.669173
0.003450 1.594303
0.003500 1.544649
0.003550 1.534439
0.003600 1.434460
0.003650 1.361794
0.003700 1.389793
0.003750 1.326865
0.003800 1.246500
0.003850 1.284686
0.003900 1.224124
0.003950 1.214570
0.004000 1.161930
0.004050 1.122514
0.004100 1.087888
0.004150 1.131724
0.004200 1.071539
0.004250 1.063055
0.004300 1.098557
0.004350 1.054905
0.004400 1.083979
0.004450 1.050299
0.004500 1.013150
0.004550 1.018580
0.004600 0.950351
0.004650 0.944939
0.004700 0.931930
0.004750 0.912132
0.004800 0.917744
0.004850 0.880524
0.004900 0.894718
0.004950 0.852022
0.005000 0.876770
0.005050 0.851604
0.005100 0.822304
0.005150 0.839570
0.005200 0.816897
0.005250 0.845895
0.005300 0.826759
0.005350 0.820817
0.005400 0.829538
0.005450 0.835296
0.005500 0.800326
0.005550 0.785632
0.005600 0.806644
0.005650 0.805684
0.005700 0.803334
0.005750 0.764846
0.005800 0.727921
0.005850 0.810985
0.005900 0.784882
0.005950 0.740176
0.006000 0.715096
0.006050 0.776682
0.006100 0.721142
0.006150 0.797812
0.006200 0.804613
0.006250 0.750073
0.006300 0.732050
0.006350 0.692588
0.006400 0.749312
0.006450 0.752472
0.006500 0.708097
0.006550 0.728111
0.006600 0.744129
0.006650 0.703077
0.006700 0.707991
0.006750 0.697827
0.006800 0.721586
0.006850 0.727402
0.006900 0.652459
0.006950 0.701901
0.007000 0.701519
0.007050 0.691751
0.007100 0.634430
0.007150 0.649328
0.007200 0.627262
0.007250 0.670126
0.007300 0.666514
0.007350 0.625934
0.007400 0.621584
0.007450 0.658652
0.007500 0.656849
0.007550 0.703887
0.007600 0.677575
0.007650 0.659433
0.007700 0.627051
0.007750 0.637005
0.007800 0.660561
0.007850 0.618265
0.007900 0.597473
0.007950 0.612821
0.008000 0.621747
0.008050 0.605773
0.008100 0.617739
0.008150 0.576661
0.008200 0.650855
0.008250 0.601599
0.008300 0.622607
0.008350 0.615451
0.008400 0.614430
0.008450 0.607278
0.008500 0.571617
0.008550 0.596391
0.008600 0.581638
0.008650 0.624218
0.008700 0.572326
0.008750 0.560006
0.008800 0.590475
0.008850 0.621447
0.008900 0.638240
0.008950 0.612442
0.009000 0.585632
0.009050 0.614396
0.009100 0.566921
0.009150 0.560759
0.009200 0.624017
0.009250 0.565313
0.009300 0.583211
0.009350 0.546639
0.009400 0.549874
0.009450 0.611628
0.009500 0.527613
0.009550 0.547041
0.009600 0.550695
0.009650 0.522137
0.009700 0.532069
0.009750 0.554043
0.009800 0.538458
0.009850 0.575622
0.009900 0.545213
0.009950 0.567659
0.010000 0.570458
0.010050 0.517860
0.010100 0.559594
0.010150 0.531476
0.010200 0.549382
0.010250 0.560656
0.010300 0.590623
0.010350 0.510471
0.010400 0.554242
0.010450 0.563468
0.010500 0.538321
0.010550 0.534325
0.010600 0.513118
0.010650 0.469026
0.010700 0.544170
0.010750 0.532122
0.010800 0.523905
0.010850 0.567769
0.010900 0.481148
0.010950 0.503426
0.011000 0.552402
0.011050 0.509116
0.011100 0.509706
0.011150 0.552728
0.011200 0.485713
0.011250 0.523427
0.011300 0.502936
0.011350 0.507564
0.011400 0.513023
0.011450 0.509665
0.011500 0.556470
0.011550 0.524154
0.011600 0.485202
0.011650 0.480690
0.011700 0.479724
0.011750 0.506200
0.011800 0.500858
0.011850 0.481718
0.011900 0.500172
0.011950 0.493492
0.012000 0.532590
0.012050 0.523846
0.012100 0.500237
0.012150 0.472987
0.012200 0.480015
0.012250 0.491627
0.012300 0.500238
0.012350 0.498108
0.012400 0.532869
0.012450 0.503613
0.012500 0.460261
0.012550 0.459797
0.012600 0.486970
0.012650 0.478462
0.012700 0.455125
0.012750 0.500695
0.012800 0.451515
0.012850 0.454193
0.012900 0.475871
0.012950 0.464841
0.013000 0.474361
0.013050 0.481167
0.013100 0.458126
0.013150 0.473950
0.013200 0.512006
0.013250 0.509318
0.013300 0.491165
0.013350 0.477147
0.013400 0.494766
0.013450 0.452694
0.013500 0.435950
0.013550 0.468306
0.013600 0.430912
0.013650 0.463302
0.013700 0.437250
0.013750 0.431388
0.013800 0.471496
0.013850 0.453710
0.013900 0.455031
0.013950 0.446055
0.014000 0.443213
0.014050 0.464359
0.014100 0.454082
0.014150 0.532634
0.014200 0.502907
0.014250 0.453173
0.014300 0.428502
0.014350 0.445666
0.014400 0.476927
0.014450 0.458677
0.014500 0.472872
0.014550 0.493096
0.014600 0.455555
0.014650 0.435309
0.014700 0.475668
0.014750 0.429160
0.014800 0.504584
0.014850 0.440156
0.014900 0.466311
0.014950 0.423169
0.015000 0.487091
0.015050 0.457165
0.015100 0.406374
0.015150 0.461214
0.015200 0.450756
0.015250 0.433194
0.015300 0.406287
0.015350 0.443219
0.015400 0.416587
0.015450 0.448323
0.015500 0.434998
0.015550 0.478988
0.015600 0.450508
0.015650 0.433720
0.015700 0.471616
0.015750 0.501060
0.015800 0.402114
0.015850 0.468258
0.015900 0.411609
0.015950 0.434779
0.016000 0.451139
0.016050 0.443535
0.016100 0.458825
0.016150 0.412405
0.016200 0.473811
0.016250 0.424651
0.016300 0.416597
0.016350 0.466229
0.016400 0.377180
0.016450 0.451028
0.016500 0.442500
0.016550 0.435584
0.016600 0.426637
0.016650 0.441019
0.016700 0.428090
0.016750 0.440610
0.016800 0.444172
0.016850 0.445428
0.016900 0.422654
0.016950 0.408546
0.017000 0.412756
0.017050 0.410192
0.017100 0.398030
0.017150 0.435670
0.017200 0.407082
0.017250 0.422560
0.017300 0.419115
0.017350 0.406271
0.017400 0.442552
0.017450 0.407072
0.017500 0.430281
0.017550 0.382259
0.017600 0.412219
0.017650 0.446001
0.017700 0.439980
0.017750 0.411860
0.017800 0.419584
0.017850 0.430978
0.017900 0.429209
0.017950 0.435009
0.018000 0.417055
0.018050 0.397889
0.018100 0.397827
0.018150 0.402157
0.018200 0.441587
0.018250 0.404139
0.018300 0.390261
0.018350 0.382181
0.018400 0.382915
0.018450 0.421049
0.018500 0.392365
0.018550 0.430059
0.018600 0.414368
0.018650 0.411662
0.018700 0.443081
0.018750 0.410101
0.018800 0.388188
0.018850 0.405812
0.018900 0.436484
0.018950 0.397880
0.019000 0.406235
0.019050 0.413149
0.019100 0.360007
0.019150 0.384421
0.019200 0.381328
0.019250 0.380934
0.019300 0.401456
0.019350 0.392670
0.019400 0.405231
0.019450 0.413619
0.019500 0.384555
0.019550 0.354111
0.019600 0.406770
0.019650 0.444880
0.019700 0.397189
0.019750 0.368953
0.019800 0.392132
0.019850 0.370532
0.019900 0.418214
0.019950 0.375074
0.020000 0.387367
0.020050 0.433539
0.020100 0.408340
0.020150 0.392262
0.020200 0.447362
0.020250 0.385960
0.020300 0.361564
0.020350 0.392494
0.020400 0.392177
0.020450 0.389005
0.020500 0.402267
0.020550 0.378563
0.020600 0.384439
0.020650 0.418527
0.020700 0.415529
0.020750 0.380077
0.020800 0.407769
0.020850 0.426899
0.020900 0.425232
0.020950 0.408028
0.021000 0.405451
0.021050 0.438741
0.021100 0.461285
0.021150 0.489939
0.021200 0.573634
0.021250 0.628112
0.021300 0.713727
0.021350 0.773843
0.021400 0.949357
0.021450 1.078801
0.021500 1.430679
0.021550 1.819559
0.021600 2.363970
0.021650 3.123480
0.021700 3.660252
0.021750 4.813670
0.021800 5.989357
0.021850 6.982899
0.021900 8.555542
0.021950 9.660902
0.022000 10.972011
0.022050 12.293979
0.022100 12.995994
0.022150 13.291716
0.022200 13.671840
0.022250 13.550174
0.022300 13.284715
0.022350 12.649739
0.022400 12.007901
0.022450 11.014031
0.022500 9.905875
0.022550 9.047245
0.022600 8.143249
0.022650 7.367421
0.022700 6.802845
0.022750 6.207921
0.022800 5.824627
0.022850 5.408905
0.022900 5.138128
0.022950 4.762424
0.023000 4.478205
0.023050 4.212367
0.023100 4.051204
0.023150 4.017444
0.023200 3.635105
0.023250 3.514447
0.023300 3.336909
0.023350 3.291551
0.023400 3.123439
0.023450 3.092379
0.023500 2.924954
0.023550 2.805976
0.023600 2.762826
0.023650 2.584274
0.023700 2.611655
0.023750 2.433069
0.023800 2.385454
0.023850 2.370016
0.023900 2.196385
0.023950 2.215081
0.024000 2.196836
0.024050 2.175564
0.024100 2.091349
0.024150 1.925763
0.024200 2.059833
0.024250 1.918671
0.024300 1.901293
0.024350 1.990179
0.024400 1.836566
0.024450 1.903966
0.024500 1.795008
0.024550 1.862492
0.024600 1.749940
0.024650 1.839232
0.024700 1.607803
0.024750 1.699345
0.024800 1.569774
0.024850 1.666004
0.024900 1.605625
0.024950 1.610877
0.025000 1.542008
0.025050 1.691092
0.025100 1.650930
0.025150 1.539962
0.025200 1.528823
0.025250 1.615273
0.025300 1.507038
0.025350 1.502806
0.025400 1.542321
0.025450 1.444877
0.025500 1.508333
0.025550 1.411393
0.025600 1.471887
0.025650 1.396525
0.025700 1.368102
0.025750 1.401434
0.025800 1.453056
0.025850 1.459394
0.025900 1.399336
0.025950 1.348290
0.026000 1.346445
0.026050 1.308573
0.026100 1.303957
0.026150 1.393637
0.026200 1.272258
0.026250 1.270640
0.026300 1.294839
0.026350 1.254763
0.026400 1.253608
0.026450 1.303330
0.026500 1.245013
0.026550 1.169877
0.026600 1.223307
0.026650 1.240197
0.026700 1.280191
0.026750 1.231437
0.026800 1.263500
0.026850 1.315114
0.026900 1.255446
0.026950 1.254308
0.027000 1.199067
0.027050 1.171165
0.027100 1.232165
0.027150 1.220067
0.027200 1.115801
0.027250 1.142005
0.027300 1.196803
0.027350 1.255743
0.027400 1.253522
0.027450 1.216092
0.027500 1.192787
0.027550 1.178191
0.027600 1.164073
0.027650 1.173151
0.027700 1.104028
0.027750 1.143512
0.027800 1.145339
0.027850 1.131557
0.027900 1.115470
0.027950 1.142422
0.028000 1.194208
0.028050 1.129380
0.028100 1.163861
0.028150 1.183867
0.028200 1.115844
0.028250 1.164060
0.028300 1.189857
0.028350 1.107875
0.028400 1.153489
0.028450 1.119549
0.028500 1.103707
0.028550 1.091791
0.028600 1.056898
0.028650 1.108502
0.028700 1.053432
0.028750 1.052224
0.028800 1.130642
0.028850 1.051102
0.028900 1.007052
0.028950 1.060800
0.029000 1.127615
0.029050 1.050445
0.029100 1.099976
0.029150 1.063920
0.029200 1.048744
0.029250 1.059866
0.029300 1.037592
0.029350 1.009918
0.029400 1.063980
0.029450 0.998554
0.029500 1.023224
0.029550 1.065786
0.029600 1.001237
0.029650 1.018933
0.029700 1.056955
0.029750 0.996835
0.029800 1.057609
0.029850 1.009261
0.029900 0.955285
0.029950 1.010845
0.030000 0.986757
0.030050 0.992655
0.030100 1.020297
0.030150 0.996139
0.030200 0.994857
0.030250 1.022057
0.030300 0.981414
0.030350 0.984960
0.030400 0.931893
0.030450 0.984101
0.030500 1.034129
0.030550 0.984653
0.030600 0.958234
0.030650 0.970988
0.030700 1.009026
0.030750 1.012144
0.030800 1.002326
0.030850 0.939318
0.030900 0.999810
0.030950 0.941562
0.031000 0.957558
0.031050 0.987944
0.031100 0.948707
0.031150 0.917399
0.031200 0.960947
0.031250 0.920827
0.031300 0.933816
0.031350 0.953154
0.031400 0.993348
0.031450 0.956880
0.031500 0.908255
0.031550 0.947885
0.031600 0.948464
0.031650 0.957294
0.031700 0.990937
0.031750 0.915353
0.031800 0.906940
0.031850 0.915720
0.031900 0.930938
0.031950 0.887354
0.032000 0.892929
0.032050 0.913303
0.032100 0.907416
0.032150 0.855140
0.032200 1.005157
0.032250 0.950451
0.032300 0.894202
0.032350 0.901850
0.032400 0.928361
0.032450 0.915351
0.032500 0.951112
0.032550 0.884028
0.032600 0.893695
0.032650 0.868751
0.032700 0.907889
0.032750 0.864557
0.032800 0.914327
0.032850 0.907085
0.032900 0.880705
0.032950 0.926151
0.033000 0.885880
0.033050 0.935464
0.033100 0.845386
0.033150 0.867122
0.033200 0.878988
0.033250 0.873598
0.033300 0.842177
0.033350 0.872077
0.033400 0.918174
0.033450 0.888104
0.033500 0.890784
0.033550 0.873994
0.033600 0.828869
0.033650 0.857689
0.033700 0.846819
0.033750 0.844019
0.033800 0.836474
0.033850 0.887888
0.033900 0.815958
0.033950 0.886516
0.034000 0.841622
0.034050 0.877012
0.034100 0.799869
0.034150 0.896129
0.034200 0.843488
0.034250 0.840700
0.034300 0.926529
0.034350 0.821475
0.034400 0.835854
0.034450 0.810972
0.034500 0.806718
0.034550 0.856428
0.034600 0.871017
0.034650 0.834319
0.034700 0.871833
0.034750 0.816947
0.034800 0.845470
0.034850 0.798738
0.034900 0.856661
0.034950 0.826639
0.035000 0.822431
0.035050 0.816105
0.035100 0.813976
0.035150 0.901956
0.035200 0.802082
0.035250 0.820396
0.035300 0.860004
0.035350 0.868634
0.035400 0.852491
0.035450 0.807885
0.035500 0.762385
0.035550 0.837027
0.035600 0.780798
0.035650 0.762894
0.035700 0.759221
0.035750 0.783463
0.035800 0.821436
0.035850 0.814340
0.035900 0.764799
0.035950 0.767617
0.036000 0.800735
0.036050 0.751689
0.036100 0.731365
0.036150 0.763815
0.036200 0.748556
0.036250 0.822538
0.036300 0.829948
0.036350 0.752946
0.036400 0.799562
0.036450 0.767536
0.036500 0.834800
0.036550 0.826218
0.036600 0.847659
0.036650 0.756891
0.036700 0.728232
0.036750 0.789254
0.036800 0.785675
0.036850 0.762899
0.036900 0.757033
0.036950 0.777789
0.037000 0.749729
0.037050 0.791309
0.037100 0.772880
0.037150 0.799022
0.037200 0.802180
0.037250 0.786706
0.037300 0.766693
0.037350 0.791485
0.037400 0.769944
0.037450 0.737072
0.037500 0.732612
0.037550 0.710092
0.037600 0.747728
0.037650 0.802108
0.037700 0.789515
0.037750 0.737565
0.037800 0.695255
0.037850 0.783917
0.037900 0.759086
0.037950 0.817762
0.038000 0.749588
0.038050 0.731442
0.038100 0.749854
0.038150 0.763760
0.038200 0.764721
0.038250 0.793267
0.038300 0.747531
0.038350 0.738485
0.038400 0.803233
0.038450 0.778919
0.038500 0.747576
0.038550 0.706852
0.038600 0.738637
0.038650 0.772873
0.038700 0.728197
0.038750 0.761729
0.038800 0.685062
0.038850 0.776152
0.038900 0.724263
0.038950 0.733799
0.039000 0.719166
0.039050 0.743582
0.039100 0.757135
0.039150 0.733897
0.039200 0.777300
0.039250 0.743846
0.039300 0.740962
0.039350 0.702612
0.039400 0.683057
0.039450 0.675283
0.039500 0.748958
0.039550 0.704910
0.039600 0.717796
0.039650 0.738676
0.039700 0.723070
0.039750 0.670794
0.039800 0.718748
0.039850 0.680704
0.039900 0.700849
0.039950 0.722675
0.040000 0.759006
0.040050 0.690416
0.040100 0.667345
0.040150 0.745497
0.040200 0.702391
0.040250 0.700235
0.040300 0.720672
0.040350 0.702406
0.040400 0.692167
0.040450 0.694045
0.040500 0.722698
0.040550 0.691374
0.040600 0.689207
0.040650 0.697619
0.040700 0.697102
0.040750 0.754524
0.040800 0.701867
0.040850 0.690739
0.040900 0.681213
0.040950 0.733977
0.041000 0.703197
0.041050 0.710121
0.041100 0.708022
0.041150 0.688616
0.041200 0.759894
0.041250 0.733968
0.041300 0.722011
0.041350 0.744791
0.041400 0.693877
0.041450 0.691753
0.041500 0.675499
0.041550 0.721591
0.041600 0.722039
0.041650 0.675789
0.041700 0.714547
0.041750 0.674029
0.041800 0.673546
0.041850 0.663010
0.041900 0.720400
0.041950 0.680560
0.042000 0.646469
0.042050 0.615629
0.042100 0.707762
0.042150 0.672784
0.042200 0.688386
0.042250 0.666824
0.042300 0.688387
0.042350 0.697311
0.042400 0.639200
0.042450 0.714338
0.042500 0.676563
0.042550 0.653143
0.042600 0.631351
0.042650 0.689763
0.042700 0.674000
0.042750 0.671026
0.042800 0.668046
0.042850 0.698522
0.042900 0.703339
0.042950 0.650557
0.043000 0.672502
0.043050 0.700562
0.043100 0.657095
0.043150 0.692105
0.043200 0.613926
0.043250 0.622946
0.043300 0.670150
0.043350 0.659366
0.043400 0.680702
0.043450 0.635126
0.043500 0.684336
0.043550 0.675296
0.043600 0.664483
0.043650 0.654511
0.043700 0.657634
0.043750 0.618724
0.043800 0.643706
0.043850 0.645072
0.043900 0.627988
0.043950 0.651330
0.044000 0.631587
0.044050 0.653235
0.044100 0.642290
0.044150 0.690540
0.044200 0.608863
0.044250 0.643865
0.044300 0.678103
0.044350 0.605901
0.044400 0.662364
0.044450 0.642482
0.044500 0.670651
0.044550 0.642723
0.044600 0.602203
0.044650 0.633965
0.044700 0.607663
0.044750 0.622493
0.044800 0.644553
0.044850 0.654119
0.044900 0.701479
0.044950 0.633801
0.045000 0.695645
0.045050 0.662087
0.045100 0.666347
0.045150 0.669721
0.045200 0.597995
0.045250 0.627507
0.045300 0.667098
0.045350 0.646896
0.045400 0.677535
0.045450 0.612729
0.045500 0.591441
0.045550 0.640311
0.045600 0.604437
0.045650 0.650709
0.045700 0.599232
0.045750 0.601634
0.045800 0.600380
0.045850 0.631256
0.045900 0.689807
0.045950 0.668513
0.046000 0.650837
0.046050 0.630341
0.046100 0.650394
0.046150 0.617848
0.046200 0.694350
0.046250 0.623870
0.046300 0.611566
0.046350 0.591802
0.046400 0.620286
0.046450 0.666536
0.046500 0.620770
0.046550 0.598160
0.046600 0.617466
0.046650 0.602280
0.046700 0.606684
0.046750 0.607362
0.046800 0.549015
0.046850 0.603983
0.046900 0.632839
0.046950 0.661791
0.047000 0.572273
0.047050 0.596455
0.047100 0.599029
0.047150 0.601615
0.047200 0.661858
0.047250 0.655130
0.047300 0.573571
0.047350 0.650073
0.047400 0.668932
0.047450 0.649854
0.047500 0.623111
0.047550 0.590575
0.047600 0.600825
0.047650 0.598709
0.047700 0.603275
0.047750 0.626979
0.047800 0.639277
0.047850 0.584557
0.047900 0.594881
0.047950 0.585081
0.048000 0.622343
0.048050 0.608739
0.048100 0.653839
0.048150 0.673055
0.048200 0.576534
0.048250 0.606262
0.048300 0.629317
0.048350 0.569199
0.048400 0.594170
0.048450 0.622132
0.048500 0.617170
0.048550 0.571372
0.048600 0.590627
0.048650 0.562219
0.048700 0.625377
0.048750 0.593085
0.048800 0.588053
0.048850 0.597679
0.048900 0.577968
0.048950 0.595440
0.049000 0.627684
0.049050 0.624678
0.049100 0.602006
0.049150 0.566476
0.049200 0.626386
0.049250 0.618448
0.049300 0.630229
0.049350 0.604505
0.049400 0.575739
0.049450 0.573619
0.049500 0.613118
0.049550 0.597188
0.049600 0.572276
0.049650 0.603950
0.049700 0.572043
0.049750 0.605779
0.049800 0.608713
0.049850 0.610661
0.049900 0.556674
