0.000000 7.000000
0.000010 7.000000
0.000020 7.000000
0.000030 7.000000
0.000040 7.000000
0.000050 7.000000
0.000060 7.000000
0.000070 7.000333
0.000080 7.000333
0.000090 7.000333
0.000100 7.000333
0.000110 7.000333
0.000120 7.000333
0.000130 7.000333
0.000140 7.000333
0.000150 7.000333
0.000160 7.000333
0.000170 7.000333
0.000180 7.000333
0.000190 7.000333
0.000200 7.000333
0.000210 7.000333
0.000220 7.000333
0.000230 7.000333
0.000240 7.000333
0.000250 7.000333
0.000260 7.000333
0.000270 7.000333
0.000280 7.000333
0.000290 7.000333
0.000300 7.000333
0.000310 7.000333
0.000320 7.000667
0.000330 7.000667
0.000340 7.000667
0.000350 7.000667
0.000360 7.000667
0.000370 7.001000
0.000380 7.001333
0.000390 7.001333
0.000400 7.001667
0.000410 7.001667
0.000420 7.001667
0.000430 7.001667
0.000440 7.001667
0.000450 7.001667
0.000460 7.001667
0.000470 7.001667
0.000480 7.002000
0.000490 7.002000
0.000500 7.002000
0.000510 7.002000
0.000520 7.002000
0.000530 7.002000
0.000540 7.002000
0.000550 7.002000
0.000560 7.002000
0.000570 7.002000
0.000580 7.002333
0.000590 7.002333
0.000600 7.002333
0.000610 7.002333
0.000620 7.002333
0.000630 7.002333
0.000640 7.002333
0.000650 7.002333
0.000660 7.002333
0.000670 7.002333
0.000680 7.002333
0.000690 7.002333
0.000700 7.002333
0.000710 7.002333
0.000720 7.002333
0.000730 7.002667
0.000740 7.002667
0.000750 7.002667
0.000760 7.002667
0.000770 7.003000
0.000780 7.003000
0.000790 7.003000
0.000800 7.003000
0.000810 7.003000
0.000820 7.003000
0.000830 7.003000
0.000840 7.003000
0.000850 7.003000
0.000860 7.003000
0.000870 7.003000
0.000880 7.003000
0.000890 7.003000
0.000900 7.003000
0.000910 7.003000
0.000920 7.003000
0.000930 7.003000
0.000940 7.003000
0.000950 7.003000
0.000960 7.003000
0.000970 7.003000
0.000980 7.003000
0.000990 7.003000
0.001000 7.003333
0.001010 7.003333
0.001020 7.003333
0.001030 7.003333
0.001040 7.003333
0.001050 7.003333
0.001060 7.003333
0.001070 7.003333
0.001080 7.003333
0.001090 7.003333
0.001100 7.003667
0.001110 7.003667
0.001120 7.004000
0.001130 7.004000
0.001140 7.004000
0.001150 7.004000
0.001160 7.004000
0.001170 7.004000
0.001180 7.004000
0.001190 7.004000
0.001200 7.004333
0.001210 7.004333
0.001220 7.004333
0.001230 7.004333
0.001240 7.004333
0.001250 7.004333
0.001260 7.004333
0.001270 7.004333
0.001280 7.004333
0.001290 7.004333
0.001300 7.004667
0.001310 7.004667
0.001320 7.005000
0.001330 7.005000
0.001340 7.005333
0.001350 7.005333
0.001360 7.005667
0.001370 7.005667
0.001380 7.005667
0.001390 7.006000
0.001400 7.006000
0.001410 7.006000
0.001420 7.006000
0.001430 7.006000
0.001440 7.006000
0.001450 7.006000
0.001460 7.006000
0.001470 7.006000
0.001480 7.006000
0.001490 7.006000
0.001500 7.006000
0.001510 7.006000
0.001520 7.006000
0.001530 7.006000
0.001540 7.006000
0.001550 7.006000
0.001560 7.006000
0.001570 7.006000
0.001580 7.006333
0.001590 7.006333
0.001600 7.006333
0.001610 7.006333
0.001620 7.006667
0.001630 7.006667
0.001640 7.006667
0.001650 7.006667
0.001660 7.007000
0.001670 7.007000
0.001680 7.007000
0.001690 7.007000
0.001700 7.007000
0.001710 7.007000
0.001720 7.007000
0.001730 7.007000
0.001740 7.007000
0.001750 7.007000
0.001760 7.007000
0.001770 7.007000
0.001780 7.007000
0.001790 7.007000
0.001800 7.007000
0.001810 7.007000
0.001820 7.007000
0.001830 7.007000
0.001840 7.007000
0.001850 7.007000
0.001860 7.007000
0.001870 7.007000
0.001880 7.007000
0.001890 7.007000
0.001900 7.007000
0.001910 7.007000
0.001920 7.007000
0.001930 7.007000
0.001940 7.007000
0.001950 7.007667
0.001960 7.007667
0.001970 7.007667
0.001980 7.008000
0.001990 7.008000
0.002000 7.008000
0.002010 7.008000
0.002020 7.008000
0.002030 7.008000
0.002040 7.008000
0.002050 7.008000
0.002060 7.008000
0.002070 7.008000
0.002080 7.008000
0.002090 7.008000
0.002100 7.008000
0.002110 7.007667
0.002120 7.007667
0.002130 7.007667
0.002140 7.007667
0.002150 7.007667
0.002160 7.007667
0.002170 7.007667
0.002180 7.007667
0.002190 7.007667
0.002200 7.007667
0.002210 7.007667
0.002220 7.007667
0.002230 7.007667
0.002240 7.007667
0.002250 7.007667
0.002260 7.007667
0.002270 7.007667
0.002280 7.007333
0.002290 7.007000
0.002300 7.006667
0.002310 7.006667
0.002320 7.006667
0.002330 7.006333
0.002340 7.006333
0.002350 7.006333
0.002360 7.006333
0.002370 7.006000
0.002380 7.006000
0.002390 7.005667
0.002400 7.005333
0.002410 7.005333
0.002420 7.005333
0.002430 7.005333
0.002440 7.005333
0.002450 7.005333
0.002460 7.005000
0.002470 7.005000
0.002480 7.005000
0.002490 7.005000
0.002500 7.005000
0.002510 7.005000
0.002520 7.004333
0.002530 7.004000
0.002540 7.003333
0.002550 7.003000
0.002560 7.002667
0.002570 7.002667
0.002580 7.002667
0.002590 7.002667
0.002600 7.002000
0.002610 7.002000
0.002620 7.002000
0.002630 7.002000
0.002640 7.001333
0.002650 7.001333
0.002660 7.001000
0.002670 7.000667
0.002680 7.000667
0.002690 7.000667
0.002700 7.000333
0.002710 7.000000
0.002720 6.999000
0.002730 6.999000
0.002740 6.998667
0.002750 6.998667
0.002760 6.998333
0.002770 6.998000
0.002780 6.998000
0.002790 6.998000
0.002800 6.997667
0.002810 6.997000
0.002820 6.996667
0.002830 6.996000
0.002840 6.995667
0.002850 6.995667
0.002860 6.995333
0.002870 6.995333
0.002880 6.995333
0.002890 6.995333
0.002900 6.995667
0.002910 6.995667
0.002920 6.994667
0.002930 6.994333
0.002940 6.994000
0.002950 6.994000
0.002960 6.994000
0.002970 6.993667
0.002980 6.994000
0.002990 6.993667
0.003000 6.993333
0.003010 6.993000
0.003020 6.992667
0.003030 6.992667
0.003040 6.992333
0.003050 6.992333
0.003060 6.992000
0.003070 6.991667
0.003080 6.991333
0.003090 6.990667
0.003100 6.990667
0.003110 6.990333
0.003120 6.991000
0.003130 6.990667
0.003140 6.991000
0.003150 6.990667
0.003160 6.990667
0.003170 6.990667
0.003180 6.990667
0.003190 6.990667
0.003200 6.990333
0.003210 6.990333
0.003220 6.990333
0.003230 6.990333
0.003240 6.990000
0.003250 6.989667
0.003260 6.989333
0.003270 6.989000
0.003280 6.988667
0.003290 6.988000
0.003300 6.988000
0.003310 6.988667
0.003320 6.988333
0.003330 6.988000
0.003340 6.987667
0.003350 6.987667
0.003360 6.987333
0.003370 6.987333
0.003380 6.987333
0.003390 6.987333
0.003400 6.987333
0.003410 6.987333
0.003420 6.987000
0.003430 6.986667
0.003440 6.986333
0.003450 6.986333
0.003460 6.986000
0.003470 6.986000
0.003480 6.985667
0.003490 6.985667
0.003500 6.985667
0.003510 6.985667
0.003520 6.985667
0.003530 6.985667
0.003540 6.985667
0.003550 6.985333
0.003560 6.985333
0.003570 6.985000
0.003580 6.984667
0.003590 6.984667
0.003600 6.984333
0.003610 6.984333
0.003620 6.983667
0.003630 6.983667
0.003640 6.983667
0.003650 6.983000
0.003660 6.982667
0.003670 6.982667
0.003680 6.982333
0.003690 6.982333
0.003700 6.982333
0.003710 6.982333
0.003720 6.982667
0.003730 6.982333
0.003740 6.982000
0.003750 6.980333
0.003760 6.980000
0.003770 6.980000
0.003780 6.980000
0.003790 6.979333
0.003800 6.979333
0.003810 6.979333
0.003820 6.979000
0.003830 6.978667
0.003840 6.978333
0.003850 6.978333
0.003860 6.977333
0.003870 6.977333
0.003880 6.977333
0.003890 6.977000
0.003900 6.977000
0.003910 6.977000
0.003920 6.977000
0.003930 6.977333
0.003940 6.977000
0.003950 6.977000
0.003960 6.977000
0.003970 6.976667
0.003980 6.976667
0.003990 6.976667
0.004000 6.976667
0.004010 6.976333
0.004020 6.976000
0.004030 6.976000
0.004040 6.975667
0.004050 6.975667
0.004060 6.975667
0.004070 6.975667
0.004080 6.975667
0.004090 6.975667
0.004100 6.975667
0.004110 6.975667
0.004120 6.975667
0.004130 6.975667
0.004140 6.975667
0.004150 6.975667
0.004160 6.975333
0.004170 6.975333
0.004180 6.975000
0.004190 6.975000
0.004200 6.975000
0.004210 6.974333
0.004220 6.974333
0.004230 6.974333
0.004240 6.974000
0.004250 6.974000
0.004260 6.973667
0.004270 6.973333
0.004280 6.973333
0.004290 6.973667
0.004300 6.973667
0.004310 6.973667
0.004320 6.974000
0.004330 6.973667
0.004340 6.973667
0.004350 6.973000
0.004360 6.973000
0.004370 6.973000
0.004380 6.973000
0.004390 6.973000
0.004400 6.973000
0.004410 6.972667
0.004420 6.972667
0.004430 6.972667
0.004440 6.972667
0.004450 6.972667
0.004460 6.972667
0.004470 6.972667
0.004480 6.972333
0.004490 6.972333
0.004500 6.972333
0.004510 6.972333
0.004520 6.972000
0.004530 6.972000
0.004540 6.972000
0.004550 6.971667
0.004560 6.971333
0.004570 6.971000
0.004580 6.971000
0.004590 6.971000
0.004600 6.971000
0.004610 6.970667
0.004620 6.970667
0.004630 6.970667
0.004640 6.970000
0.004650 6.969667
0.004660 6.969667
0.004670 6.969667
0.004680 6.969667
0.004690 6.969667
0.004700 6.969667
0.004710 6.969667
0.004720 6.969333
0.004730 6.969333
0.004740 6.969333
0.004750 6.969333
0.004760 6.969333
0.004770 6.969333
0.004780 6.969333
0.004790 6.969667
0.004800 6.969667
0.004810 6.969667
0.004820 6.969667
0.004830 6.969667
0.004840 6.969667
0.004850 6.969667
0.004860 6.969333
0.004870 6.969333
0.004880 6.969333
0.004890 6.969000
0.004900 6.968333
0.004910 6.968333
0.004920 6.968000
0.004930 6.968000
0.004940 6.968000
0.004950 6.968000
0.004960 6.967667
0.004970 6.967667
0.004980 6.967333
0.004990 6.967333
0.005000 6.967000
0.005010 6.967000
0.005020 6.967000
0.005030 6.967333
0.005040 6.967333
0.005050 6.967000
0.005060 6.967000
0.005070 6.967333
0.005080 6.967000
0.005090 6.967000
0.005100 6.967000
0.005110 6.967000
0.005120 6.966667
0.005130 6.966667
0.005140 6.966667
0.005150 6.966667
0.005160 6.966667
0.005170 6.966667
0.005180 6.966000
0.005190 6.966000
0.005200 6.966000
0.005210 6.966000
0.005220 6.966333
0.005230 6.966333
0.005240 6.966000
0.005250 6.966000
0.005260 6.966000
0.005270 6.966333
0.005280 6.966333
0.005290 6.966333
0.005300 6.966333
0.005310 6.965667
0.005320 6.965667
0.005330 6.965667
0.005340 6.966000
0.005350 6.966000
0.005360 6.966000
0.005370 6.966000
0.005380 6.966000
0.005390 6.966000
0.005400 6.966333
0.005410 6.966333
0.005420 6.966333
0.005430 6.965667
0.005440 6.965667
0.005450 6.965667
0.005460 6.965667
0.005470 6.965333
0.005480 6.965333
0.005490 6.965333
0.005500 6.966000
0.005510 6.965667
0.005520 6.965667
0.005530 6.965333
0.005540 6.965333
0.005550 6.965333
0.005560 6.965333
0.005570 6.965333
0.005580 6.965667
0.005590 6.965667
0.005600 6.965667
0.005610 6.965667
0.005620 6.965667
0.005630 6.965333
0.005640 6.964667
0.005650 6.964667
0.005660 6.964667
0.005670 6.964667
0.005680 6.964667
0.005690 6.964667
0.005700 6.964667
0.005710 6.964667
0.005720 6.965000
0.005730 6.964667
0.005740 6.964667
0.005750 6.964667
0.005760 6.964667
0.005770 6.964667
0.005780 6.964667
0.005790 6.964667
0.005800 6.964667
0.005810 6.964333
0.005820 6.964333
0.005830 6.964000
0.005840 6.964000
0.005850 6.964000
0.005860 6.964000
0.005870 6.964000
0.005880 6.964000
0.005890 6.964000
0.005900 6.964000
0.005910 6.963667
0.005920 6.963667
0.005930 6.963333
0.005940 6.963333
0.005950 6.963000
0.005960 6.962667
0.005970 6.962333
0.005980 6.962333
0.005990 6.962333
0.006000 6.962000
0.006010 6.962333
0.006020 6.962333
0.006030 6.962000
0.006040 6.962000
0.006050 6.962000
0.006060 6.962000
0.006070 6.962000
0.006080 6.962000
0.006090 6.962000
0.006100 6.962000
0.006110 6.962000
0.006120 6.962000
0.006130 6.962000
0.006140 6.961333
0.006150 6.960667
0.006160 6.960667
0.006170 6.960333
0.006180 6.960333
0.006190 6.960333
0.006200 6.960333
0.006210 6.960333
0.006220 6.960333
0.006230 6.960667
0.006240 6.960667
0.006250 6.960667
0.006260 6.960667
0.006270 6.960667
0.006280 6.960667
0.006290 6.960667
0.006300 6.960667
0.006310 6.960333
0.006320 6.960333
0.006330 6.960333
0.006340 6.960333
0.006350 6.960000
0.006360 6.959333
0.006370 6.959000
0.006380 6.959000
0.006390 6.958667
0.006400 6.958667
0.006410 6.958333
0.006420 6.958333
0.006430 6.958333
0.006440 6.958000
0.006450 6.958000
0.006460 6.958333
0.006470 6.958000
0.006480 6.958333
0.006490 6.958000
0.006500 6.958000
0.006510 6.958000
0.006520 6.958000
0.006530 6.958000
0.006540 6.958000
0.006550 6.957667
0.006560 6.957333
0.006570 6.957333
0.006580 6.957333
0.006590 6.957333
0.006600 6.957333
0.006610 6.957333
0.006620 6.957333
0.006630 6.957333
0.006640 6.957333
0.006650 6.957000
0.006660 6.957000
0.006670 6.957000
0.006680 6.957000
0.006690 6.957000
0.006700 6.957000
0.006710 6.957000
0.006720 6.956667
0.006730 6.956667
0.006740 6.956667
0.006750 6.956667
0.006760 6.956667
0.006770 6.956667
0.006780 6.956667
0.006790 6.956667
0.006800 6.956667
0.006810 6.956333
0.006820 6.956000
0.006830 6.956000
0.006840 6.956000
0.006850 6.956000
0.006860 6.955667
0.006870 6.956000
0.006880 6.955667
0.006890 6.955333
0.006900 6.955333
0.006910 6.955333
0.006920 6.955000
0.006930 6.955000
0.006940 6.955000
0.006950 6.955000
0.006960 6.954667
0.006970 6.954667
0.006980 6.954667
0.006990 6.954333
0.007000 6.954000
0.007010 6.954000
0.007020 6.954000
0.007030 6.953667
0.007040 6.953667
0.007050 6.954000
0.007060 6.954000
0.007070 6.954000
0.007080 6.954333
0.007090 6.954333
0.007100 6.954333
0.007110 6.954333
0.007120 6.954333
0.007130 6.954333
0.007140 6.954333
0.007150 6.954333
0.007160 6.954333
0.007170 6.954333
0.007180 6.954333
0.007190 6.954333
0.007200 6.954333
0.007210 6.954333
0.007220 6.954333
0.007230 6.954333
0.007240 6.954000
0.007250 6.954000
0.007260 6.954333
0.007270 6.954333
0.007280 6.954000
0.007290 6.954000
0.007300 6.954000
0.007310 6.954000
0.007320 6.954000
0.007330 6.954000
0.007340 6.954000
0.007350 6.954000
0.007360 6.954000
0.007370 6.954333
0.007380 6.954333
0.007390 6.954333
0.007400 6.954333
0.007410 6.954333
0.007420 6.954333
0.007430 6.954333
0.007440 6.954333
0.007450 6.954333
0.007460 6.954333
0.007470 6.954333
0.007480 6.954333
0.007490 6.954000
0.007500 6.954000
0.007510 6.954000
0.007520 6.954000
0.007530 6.954000
0.007540 6.954333
0.007550 6.954333
0.007560 6.954333
0.007570 6.954333
0.007580 6.954333
0.007590 6.954333
0.007600 6.954333
0.007610 6.954333
0.007620 6.954333
0.007630 6.954333
0.007640 6.954000
0.007650 6.954000
0.007660 6.954000
0.007670 6.954000
0.007680 6.954000
0.007690 6.954000
0.007700 6.954000
0.007710 6.953333
0.007720 6.953333
0.007730 6.953333
0.007740 6.953333
0.007750 6.953333
0.007760 6.953000
0.007770 6.953000
0.007780 6.953000
0.007790 6.953000
0.007800 6.952667
0.007810 6.952333
0.007820 6.952333
0.007830 6.952000
0.007840 6.952000
0.007850 6.952000
0.007860 6.952000
0.007870 6.952000
0.007880 6.952000
0.007890 6.952000
0.007900 6.952000
0.007910 6.952000
0.007920 6.952000
0.007930 6.952333
0.007940 6.952333
0.007950 6.952667
0.007960 6.952667
0.007970 6.952667
0.007980 6.952667
0.007990 6.952667
0.008000 6.952667
0.008010 6.952667
0.008020 6.952667
0.008030 6.952333
0.008040 6.952333
0.008050 6.952333
0.008060 6.952333
0.008070 6.952333
0.008080 6.952000
0.008090 6.952000
0.008100 6.952000
0.008110 6.952333
0.008120 6.952000
0.008130 6.952000
0.008140 6.952000
0.008150 6.951667
0.008160 6.951667
0.008170 6.952000
0.008180 6.952000
0.008190 6.951667
0.008200 6.951667
0.008210 6.951667
0.008220 6.951667
0.008230 6.952000
0.008240 6.952000
0.008250 6.952000
0.008260 6.951667
0.008270 6.952000
0.008280 6.952000
0.008290 6.952000
0.008300 6.952000
0.008310 6.952000
0.008320 6.952000
0.008330 6.951333
0.008340 6.951667
0.008350 6.951667
0.008360 6.952333
0.008370 6.952333
0.008380 6.952667
0.008390 6.952667
0.008400 6.952667
0.008410 6.952333
0.008420 6.952333
0.008430 6.952333
0.008440 6.952333
0.008450 6.952333
0.008460 6.952333
0.008470 6.952000
0.008480 6.952000
0.008490 6.952000
0.008500 6.952000
0.008510 6.952000
0.008520 6.952333
0.008530 6.952333
0.008540 6.952333
0.008550 6.952667
0.008560 6.952667
0.008570 6.952333
0.008580 6.952333
0.008590 6.952333
0.008600 6.951333
0.008610 6.951000
0.008620 6.951000
0.008630 6.951000
0.008640 6.950667
0.008650 6.950667
0.008660 6.950667
0.008670 6.950667
0.008680 6.950667
0.008690 6.951000
0.008700 6.951000
0.008710 6.950667
0.008720 6.951000
0.008730 6.951000
0.008740 6.951000
0.008750 6.951000
0.008760 6.951333
0.008770 6.951333
0.008780 6.951333
0.008790 6.951333
0.008800 6.951333
0.008810 6.951333
0.008820 6.951333
0.008830 6.951333
0.008840 6.951333
0.008850 6.951000
0.008860 6.951000
0.008870 6.950667
0.008880 6.950667
0.008890 6.950667
0.008900 6.950667
0.008910 6.950667
0.008920 6.950667
0.008930 6.950667
0.008940 6.950667
0.008950 6.950667
0.008960 6.950667
0.008970 6.951000
0.008980 6.951000
0.008990 6.951000
0.009000 6.951000
0.009010 6.951000
0.009020 6.951000
0.009030 6.951000
0.009040 6.951000
0.009050 6.951000
0.009060 6.951000
0.009070 6.951000
0.009080 6.951000
0.009090 6.950667
0.009100 6.950667
0.009110 6.950667
0.009120 6.950667
0.009130 6.950667
0.009140 6.950333
0.009150 6.950333
0.009160 6.950333
0.009170 6.950333
0.009180 6.950000
0.009190 6.949667
0.009200 6.949667
0.009210 6.949333
0.009220 6.949333
0.009230 6.949333
0.009240 6.949333
0.009250 6.949333
0.009260 6.949333
0.009270 6.949667
0.009280 6.949667
0.009290 6.949667
0.009300 6.949667
0.009310 6.949667
0.009320 6.948667
0.009330 6.948667
0.009340 6.948333
0.009350 6.948333
0.009360 6.948333
0.009370 6.948333
0.009380 6.948333
0.009390 6.948333
0.009400 6.948333
0.009410 6.948333
0.009420 6.948333
0.009430 6.948333
0.009440 6.948333
0.009450 6.948333
0.009460 6.948333
0.009470 6.948333
0.009480 6.948333
0.009490 6.948333
0.009500 6.948333
0.009510 6.948333
0.009520 6.948000
0.009530 6.948000
0.009540 6.948000
0.009550 6.947667
0.009560 6.948000
0.009570 6.948000
0.009580 6.948000
0.009590 6.947667
0.009600 6.947667
0.009610 6.947667
0.009620 6.948000
0.009630 6.948000
0.009640 6.948000
0.009650 6.948000
0.009660 6.948000
0.009670 6.948000
0.009680 6.948000
0.009690 6.948000
0.009700 6.947667
0.009710 6.947667
0.009720 6.947667
0.009730 6.947667
0.009740 6.947667
0.009750 6.947667
0.009760 6.947667
0.009770 6.947667
0.009780 6.947667
0.009790 6.947333
0.009800 6.947667
0.009810 6.947667
0.009820 6.947667
0.009830 6.947667
0.009840 6.947667
0.009850 6.947333
0.009860 6.947333
0.009870 6.947667
0.009880 6.947333
0.009890 6.947333
0.009900 6.947000
0.009910 6.947000
0.009920 6.946667
0.009930 6.947000
0.009940 6.947000
0.009950 6.947000
0.009960 6.947000
0.009970 6.946667
0.009980 6.946667
0.009990 6.946667
0.010000 6.946667
0.010010 6.946667
0.010020 6.946333
0.010030 6.946333
0.010040 6.946667
0.010050 6.946667
0.010060 6.946667
0.010070 6.947000
0.010080 6.947000
0.010090 6.947333
0.010100 6.947333
0.010110 6.947000
0.010120 6.947000
0.010130 6.947000
0.010140 6.946333
0.010150 6.946333
0.010160 6.946333
0.010170 6.946000
0.010180 6.946000
0.010190 6.946333
0.010200 6.946333
0.010210 6.946333
0.010220 6.946000
0.010230 6.946000
0.010240 6.946000
0.010250 6.946000
0.010260 6.946333
0.010270 6.946333
0.010280 6.946000
0.010290 6.946000
0.010300 6.946000
0.010310 6.946000
0.010320 6.946000
0.010330 6.945667
0.010340 6.945667
0.010350 6.945667
0.010360 6.945667
0.010370 6.945667
0.010380 6.945667
0.010390 6.945667
0.010400 6.945667
0.010410 6.945667
0.010420 6.945667
0.010430 6.945667
0.010440 6.945667
0.010450 6.945667
0.010460 6.945667
0.010470 6.945667
0.010480 6.945667
0.010490 6.945667
0.010500 6.945667
0.010510 6.945667
0.010520 6.945667
0.010530 6.945667
0.010540 6.945667
0.010550 6.945667
0.010560 6.945667
0.010570 6.945667
0.010580 6.945667
0.010590 6.945333
0.010600 6.945333
0.010610 6.945667
0.010620 6.945667
0.010630 6.945667
0.010640 6.945333
0.010650 6.945333
0.010660 6.945333
0.010670 6.945333
0.010680 6.945333
0.010690 6.945333
0.010700 6.945000
0.010710 6.945000
0.010720 6.945000
0.010730 6.945000
0.010740 6.945000
0.010750 6.945000
0.010760 6.944667
0.010770 6.944667
0.010780 6.944667
0.010790 6.944667
0.010800 6.944667
0.010810 6.944667
0.010820 6.944333
0.010830 6.944333
0.010840 6.944333
0.010850 6.944333
0.010860 6.944333
0.010870 6.944333
0.010880 6.944333
0.010890 6.944000
0.010900 6.944000
0.010910 6.943667
0.010920 6.943667
0.010930 6.943667
0.010940 6.943333
0.010950 6.943333
0.010960 6.943333
0.010970 6.943333
0.010980 6.943333
0.010990 6.943333
0.011000 6.943333
0.011010 6.943333
0.011020 6.943333
0.011030 6.943000
0.011040 6.942667
0.011050 6.942667
0.011060 6.942667
0.011070 6.942333
0.011080 6.942333
0.011090 6.942333
0.011100 6.942000
0.011110 6.942333
0.011120 6.942667
0.011130 6.942667
0.011140 6.942333
0.011150 6.941667
0.011160 6.941667
0.011170 6.941667
0.011180 6.941667
0.011190 6.941667
0.011200 6.941667
0.011210 6.941667
0.011220 6.941667
0.011230 6.941667
0.011240 6.941667
0.011250 6.941667
0.011260 6.941333
0.011270 6.941333
0.011280 6.941333
0.011290 6.941333
0.011300 6.941000
0.011310 6.941333
0.011320 6.941000
0.011330 6.941000
0.011340 6.941333
0.011350 6.941333
0.011360 6.941333
0.011370 6.941333
0.011380 6.941333
0.011390 6.941333
0.011400 6.941333
0.011410 6.941333
0.011420 6.941333
0.011430 6.941667
0.011440 6.941667
0.011450 6.941667
0.011460 6.941333
0.011470 6.941333
0.011480 6.941333
0.011490 6.941333
0.011500 6.941000
0.011510 6.941000
0.011520 6.941000
0.011530 6.941000
0.011540 6.941000
0.011550 6.941333
0.011560 6.941333
0.011570 6.941333
0.011580 6.941000
0.011590 6.941000
0.011600 6.941000
0.011610 6.941333
0.011620 6.941333
0.011630 6.941000
0.011640 6.941000
0.011650 6.941000
0.011660 6.941000
0.011670 6.941000
0.011680 6.941000
0.011690 6.941000
0.011700 6.941000
0.011710 6.941333
0.011720 6.941667
0.011730 6.941667
0.011740 6.941667
0.011750 6.941667
0.011760 6.941667
0.011770 6.941667
0.011780 6.941333
0.011790 6.941333
0.011800 6.941333
0.011810 6.941333
0.011820 6.941333
0.011830 6.941333
0.011840 6.941333
0.011850 6.941333
0.011860 6.941333
0.011870 6.941000
0.011880 6.941000
0.011890 6.941000
0.011900 6.941000
0.011910 6.941000
0.011920 6.941000
0.011930 6.941000
0.011940 6.941000
0.011950 6.941000
0.011960 6.941667
0.011970 6.942000
0.011980 6.942000
0.011990 6.942000
0.012000 6.942000
0.012010 6.941667
0.012020 6.941667
0.012030 6.941667
0.012040 6.941667
0.012050 6.941667
0.012060 6.941667
0.012070 6.942000
0.012080 6.942000
0.012090 6.942000
0.012100 6.942000
0.012110 6.942000
0.012120 6.942000
0.012130 6.942000
0.012140 6.941667
0.012150 6.941667
0.012160 6.941667
0.012170 6.941667
0.012180 6.941667
0.012190 6.941667
0.012200 6.941667
0.012210 6.941667
0.012220 6.942000
0.012230 6.942000
0.012240 6.942000
0.012250 6.941667
0.012260 6.941667
0.012270 6.941667
0.012280 6.941667
0.012290 6.942000
0.012300 6.942000
0.012310 6.942000
0.012320 6.942000
0.012330 6.942333
0.012340 6.942333
0.012350 6.942333
0.012360 6.942333
0.012370 6.942333
0.012380 6.942333
0.012390 6.942667
0.012400 6.943000
0.012410 6.943000
0.012420 6.943000
0.012430 6.943000
0.012440 6.943000
0.012450 6.943000
0.012460 6.943000
0.012470 6.943000
0.012480 6.943000
0.012490 6.943000
0.012500 6.943333
0.012510 6.943333
0.012520 6.943333
0.012530 6.943333
0.012540 6.943333
0.012550 6.943333
0.012560 6.943333
0.012570 6.943333
0.012580 6.943333
0.012590 6.943333
0.012600 6.943333
0.012610 6.943667
0.012620 6.943667
0.012630 6.943667
0.012640 6.943333
0.012650 6.943333
0.012660 6.943333
0.012670 6.943333
0.012680 6.943333
0.012690 6.943667
0.012700 6.943667
0.012710 6.943667
0.012720 6.943667
0.012730 6.943667
0.012740 6.943667
0.012750 6.943667
0.012760 6.944000
0.012770 6.944000
0.012780 6.944000
0.012790 6.944000
0.012800 6.944000
0.012810 6.944000
0.012820 6.944000
0.012830 6.944000
0.012840 6.944000
0.012850 6.944000
0.012860 6.944000
0.012870 6.943667
0.012880 6.943333
0.012890 6.943333
0.012900 6.943333
0.012910 6.943000
0.012920 6.943000
0.012930 6.943000
0.012940 6.943000
0.012950 6.943000
0.012960 6.943000
0.012970 6.943000
0.012980 6.943000
0.012990 6.943000
0.013000 6.943000
0.013010 6.943000
0.013020 6.943000
0.013030 6.943000
0.013040 6.943000
0.013050 6.943000
0.013060 6.943000
0.013070 6.943000
0.013080 6.943000
0.013090 6.943000
0.013100 6.942667
0.013110 6.942333
0.013120 6.942667
0.013130 6.942333
0.013140 6.942333
0.013150 6.942333
0.013160 6.942333
0.013170 6.942333
0.013180 6.942333
0.013190 6.942333
0.013200 6.942333
0.013210 6.942333
0.013220 6.942333
0.013230 6.941667
0.013240 6.941667
0.013250 6.941667
0.013260 6.941667
0.013270 6.941667
0.013280 6.941667
0.013290 6.941667
0.013300 6.941667
0.013310 6.941667
0.013320 6.941667
0.013330 6.941333
0.013340 6.941333
0.013350 6.941333
0.013360 6.941333
0.013370 6.941333
0.013380 6.941333
0.013390 6.941000
0.013400 6.941000
0.013410 6.941000
0.013420 6.940667
0.013430 6.940667
0.013440 6.940667
0.013450 6.940667
0.013460 6.940667
0.013470 6.940667
0.013480 6.940667
0.013490 6.940667
0.013500 6.940667
0.013510 6.940667
0.013520 6.940667
0.013530 6.940667
0.013540 6.940667
0.013550 6.940667
0.013560 6.940667
0.013570 6.940667
0.013580 6.941000
0.013590 6.941000
0.013600 6.941000
0.013610 6.941000
0.013620 6.941000
0.013630 6.941000
0.013640 6.941000
0.013650 6.941000
0.013660 6.941333
0.013670 6.941333
0.013680 6.941333
0.013690 6.941667
0.013700 6.942000
0.013710 6.942000
0.013720 6.942000
0.013730 6.942000
0.013740 6.942000
0.013750 6.942000
0.013760 6.942000
0.013770 6.942000
0.013780 6.942333
0.013790 6.942333
0.013800 6.942333
0.013810 6.942333
0.013820 6.942333
0.013830 6.942333
0.013840 6.942333
0.013850 6.942333
0.013860 6.942333
0.013870 6.942333
0.013880 6.942333
0.013890 6.942333
0.013900 6.942333
0.013910 6.942333
0.013920 6.942000
0.013930 6.942000
0.013940 6.942000
0.013950 6.942000
0.013960 6.942000
0.013970 6.942000
0.013980 6.942000
0.013990 6.942000
0.014000 6.942000
0.014010 6.942000
0.014020 6.942000
0.014030 6.942333
0.014040 6.942333
0.014050 6.942333
0.014060 6.942333
0.014070 6.942333
0.014080 6.942333
0.014090 6.942333
0.014100 6.942667
0.014110 6.942667
0.014120 6.942667
0.014130 6.942667
0.014140 6.942667
0.014150 6.942667
0.014160 6.942333
0.014170 6.942333
0.014180 6.942333
0.014190 6.942333
0.014200 6.942333
0.014210 6.942333
0.014220 6.942333
0.014230 6.942333
0.014240 6.942667
0.014250 6.942667
0.014260 6.942667
0.014270 6.942667
0.014280 6.942333
0.014290 6.942333
0.014300 6.942333
0.014310 6.942333
0.014320 6.942667
0.014330 6.942667
0.014340 6.942667
0.014350 6.942667
0.014360 6.942667
0.014370 6.942667
0.014380 6.942333
0.014390 6.942333
0.014400 6.942333
0.014410 6.942333
0.014420 6.942333
0.014430 6.942333
0.014440 6.942333
0.014450 6.942333
0.014460 6.942333
0.014470 6.942333
0.014480 6.942333
0.014490 6.942333
0.014500 6.942000
0.014510 6.942333
0.014520 6.942333
0.014530 6.942333
0.014540 6.942333
0.014550 6.942333
0.014560 6.942333
0.014570 6.942333
0.014580 6.942333
0.014590 6.942667
0.014600 6.942667
0.014610 6.942667
0.014620 6.942667
0.014630 6.942667
0.014640 6.942333
0.014650 6.942333
0.014660 6.942333
0.014670 6.942333
0.014680 6.942333
0.014690 6.942333
0.014700 6.942333
0.014710 6.942000
0.014720 6.942000
0.014730 6.942000
0.014740 6.942000
0.014750 6.942000
0.014760 6.942000
0.014770 6.942000
0.014780 6.942000
0.014790 6.942000
0.014800 6.942000
0.014810 6.942000
0.014820 6.942000
0.014830 6.942000
0.014840 6.942000
0.014850 6.942000
0.014860 6.942000
0.014870 6.942000
0.014880 6.942000
0.014890 6.942000
0.014900 6.942000
0.014910 6.941667
0.014920 6.941667
0.014930 6.941667
0.014940 6.941667
0.014950 6.941667
0.014960 6.941667
0.014970 6.941667
0.014980 6.941667
0.014990 6.941667
0.015000 6.941667
0.015010 6.941667
0.015020 6.941667
0.015030 6.941667
0.015040 6.941667
0.015050 6.941667
0.015060 6.941667
0.015070 6.941667
0.015080 6.941667
0.015090 6.941667
0.015100 6.941667
0.015110 6.941667
0.015120 6.941667
0.015130 6.941667
0.015140 6.941667
0.015150 6.941667
0.015160 6.942000
0.015170 6.941667
0.015180 6.941667
0.015190 6.941667
0.015200 6.941667
0.015210 6.941667
0.015220 6.941667
0.015230 6.941667
0.015240 6.942000
0.015250 6.942000
0.015260 6.942000
0.015270 6.942667
0.015280 6.942667
0.015290 6.942333
0.015300 6.942333
0.015310 6.942333
0.015320 6.942333
0.015330 6.942667
0.015340 6.943000
0.015350 6.943000
0.015360 6.943000
0.015370 6.943000
0.015380 6.943000
0.015390 6.943000
0.015400 6.943000
0.015410 6.943000
0.015420 6.943000
0.015430 6.943000
0.015440 6.943000
0.015450 6.943000
0.015460 6.943000
0.015470 6.943000
0.015480 6.943000
0.015490 6.943000
0.015500 6.943000
0.015510 6.943000
0.015520 6.943000
0.015530 6.943000
0.015540 6.943000
0.015550 6.943000
0.015560 6.943000
0.015570 6.943000
0.015580 6.943000
0.015590 6.943000
0.015600 6.943000
0.015610 6.943333
0.015620 6.943333
0.015630 6.943333
0.015640 6.943333
0.015650 6.943333
0.015660 6.943333
0.015670 6.943333
0.015680 6.943333
0.015690 6.943333
0.015700 6.943333
0.015710 6.943333
0.015720 6.943333
0.015730 6.943667
0.015740 6.944000
0.015750 6.944000
0.015760 6.944000
0.015770 6.944000
0.015780 6.944000
0.015790 6.944000
0.015800 6.943667
0.015810 6.943333
0.015820 6.943333
0.015830 6.943333
0.015840 6.943333
0.015850 6.943333
0.015860 6.943333
0.015870 6.943667
0.015880 6.943667
0.015890 6.943667
0.015900 6.943667
0.015910 6.943333
0.015920 6.943333
0.015930 6.943333
0.015940 6.943333
0.015950 6.943333
0.015960 6.943333
0.015970 6.943333
0.015980 6.943333
0.015990 6.943333
0.016000 6.943333
0.016010 6.943333
0.016020 6.943333
0.016030 6.943333
0.016040 6.943333
0.016050 6.943333
0.016060 6.943333
0.016070 6.943667
0.016080 6.943667
0.016090 6.943667
0.016100 6.943667
0.016110 6.943667
0.016120 6.943667
0.016130 6.943333
0.016140 6.943333
0.016150 6.943333
0.016160 6.943333
0.016170 6.943667
0.016180 6.943667
0.016190 6.943667
0.016200 6.943667
0.016210 6.943667
0.016220 6.943667
0.016230 6.943667
0.016240 6.943667
0.016250 6.943667
0.016260 6.943667
0.016270 6.943667
0.016280 6.944000
0.016290 6.944333
0.016300 6.944333
0.016310 6.944333
0.016320 6.944333
0.016330 6.944333
0.016340 6.944333
0.016350 6.944333
0.016360 6.944333
0.016370 6.944333
0.016380 6.944333
0.016390 6.944667
0.016400 6.944667
0.016410 6.944667
0.016420 6.944667
0.016430 6.944667
0.016440 6.944667
0.016450 6.944667
0.016460 6.944667
0.016470 6.944667
0.016480 6.944667
0.016490 6.944667
0.016500 6.944667
0.016510 6.945000
0.016520 6.945667
0.016530 6.945667
0.016540 6.945667
0.016550 6.945667
0.016560 6.945667
0.016570 6.945667
0.016580 6.945667
0.016590 6.945333
0.016600 6.945333
0.016610 6.945333
0.016620 6.945333
0.016630 6.945333
0.016640 6.945333
0.016650 6.945333
0.016660 6.945333
0.016670 6.945333
0.016680 6.945333
0.016690 6.945333
0.016700 6.945333
0.016710 6.945333
0.016720 6.945333
0.016730 6.945000
0.016740 6.945000
0.016750 6.945000
0.016760 6.945000
0.016770 6.945000
0.016780 6.944667
0.016790 6.944667
0.016800 6.944667
0.016810 6.944667
0.016820 6.944667
0.016830 6.944333
0.016840 6.944333
0.016850 6.944333
0.016860 6.944333
0.016870 6.944333
0.016880 6.944333
0.016890 6.944333
0.016900 6.944333
0.016910 6.944333
0.016920 6.944333
0.016930 6.944333
0.016940 6.944333
0.016950 6.944333
0.016960 6.944333
0.016970 6.944333
0.016980 6.944333
0.016990 6.944333
0.017000 6.944000
0.017010 6.944000
0.017020 6.944000
0.017030 6.943667
0.017040 6.943667
0.017050 6.943667
0.017060 6.943333
0.017070 6.943333
0.017080 6.943333
0.017090 6.943333
0.017100 6.943333
0.017110 6.943000
0.017120 6.943000
0.017130 6.943000
0.017140 6.943000
0.017150 6.943000
0.017160 6.943000
0.017170 6.943000
0.017180 6.943000
0.017190 6.943000
0.017200 6.943000
0.017210 6.943000
0.017220 6.943000
0.017230 6.943000
0.017240 6.943000
0.017250 6.943000
0.017260 6.943000
0.017270 6.943000
0.017280 6.943000
0.017290 6.943000
0.017300 6.943000
0.017310 6.943000
0.017320 6.943000
0.017330 6.943000
0.017340 6.943000
0.017350 6.943000
0.017360 6.943000
0.017370 6.943000
0.017380 6.943000
0.017390 6.943000
0.017400 6.943000
0.017410 6.943000
0.017420 6.943000
0.017430 6.943333
0.017440 6.944000
0.017450 6.944000
0.017460 6.944000
0.017470 6.944333
0.017480 6.944333
0.017490 6.944333
0.017500 6.944333
0.017510 6.944333
0.017520 6.944333
0.017530 6.944333
0.017540 6.944333
0.017550 6.944333
0.017560 6.944333
0.017570 6.944333
0.017580 6.944667
0.017590 6.944667
0.017600 6.944333
0.017610 6.944333
0.017620 6.944333
0.017630 6.944333
0.017640 6.944333
0.017650 6.944333
0.017660 6.944333
0.017670 6.944333
0.017680 6.944333
0.017690 6.944333
0.017700 6.944333
0.017710 6.944333
0.017720 6.944333
0.017730 6.944333
0.017740 6.944333
0.017750 6.944333
0.017760 6.944333
0.017770 6.944333
0.017780 6.944333
0.017790 6.944333
0.017800 6.944333
0.017810 6.944667
0.017820 6.944667
0.017830 6.944667
0.017840 6.944667
0.017850 6.944667
0.017860 6.944667
0.017870 6.945000
0.017880 6.945000
0.017890 6.945333
0.017900 6.945000
0.017910 6.945000
0.017920 6.945000
0.017930 6.945000
0.017940 6.945000
0.017950 6.945000
0.017960 6.945000
0.017970 6.944667
0.017980 6.944667
0.017990 6.944333
0.018000 6.944333
0.018010 6.944333
0.018020 6.944333
0.018030 6.944333
0.018040 6.944333
0.018050 6.944667
0.018060 6.944667
0.018070 6.944667
0.018080 6.945000
0.018090 6.945000
0.018100 6.945000
0.018110 6.945000
0.018120 6.945000
0.018130 6.945000
0.018140 6.945000
0.018150 6.945000
0.018160 6.945000
0.018170 6.945000
0.018180 6.944667
0.018190 6.944667
0.018200 6.944667
0.018210 6.944667
0.018220 6.944667
0.018230 6.944667
0.018240 6.944667
0.018250 6.944667
0.018260 6.944667
0.018270 6.944667
0.018280 6.944667
0.018290 6.944667
0.018300 6.944667
0.018310 6.944667
0.018320 6.944667
0.018330 6.944667
0.018340 6.944667
0.018350 6.944667
0.018360 6.944667
0.018370 6.944667
0.018380 6.944333
0.018390 6.944333
0.018400 6.944667
0.018410 6.944667
0.018420 6.944667
0.018430 6.944667
0.018440 6.944667
0.018450 6.944667
0.018460 6.944667
0.018470 6.944667
0.018480 6.944667
0.018490 6.944667
0.018500 6.944667
0.018510 6.944667
0.018520 6.944667
0.018530 6.944667
0.018540 6.944667
0.018550 6.944667
0.018560 6.944333
0.018570 6.944333
0.018580 6.944333
0.018590 6.944667
0.018600 6.944667
0.018610 6.944667
0.018620 6.945000
0.018630 6.945000
0.018640 6.945333
0.018650 6.945333
0.018660 6.945333
0.018670 6.945000
0.018680 6.945000
0.018690 6.945000
0.018700 6.945000
0.018710 6.945000
0.018720 6.945000
0.018730 6.945000
0.018740 6.945000
0.018750 6.945000
0.018760 6.945000
0.018770 6.945000
0.018780 6.945000
0.018790 6.945000
0.018800 6.945000
0.018810 6.945000
0.018820 6.945000
0.018830 6.945000
0.018840 6.945000
0.018850 6.945000
0.018860 6.945000
0.018870 6.945000
0.018880 6.945000
0.018890 6.945333
0.018900 6.945333
0.018910 6.945333
0.018920 6.945333
0.018930 6.945333
0.018940 6.945333
0.018950 6.945333
0.018960 6.945333
0.018970 6.945333
0.018980 6.945333
0.018990 6.945333
0.019000 6.945333
0.019010 6.945333
0.019020 6.945667
0.019030 6.945667
0.019040 6.946000
0.019050 6.946000
0.019060 6.946000
0.019070 6.946000
0.019080 6.945667
0.019090 6.945667
0.019100 6.945667
0.019110 6.945667
0.019120 6.946000
0.019130 6.946000
0.019140 6.946000
0.019150 6.946000
0.019160 6.946000
0.019170 6.946000
0.019180 6.946000
0.019190 6.946000
0.019200 6.946000
0.019210 6.945667
0.019220 6.945667
0.019230 6.945667
0.019240 6.945667
0.019250 6.945667
0.019260 6.945667
0.019270 6.945667
0.019280 6.945667
0.019290 6.945667
0.019300 6.945667
0.019310 6.945667
0.019320 6.945667
0.019330 6.945667
0.019340 6.945667
0.019350 6.945667
0.019360 6.945667
0.019370 6.945667
0.019380 6.945667
0.019390 6.945667
0.019400 6.945667
0.019410 6.946000
0.019420 6.946000
0.019430 6.946000
0.019440 6.946000
0.019450 6.946000
0.019460 6.946000
0.019470 6.946000
0.019480 6.946000
0.019490 6.946000
0.019500 6.946000
0.019510 6.946000
0.019520 6.946000
0.019530 6.946000
0.019540 6.946000
0.019550 6.946000
0.019560 6.946000
0.019570 6.946000
0.019580 6.946000
0.019590 6.946000
0.019600 6.946000
0.019610 6.946000
0.019620 6.945667
0.019630 6.945667
0.019640 6.945667
0.019650 6.945667
0.019660 6.945667
0.019670 6.945667
0.019680 6.945667
0.019690 6.946000
0.019700 6.946000
0.019710 6.946000
0.019720 6.946000
0.019730 6.946333
0.019740 6.946333
0.019750 6.946333
0.019760 6.946333
0.019770 6.946333
0.019780 6.946000
0.019790 6.946000
0.019800 6.946000
0.019810 6.946000
0.019820 6.945667
0.019830 6.945667
0.019840 6.945667
0.019850 6.945667
0.019860 6.945667
0.019870 6.945667
0.019880 6.945667
0.019890 6.945667
0.019900 6.945667
0.019910 6.945667
0.019920 6.945667
0.019930 6.945667
0.019940 6.945667
0.019950 6.945667
0.019960 6.945667
0.019970 6.945667
0.019980 6.946000
0.019990 6.946333
0.020000 6.946333
0.020010 6.946333
0.020020 6.946333
0.020030 6.946333
0.020040 6.946333
0.020050 6.946333
0.020060 6.946333
0.020070 6.946333
0.020080 6.946333
0.020090 6.946333
0.020100 6.946333
0.020110 6.946333
0.020120 6.946667
0.020130 6.946667
0.020140 6.946667
0.020150 6.946667
0.020160 6.946667
0.020170 6.946667
0.020180 6.946667
0.020190 6.946667
0.020200 6.946667
0.020210 6.946667
0.020220 6.946667
0.020230 6.946333
0.020240 6.946333
0.020250 6.946333
0.020260 6.946333
0.020270 6.946333
0.020280 6.946667
0.020290 6.946667
0.020300 6.946667
0.020310 6.946667
0.020320 6.946667
0.020330 6.946667
0.020340 6.946667
0.020350 6.946667
0.020360 6.946667
0.020370 6.946667
0.020380 6.946667
0.020390 6.946667
0.020400 6.946667
0.020410 6.946667
0.020420 6.946667
0.020430 6.946333
0.020440 6.946333
0.020450 6.946333
0.020460 6.946333
0.020470 6.946333
0.020480 6.946667
0.020490 6.946667
0.020500 6.946667
0.020510 6.946667
0.020520 6.946667
0.020530 6.946667
0.020540 6.946667
0.020550 6.946667
0.020560 6.946667
0.020570 6.946667
0.020580 6.946667
0.020590 6.946667
0.020600 6.946667
0.020610 6.946333
0.020620 6.946333
0.020630 6.946333
0.020640 6.946333
0.020650 6.946333
0.020660 6.946333
0.020670 6.946333
0.020680 6.946333
0.020690 6.946333
0.020700 6.946667
0.020710 6.946667
0.020720 6.946333
0.020730 6.946333
0.020740 6.946000
0.020750 6.946000
0.020760 6.946000
0.020770 6.946000
0.020780 6.946000
0.020790 6.946000
0.020800 6.946000
0.020810 6.946000
0.020820 6.946000
0.020830 6.946000
0.020840 6.946000
0.020850 6.946000
0.020860 6.946000
0.020870 6.946000
0.020880 6.946000
0.020890 6.946000
0.020900 6.946000
0.020910 6.946000
0.020920 6.946000
0.020930 6.946000
0.020940 6.946000
0.020950 6.945667
0.020960 6.945667
0.020970 6.945667
0.020980 6.945667
0.020990 6.945667
0.021000 6.945667
0.021010 6.945667
0.021020 6.945667
0.021030 6.945667
0.021040 6.945667
0.021050 6.945667
0.021060 6.946000
0.021070 6.946000
0.021080 6.946000
0.021090 6.946000
0.021100 6.946000
0.021110 6.946000
0.021120 6.946000
0.021130 6.946000
0.021140 6.946000
0.021150 6.946000
0.021160 6.946000
0.021170 6.946000
0.021180 6.946000
0.021190 6.946000
0.021200 6.946000
0.021210 6.946000
0.021220 6.946000
0.021230 6.946000
0.021240 6.946000
0.021250 6.946000
0.021260 6.946000
0.021270 6.946000
0.021280 6.946000
0.021290 6.946000
0.021300 6.946000
0.021310 6.946000
0.021320 6.946000
0.021330 6.946000
0.021340 6.946000
0.021350 6.946000
0.021360 6.946000
0.021370 6.946000
0.021380 6.946000
0.021390 6.946000
0.021400 6.946000
0.021410 6.946000
0.021420 6.946000
0.021430 6.946000
0.021440 6.946000
0.021450 6.946000
0.021460 6.946000
0.021470 6.946000
0.021480 6.946000
0.021490 6.945667
0.021500 6.945667
0.021510 6.945667
0.021520 6.945667
0.021530 6.945333
0.021540 6.945333
0.021550 6.945333
0.021560 6.945333
0.021570 6.945333
0.021580 6.945333
0.021590 6.945333
0.021600 6.945333
0.021610 6.945333
0.021620 6.945333
0.021630 6.945333
0.021640 6.945333
0.021650 6.945333
0.021660 6.945667
0.021670 6.945667
0.021680 6.945667
0.021690 6.945667
0.021700 6.945667
0.021710 6.945667
0.021720 6.945667
0.021730 6.945667
0.021740 6.945333
0.021750 6.945333
0.021760 6.945333
0.021770 6.945333
0.021780 6.945000
0.021790 6.945000
0.021800 6.945000
0.021810 6.945000
0.021820 6.945000
0.021830 6.945000
0.021840 6.945000
0.021850 6.945000
0.021860 6.945333
0.021870 6.945667
0.021880 6.945667
0.021890 6.945667
0.021900 6.945333
0.021910 6.945667
0.021920 6.945333
0.021930 6.945333
0.021940 6.945333
0.021950 6.945333
0.021960 6.944667
0.021970 6.944667
0.021980 6.944667
0.021990 6.944667
0.022000 6.944333
0.022010 6.943667
0.022020 6.943667
0.022030 6.943000
0.022040 6.943000
0.022050 6.943000
0.022060 6.942667
0.022070 6.942667
0.022080 6.942667
0.022090 6.942333
0.022100 6.941667
0.022110 6.941667
0.022120 6.941333
0.022130 6.941000
0.022140 6.941000
0.022150 6.940667
0.022160 6.940667
0.022170 6.939667
0.022180 6.939667
0.022190 6.939667
0.022200 6.940000
0.022210 6.939333
0.022220 6.939000
0.022230 6.939000
0.022240 6.937667
0.022250 6.937333
0.022260 6.936333
0.022270 6.936333
0.022280 6.936333
0.022290 6.934667
0.022300 6.934000
0.022310 6.933000
0.022320 6.932333
0.022330 6.930667
0.022340 6.929667
0.022350 6.928667
0.022360 6.926667
0.022370 6.925667
0.022380 6.925000
0.022390 6.923333
0.022400 6.921333
0.022410 6.919000
0.022420 6.918667
0.022430 6.917333
0.022440 6.916333
0.022450 6.914667
0.022460 6.914333
0.022470 6.912000
0.022480 6.911333
0.022490 6.909333
0.022500 6.908667
0.022510 6.907333
0.022520 6.905000
0.022530 6.901333
0.022540 6.900000
0.022550 6.897333
0.022560 6.895000
0.022570 6.893333
0.022580 6.891667
0.022590 6.890667
0.022600 6.889667
0.022610 6.889333
0.022620 6.888667
0.022630 6.886333
0.022640 6.884000
0.022650 6.881667
0.022660 6.880333
0.022670 6.877667
0.022680 6.875333
0.022690 6.872667
0.022700 6.871333
0.022710 6.870000
0.022720 6.866667
0.022730 6.864333
0.022740 6.862667
0.022750 6.861667
0.022760 6.860333
0.022770 6.859333
0.022780 6.857333
0.022790 6.855667
0.022800 6.853333
0.022810 6.851667
0.022820 6.851000
0.022830 6.847333
0.022840 6.844333
0.022850 6.841000
0.022860 6.840000
0.022870 6.838000
0.022880 6.836000
0.022890 6.834000
0.022900 6.830667
0.022910 6.827667
0.022920 6.824667
0.022930 6.824000
0.022940 6.821333
0.022950 6.819667
0.022960 6.818333
0.022970 6.817000
0.022980 6.815000
0.022990 6.811333
0.023000 6.809667
0.023010 6.808667
0.023020 6.807333
0.023030 6.806000
0.023040 6.804333
0.023050 6.803667
0.023060 6.803333
0.023070 6.802667
0.023080 6.802000
0.023090 6.799333
0.023100 6.797000
0.023110 6.796000
0.023120 6.795333
0.023130 6.793333
0.023140 6.791333
0.023150 6.789333
0.023160 6.787000
0.023170 6.785000
0.023180 6.784000
0.023190 6.782333
0.023200 6.780667
0.023210 6.780000
0.023220 6.778667
0.023230 6.777667
0.023240 6.776667
0.023250 6.774333
0.023260 6.771333
0.023270 6.770333
0.023280 6.768333
0.023290 6.766000
0.023300 6.765000
0.023310 6.763000
0.023320 6.761000
0.023330 6.759000
0.023340 6.758000
0.023350 6.757000
0.023360 6.756000
0.023370 6.755000
0.023380 6.754333
0.023390 6.753333
0.023400 6.751333
0.023410 6.749333
0.023420 6.748000
0.023430 6.747000
0.023440 6.745333
0.023450 6.743333
0.023460 6.742333
0.023470 6.741333
0.023480 6.740667
0.023490 6.740000
0.023500 6.738667
0.023510 6.737667
0.023520 6.736667
0.023530 6.735333
0.023540 6.733333
0.023550 6.731000
0.023560 6.729667
0.023570 6.728333
0.023580 6.728000
0.023590 6.726667
0.023600 6.725667
0.023610 6.725000
0.023620 6.723667
0.023630 6.723333
0.023640 6.721667
0.023650 6.719667
0.023660 6.718333
0.023670 6.717667
0.023680 6.716667
0.023690 6.716667
0.023700 6.715667
0.023710 6.713667
0.023720 6.713333
0.023730 6.712000
0.023740 6.711667
0.023750 6.710000
0.023760 6.709333
0.023770 6.709000
0.023780 6.708667
0.023790 6.708000
0.023800 6.707333
0.023810 6.706667
0.023820 6.705333
0.023830 6.703333
0.023840 6.702333
0.023850 6.701000
0.023860 6.700333
0.023870 6.698667
0.023880 6.697667
0.023890 6.696667
0.023900 6.696000
0.023910 6.695000
0.023920 6.693000
0.023930 6.691333
0.023940 6.690000
0.023950 6.689000
0.023960 6.688000
0.023970 6.687000
0.023980 6.684667
0.023990 6.684333
0.024000 6.683667
0.024010 6.683000
0.024020 6.682333
0.024030 6.682000
0.024040 6.681667
0.024050 6.680667
0.024060 6.679000
0.024070 6.677000
0.024080 6.676333
0.024090 6.674667
0.024100 6.673667
0.024110 6.672667
0.024120 6.671667
0.024130 6.671333
0.024140 6.671000
0.024150 6.670333
0.024160 6.670000
0.024170 6.668333
0.024180 6.667667
0.024190 6.666667
0.024200 6.665667
0.024210 6.665333
0.024220 6.664000
0.024230 6.662667
0.024240 6.662000
0.024250 6.661667
0.024260 6.661667
0.024270 6.661000
0.024280 6.660000
0.024290 6.659667
0.024300 6.658667
0.024310 6.657667
0.024320 6.657333
0.024330 6.656000
0.024340 6.656000
0.024350 6.655667
0.024360 6.654667
0.024370 6.653667
0.024380 6.653000
0.024390 6.651667
0.024400 6.649667
0.024410 6.649000
0.024420 6.648333
0.024430 6.647667
0.024440 6.647000
0.024450 6.646667
0.024460 6.646667
0.024470 6.646333
0.024480 6.645667
0.024490 6.645000
0.024500 6.645000
0.024510 6.644333
0.024520 6.643333
0.024530 6.643000
0.024540 6.642333
0.024550 6.642667
0.024560 6.642000
0.024570 6.641667
0.024580 6.641333
0.024590 6.640333
0.024600 6.640000
0.024610 6.639667
0.024620 6.639667
0.024630 6.639000
0.024640 6.639000
0.024650 6.638333
0.024660 6.637667
0.024670 6.637667
0.024680 6.636667
0.024690 6.636667
0.024700 6.635333
0.024710 6.635000
0.024720 6.634000
0.024730 6.632333
0.024740 6.631000
0.024750 6.629667
0.024760 6.629333
0.024770 6.628667
0.024780 6.627333
0.024790 6.626333
0.024800 6.625333
0.024810 6.624000
0.024820 6.623333
0.024830 6.622000
0.024840 6.621000
0.024850 6.620000
0.024860 6.619667
0.024870 6.619667
0.024880 6.619333
0.024890 6.618333
0.024900 6.617333
0.024910 6.617000
0.024920 6.616000
0.024930 6.615333
0.024940 6.614333
0.024950 6.613333
0.024960 6.613333
0.024970 6.613000
0.024980 6.612000
0.024990 6.611667
0.025000 6.611333
0.025010 6.611000
0.025020 6.611000
0.025030 6.610333
0.025040 6.609333
0.025050 6.608667
0.025060 6.607667
0.025070 6.607333
0.025080 6.607000
0.025090 6.605667
0.025100 6.605000
0.025110 6.604000
0.025120 6.603667
0.025130 6.603333
0.025140 6.603000
0.025150 6.602667
0.025160 6.602667
0.025170 6.602000
0.025180 6.601667
0.025190 6.601667
0.025200 6.601333
0.025210 6.601000
0.025220 6.600667
0.025230 6.600000
0.025240 6.599000
0.025250 6.598333
0.025260 6.597667
0.025270 6.597000
0.025280 6.596667
0.025290 6.595667
0.025300 6.595333
0.025310 6.595000
0.025320 6.595333
0.025330 6.594667
0.025340 6.594000
0.025350 6.593667
0.025360 6.593333
0.025370 6.593333
0.025380 6.593000
0.025390 6.592000
0.025400 6.592000
0.025410 6.591000
0.025420 6.591000
0.025430 6.590333
0.025440 6.590333
0.025450 6.590333
0.025460 6.590333
0.025470 6.589000
0.025480 6.588333
0.025490 6.587333
0.025500 6.587333
0.025510 6.587000
0.025520 6.586667
0.025530 6.586333
0.025540 6.586000
0.025550 6.585333
0.025560 6.585000
0.025570 6.584333
0.025580 6.584333
0.025590 6.584000
0.025600 6.583667
0.025610 6.583333
0.025620 6.583000
0.025630 6.582667
0.025640 6.582333
0.025650 6.580667
0.025660 6.580333
0.025670 6.579333
0.025680 6.579000
0.025690 6.578333
0.025700 6.578333
0.025710 6.577333
0.025720 6.577333
0.025730 6.576667
0.025740 6.576333
0.025750 6.576000
0.025760 6.575333
0.025770 6.574333
0.025780 6.573333
0.025790 6.573000
0.025800 6.572333
0.025810 6.572333
0.025820 6.572000
0.025830 6.571333
0.025840 6.571000
0.025850 6.571000
0.025860 6.570333
0.025870 6.570333
0.025880 6.569667
0.025890 6.569333
0.025900 6.568667
0.025910 6.568667
0.025920 6.568667
0.025930 6.568000
0.025940 6.567333
0.025950 6.567333
0.025960 6.567000
0.025970 6.566667
0.025980 6.565667
0.025990 6.565333
0.026000 6.565333
0.026010 6.564667
0.026020 6.564333
0.026030 6.563667
0.026040 6.563000
0.026050 6.562000
0.026060 6.562000
0.026070 6.561000
0.026080 6.560333
0.026090 6.560000
0.026100 6.560000
0.026110 6.558667
0.026120 6.558000
0.026130 6.557667
0.026140 6.557333
0.026150 6.557333
0.026160 6.556333
0.026170 6.556333
0.026180 6.556333
0.026190 6.556000
0.026200 6.555667
0.026210 6.555667
0.026220 6.555000
0.026230 6.555000
0.026240 6.554333
0.026250 6.553667
0.026260 6.553000
0.026270 6.553000
0.026280 6.553000
0.026290 6.552000
0.026300 6.552000
0.026310 6.551667
0.026320 6.551000
0.026330 6.550667
0.026340 6.550667
0.026350 6.550333
0.026360 6.550000
0.026370 6.549667
0.026380 6.548667
0.026390 6.548000
0.026400 6.547667
0.026410 6.547333
0.026420 6.547333
0.026430 6.547000
0.026440 6.546667
0.026450 6.545667
0.026460 6.545333
0.026470 6.545333
0.026480 6.545000
0.026490 6.544333
0.026500 6.544000
0.026510 6.544000
0.026520 6.543000
0.026530 6.541667
0.026540 6.540667
0.026550 6.540333
0.026560 6.540333
0.026570 6.540000
0.026580 6.540000
0.026590 6.539333
0.026600 6.539333
0.026610 6.539000
0.026620 6.538667
0.026630 6.538333
0.026640 6.538333
0.026650 6.537667
0.026660 6.537000
0.026670 6.536667
0.026680 6.536667
0.026690 6.536333
0.026700 6.536000
0.026710 6.535667
0.026720 6.535333
0.026730 6.534333
0.026740 6.533667
0.026750 6.533333
0.026760 6.532667
0.026770 6.531667
0.026780 6.531333
0.026790 6.530667
0.026800 6.530667
0.026810 6.530333
0.026820 6.530333
0.026830 6.529333
0.026840 6.529000
0.026850 6.529000
0.026860 6.528000
0.026870 6.527333
0.026880 6.525667
0.026890 6.525667
0.026900 6.525000
0.026910 6.524667
0.026920 6.524000
0.026930 6.524000
0.026940 6.524000
0.026950 6.524000
0.026960 6.523000
0.026970 6.522667
0.026980 6.522000
0.026990 6.521333
0.027000 6.521000
0.027010 6.519667
0.027020 6.519667
0.027030 6.519000
0.027040 6.519000
0.027050 6.518667
0.027060 6.518333
0.027070 6.518333
0.027080 6.517333
0.027090 6.517000
0.027100 6.516333
0.027110 6.516333
0.027120 6.516333
0.027130 6.516000
0.027140 6.516000
0.027150 6.516000
0.027160 6.516000
0.027170 6.515667
0.027180 6.515667
0.027190 6.515333
0.027200 6.515000
0.027210 6.514000
0.027220 6.513667
0.027230 6.513667
0.027240 6.512667
0.027250 6.512333
0.027260 6.512000
0.027270 6.511000
0.027280 6.510000
0.027290 6.509333
0.027300 6.509333
0.027310 6.509000
0.027320 6.508333
0.027330 6.508333
0.027340 6.507000
0.027350 6.506667
0.027360 6.506000
0.027370 6.505667
0.027380 6.505333
0.027390 6.504667
0.027400 6.504333
0.027410 6.504333
0.027420 6.504000
0.027430 6.503667
0.027440 6.503000
0.027450 6.502333
0.027460 6.502333
0.027470 6.502000
0.027480 6.501333
0.027490 6.500667
0.027500 6.500333
0.027510 6.500000
0.027520 6.499667
0.027530 6.499667
0.027540 6.499333
0.027550 6.498000
0.027560 6.497000
0.027570 6.496667
0.027580 6.496333
0.027590 6.496000
0.027600 6.495667
0.027610 6.495667
0.027620 6.495333
0.027630 6.495000
0.027640 6.493667
0.027650 6.492333
0.027660 6.491667
0.027670 6.490667
0.027680 6.490333
0.027690 6.490000
0.027700 6.489000
0.027710 6.488333
0.027720 6.488000
0.027730 6.488333
0.027740 6.487000
0.027750 6.486333
0.027760 6.486000
0.027770 6.485333
0.027780 6.484333
0.027790 6.483667
0.027800 6.483333
0.027810 6.483000
0.027820 6.483000
0.027830 6.482333
0.027840 6.482000
0.027850 6.482000
0.027860 6.481333
0.027870 6.481333
0.027880 6.481000
0.027890 6.480333
0.027900 6.480000
0.027910 6.479333
0.027920 6.479333
0.027930 6.478667
0.027940 6.478667
0.027950 6.477667
0.027960 6.477667
0.027970 6.477667
0.027980 6.477667
0.027990 6.476000
0.028000 6.475667
0.028010 6.475333
0.028020 6.475333
0.028030 6.475000
0.028040 6.474000
0.028050 6.474000
0.028060 6.473000
0.028070 6.472000
0.028080 6.472333
0.028090 6.472000
0.028100 6.472000
0.028110 6.471333
0.028120 6.471000
0.028130 6.470000
0.028140 6.470333
0.028150 6.469667
0.028160 6.469000
0.028170 6.469000
0.028180 6.468333
0.028190 6.467333
0.028200 6.467000
0.028210 6.467000
0.028220 6.467000
0.028230 6.466333
0.028240 6.466000
0.028250 6.465667
0.028260 6.465000
0.028270 6.464000
0.028280 6.464000
0.028290 6.464000
0.028300 6.464000
0.028310 6.464000
0.028320 6.464000
0.028330 6.464000
0.028340 6.463667
0.028350 6.463000
0.028360 6.462667
0.028370 6.462333
0.028380 6.461667
0.028390 6.461333
0.028400 6.461000
0.028410 6.459667
0.028420 6.459667
0.028430 6.460000
0.028440 6.459667
0.028450 6.459000
0.028460 6.458333
0.028470 6.457000
0.028480 6.457000
0.028490 6.456000
0.028500 6.455667
0.028510 6.455667
0.028520 6.455333
0.028530 6.455667
0.028540 6.455000
0.028550 6.454333
0.028560 6.454000
0.028570 6.453667
0.028580 6.453333
0.028590 6.452667
0.028600 6.452667
0.028610 6.452333
0.028620 6.451667
0.028630 6.452000
0.028640 6.452000
0.028650 6.452000
0.028660 6.452000
0.028670 6.451667
0.028680 6.451667
0.028690 6.451333
0.028700 6.451333
0.028710 6.451000
0.028720 6.450333
0.028730 6.449667
0.028740 6.449667
0.028750 6.449000
0.028760 6.448667
0.028770 6.448667
0.028780 6.448333
0.028790 6.448333
0.028800 6.448000
0.028810 6.447333
0.028820 6.446667
0.028830 6.446333
0.028840 6.445667
0.028850 6.445667
0.028860 6.445333
0.028870 6.445000
0.028880 6.444667
0.028890 6.444000
0.028900 6.443667
0.028910 6.443333
0.028920 6.442333
0.028930 6.441667
0.028940 6.441333
0.028950 6.441000
0.028960 6.441000
0.028970 6.440000
0.028980 6.439000
0.028990 6.439000
0.029000 6.438333
0.029010 6.437667
0.029020 6.437667
0.029030 6.436667
0.029040 6.436667
0.029050 6.436000
0.029060 6.436000
0.029070 6.435667
0.029080 6.435667
0.029090 6.435333
0.029100 6.435000
0.029110 6.434333
0.029120 6.433667
0.029130 6.433667
0.029140 6.433667
0.029150 6.433333
0.029160 6.432667
0.029170 6.432333
0.029180 6.432000
0.029190 6.431333
0.029200 6.431333
0.029210 6.431333
0.029220 6.431000
0.029230 6.431000
0.029240 6.430667
0.029250 6.430667
0.029260 6.430667
0.029270 6.430000
0.029280 6.430000
0.029290 6.429333
0.029300 6.429000
0.029310 6.428000
0.029320 6.427667
0.029330 6.427667
0.029340 6.427667
0.029350 6.427667
0.029360 6.426667
0.029370 6.426000
0.029380 6.426000
0.029390 6.426000
0.029400 6.426000
0.029410 6.426000
0.029420 6.425000
0.029430 6.423667
0.029440 6.423333
0.029450 6.423000
0.029460 6.422667
0.029470 6.422667
0.029480 6.422333
0.029490 6.422667
0.029500 6.422667
0.029510 6.422333
0.029520 6.422000
0.029530 6.422000
0.029540 6.421667
0.029550 6.421667
0.029560 6.421667
0.029570 6.420667
0.029580 6.420333
0.029590 6.420333
0.029600 6.420000
0.029610 6.419333
0.029620 6.419333
0.029630 6.419333
0.029640 6.419333
0.029650 6.419333
0.029660 6.419333
0.029670 6.419000
0.029680 6.418000
0.029690 6.417667
0.029700 6.417667
0.029710 6.417667
0.029720 6.417667
0.029730 6.417333
0.029740 6.417333
0.029750 6.417000
0.029760 6.416333
0.029770 6.416333
0.029780 6.416000
0.029790 6.415667
0.029800 6.415333
0.029810 6.415333
0.029820 6.415000
0.029830 6.415000
0.029840 6.415000
0.029850 6.414667
0.029860 6.414667
0.029870 6.414000
0.029880 6.413667
0.029890 6.413333
0.029900 6.413000
0.029910 6.413000
0.029920 6.413000
0.029930 6.413000
0.029940 6.413000
0.029950 6.412000
0.029960 6.411333
0.029970 6.411333
0.029980 6.411333
0.029990 6.411333
0.030000 6.410667
0.030010 6.411000
0.030020 6.410667
0.030030 6.410333
0.030040 6.410333
0.030050 6.410333
0.030060 6.409667
0.030070 6.409333
0.030080 6.409333
0.030090 6.409000
0.030100 6.409333
0.030110 6.409333
0.030120 6.409333
0.030130 6.409000
0.030140 6.408667
0.030150 6.408333
0.030160 6.408000
0.030170 6.408000
0.030180 6.407667
0.030190 6.407333
0.030200 6.407333
0.030210 6.407333
0.030220 6.407000
0.030230 6.407000
0.030240 6.406667
0.030250 6.407000
0.030260 6.405333
0.030270 6.404333
0.030280 6.404333
0.030290 6.403000
0.030300 6.403000
0.030310 6.402667
0.030320 6.402667
0.030330 6.402333
0.030340 6.402000
0.030350 6.401333
0.030360 6.401000
0.030370 6.401000
0.030380 6.401000
0.030390 6.401000
0.030400 6.400333
0.030410 6.399667
0.030420 6.399333
0.030430 6.398667
0.030440 6.398667
0.030450 6.398333
0.030460 6.397667
0.030470 6.397667
0.030480 6.397333
0.030490 6.397333
0.030500 6.397000
0.030510 6.397000
0.030520 6.397000
0.030530 6.396000
0.030540 6.395333
0.030550 6.395333
0.030560 6.395667
0.030570 6.395667
0.030580 6.395000
0.030590 6.395000
0.030600 6.395000
0.030610 6.394333
0.030620 6.394000
0.030630 6.393667
0.030640 6.392667
0.030650 6.393000
0.030660 6.392667
0.030670 6.392667
0.030680 6.392667
0.030690 6.393000
0.030700 6.393000
0.030710 6.393000
0.030720 6.392667
0.030730 6.392667
0.030740 6.392333
0.030750 6.390333
0.030760 6.390333
0.030770 6.390333
0.030780 6.390000
0.030790 6.389667
0.030800 6.389333
0.030810 6.389333
0.030820 6.389333
0.030830 6.389000
0.030840 6.388667
0.030850 6.388667
0.030860 6.388333
0.030870 6.387000
0.030880 6.386667
0.030890 6.386667
0.030900 6.386667
0.030910 6.386333
0.030920 6.385667
0.030930 6.385333
0.030940 6.385000
0.030950 6.385000
0.030960 6.384667
0.030970 6.384333
0.030980 6.384667
0.030990 6.383667
0.031000 6.383333
0.031010 6.383000
0.031020 6.383000
0.031030 6.383000
0.031040 6.382333
0.031050 6.382000
0.031060 6.382000
0.031070 6.381667
0.031080 6.381667
0.031090 6.381333
0.031100 6.381667
0.031110 6.381667
0.031120 6.381333
0.031130 6.381667
0.031140 6.381667
0.031150 6.381333
0.031160 6.381667
0.031170 6.381000
0.031180 6.381000
0.031190 6.381000
0.031200 6.380667
0.031210 6.380333
0.031220 6.379667
0.031230 6.379000
0.031240 6.378000
0.031250 6.377333
0.031260 6.377000
0.031270 6.376333
0.031280 6.376333
0.031290 6.376333
0.031300 6.375667
0.031310 6.375333
0.031320 6.374667
0.031330 6.375000
0.031340 6.375000
0.031350 6.374667
0.031360 6.374667
0.031370 6.374333
0.031380 6.373333
0.031390 6.373333
0.031400 6.373333
0.031410 6.373333
0.031420 6.373000
0.031430 6.372667
0.031440 6.372333
0.031450 6.372000
0.031460 6.371667
0.031470 6.371667
0.031480 6.371333
0.031490 6.371333
0.031500 6.370667
0.031510 6.370667
0.031520 6.370000
0.031530 6.369667
0.031540 6.369667
0.031550 6.369333
0.031560 6.369333
0.031570 6.369333
0.031580 6.368333
0.031590 6.368000
0.031600 6.368000
0.031610 6.367333
0.031620 6.367333
0.031630 6.367333
0.031640 6.367333
0.031650 6.367333
0.031660 6.367333
0.031670 6.367333
0.031680 6.367333
0.031690 6.367000
0.031700 6.367000
0.031710 6.366000
0.031720 6.365667
0.031730 6.365667
0.031740 6.365667
0.031750 6.365000
0.031760 6.365000
0.031770 6.364333
0.031780 6.363667
0.031790 6.363667
0.031800 6.363667
0.031810 6.363000
0.031820 6.362333
0.031830 6.362333
0.031840 6.362333
0.031850 6.362333
0.031860 6.362000
0.031870 6.362000
0.031880 6.361667
0.031890 6.361333
0.031900 6.361000
0.031910 6.361000
0.031920 6.360333
0.031930 6.360333
0.031940 6.360333
0.031950 6.360333
0.031960 6.360000
0.031970 6.359333
0.031980 6.359000
0.031990 6.359000
0.032000 6.358667
0.032010 6.358667
0.032020 6.358333
0.032030 6.358333
0.032040 6.358000
0.032050 6.358000
0.032060 6.358000
0.032070 6.357333
0.032080 6.357333
0.032090 6.357333
0.032100 6.357333
0.032110 6.357000
0.032120 6.356333
0.032130 6.355667
0.032140 6.355333
0.032150 6.355333
0.032160 6.355333
0.032170 6.355333
0.032180 6.355333
0.032190 6.355333
0.032200 6.354667
0.032210 6.354667
0.032220 6.354667
0.032230 6.354000
0.032240 6.354000
0.032250 6.353667
0.032260 6.353333
0.032270 6.353000
0.032280 6.353000
0.032290 6.352667
0.032300 6.352333
0.032310 6.351667
0.032320 6.351667
0.032330 6.351333
0.032340 6.351333
0.032350 6.351333
0.032360 6.351333
0.032370 6.350333
0.032380 6.350333
0.032390 6.350333
0.032400 6.350333
0.032410 6.350333
0.032420 6.350333
0.032430 6.350333
0.032440 6.349333
0.032450 6.349333
0.032460 6.349333
0.032470 6.349333
0.032480 6.348667
0.032490 6.348667
0.032500 6.348333
0.032510 6.348333
0.032520 6.348333
0.032530 6.348333
0.032540 6.348000
0.032550 6.347333
0.032560 6.347333
0.032570 6.347000
0.032580 6.346667
0.032590 6.346000
0.032600 6.345667
0.032610 6.345667
0.032620 6.345667
0.032630 6.345667
0.032640 6.345667
0.032650 6.345333
0.032660 6.345333
0.032670 6.344667
0.032680 6.344667
0.032690 6.343333
0.032700 6.343000
0.032710 6.343000
0.032720 6.343333
0.032730 6.343333
0.032740 6.343000
0.032750 6.342667
0.032760 6.342000
0.032770 6.341000
0.032780 6.340667
0.032790 6.340333
0.032800 6.340000
0.032810 6.340000
0.032820 6.339667
0.032830 6.339333
0.032840 6.338667
0.032850 6.338333
0.032860 6.338000
0.032870 6.337333
0.032880 6.337000
0.032890 6.337000
0.032900 6.336667
0.032910 6.336000
0.032920 6.336000
0.032930 6.335667
0.032940 6.335667
0.032950 6.335667
0.032960 6.335667
0.032970 6.335667
0.032980 6.335667
0.032990 6.335667
0.033000 6.335667
0.033010 6.335667
0.033020 6.335667
0.033030 6.335333
0.033040 6.335333
0.033050 6.335000
0.033060 6.334333
0.033070 6.334333
0.033080 6.334333
0.033090 6.334000
0.033100 6.334000
0.033110 6.333667
0.033120 6.333667
0.033130 6.333667
0.033140 6.333667
0.033150 6.333333
0.033160 6.333000
0.033170 6.332667
0.033180 6.332667
0.033190 6.333000
0.033200 6.333000
0.033210 6.332667
0.033220 6.332333
0.033230 6.332333
0.033240 6.331667
0.033250 6.331667
0.033260 6.331667
0.033270 6.331667
0.033280 6.331667
0.033290 6.331333
0.033300 6.331333
0.033310 6.331333
0.033320 6.331333
0.033330 6.331000
0.033340 6.330333
0.033350 6.330000
0.033360 6.330000
0.033370 6.329333
0.033380 6.329000
0.033390 6.329000
0.033400 6.329000
0.033410 6.329000
0.033420 6.328667
0.033430 6.328667
0.033440 6.328667
0.033450 6.328000
0.033460 6.327667
0.033470 6.327667
0.033480 6.327333
0.033490 6.327333
0.033500 6.327333
0.033510 6.327667
0.033520 6.327667
0.033530 6.327667
0.033540 6.327333
0.033550 6.327000
0.033560 6.326667
0.033570 6.326667
0.033580 6.326667
0.033590 6.326333
0.033600 6.326333
0.033610 6.326000
0.033620 6.325000
0.033630 6.324667
0.033640 6.324667
0.033650 6.325000
0.033660 6.324333
0.033670 6.324333
0.033680 6.323333
0.033690 6.323000
0.033700 6.322667
0.033710 6.322333
0.033720 6.322000
0.033730 6.322000
0.033740 6.322000
0.033750 6.321667
0.033760 6.321667
0.033770 6.321333
0.033780 6.321000
0.033790 6.321333
0.033800 6.321000
0.033810 6.320667
0.033820 6.320667
0.033830 6.321000
0.033840 6.321000
0.033850 6.321333
0.033860 6.321333
0.033870 6.320667
0.033880 6.320333
0.033890 6.320000
0.033900 6.319333
0.033910 6.318333
0.033920 6.318000
0.033930 6.318000
0.033940 6.318000
0.033950 6.317667
0.033960 6.317667
0.033970 6.317667
0.033980 6.317667
0.033990 6.317333
0.034000 6.316667
0.034010 6.316667
0.034020 6.316000
0.034030 6.316000
0.034040 6.315667
0.034050 6.315667
0.034060 6.315667
0.034070 6.315667
0.034080 6.315333
0.034090 6.315000
0.034100 6.315000
0.034110 6.315000
0.034120 6.315000
0.034130 6.314667
0.034140 6.314667
0.034150 6.314000
0.034160 6.314000
0.034170 6.313667
0.034180 6.313667
0.034190 6.313667
0.034200 6.313667
0.034210 6.314000
0.034220 6.313667
0.034230 6.313667
0.034240 6.313333
0.034250 6.313333
0.034260 6.313000
0.034270 6.312333
0.034280 6.312333
0.034290 6.312333
0.034300 6.312000
0.034310 6.311667
0.034320 6.311667
0.034330 6.311667
0.034340 6.311333
0.034350 6.311333
0.034360 6.311000
0.034370 6.310333
0.034380 6.310333
0.034390 6.310333
0.034400 6.310000
0.034410 6.309667
0.034420 6.310000
0.034430 6.310000
0.034440 6.310000
0.034450 6.310000
0.034460 6.309333
0.034470 6.309000
0.034480 6.309000
0.034490 6.309000
0.034500 6.308667
0.034510 6.308667
0.034520 6.308333
0.034530 6.308667
0.034540 6.308333
0.034550 6.308000
0.034560 6.307667
0.034570 6.307333
0.034580 6.307667
0.034590 6.307667
0.034600 6.307667
0.034610 6.307333
0.034620 6.307333
0.034630 6.306667
0.034640 6.306333
0.034650 6.306000
0.034660 6.306000
0.034670 6.306000
0.034680 6.305667
0.034690 6.305333
0.034700 6.305000
0.034710 6.305000
0.034720 6.305000
0.034730 6.305000
0.034740 6.304667
0.034750 6.304667
0.034760 6.304333
0.034770 6.304333
0.034780 6.304333
0.034790 6.304000
0.034800 6.304000
0.034810 6.304000
0.034820 6.304333
0.034830 6.304333
0.034840 6.304333
0.034850 6.304333
0.034860 6.304333
0.034870 6.304000
0.034880 6.304000
0.034890 6.303667
0.034900 6.303333
0.034910 6.303333
0.034920 6.302667
0.034930 6.303000
0.034940 6.302667
0.034950 6.302333
0.034960 6.302000
0.034970 6.301333
0.034980 6.301333
0.034990 6.301333
0.035000 6.301333
0.035010 6.301333
0.035020 6.301333
0.035030 6.300667
0.035040 6.300667
0.035050 6.300667
0.035060 6.300667
0.035070 6.300667
0.035080 6.300333
0.035090 6.300333
0.035100 6.300333
0.035110 6.300333
0.035120 6.300333
0.035130 6.299667
0.035140 6.299667
0.035150 6.299667
0.035160 6.299333
0.035170 6.299333
0.035180 6.299000
0.035190 6.299000
0.035200 6.299000
0.035210 6.299000
0.035220 6.298667
0.035230 6.298667
0.035240 6.298667
0.035250 6.298333
0.035260 6.298000
0.035270 6.298000
0.035280 6.297667
0.035290 6.297000
0.035300 6.296667
0.035310 6.296667
0.035320 6.296000
0.035330 6.295667
0.035340 6.295000
0.035350 6.295000
0.035360 6.295000
0.035370 6.295000
0.035380 6.295000
0.035390 6.295000
0.035400 6.295000
0.035410 6.294667
0.035420 6.295000
0.035430 6.295000
0.035440 6.295000
0.035450 6.294667
0.035460 6.294667
0.035470 6.294667
0.035480 6.294667
0.035490 6.294667
0.035500 6.294333
0.035510 6.294333
0.035520 6.294333
0.035530 6.294333
0.035540 6.294333
0.035550 6.294333
0.035560 6.294000
0.035570 6.294000
0.035580 6.293667
0.035590 6.293667
0.035600 6.293333
0.035610 6.293333
0.035620 6.293000
0.035630 6.292667
0.035640 6.292333
0.035650 6.292333
0.035660 6.292333
0.035670 6.292333
0.035680 6.292000
0.035690 6.292000
0.035700 6.292333
0.035710 6.292333
0.035720 6.292000
0.035730 6.291667
0.035740 6.291667
0.035750 6.291667
0.035760 6.291667
0.035770 6.291333
0.035780 6.290667
0.035790 6.290667
0.035800 6.290667
0.035810 6.290667
0.035820 6.290333
0.035830 6.290333
0.035840 6.290333
0.035850 6.290333
0.035860 6.290333
0.035870 6.290667
0.035880 6.290667
0.035890 6.290667
0.035900 6.290667
0.035910 6.290333
0.035920 6.290333
0.035930 6.290333
0.035940 6.290000
0.035950 6.290000
0.035960 6.289667
0.035970 6.289667
0.035980 6.289667
0.035990 6.289667
0.036000 6.289667
0.036010 6.290000
0.036020 6.290000
0.036030 6.290000
0.036040 6.289667
0.036050 6.290333
0.036060 6.290333
0.036070 6.290000
0.036080 6.290000
0.036090 6.290000
0.036100 6.290000
0.036110 6.290000
0.036120 6.290000
0.036130 6.290000
0.036140 6.290000
0.036150 6.289667
0.036160 6.289333
0.036170 6.288667
0.036180 6.288667
0.036190 6.288667
0.036200 6.288667
0.036210 6.288333
0.036220 6.288333
0.036230 6.288000
0.036240 6.288000
0.036250 6.287333
0.036260 6.287333
0.036270 6.286333
0.036280 6.286333
0.036290 6.286000
0.036300 6.286000
0.036310 6.285667
0.036320 6.285667
0.036330 6.285667
0.036340 6.285333
0.036350 6.284333
0.036360 6.284333
0.036370 6.284000
0.036380 6.283667
0.036390 6.283333
0.036400 6.283333
0.036410 6.283333
0.036420 6.283667
0.036430 6.283667
0.036440 6.283667
0.036450 6.283333
0.036460 6.282667
0.036470 6.282333
0.036480 6.282000
0.036490 6.281333
0.036500 6.281000
0.036510 6.281000
0.036520 6.281000
0.036530 6.280667
0.036540 6.280667
0.036550 6.280333
0.036560 6.280333
0.036570 6.280333
0.036580 6.280333
0.036590 6.280333
0.036600 6.280333
0.036610 6.280333
0.036620 6.279667
0.036630 6.280000
0.036640 6.279667
0.036650 6.279000
0.036660 6.279000
0.036670 6.279000
0.036680 6.278667
0.036690 6.278667
0.036700 6.278333
0.036710 6.278333
0.036720 6.278000
0.036730 6.278333
0.036740 6.278667
0.036750 6.278333
0.036760 6.278000
0.036770 6.278000
0.036780 6.278000
0.036790 6.278000
0.036800 6.277667
0.036810 6.277667
0.036820 6.277333
0.036830 6.277667
0.036840 6.277333
0.036850 6.277333
0.036860 6.277333
0.036870 6.277667
0.036880 6.277667
0.036890 6.277333
0.036900 6.277333
0.036910 6.277333
0.036920 6.277000
0.036930 6.277000
0.036940 6.277000
0.036950 6.277000
0.036960 6.276667
0.036970 6.276667
0.036980 6.276667
0.036990 6.276667
0.037000 6.276667
0.037010 6.276667
0.037020 6.276667
0.037030 6.276667
0.037040 6.276667
0.037050 6.276667
0.037060 6.276667
0.037070 6.276333
0.037080 6.276333
0.037090 6.276000
0.037100 6.275667
0.037110 6.275333
0.037120 6.275333
0.037130 6.275333
0.037140 6.275333
0.037150 6.275333
0.037160 6.275333
0.037170 6.275333
0.037180 6.275000
0.037190 6.275000
0.037200 6.274667
0.037210 6.274667
0.037220 6.274667
0.037230 6.274667
0.037240 6.274667
0.037250 6.274333
0.037260 6.274667
0.037270 6.274667
0.037280 6.274667
0.037290 6.275000
0.037300 6.275000
0.037310 6.274667
0.037320 6.274667
0.037330 6.275000
0.037340 6.275000
0.037350 6.275000
0.037360 6.275000
0.037370 6.275000
0.037380 6.275000
0.037390 6.274667
0.037400 6.274667
0.037410 6.274333
0.037420 6.274333
0.037430 6.274333
0.037440 6.274333
0.037450 6.274000
0.037460 6.274000
0.037470 6.273333
0.037480 6.273000
0.037490 6.273000
0.037500 6.273000
0.037510 6.273000
0.037520 6.273000
0.037530 6.273000
0.037540 6.273000
0.037550 6.273000
0.037560 6.273000
0.037570 6.272667
0.037580 6.272333
0.037590 6.272000
0.037600 6.272000
0.037610 6.272000
0.037620 6.272000
0.037630 6.272000
0.037640 6.272000
0.037650 6.272333
0.037660 6.272000
0.037670 6.272000
0.037680 6.272000
0.037690 6.271667
0.037700 6.272000
0.037710 6.272000
0.037720 6.272000
0.037730 6.271667
0.037740 6.271667
0.037750 6.271667
0.037760 6.271333
0.037770 6.271333
0.037780 6.271000
0.037790 6.271000
0.037800 6.271000
0.037810 6.271000
0.037820 6.270000
0.037830 6.270000
0.037840 6.270000
0.037850 6.270000
0.037860 6.270000
0.037870 6.270000
0.037880 6.269333
0.037890 6.269000
0.037900 6.268667
0.037910 6.268667
0.037920 6.268333
0.037930 6.268333
0.037940 6.268667
0.037950 6.268667
0.037960 6.268667
0.037970 6.268667
0.037980 6.268667
0.037990 6.268667
0.038000 6.268667
0.038010 6.268333
0.038020 6.268333
0.038030 6.268333
0.038040 6.268333
0.038050 6.268333
0.038060 6.268333
0.038070 6.268000
0.038080 6.268000
0.038090 6.268000
0.038100 6.268000
0.038110 6.268000
0.038120 6.267667
0.038130 6.267667
0.038140 6.267667
0.038150 6.267333
0.038160 6.267333
0.038170 6.267333
0.038180 6.267000
0.038190 6.267000
0.038200 6.267333
0.038210 6.267000
0.038220 6.267333
0.038230 6.267000
0.038240 6.267000
0.038250 6.266667
0.038260 6.266333
0.038270 6.266333
0.038280 6.266333
0.038290 6.266333
0.038300 6.266333
0.038310 6.266333
0.038320 6.265667
0.038330 6.265667
0.038340 6.265333
0.038350 6.265333
0.038360 6.265000
0.038370 6.264667
0.038380 6.264667
0.038390 6.264667
0.038400 6.264667
0.038410 6.264667
0.038420 6.264667
0.038430 6.264667
0.038440 6.264333
0.038450 6.264333
0.038460 6.264333
0.038470 6.264000
0.038480 6.264000
0.038490 6.264000
0.038500 6.263667
0.038510 6.264000
0.038520 6.263667
0.038530 6.263333
0.038540 6.262667
0.038550 6.262333
0.038560 6.262333
0.038570 6.262333
0.038580 6.262000
0.038590 6.261333
0.038600 6.261333
0.038610 6.261333
0.038620 6.261333
0.038630 6.261333
0.038640 6.261333
0.038650 6.261667
0.038660 6.261333
0.038670 6.261667
0.038680 6.261667
0.038690 6.261333
0.038700 6.261333
0.038710 6.261000
0.038720 6.261000
0.038730 6.261000
0.038740 6.260667
0.038750 6.260333
0.038760 6.260333
0.038770 6.260333
0.038780 6.260333
0.038790 6.260333
0.038800 6.260333
0.038810 6.260333
0.038820 6.260000
0.038830 6.260000
0.038840 6.260000
0.038850 6.260000
0.038860 6.260000
0.038870 6.260000
0.038880 6.260000
0.038890 6.260333
0.038900 6.260000
0.038910 6.260333
0.038920 6.260333
0.038930 6.260333
0.038940 6.260333
0.038950 6.260333
0.038960 6.260000
0.038970 6.260000
0.038980 6.260000
0.038990 6.259667
0.039000 6.259667
0.039010 6.259667
0.039020 6.259333
0.039030 6.259333
0.039040 6.259000
0.039050 6.259333
0.039060 6.259333
0.039070 6.259000
0.039080 6.259000
0.039090 6.258667
0.039100 6.258667
0.039110 6.258333
0.039120 6.258000
0.039130 6.258000
0.039140 6.258000
0.039150 6.258000
0.039160 6.257667
0.039170 6.257333
0.039180 6.257000
0.039190 6.257000
0.039200 6.256667
0.039210 6.257000
0.039220 6.257000
0.039230 6.257000
0.039240 6.257000
0.039250 6.257000
0.039260 6.256667
0.039270 6.256667
0.039280 6.256667
0.039290 6.256333
0.039300 6.256000
0.039310 6.256000
0.039320 6.255667
0.039330 6.255667
0.039340 6.255667
0.039350 6.256000
0.039360 6.255667
0.039370 6.255667
0.039380 6.255667
0.039390 6.255667
0.039400 6.255333
0.039410 6.255667
0.039420 6.255667
0.039430 6.255667
0.039440 6.255667
0.039450 6.255667
0.039460 6.255667
0.039470 6.255667
0.039480 6.255667
0.039490 6.255667
0.039500 6.255667
0.039510 6.256000
0.039520 6.255667
0.039530 6.255667
0.039540 6.255667
0.039550 6.255667
0.039560 6.255667
0.039570 6.255667
0.039580 6.255667
0.039590 6.255333
0.039600 6.255333
0.039610 6.255333
0.039620 6.255333
0.039630 6.255333
0.039640 6.255333
0.039650 6.255333
0.039660 6.255000
0.039670 6.254667
0.039680 6.255000
0.039690 6.254667
0.039700 6.254333
0.039710 6.254000
0.039720 6.254000
0.039730 6.254000
0.039740 6.253667
0.039750 6.253667
0.039760 6.253333
0.039770 6.253333
0.039780 6.253000
0.039790 6.253000
0.039800 6.253000
0.039810 6.253000
0.039820 6.253000
0.039830 6.253000
0.039840 6.253000
0.039850 6.252333
0.039860 6.252333
0.039870 6.252333
0.039880 6.252000
0.039890 6.252000
0.039900 6.251667
0.039910 6.251667
0.039920 6.251333
0.039930 6.251333
0.039940 6.251333
0.039950 6.251333
0.039960 6.251333
0.039970 6.251333
0.039980 6.251667
0.039990 6.251667
0.040000 6.251667
0.040010 6.251667
0.040020 6.251667
0.040030 6.251333
0.040040 6.251333
0.040050 6.250667
0.040060 6.250667
0.040070 6.249667
0.040080 6.249333
0.040090 6.249333
0.040100 6.249667
0.040110 6.250000
0.040120 6.250000
0.040130 6.250000
0.040140 6.249667
0.040150 6.249667
0.040160 6.249667
0.040170 6.249667
0.040180 6.249667
0.040190 6.249667
0.040200 6.250000
0.040210 6.250000
0.040220 6.250000
0.040230 6.249667
0.040240 6.249333
0.040250 6.249667
0.040260 6.249667
0.040270 6.249333
0.040280 6.249333
0.040290 6.248667
0.040300 6.248333
0.040310 6.248333
0.040320 6.248333
0.040330 6.248333
0.040340 6.248667
0.040350 6.248667
0.040360 6.249000
0.040370 6.249000
0.040380 6.249000
0.040390 6.248333
0.040400 6.248000
0.040410 6.247667
0.040420 6.247000
0.040430 6.246667
0.040440 6.246667
0.040450 6.246667
0.040460 6.246667
0.040470 6.246667
0.040480 6.246667
0.040490 6.246667
0.040500 6.246667
0.040510 6.246333
0.040520 6.246333
0.040530 6.246333
0.040540 6.245667
0.040550 6.245667
0.040560 6.245667
0.040570 6.245333
0.040580 6.245333
0.040590 6.245333
0.040600 6.245333
0.040610 6.245000
0.040620 6.245000
0.040630 6.245000
0.040640 6.245333
0.040650 6.245333
0.040660 6.245333
0.040670 6.245667
0.040680 6.245667
0.040690 6.245667
0.040700 6.245667
0.040710 6.245667
0.040720 6.245000
0.040730 6.245000
0.040740 6.244667
0.040750 6.244333
0.040760 6.244333
0.040770 6.244333
0.040780 6.244333
0.040790 6.244667
0.040800 6.244667
0.040810 6.244333
0.040820 6.244333
0.040830 6.244333
0.040840 6.244333
0.040850 6.244333
0.040860 6.244333
0.040870 6.244333
0.040880 6.244333
0.040890 6.244333
0.040900 6.244667
0.040910 6.244333
0.040920 6.244333
0.040930 6.244333
0.040940 6.244333
0.040950 6.244333
0.040960 6.244333
0.040970 6.244333
0.040980 6.244333
0.040990 6.244333
0.041000 6.244000
0.041010 6.244000
0.041020 6.244000
0.041030 6.244000
0.041040 6.244000
0.041050 6.244000
0.041060 6.244000
0.041070 6.244000
0.041080 6.244000
0.041090 6.243333
0.041100 6.242667
0.041110 6.242667
0.041120 6.242667
0.041130 6.242667
0.041140 6.242667
0.041150 6.242333
0.041160 6.242333
0.041170 6.242333
0.041180 6.242333
0.041190 6.242000
0.041200 6.242000
0.041210 6.242000
0.041220 6.242000
0.041230 6.241667
0.041240 6.240333
0.041250 6.240333
0.041260 6.240333
0.041270 6.240333
0.041280 6.241000
0.041290 6.241000
0.041300 6.241000
0.041310 6.241000
0.041320 6.241000
0.041330 6.241000
0.041340 6.241000
0.041350 6.240333
0.041360 6.240333
0.041370 6.240333
0.041380 6.240000
0.041390 6.240333
0.041400 6.240667
0.041410 6.240667
0.041420 6.241000
0.041430 6.241333
0.041440 6.241333
0.041450 6.241667
0.041460 6.241333
0.041470 6.241333
0.041480 6.241333
0.041490 6.240667
0.041500 6.240667
0.041510 6.240667
0.041520 6.240667
0.041530 6.240667
0.041540 6.240667
0.041550 6.240667
0.041560 6.240667
0.041570 6.240667
0.041580 6.240667
0.041590 6.240667
0.041600 6.240667
0.041610 6.240667
0.041620 6.240667
0.041630 6.240333
0.041640 6.240000
0.041650 6.240000
0.041660 6.240000
0.041670 6.239667
0.041680 6.239667
0.041690 6.239667
0.041700 6.239667
0.041710 6.239333
0.041720 6.239333
0.041730 6.239333
0.041740 6.239333
0.041750 6.239333
0.041760 6.238667
0.041770 6.238667
0.041780 6.238667
0.041790 6.239000
0.041800 6.239000
0.041810 6.239000
0.041820 6.238667
0.041830 6.238667
0.041840 6.238667
0.041850 6.238333
0.041860 6.238333
0.041870 6.238333
0.041880 6.238333
0.041890 6.238333
0.041900 6.238333
0.041910 6.238333
0.041920 6.238000
0.041930 6.237667
0.041940 6.237333
0.041950 6.237333
0.041960 6.237000
0.041970 6.236667
0.041980 6.236000
0.041990 6.235667
0.042000 6.235667
0.042010 6.235667
0.042020 6.235000
0.042030 6.235000
0.042040 6.235000
0.042050 6.234667
0.042060 6.234667
0.042070 6.234667
0.042080 6.234667
0.042090 6.234333
0.042100 6.234333
0.042110 6.234333
0.042120 6.234667
0.042130 6.234667
0.042140 6.234667
0.042150 6.234333
0.042160 6.234000
0.042170 6.234000
0.042180 6.233667
0.042190 6.233333
0.042200 6.233333
0.042210 6.233333
0.042220 6.233667
0.042230 6.233667
0.042240 6.233667
0.042250 6.233667
0.042260 6.233333
0.042270 6.233333
0.042280 6.233333
0.042290 6.233333
0.042300 6.233333
0.042310 6.233000
0.042320 6.233000
0.042330 6.233000
0.042340 6.233000
0.042350 6.233000
0.042360 6.233000
0.042370 6.233000
0.042380 6.233000
0.042390 6.233000
0.042400 6.233000
0.042410 6.233000
0.042420 6.233000
0.042430 6.232667
0.042440 6.232667
0.042450 6.232333
0.042460 6.232333
0.042470 6.232333
0.042480 6.232333
0.042490 6.232333
0.042500 6.232333
0.042510 6.232333
0.042520 6.232667
0.042530 6.232667
0.042540 6.233000
0.042550 6.233000
0.042560 6.232667
0.042570 6.232667
0.042580 6.232667
0.042590 6.233000
0.042600 6.233000
0.042610 6.232667
0.042620 6.232333
0.042630 6.232333
0.042640 6.232333
0.042650 6.232000
0.042660 6.232000
0.042670 6.231667
0.042680 6.231667
0.042690 6.231667
0.042700 6.231667
0.042710 6.231667
0.042720 6.231667
0.042730 6.231333
0.042740 6.231333
0.042750 6.231333
0.042760 6.232000
0.042770 6.232000
0.042780 6.231000
0.042790 6.231000
0.042800 6.231000
0.042810 6.231000
0.042820 6.231000
0.042830 6.231000
0.042840 6.230667
0.042850 6.230667
0.042860 6.230667
0.042870 6.230667
0.042880 6.230667
0.042890 6.230667
0.042900 6.230667
0.042910 6.230333
0.042920 6.230333
0.042930 6.230000
0.042940 6.230000
0.042950 6.229667
0.042960 6.229000
0.042970 6.229000
0.042980 6.229000
0.042990 6.229333
0.043000 6.229333
0.043010 6.229333
0.043020 6.229333
0.043030 6.229333
0.043040 6.229333
0.043050 6.229333
0.043060 6.229333
0.043070 6.229000
0.043080 6.229000
0.043090 6.229000
0.043100 6.228667
0.043110 6.228667
0.043120 6.228667
0.043130 6.228667
0.043140 6.228667
0.043150 6.228667
0.043160 6.228667
0.043170 6.228667
0.043180 6.228667
0.043190 6.228667
0.043200 6.228667
0.043210 6.228667
0.043220 6.228667
0.043230 6.228333
0.043240 6.228333
0.043250 6.228667
0.043260 6.228667
0.043270 6.228667
0.043280 6.228667
0.043290 6.228000
0.043300 6.227667
0.043310 6.227333
0.043320 6.227333
0.043330 6.227333
0.043340 6.227000
0.043350 6.227000
0.043360 6.227000
0.043370 6.227000
0.043380 6.227000
0.043390 6.227000
0.043400 6.227000
0.043410 6.227000
0.043420 6.227000
0.043430 6.227000
0.043440 6.227000
0.043450 6.227000
0.043460 6.227000
0.043470 6.227667
0.043480 6.227667
0.043490 6.228000
0.043500 6.227667
0.043510 6.227667
0.043520 6.227667
0.043530 6.227667
0.043540 6.227667
0.043550 6.227667
0.043560 6.227667
0.043570 6.227667
0.043580 6.228000
0.043590 6.228000
0.043600 6.228000
0.043610 6.228000
0.043620 6.228000
0.043630 6.228000
0.043640 6.228000
0.043650 6.228000
0.043660 6.227667
0.043670 6.228333
0.043680 6.228333
0.043690 6.228333
0.043700 6.228333
0.043710 6.228333
0.043720 6.228333
0.043730 6.228333
0.043740 6.228000
0.043750 6.228000
0.043760 6.228000
0.043770 6.228333
0.043780 6.228333
0.043790 6.228333
0.043800 6.228333
0.043810 6.228333
0.043820 6.228333
0.043830 6.227667
0.043840 6.228000
0.043850 6.228000
0.043860 6.227667
0.043870 6.227333
0.043880 6.227333
0.043890 6.227333
0.043900 6.227333
0.043910 6.227333
0.043920 6.227333
0.043930 6.227333
0.043940 6.227333
0.043950 6.227333
0.043960 6.227333
0.043970 6.227333
0.043980 6.227333
0.043990 6.227333
0.044000 6.227333
0.044010 6.227333
0.044020 6.227333
0.044030 6.227333
0.044040 6.227000
0.044050 6.227000
0.044060 6.227000
0.044070 6.227000
0.044080 6.227000
0.044090 6.227000
0.044100 6.227333
0.044110 6.227333
0.044120 6.227333
0.044130 6.227333
0.044140 6.227333
0.044150 6.227333
0.044160 6.227333
0.044170 6.227333
0.044180 6.227333
0.044190 6.227333
0.044200 6.227333
0.044210 6.227333
0.044220 6.227333
0.044230 6.227333
0.044240 6.227000
0.044250 6.226667
0.044260 6.227000
0.044270 6.227000
0.044280 6.227000
0.044290 6.227333
0.044300 6.227000
0.044310 6.227000
0.044320 6.227000
0.044330 6.227000
0.044340 6.227333
0.044350 6.227667
0.044360 6.227667
0.044370 6.227667
0.044380 6.227667
0.044390 6.228000
0.044400 6.228000
0.044410 6.228000
0.044420 6.228000
0.044430 6.228000
0.044440 6.228333
0.044450 6.228333
0.044460 6.228333
0.044470 6.228667
0.044480 6.229000
0.044490 6.229000
0.044500 6.229000
0.044510 6.229000
0.044520 6.229000
0.044530 6.229333
0.044540 6.229333
0.044550 6.229333
0.044560 6.229333
0.044570 6.229333
0.044580 6.229000
0.044590 6.229000
0.044600 6.229333
0.044610 6.229333
0.044620 6.229333
0.044630 6.229333
0.044640 6.229000
0.044650 6.229000
0.044660 6.228667
0.044670 6.228667
0.044680 6.228667
0.044690 6.228667
0.044700 6.228667
0.044710 6.228667
0.044720 6.228667
0.044730 6.228667
0.044740 6.228667
0.044750 6.228667
0.044760 6.229000
0.044770 6.229000
0.044780 6.229000
0.044790 6.229000
0.044800 6.229000
0.044810 6.229000
0.044820 6.229000
0.044830 6.229000
0.044840 6.229000
0.044850 6.229000
0.044860 6.229000
0.044870 6.229000
0.044880 6.229000
0.044890 6.229000
0.044900 6.229000
0.044910 6.229000
0.044920 6.229000
0.044930 6.228667
0.044940 6.228667
0.044950 6.228667
0.044960 6.228333
0.044970 6.228333
0.044980 6.228333
0.044990 6.228000
0.045000 6.228000
0.045010 6.228000
0.045020 6.227667
0.045030 6.227667
0.045040 6.227333
0.045050 6.227333
0.045060 6.227333
0.045070 6.227333
0.045080 6.227333
0.045090 6.227000
0.045100 6.227000
0.045110 6.226667
0.045120 6.227000
0.045130 6.227000
0.045140 6.227000
0.045150 6.227000
0.045160 6.227000
0.045170 6.227333
0.045180 6.227333
0.045190 6.227000
0.045200 6.227000
0.045210 6.227000
0.045220 6.227000
0.045230 6.227333
0.045240 6.227333
0.045250 6.227667
0.045260 6.227667
0.045270 6.227667
0.045280 6.227667
0.045290 6.227667
0.045300 6.227333
0.045310 6.227333
0.045320 6.227333
0.045330 6.227333
0.045340 6.227667
0.045350 6.227333
0.045360 6.227333
0.045370 6.227333
0.045380 6.227333
0.045390 6.227333
0.045400 6.227333
0.045410 6.227333
0.045420 6.227333
0.045430 6.227333
0.045440 6.227333
0.045450 6.227333
0.045460 6.227333
0.045470 6.227333
0.045480 6.227333
0.045490 6.227333
0.045500 6.227333
0.045510 6.227333
0.045520 6.227333
0.045530 6.226667
0.045540 6.226667
0.045550 6.226667
0.045560 6.226333
0.045570 6.226000
0.045580 6.225667
0.045590 6.225667
0.045600 6.225667
0.045610 6.225333
0.045620 6.225333
0.045630 6.224667
0.045640 6.224667
0.045650 6.224667
0.045660 6.224667
0.045670 6.224667
0.045680 6.224667
0.045690 6.224667
0.045700 6.224667
0.045710 6.224667
0.045720 6.224667
0.045730 6.224667
0.045740 6.224667
0.045750 6.224667
0.045760 6.224667
0.045770 6.224667
0.045780 6.224667
0.045790 6.224667
0.045800 6.224667
0.045810 6.225333
0.045820 6.225333
0.045830 6.225333
0.045840 6.225333
0.045850 6.225333
0.045860 6.225667
0.045870 6.226000
0.045880 6.226000
0.045890 6.226000
0.045900 6.226000
0.045910 6.226000
0.045920 6.226000
0.045930 6.225667
0.045940 6.225667
0.045950 6.225667
0.045960 6.225667
0.045970 6.225667
0.045980 6.225667
0.045990 6.225667
0.046000 6.225667
0.046010 6.225667
0.046020 6.225667
0.046030 6.225667
0.046040 6.225667
0.046050 6.225667
0.046060 6.225667
0.046070 6.225667
0.046080 6.225667
0.046090 6.225667
0.046100 6.226000
0.046110 6.226000
0.046120 6.226000
0.046130 6.226000
0.046140 6.226333
0.046150 6.226333
0.046160 6.226333
0.046170 6.226333
0.046180 6.226000
0.046190 6.226000
0.046200 6.226333
0.046210 6.226333
0.046220 6.226333
0.046230 6.226333
0.046240 6.226333
0.046250 6.226333
0.046260 6.226333
0.046270 6.226333
0.046280 6.226333
0.046290 6.226333
0.046300 6.226333
0.046310 6.226333
0.046320 6.226333
0.046330 6.226333
0.046340 6.226333
0.046350 6.226333
0.046360 6.226000
0.046370 6.226000
0.046380 6.225667
0.046390 6.225667
0.046400 6.225667
0.046410 6.225667
0.046420 6.225667
0.046430 6.225667
0.046440 6.225667
0.046450 6.225667
0.046460 6.225667
0.046470 6.225333
0.046480 6.224667
0.046490 6.224333
0.046500 6.224667
0.046510 6.224333
0.046520 6.224333
0.046530 6.224667
0.046540 6.224667
0.046550 6.224667
0.046560 6.224667
0.046570 6.224667
0.046580 6.224667
0.046590 6.224667
0.046600 6.224333
0.046610 6.224333
0.046620 6.224333
0.046630 6.224333
0.046640 6.224333
0.046650 6.224333
0.046660 6.224333
0.046670 6.224000
0.046680 6.224000
0.046690 6.224000
0.046700 6.224000
0.046710 6.224000
0.046720 6.224000
0.046730 6.224000
0.046740 6.224000
0.046750 6.224000
0.046760 6.224000
0.046770 6.224000
0.046780 6.224000
0.046790 6.224000
0.046800 6.224000
0.046810 6.224000
0.046820 6.224000
0.046830 6.224000
0.046840 6.224000
0.046850 6.223667
0.046860 6.224000
0.046870 6.224000
0.046880 6.223667
0.046890 6.223667
0.046900 6.223667
0.046910 6.223667
0.046920 6.223667
0.046930 6.223667
0.046940 6.223667
0.046950 6.223667
0.046960 6.223333
0.046970 6.223333
0.046980 6.223333
0.046990 6.223333
0.047000 6.223333
0.047010 6.223000
0.047020 6.223000
0.047030 6.223000
0.047040 6.223000
0.047050 6.222667
0.047060 6.222667
0.047070 6.222667
0.047080 6.222667
0.047090 6.222667
0.047100 6.222667
0.047110 6.222667
0.047120 6.222667
0.047130 6.222667
0.047140 6.222333
0.047150 6.222333
0.047160 6.222333
0.047170 6.222333
0.047180 6.222333
0.047190 6.222333
0.047200 6.222333
0.047210 6.222333
0.047220 6.222333
0.047230 6.222333
0.047240 6.222000
0.047250 6.222000
0.047260 6.222000
0.047270 6.222000
0.047280 6.222000
0.047290 6.221667
0.047300 6.221667
0.047310 6.222000
0.047320 6.221667
0.047330 6.221667
0.047340 6.221333
0.047350 6.221333
0.047360 6.221000
0.047370 6.221000
0.047380 6.221000
0.047390 6.221000
0.047400 6.221333
0.047410 6.221667
0.047420 6.221667
0.047430 6.221667
0.047440 6.221667
0.047450 6.221667
0.047460 6.221333
0.047470 6.221333
0.047480 6.221333
0.047490 6.221333
0.047500 6.221333
0.047510 6.221333
0.047520 6.221333
0.047530 6.221333
0.047540 6.221333
0.047550 6.221667
0.047560 6.221667
0.047570 6.221667
0.047580 6.221333
0.047590 6.221333
0.047600 6.221333
0.047610 6.221333
0.047620 6.221667
0.047630 6.221667
0.047640 6.221667
0.047650 6.221667
0.047660 6.221667
0.047670 6.221333
0.047680 6.220667
0.047690 6.220667
0.047700 6.220667
0.047710 6.220667
0.047720 6.220667
0.047730 6.220333
0.047740 6.220333
0.047750 6.220333
0.047760 6.220333
0.047770 6.220000
0.047780 6.220000
0.047790 6.220000
0.047800 6.220000
0.047810 6.220000
0.047820 6.220000
0.047830 6.220000
0.047840 6.220000
0.047850 6.219667
0.047860 6.219333
0.047870 6.219333
0.047880 6.219333
0.047890 6.219333
0.047900 6.219333
0.047910 6.219333
0.047920 6.219333
0.047930 6.219333
0.047940 6.218667
0.047950 6.218667
0.047960 6.218667
0.047970 6.218333
0.047980 6.218333
0.047990 6.218333
0.048000 6.218333
0.048010 6.218000
0.048020 6.218000
0.048030 6.218000
0.048040 6.218000
0.048050 6.218000
0.048060 6.217667
0.048070 6.217333
0.048080 6.217333
0.048090 6.217667
0.048100 6.218000
0.048110 6.218000
0.048120 6.217667
0.048130 6.217667
0.048140 6.217333
0.048150 6.217333
0.048160 6.217333
0.048170 6.217333
0.048180 6.217333
0.048190 6.217333
0.048200 6.217000
0.048210 6.217000
0.048220 6.217000
0.048230 6.217000
0.048240 6.216667
0.048250 6.216667
0.048260 6.216667
0.048270 6.217000
0.048280 6.216667
0.048290 6.216667
0.048300 6.216667
0.048310 6.216333
0.048320 6.216333
0.048330 6.216333
0.048340 6.216333
0.048350 6.216333
0.048360 6.216333
0.048370 6.216333
0.048380 6.216333
0.048390 6.216333
0.048400 6.216333
0.048410 6.216333
0.048420 6.216000
0.048430 6.216000
0.048440 6.216333
0.048450 6.216333
0.048460 6.216333
0.048470 6.216667
0.048480 6.216667
0.048490 6.216667
0.048500 6.216667
0.048510 6.216667
0.048520 6.216667
0.048530 6.216333
0.048540 6.216333
0.048550 6.216333
0.048560 6.216333
0.048570 6.216333
0.048580 6.216667
0.048590 6.216333
0.048600 6.216333
0.048610 6.216333
0.048620 6.216333
0.048630 6.216333
0.048640 6.216000
0.048650 6.216333
0.048660 6.216333
0.048670 6.216333
0.048680 6.216333
0.048690 6.216333
0.048700 6.216000
0.048710 6.215333
0.048720 6.215333
0.048730 6.215333
0.048740 6.215333
0.048750 6.215000
0.048760 6.215000
0.048770 6.215000
0.048780 6.215000
0.048790 6.214667
0.048800 6.214667
0.048810 6.214667
0.048820 6.214667
0.048830 6.214667
0.048840 6.214667
0.048850 6.214333
0.048860 6.214333
0.048870 6.214333
0.048880 6.214333
0.048890 6.214333
0.048900 6.214667
0.048910 6.214667
0.048920 6.214667
0.048930 6.214667
0.048940 6.214667
0.048950 6.214667
0.048960 6.214333
0.048970 6.214333
0.048980 6.214333
0.048990 6.214000
0.049000 6.214000
0.049010 6.214000
0.049020 6.214000
0.049030 6.214000
0.049040 6.214333
0.049050 6.214000
0.049060 6.214000
0.049070 6.214000
0.049080 6.213667
0.049090 6.213333
0.049100 6.213333
0.049110 6.213333
0.049120 6.213333
0.049130 6.213667
0.049140 6.213667
0.049150 6.213667
0.049160 6.213667
0.049170 6.213667
0.049180 6.213333
0.049190 6.213333
0.049200 6.213333
0.049210 6.213333
0.049220 6.213333
0.049230 6.213333
0.049240 6.213333
0.049250 6.213000
0.049260 6.213000
0.049270 6.213000
0.049280 6.213000
0.049290 6.213000
0.049300 6.213000
0.049310 6.213000
0.049320 6.213000
0.049330 6.213000
0.049340 6.212333
0.049350 6.212333
0.049360 6.212333
0.049370 6.212333
0.049380 6.212000
0.049390 6.212000
0.049400 6.211667
0.049410 6.211667
0.049420 6.211667
0.049430 6.212000
0.049440 6.212000
0.049450 6.211667
0.049460 6.211667
0.049470 6.211667
0.049480 6.211667
0.049490 6.211667
0.049500 6.211333
0.049510 6.211333
0.049520 6.211333
0.049530 6.211333
0.049540 6.211333
0.049550 6.211667
0.049560 6.211667
0.049570 6.211667
0.049580 6.211667
0.049590 6.211667
0.049600 6.211667
0.049610 6.211667
0.049620 6.212000
0.049630 6.212000
0.049640 6.212000
0.049650 6.212000
0.049660 6.212000
0.049670 6.212333
0.049680 6.212333
0.049690 6.212333
0.049700 6.212333
0.049710 6.212667
0.049720 6.212667
0.049730 6.212667
0.049740 6.212667
0.049750 6.212667
0.049760 6.212667
0.049770 6.212667
0.049780 6.212667
0.049790 6.213000
0.049800 6.213000
0.049810 6.213000
0.049820 6.213000
0.049830 6.213000
0.049840 6.213000
0.049850 6.213000
0.049860 6.213000
0.049870 6.213000
0.049880 6.213000
0.049890 6.213000
0.049900 6.213000
0.049910 6.213000
0.049920 6.213333
0.049930 6.213333
0.049940 6.213333
0.049950 6.213333
0.049960 6.213667
0.049970 6.213667
0.049980 6.213667
0.049990 6.213667
0.050000 6.213667
