0.025119 -0.0250000004 0.0323406657 -0.0133821278 asynchronous_release_1
0.005597 -0.0250000004 0.000998817145 4.86241896e-05 asynchronous_release_0
0.045789 -0.0250000004 0.000985102195 -0.000171969953 asynchronous_release_0
0.022656 -0.0250000004 -0.0348010575 -0.00372644602 asynchronous_release_2
0.039832 -0.0250000004 0.000626392071 0.000779508162 asynchronous_release_0
0.007258 -0.0250000004 0.022544328 0.0267722483 asynchronous_release_4
0.032638 -0.0250000004 -0.03313424 0.0112748455 asynchronous_release_1
0.04201 -0.0250000004 -0.0163441023 -0.0309494801 asynchronous_release_0
0.028261 -0.0250000004 0.0313816452 0.01549814 asynchronous_release_0
0.031485 -0.0250000004 -0.0289658549 0.0196463546 asynchronous_release_0
0.028142 -0.0250000004 -0.0342789968 0.0070675582 asynchronous_release_0
0.03953 -0.0250000004 -0.0209506679 0.0280369313 asynchronous_release_4
0.022597 -0.0250000004 0.0117814465 0.0329575108 asynchronous_release_4
0.037078 -0.0250000004 0.023406126 0.0260221688 asynchronous_release_0
0.04763 -0.0250000004 0.0248872624 0.0246094326 asynchronous_release_0
0.015984 -0.0250000004 0.0318536853 -0.0145031974 asynchronous_release_0
0.04976 -0.0250000004 -0.03151403 -0.0152271439 asynchronous_release_0
0.0272 -0.0250000004 0.0051227876 0.034623071 asynchronous_release_0
0.026931 -0.0250000004 0.00473254045 -0.0346785677 asynchronous_release_4
0.044487 -0.0250000004 -0.0347926796 0.0038038721 asynchronous_release_0
0.037852 -0.0250000004 0.000915236585 0.000402916856 asynchronous_release_3
0.023128 -0.0250000004 0.000913507868 -0.0349880766 asynchronous_release_2
0.036285 -0.0250000004 -0.0340706504 -0.00801191486 asynchronous_release_1
0.019831 -0.0250000004 0.0261292952 0.0232864753 asynchronous_release_0
0.040632 -0.0250000004 -0.000375694606 0.000926743526 asynchronous_release_0
0.016663 -0.0250000004 -0.0108750689 -0.033267595 asynchronous_release_3
0.025347 -0.0250000004 0.0347271507 0.00436176605 asynchronous_release_0
0.047477 -0.0250000004 -0.000796963191 -0.000604027873 asynchronous_release_1
0.041097 -0.0250000004 0.00639321056 -0.0344111444 asynchronous_release_0
0.00878 -0.0250000004 -0.0254148988 0.0240641417 asynchronous_release_4
0.021615 -0.0250000004 -0.034422639 -0.00633102847 asynchronous_release_0
0.008634 -0.0250000004 -0.00930366192 -0.0337408043 asynchronous_release_0
0.009012 -0.0250000004 0.00870830973 -0.0338993413 asynchronous_release_0
0.048714 -0.0250000004 -0.000976667632 0.000214756458 asynchronous_release_0
0.043548 -0.0250000004 -0.00418327805 -0.0347491034 asynchronous_release_4
0.022346 -0.0250000004 0.0124408704 0.0327142896 asynchronous_release_4
0.031644 -0.0250000004 0.0349185108 -0.00238696463 asynchronous_release_0
0.046496 -0.0250000004 -0.0166638865 -0.0307784809 asynchronous_release_0
0.014519 -0.0250000004 0.0332433488 0.0109489616 asynchronous_release_0
0.020785 -0.0250000004 -0.000513534238 0.000858069104 asynchronous_release_0
0.02377 -0.0250000004 -0.0269396402 0.0223440324 asynchronous_release_4
0.03574 -0.0250000004 0.0219285619 -0.0272788961 asynchronous_release_0
0.039428 -0.0250000004 -0.00698732007 0.0342954422 asynchronous_release_1
0.035143 -0.0250000004 0.0321905673 0.013739264 asynchronous_release_0
0.048767 -0.0250000004 -0.0301067078 0.0178489817 asynchronous_release_0
0.022735 -0.0250000004 0.0349982059 -0.000354375258 asynchronous_release_3
0.022432 -0.0250000004 -0.0325008575 -0.0129882354 asynchronous_release_1
0.041561 -0.0250000004 -0.0284098526 0.0204421201 asynchronous_release_0
0.018468 -0.0250000004 -0.0243555018 0.0251358217 asynchronous_release_0
0.038476 -0.0250000004 -0.00054271905 -0.034995792 asynchronous_release_0
0.037734 -0.0250000004 0.000473508122 0.000880789452 asynchronous_release_0
0.024098 -0.0250000004 -0.0347891738 0.00383580293 asynchronous_release_4
0.04079 -0.0250000004 0.0218512571 0.0273408589 asynchronous_release_0
0.038483 -0.0250000004 -0.0298727747 -0.0182377995 asynchronous_release_0
0.036494 -0.0250000004 -0.023321975 0.0260976145 asynchronous_release_0
0.039875 -0.0250000004 -0.0229892524 -0.026391178 asynchronous_release_2
0.015404 -0.0250000004 0.000579316502 -0.000815102687 asynchronous_release_0
0.008127 -0.0250000004 0.0343171049 -0.00688013904 asynchronous_release_4
0.015864 -0.0250000004 0.0301542084 0.0177686161 asynchronous_release_0
0.021371 -0.0250000004 0.00799582653 -0.0340744297 asynchronous_release_0
0.036481 -0.0250000004 -0.0160905893 0.0310820356 asynchronous_release_0
0.036833 -0.0250000004 -0.00907426174 0.0338032214 asynchronous_release_0
0.046607 -0.0250000004 0.029632786 -0.0186251978 asynchronous_release_0
0.038079 -0.0250000004 0.0322427136 -0.0136164394 asynchronous_release_0
0.045751 -0.0250000004 0.0309535413 0.0163364098 asynchronous_release_0
0.03498 -0.0250000004 0.0342579143 0.00716905221 asynchronous_release_0
0.044174 -0.0250000004 -0.0349709113 0.00142666196 asynchronous_release_0
0.042511 -0.0250000004 -0.0273801164 -0.0218020464 asynchronous_release_0
0.044779 -0.0250000004 -0.000541170302 -0.000840913018 asynchronous_release_0
0.024953 -0.0250000004 -0.00092660366 -0.000376039436 asynchronous_release_3
0.039243 -0.0250000004 0.00483110907 0.0346649735 asynchronous_release_0
0.027839 -0.0250000004 0.0254081007 -0.0240713194 asynchronous_release_0
0.040927 -0.0250000004 0.0129401803 -0.0325200205 asynchronous_release_1
0.045735 -0.0250000004 -0.0310727228 0.0161085659 asynchronous_release_0
0.012833 -0.0250000004 0.0297000089 -0.0185178149 asynchronous_release_2
0.028487 -0.0250000004 0.0043872656 0.0347239384 asynchronous_release_4
0.02791 -0.0250000004 -0.0108736958 -0.0332680438 asynchronous_release_4
0.036655 -0.0250000004 0.018271057 0.0298524451 asynchronous_release_0
0.014491 -0.0250000004 0.0140306916 -0.0320646175 asynchronous_release_0
0.045639 -0.0250000004 0.00087447985 0.000485061843 asynchronous_release_0
0.038401 -0.0250000004 -0.00451306762 0.0347078121 asynchronous_release_4
0.049615 -0.0250000004 0.0269664096 -0.0223117178 asynchronous_release_0
0.037319 -0.0250000004 0.0134007255 0.0323329639 asynchronous_release_0
0.042079 -0.0250000004 -0.0332869162 0.0108157853 asynchronous_release_0
0.049545 -0.0250000004 0.00358704263 -0.0348157023 asynchronous_release_0
0.040454 -0.0250000004 -0.0346208989 0.00513744696 asynchronous_release_0
0.009152 -0.0250000004 0.000390222996 0.000920720378 asynchronous_release_0
0.042746 -0.0250000004 0.0343596654 0.00666433723 asynchronous_release_0
0.037874 -0.0250000004 -0.0346883177 -0.00466053773 asynchronous_release_0
0.028876 -0.0250000004 0.0346883177 0.00466053773 asynchronous_release_4
0.040319 -0.0250000004 -0.0345247873 -0.00574796144 asynchronous_release_0
0.037842 -0.0250000004 -0.0347200219 -0.00441815332 asynchronous_release_0
0.045497 -0.0250000004 -0.0297435551 0.0184477892 asynchronous_release_0
0.029206 -0.0250000004 0.0159304479 0.0311644161 asynchronous_release_0
0.014918 -0.0250000004 0.0312703987 -0.0157213919 asynchronous_release_0
0.014418 -0.0250000004 -0.0129514827 0.0325155209 asynchronous_release_0
0.039095 -0.0250000004 0.000929014882 0.000370042362 asynchronous_release_0
0.043477 -0.0250000004 0.000973879997 -0.000227063319 asynchronous_release_2
0.028223 -0.0250000004 -0.0346379399 -0.0050212667 asynchronous_release_0
0.045718 -0.0250000004 0.0277881211 -0.0538778277 asynchronous_release_0
0.01732 -0.0250000004 -0.0328473383 0.0120852128 asynchronous_release_0
0.033489 -0.0250000004 0.000867774049 0.000496958951 asynchronous_release_4
0.037188 -0.0250000004 -0.00757238394 -0.0341710258 asynchronous_release_0
0.044142 -0.0250000004 0.0327755911 -0.0122784621 asynchronous_release_0
0.027896 -0.0250000004 -0.0305440806 -0.0170897378 asynchronous_release_0
0.008789 -0.0250000004 -0.0256499484 -0.0238134447 asynchronous_release_0
0.03087 -0.0250000004 0.00262102153 -0.0349017227 asynchronous_release_0
0.034966 -0.0250000004 -0.0313637849 0.0155342523 asynchronous_release_0
0.033425 -0.0250000004 -0.0287391056 0.0199765815 asynchronous_release_0
0.031012 -0.0250000004 -0.000202942508 0.000979190655 asynchronous_release_0
0.029612 -0.0250000004 -0.00451691652 -0.0347073114 asynchronous_release_0
0.044724 -0.0250000004 0.0153092851 0.0314742083 asynchronous_release_0
0.044373 -0.0250000004 -0.000920569034 0.000390579894 asynchronous_release_0
0.047298 -0.0250000004 -0.000209880605 -0.000977727023 asynchronous_release_0
0.027579 -0.0250000004 -0.00857325829 -0.0339337478 asynchronous_release_0
0.046324 -0.0250000004 -0.0195583168 0.0290253724 asynchronous_release_0
0.026361 -0.0250000004 0.0195583168 -0.0290253724 asynchronous_release_4
