0.000000 0.083075
0.000050 0.083769
0.000100 0.083074
0.000150 0.121154
0.000200 0.153343
0.000250 0.097959
0.000300 0.105920
0.000350 0.094498
0.000400 0.103497
0.000450 0.120121
0.000500 0.098305
0.000550 0.078577
0.000600 0.100030
0.000650 0.110418
0.000700 0.112505
0.000750 0.129451
0.000800 0.112160
0.000850 0.144336
0.000900 0.143995
0.000950 0.109053
0.001000 0.113882
0.001050 0.118370
0.001100 0.147123
0.001150 0.169945
0.001200 0.235040
0.001250 0.219118
0.001300 0.405333
0.001350 0.435457
0.001400 0.524420
0.001450 0.679482
0.001500 0.919718
0.001550 1.309816
0.001600 2.053365
0.001650 2.544885
0.001700 3.749811
0.001750 4.886907
0.001800 6.437666
0.001850 8.356004
0.001900 10.330805
0.001950 12.521893
0.002000 14.450974
0.002050 16.672894
0.002100 17.821797
0.002150 18.693363
0.002200 19.496067
0.002250 19.298789
0.002300 18.803131
0.002350 17.727969
0.002400 16.409790
0.002450 14.544446
0.002500 12.852496
0.002550 11.551636
0.002600 9.880445
0.002650 8.854137
0.002700 7.195376
0.002750 6.676122
0.002800 6.088432
0.002850 5.629726
0.002900 4.942659
0.002950 4.485371
0.003000 3.990387
0.003050 3.832241
0.003100 3.491920
0.003150 3.383952
0.003200 2.927045
0.003250 2.779555
0.003300 2.656646
0.003350 2.433118
0.003400 2.389062
0.003450 2.164134
0.003500 2.287025
0.003550 2.087935
0.003600 2.017018
0.003650 1.914198
0.003700 1.920089
0.003750 1.900023
0.003800 1.850458
0.003850 1.664294
0.003900 1.576377
0.003950 1.609263
0.004000 1.689150
0.004050 1.578144
0.004100 1.281431
0.004150 1.358227
0.004200 1.325463
0.004250 1.396683
0.004300 1.367946
0.004350 1.326476
0.004400 1.224641
0.004450 1.454879
0.004500 1.194893
0.004550 1.244719
0.004600 1.299123
0.004650 1.350715
0.004700 1.223940
0.004750 1.125698
0.004800 1.188316
0.004850 1.251290
0.004900 1.163802
0.004950 1.117724
0.005000 1.071625
0.005050 1.067823
0.005100 1.049874
0.005150 1.085602
0.005200 1.120751
0.005250 1.075807
0.005300 1.073058
0.005350 1.072064
0.005400 0.960571
0.005450 1.057105
0.005500 1.143409
0.005550 1.001355
0.005600 0.847755
0.005650 0.968091
0.005700 0.937720
0.005750 0.918402
0.005800 0.921035
0.005850 0.887583
0.005900 0.969935
0.005950 0.946975
0.006000 0.951938
0.006050 0.819690
0.006100 0.923182
0.006150 0.941182
0.006200 0.932818
0.006250 0.931222
0.006300 1.066761
0.006350 0.905583
0.006400 0.904752
0.006450 0.985222
0.006500 0.840440
0.006550 0.846246
0.006600 0.904471
0.006650 0.839113
0.006700 0.869845
0.006750 0.829671
0.006800 0.901413
0.006850 0.950895
0.006900 0.875101
0.006950 0.867355
0.007000 0.815278
0.007050 0.832050
0.007100 0.784059
0.007150 0.766665
0.007200 0.903108
0.007250 0.730716
0.007300 0.842604
0.007350 0.864304
0.007400 0.741448
0.007450 0.718978
0.007500 0.714760
0.007550 0.766058
0.007600 0.789558
0.007650 0.786032
0.007700 0.728402
0.007750 0.811664
0.007800 0.707862
0.007850 0.783002
0.007900 0.731761
0.007950 0.782591
0.008000 0.778827
0.008050 0.784687
0.008100 0.831532
0.008150 0.780954
0.008200 0.800990
0.008250 0.762224
0.008300 0.767261
0.008350 0.694853
0.008400 0.749662
0.008450 0.686860
0.008500 0.747322
0.008550 0.820256
0.008600 0.743990
0.008650 0.714788
0.008700 0.722379
0.008750 0.729591
0.008800 0.628611
0.008850 0.727059
0.008900 0.758620
0.008950 0.791774
0.009000 0.817849
0.009050 0.788621
0.009100 0.718962
0.009150 0.704040
0.009200 0.682533
0.009250 0.710655
0.009300 0.645297
0.009350 0.748019
0.009400 0.666337
0.009450 0.653377
0.009500 0.649869
0.009550 0.672905
0.009600 0.660694
0.009650 0.647606
0.009700 0.619971
0.009750 0.739777
0.009800 0.694639
0.009850 0.675007
0.009900 0.662898
0.009950 0.665064
0.010000 0.601590
0.010050 0.618422
0.010100 0.708638
0.010150 0.598070
0.010200 0.680245
0.010250 0.629969
0.010300 0.581262
0.010350 0.542068
0.010400 0.719489
0.010450 0.666387
0.010500 0.593327
0.010550 0.664241
0.010600 0.639041
0.010650 0.608561
0.010700 0.662575
0.010750 0.624027
0.010800 0.670427
0.010850 0.569215
0.010900 0.679674
0.010950 0.653912
0.011000 0.545555
0.011050 0.688553
0.011100 0.682490
0.011150 0.642254
0.011200 0.557783
0.011250 0.577457
0.011300 0.579421
0.011350 0.667779
0.011400 0.658782
0.011450 0.541276
0.011500 0.635618
0.011550 0.632764
0.011600 0.630971
0.011650 0.609195
0.011700 0.606102
0.011750 0.599592
0.011800 0.556899
0.011850 0.569993
0.011900 0.588911
0.011950 0.671825
0.012000 0.608197
0.012050 0.583609
0.012100 0.551332
0.012150 0.592006
0.012200 0.668366
0.012250 0.623790
0.012300 0.485687
0.012350 0.573213
0.012400 0.506074
0.012450 0.569766
0.012500 0.539238
0.012550 0.535950
0.012600 0.628142
0.012650 0.605232
0.012700 0.511033
0.012750 0.517997
0.012800 0.607674
0.012850 0.601780
0.012900 0.615365
0.012950 0.587369
0.013000 0.599624
0.013050 0.515724
0.013100 0.563270
0.013150 0.549706
0.013200 0.551741
0.013250 0.606585
0.013300 0.602356
0.013350 0.459366
0.013400 0.586037
0.013450 0.617311
0.013500 0.579665
0.013550 0.524843
0.013600 0.547874
0.013650 0.544416
0.013700 0.558077
0.013750 0.635473
0.013800 0.549830
0.013850 0.477534
0.013900 0.533458
0.013950 0.584770
0.014000 0.523490
0.014050 0.608574
0.014100 0.439963
0.014150 0.509921
0.014200 0.540822
0.014250 0.552126
0.014300 0.587751
0.014350 0.498273
0.014400 0.445811
0.014450 0.569219
0.014500 0.496994
0.014550 0.534196
0.014600 0.578904
0.014650 0.543308
0.014700 0.497698
0.014750 0.460294
0.014800 0.521500
0.014850 0.538118
0.014900 0.480836
0.014950 0.505562
0.015000 0.499016
0.015050 0.524802
0.015100 0.568198
0.015150 0.522728
0.015200 0.476276
0.015250 0.449336
0.015300 0.490367
0.015350 0.497077
0.015400 0.478593
0.015450 0.498757
0.015500 0.520438
0.015550 0.471268
0.015600 0.508713
0.015650 0.533719
0.015700 0.462017
0.015750 0.466807
0.015800 0.489469
0.015850 0.523867
0.015900 0.492947
0.015950 0.450925
0.016000 0.474063
0.016050 0.460781
0.016100 0.461011
0.016150 0.540045
0.016200 0.469080
0.016250 0.476742
0.016300 0.455439
0.016350 0.453687
0.016400 0.476661
0.016450 0.516081
0.016500 0.481118
0.016550 0.499684
0.016600 0.482850
0.016650 0.490308
0.016700 0.491195
0.016750 0.492487
0.016800 0.579112
0.016850 0.475260
0.016900 0.433256
0.016950 0.534420
0.017000 0.475245
0.017050 0.536331
0.017100 0.550334
0.017150 0.466818
0.017200 0.483367
0.017250 0.504961
0.017300 0.505978
0.017350 0.503230
0.017400 0.495626
0.017450 0.475060
0.017500 0.387330
0.017550 0.503064
0.017600 0.475465
0.017650 0.493703
0.017700 0.446473
0.017750 0.506051
0.017800 0.486930
0.017850 0.500992
0.017900 0.458500
0.017950 0.413902
0.018000 0.507968
0.018050 0.517436
0.018100 0.487463
0.018150 0.439089
0.018200 0.439639
0.018250 0.502097
0.018300 0.413178
0.018350 0.429930
0.018400 0.519930
0.018450 0.463820
0.018500 0.440318
0.018550 0.469496
0.018600 0.459045
0.018650 0.506899
0.018700 0.496682
0.018750 0.463114
0.018800 0.450433
0.018850 0.481543
0.018900 0.479592
0.018950 0.402048
0.019000 0.394038
0.019050 0.473106
0.019100 0.373213
0.019150 0.481859
0.019200 0.488219
0.019250 0.461473
0.019300 0.451587
0.019350 0.468049
0.019400 0.401822
0.019450 0.492294
0.019500 0.382921
0.019550 0.458555
0.019600 0.405120
0.019650 0.416720
0.019700 0.395269
0.019750 0.399039
0.019800 0.395732
0.019850 0.423484
0.019900 0.470637
0.019950 0.420983
0.020000 0.408286
0.020050 0.432516
0.020100 0.470264
0.020150 0.449750
0.020200 0.365129
0.020250 0.402123
0.020300 0.509026
0.020350 0.403370
0.020400 0.446255
0.020450 0.422661
0.020500 0.522229
0.020550 0.437571
0.020600 0.438232
0.020650 0.389252
0.020700 0.479806
0.020750 0.373034
0.020800 0.416061
0.020850 0.482005
0.020900 0.412281
0.020950 0.517229
0.021000 0.467611
0.021050 0.505867
0.021100 0.502972
0.021150 0.675622
0.021200 0.703323
0.021250 0.908885
0.021300 1.059980
0.021350 1.234408
0.021400 1.697499
0.021450 1.963453
0.021500 2.510109
0.021550 3.642887
0.021600 4.813805
0.021650 6.236671
0.021700 7.545723
0.021750 9.668941
0.021800 12.155737
0.021850 14.654089
0.021900 17.050248
0.021950 19.412650
0.022000 21.909746
0.022050 23.182582
0.022100 25.005663
0.022150 25.882721
0.022200 26.459278
0.022250 26.237972
0.022300 25.582182
0.022350 23.751976
0.022400 21.754348
0.022450 19.650472
0.022500 18.463749
0.022550 16.225395
0.022600 14.726853
0.022650 13.219789
0.022700 12.062304
0.022750 10.982594
0.022800 10.100688
0.022850 9.129384
0.022900 8.469579
0.022950 7.747305
0.023000 7.425824
0.023050 6.711706
0.023100 6.435897
0.023150 5.856577
0.023200 5.693291
0.023250 5.333599
0.023300 4.929468
0.023350 4.890506
0.023400 4.571699
0.023450 4.389433
0.023500 3.972327
0.023550 3.985805
0.023600 3.658292
0.023650 3.381746
0.023700 3.310515
0.023750 3.078871
0.023800 2.975486
0.023850 2.852312
0.023900 2.819838
0.023950 2.927308
0.024000 2.625145
0.024050 2.497013
0.024100 2.378703
0.024150 2.517143
0.024200 2.435766
0.024250 2.341246
0.024300 2.288023
0.024350 2.346225
0.024400 2.276669
0.024450 2.176797
0.024500 1.994810
0.024550 2.226472
0.024600 2.223409
0.024650 1.954559
0.024700 2.016720
0.024750 1.886324
0.024800 1.996193
0.024850 2.025563
0.024900 2.141945
0.024950 1.720035
0.025000 1.696399
0.025050 1.780065
0.025100 2.022189
0.025150 1.721955
0.025200 1.812832
0.025250 1.595098
0.025300 1.686370
0.025350 1.729432
0.025400 1.699977
0.025450 1.643843
0.025500 1.643093
0.025550 1.707891
0.025600 1.783858
0.025650 1.548800
0.025700 1.663613
0.025750 1.608317
0.025800 1.447764
0.025850 1.613154
0.025900 1.683507
0.025950 1.503123
0.026000 1.533239
0.026050 1.482637
0.026100 1.430716
0.026150 1.404716
0.026200 1.470462
0.026250 1.492946
0.026300 1.518739
0.026350 1.402665
0.026400 1.379053
0.026450 1.456557
0.026500 1.516997
0.026550 1.509701
0.026600 1.450680
0.026650 1.380130
0.026700 1.336487
0.026750 1.368195
0.026800 1.257259
0.026850 1.375449
0.026900 1.359570
0.026950 1.302042
0.027000 1.243132
0.027050 1.318874
0.027100 1.315779
0.027150 1.332815
0.027200 1.286745
0.027250 1.426081
0.027300 1.404838
0.027350 1.194984
0.027400 1.236539
0.027450 1.311893
0.027500 1.234501
0.027550 1.314579
0.027600 1.227554
0.027650 1.258078
0.027700 1.223298
0.027750 1.223378
0.027800 1.225150
0.027850 1.272708
0.027900 1.294828
0.027950 1.194446
0.028000 1.180500
0.028050 1.208088
0.028100 1.167158
0.028150 1.242778
0.028200 1.171921
0.028250 1.174287
0.028300 1.123955
0.028350 1.235257
0.028400 1.258404
0.028450 1.110692
0.028500 1.100403
0.028550 1.140989
0.028600 1.093567
0.028650 1.159569
0.028700 1.173612
0.028750 1.071396
0.028800 1.135420
0.028850 1.067436
0.028900 1.282829
0.028950 1.123519
0.029000 1.223690
0.029050 1.174824
0.029100 1.255150
0.029150 1.147860
0.029200 1.145336
0.029250 1.221342
0.029300 1.106981
0.029350 1.060261
0.029400 1.208870
0.029450 1.164146
0.029500 1.174175
0.029550 1.066465
0.029600 1.067339
0.029650 1.162683
0.029700 1.095498
0.029750 1.104280
0.029800 1.088648
0.029850 1.174616
0.029900 1.053181
0.029950 1.117755
0.030000 1.072688
0.030050 1.066544
0.030100 1.031444
0.030150 1.037864
0.030200 1.065510
0.030250 1.036954
0.030300 0.991886
0.030350 1.056054
0.030400 1.007893
0.030450 1.109573
0.030500 0.938044
0.030550 1.052106
0.030600 1.044147
0.030650 1.125811
0.030700 0.970502
0.030750 1.029436
0.030800 1.049188
0.030850 1.095628
0.030900 1.068031
0.030950 1.091777
0.031000 1.082121
0.031050 0.938083
0.031100 1.008302
0.031150 1.006494
0.031200 1.077195
0.031250 0.900357
0.031300 1.031799
0.031350 0.964185
0.031400 0.932747
0.031450 1.016467
0.031500 1.132785
0.031550 0.902073
0.031600 1.117179
0.031650 1.188137
0.031700 0.945121
0.031750 1.024059
0.031800 1.096380
0.031850 1.033802
0.031900 0.931327
0.031950 0.897507
0.032000 0.905211
0.032050 0.959193
0.032100 0.882273
0.032150 1.002075
0.032200 0.865098
0.032250 0.967166
0.032300 0.968147
0.032350 0.919253
0.032400 0.900003
0.032450 0.911231
0.032500 0.942709
0.032550 0.992605
0.032600 0.780241
0.032650 0.905035
0.032700 0.900730
0.032750 1.097814
0.032800 0.948920
0.032850 0.946752
0.032900 0.909004
0.032950 0.861200
0.033000 0.921599
0.033050 0.896891
0.033100 0.928442
0.033150 0.976088
0.033200 0.962120
0.033250 0.899486
0.033300 0.962648
0.033350 0.958642
0.033400 0.824847
0.033450 0.948417
0.033500 0.890045
0.033550 0.954403
0.033600 0.908019
0.033650 0.952433
0.033700 0.966010
0.033750 0.870826
0.033800 0.982396
0.033850 0.892432
0.033900 0.935168
0.033950 0.850268
0.034000 0.989738
0.034050 0.869996
0.034100 0.834433
0.034150 0.899277
0.034200 0.923321
0.034250 0.883687
0.034300 0.716799
0.034350 0.776925
0.034400 0.856622
0.034450 0.840082
0.034500 0.883602
0.034550 0.867814
0.034600 0.874841
0.034650 0.888853
0.034700 0.797995
0.034750 0.882847
0.034800 0.981323
0.034850 0.869441
0.034900 0.778760
0.034950 0.913104
0.035000 0.924663
0.035050 0.797991
0.035100 0.896454
0.035150 0.848920
0.035200 0.821642
0.035250 0.872628
0.035300 0.876476
0.035350 0.833626
0.035400 0.855127
0.035450 0.880993
0.035500 0.867877
0.035550 0.858991
0.035600 0.890009
0.035650 0.919743
0.035700 0.858095
0.035750 0.816965
0.035800 0.797186
0.035850 0.846984
0.035900 0.834451
0.035950 0.945719
0.036000 0.833954
0.036050 0.811986
0.036100 0.828259
0.036150 0.915565
0.036200 0.804596
0.036250 0.763602
0.036300 0.805330
0.036350 0.790460
0.036400 0.806889
0.036450 0.879609
0.036500 0.805710
0.036550 0.852300
0.036600 0.827260
0.036650 0.829288
0.036700 0.771802
0.036750 0.795054
0.036800 0.807359
0.036850 0.738547
0.036900 0.754453
0.036950 0.754897
0.037000 0.799075
0.037050 0.911709
0.037100 0.853178
0.037150 0.900814
0.037200 0.743779
0.037250 0.830065
0.037300 0.780757
0.037350 0.857675
0.037400 0.736429
0.037450 0.782709
0.037500 0.830689
0.037550 0.821721
0.037600 0.757760
0.037650 0.820228
0.037700 0.722897
0.037750 0.879207
0.037800 0.701556
0.037850 0.829444
0.037900 0.761270
0.037950 0.810638
0.038000 0.761283
0.038050 0.713269
0.038100 0.796314
0.038150 0.784962
0.038200 0.811062
0.038250 0.794380
0.038300 0.861247
0.038350 0.739459
0.038400 0.736401
0.038450 0.791863
0.038500 0.817484
0.038550 0.743628
0.038600 0.800906
0.038650 0.851452
0.038700 0.771230
0.038750 0.755116
0.038800 0.701655
0.038850 0.711795
0.038900 0.774179
0.038950 0.771295
0.039000 0.727018
0.039050 0.688056
0.039100 0.792245
0.039150 0.740829
0.039200 0.741037
0.039250 0.789989
0.039300 0.824973
0.039350 0.839613
0.039400 0.788043
0.039450 0.855577
0.039500 0.702689
0.039550 0.765447
0.039600 0.757877
0.039650 0.740761
0.039700 0.717231
0.039750 0.787551
0.039800 0.824673
0.039850 0.729477
0.039900 0.710637
0.039950 0.625337
0.040000 0.617425
0.040050 0.709745
0.040100 0.733364
0.040150 0.750650
0.040200 0.744666
0.040250 0.766880
0.040300 0.671365
0.040350 0.827601
0.040400 0.706132
0.040450 0.734882
0.040500 0.822141
0.040550 0.761137
0.040600 0.651137
0.040650 0.784127
0.040700 0.718758
0.040750 0.682534
0.040800 0.734423
0.040850 0.771789
0.040900 0.781456
0.040950 0.713268
0.041000 0.766348
0.041050 0.762092
0.041100 0.688698
0.041150 0.662838
0.041200 0.719394
0.041250 0.739822
0.041300 0.795068
0.041350 0.708108
0.041400 0.693794
0.041450 0.754968
0.041500 0.665962
0.041550 0.713092
0.041600 0.697094
0.041650 0.808650
0.041700 0.638387
0.041750 0.626361
0.041800 0.636901
0.041850 0.810899
0.041900 0.826959
0.041950 0.703645
0.042000 0.796036
0.042050 0.865190
0.042100 0.681699
0.042150 0.777771
0.042200 0.655339
0.042250 0.674609
0.042300 0.687181
0.042350 0.654863
0.042400 0.784599
0.042450 0.715053
0.042500 0.738880
0.042550 0.725312
0.042600 0.698910
0.042650 0.683526
0.042700 0.639027
0.042750 0.664573
0.042800 0.653367
0.042850 0.679025
0.042900 0.716808
0.042950 0.692812
0.043000 0.674768
0.043050 0.699770
0.043100 0.700704
0.043150 0.658450
0.043200 0.709478
0.043250 0.763290
0.043300 0.694183
0.043350 0.644809
0.043400 0.645675
0.043450 0.631763
0.043500 0.724074
0.043550 0.661496
0.043600 0.726169
0.043650 0.652107
0.043700 0.717799
0.043750 0.628673
0.043800 0.681324
0.043850 0.705190
0.043900 0.678164
0.043950 0.681854
0.044000 0.714638
0.044050 0.676982
0.044100 0.656866
0.044150 0.666746
0.044200 0.711183
0.044250 0.625537
0.044300 0.741845
0.044350 0.715587
0.044400 0.616350
0.044450 0.710806
0.044500 0.687977
0.044550 0.706111
0.044600 0.609117
0.044650 0.687029
0.044700 0.689136
0.044750 0.677818
0.044800 0.715805
0.044850 0.600369
0.044900 0.658062
0.044950 0.616056
0.045000 0.700959
0.045050 0.691443
0.045100 0.763173
0.045150 0.610957
0.045200 0.709833
0.045250 0.622409
0.045300 0.639915
0.045350 0.646591
0.045400 0.597848
0.045450 0.599912
0.045500 0.664850
0.045550 0.636986
0.045600 0.640080
0.045650 0.710828
0.045700 0.665611
0.045750 0.671549
0.045800 0.741704
0.045850 0.633086
0.045900 0.674836
0.045950 0.637610
0.046000 0.634347
0.046050 0.661507
0.046100 0.725683
0.046150 0.625603
0.046200 0.659330
0.046250 0.701508
0.046300 0.622393
0.046350 0.618197
0.046400 0.662303
0.046450 0.633089
0.046500 0.600064
0.046550 0.655480
0.046600 0.713881
0.046650 0.713635
0.046700 0.690955
0.046750 0.727177
0.046800 0.633279
0.046850 0.680725
0.046900 0.615650
0.046950 0.649074
0.047000 0.732485
0.047050 0.588205
0.047100 0.634901
0.047150 0.629833
0.047200 0.681456
0.047250 0.670814
0.047300 0.708442
0.047350 0.706380
0.047400 0.673950
0.047450 0.600574
0.047500 0.586886
0.047550 0.600770
0.047600 0.673791
0.047650 0.576283
0.047700 0.630320
0.047750 0.748586
0.047800 0.671045
0.047850 0.617217
0.047900 0.642824
0.047950 0.779878
0.048000 0.651170
0.048050 0.612494
0.048100 0.735488
0.048150 0.649684
0.048200 0.705474
0.048250 0.630068
0.048300 0.599883
0.048350 0.603491
0.048400 0.636187
0.048450 0.624371
0.048500 0.630974
0.048550 0.649268
0.048600 0.582974
0.048650 0.606090
0.048700 0.695584
0.048750 0.718016
0.048800 0.725868
0.048850 0.643774
0.048900 0.611363
0.048950 0.583759
0.049000 0.674778
0.049050 0.625656
0.049100 0.651098
0.049150 0.628408
0.049200 0.630280
0.049250 0.645968
0.049300 0.626178
0.049350 0.628070
0.049400 0.673490
0.049450 0.769544
0.049500 0.600307
0.049550 0.679555
0.049600 0.650812
0.049650 0.571294
0.049700 0.667657
0.049750 0.652765
0.049800 0.639828
0.049850 0.594922
0.049900 0.645791
