0.019504 -0.0250000004 0.0111779515 0.0331670529 asynchronous_release_0
0.0263 -0.0250000004 0.0310556224 -0.0161415091 asynchronous_release_0
0.035526 -0.0250000004 0.0279209004 -0.0211050544 asynchronous_release_1
0.044124 -0.0250000004 -0.0301462294 0.0177821498 asynchronous_release_0
0.047119 -0.0250000004 0.0328117597 0.0121814787 asynchronous_release_0
0.048117 -0.0250000004 0.0346550125 0.00490205134 asynchronous_release_0
0.041143 -0.0250000004 -0.0316605477 0.0149201111 asynchronous_release_0
0.046343 -0.0250000004 -0.0108012123 0.0332916478 asynchronous_release_0
0.046668 -0.0250000004 0.0159795795 0.0311392524 asynchronous_release_0
0.046644 -0.0250000004 -0.0345017596 -0.00588460562 asynchronous_release_0
0.030983 -0.0250000004 -0.0241499564 -0.0253333694 asynchronous_release_0
0.047513 -0.0250000004 0.034525874 0.00574143044 asynchronous_release_0
0.035162 -0.0250000004 0.0349932717 0.000686247493 asynchronous_release_0
0.048681 -0.0250000004 -0.0169023281 -0.030648186 asynchronous_release_0
0.042826 -0.0250000004 0.000458438928 -0.000888725913 asynchronous_release_1
0.046413 -0.0250000004 0.0196085384 0.0289914681 asynchronous_release_0
0.048016 -0.0250000004 -0.0198642622 -0.0288168542 asynchronous_release_2
0.021209 -0.0250000004 -0.0334930051 -0.0101596559 asynchronous_release_0
0.006992 -0.0250000004 0.0304468865 -0.0172623029 asynchronous_release_0
0.02551 -0.0250000004 -0.000681061585 0.000732226138 asynchronous_release_0
0.037003 -0.0250000004 -6.79520288e-05 0.034999934 asynchronous_release_0
0.033964 -0.0250000004 0.0320864061 0.0139807919 asynchronous_release_1
0.026408 -0.0250000004 -0.030882376 0.0164705451 asynchronous_release_2
0.045212 -0.0250000004 -0.0330786358 0.0114369514 asynchronous_release_0
0.044033 -0.0250000004 0.000972762704 0.000231803196 asynchronous_release_1
0.037917 -0.0250000004 0.0144801442 -0.0318641715 asynchronous_release_1
0.036596 -0.0250000004 -0.0289308224 0.0196979063 asynchronous_release_0
0.025346 -0.0250000004 0.0275244336 0.0216195642 asynchronous_release_0
0.038151 -0.0250000004 0.000969590355 -0.000244733617 asynchronous_release_0
0.03255 -0.0250000004 -0.000999913641 -1.31419495e-05 asynchronous_release_0
0.031232 -0.0250000004 -0.000273613913 0.000961839605 asynchronous_release_0
0.042201 -0.0250000004 0.000822096702 -0.000569347883 asynchronous_release_0
0.011973 -0.0250000004 0.0340597128 -0.00805828541 asynchronous_release_0
0.020447 -0.0250000004 -0.027777971 -0.0212928234 asynchronous_release_0
0.027729 -0.0250000004 -0.0275688395 0.02156291 asynchronous_release_0
0.041211 -0.0250000004 -0.0174591909 0.0303344137 asynchronous_release_0
0.036459 -0.0250000004 0.000863426297 -0.000504475003 asynchronous_release_0
0.044901 -0.0250000004 0.0336694943 -0.00955851204 asynchronous_release_0
0.031172 -0.0250000004 -0.00774806762 -0.0341316195 asynchronous_release_0
0.027208 -0.0250000004 0.0276457883 -0.0214641653 asynchronous_release_1
0.036271 -0.0250000004 0.0164211224 0.0309086839 asynchronous_release_4
0.049003 -0.0250000004 0.0349128543 -0.00246832004 asynchronous_release_0
0.0492 -0.0250000004 -0.0261619008 0.0232498375 asynchronous_release_0
0.021273 -0.0250000004 0.0292954596 0.019151398 asynchronous_release_0
0.022694 -0.0250000004 -0.0273575922 -0.0540977093 asynchronous_release_1
0.029445 -0.0250000004 -0.0313228972 0.0156165332 asynchronous_release_0
0.030328 -0.0250000004 0.0195593914 -0.0290246483 asynchronous_release_3
0.04285 -0.0250000004 -0.0348810823 0.00288272408 asynchronous_release_0
0.026536 -0.0250000004 0.0261522553 -0.0232606866 asynchronous_release_0
0.039644 -0.0250000004 0.0161021458 -0.0310760503 asynchronous_release_0
0.037848 -0.0250000004 0.016631534 0.030795975 asynchronous_release_1
0.045117 -0.0250000004 0.00149661227 -0.0349679875 asynchronous_release_0
0.038825 -0.0250000004 0.0290989913 -0.019448617 asynchronous_release_0
0.020743 -0.0250000004 -0.0054497257 -0.034573118 asynchronous_release_0
0.01792 -0.0250000004 -0.0346467137 0.0049603656 asynchronous_release_0
0.033543 -0.0250000004 -0.000562808359 0.000826587413 asynchronous_release_1
0.019404 -0.0250000004 0.0321623107 0.0138052806 asynchronous_release_0
0.035096 -0.0250000004 -0.0096295241 -0.0336492536 asynchronous_release_0
0.040213 -0.0250000004 -0.0175826791 -0.0302630038 asynchronous_release_0
0.039318 -0.0250000004 0.0329417291 0.0118255014 asynchronous_release_0
0.030418 -0.0250000004 -0.00192769863 -0.0349468737 asynchronous_release_1
0.046267 -0.0250000004 0.01376971 0.0321775556 asynchronous_release_0
0.042471 -0.0250000004 0.019138672 0.0293037751 asynchronous_release_0
0.047888 -0.0250000004 -0.0342330328 0.0072869381 asynchronous_release_0
0.04073 -0.0250000004 -0.0349678979 -0.00149870404 asynchronous_release_0
0.044252 -0.0250000004 0.0276058373 0.0215155235 asynchronous_release_1
0.030884 -0.0250000004 0.0295257521 0.0187944131 asynchronous_release_0
0.025967 -0.0250000004 0.033668481 -0.00956208071 asynchronous_release_0
0.044462 -0.0250000004 0.000805319344 -0.000592841255 asynchronous_release_0
0.029246 -0.0250000004 0.0140352234 -0.0320626341 asynchronous_release_4
0.037502 -0.0250000004 0.0294214649 0.0189572519 asynchronous_release_1
0.006223 -0.0250000004 -0.000873449989 0.00048691387 asynchronous_release_0
0.046343 -0.0250000004 -0.026015865 -0.0234131324 asynchronous_release_0
0.044552 -0.0250000004 -0.00822365123 0.034020164 asynchronous_release_0
0.021792 -0.0250000004 -0.0343127848 -0.00690165204 asynchronous_release_0
0.027199 -0.0250000004 0.000513761509 -0.000857933046 asynchronous_release_4
0.014725 -0.0250000004 0.000947831154 0.000318772809 asynchronous_release_0
0.018648 -0.0250000004 -0.03174935 -0.0147301995 asynchronous_release_0
0.031408 -0.0250000004 -0.0346874109 0.00466728215 asynchronous_release_0
0.028176 -0.0250000004 -0.000701961378 0.000712215012 asynchronous_release_0
0.048204 -0.0250000004 0.00881331078 -0.0338721944 asynchronous_release_0
0.00831 -0.0250000004 -0.0349984148 0.000333106287 asynchronous_release_0
0.026588 -0.0250000004 -0.000996361038 -8.52330984e-05 asynchronous_release_3
0.021802 -0.0250000004 -0.00879801185 0.0338761714 asynchronous_release_0
0.045514 -0.0250000004 0.000932637104 -0.000360815787 asynchronous_release_0
0.048087 -0.0250000004 0.00020086547 -0.000979618835 asynchronous_release_0
0.025218 -0.0250000004 -0.0118923152 0.0329176676 asynchronous_release_0
0.021068 -0.0250000004 0.0327529872 -0.0123386317 asynchronous_release_0
0.022578 -0.0250000004 0.000965460233 0.000260550454 asynchronous_release_3
0.045382 -0.0250000004 -0.000726659642 0.000686997645 asynchronous_release_0
0.041213 -0.0250000004 -0.0285795742 -0.0202041565 asynchronous_release_0
0.036446 -0.0250000004 0.0162813357 0.0309825452 asynchronous_release_4
0.023166 -0.0250000004 -0.0349951376 0.000583391471 asynchronous_release_4
0.027748 -0.0250000004 0.0244021959 -0.0250904929 asynchronous_release_0
0.042702 -0.0250000004 -0.0281946907 0.020737874 asynchronous_release_0
0.03209 -0.0250000004 0.0104574719 -0.0334012168 asynchronous_release_1
0.04964 -0.0250000004 -0.000124035536 -0.000992277777 asynchronous_release_0
0.047771 -0.0250000004 -0.0248757775 -0.0246210417 asynchronous_release_0
0.027442 -0.0250000004 -0.0106733416 0.0333328633 asynchronous_release_4
0.048898 -0.0250000004 -0.0332839942 -0.0108247738 asynchronous_release_0
0.037947 -0.0250000004 -3.25047501e-05 0.000999471581 asynchronous_release_3
0.012975 -0.0250000004 0.0157880097 -0.0312368172 asynchronous_release_4
0.035796 -0.0250000004 0.0348616548 0.00310886196 asynchronous_release_0
0.033654 -0.0250000004 0.0261634125 0.0232481364 asynchronous_release_0
0.006702 -0.0250000004 0.0188741183 -0.0294748648 asynchronous_release_4
0.044175 -0.0250000004 0.0165289616 0.0308511495 asynchronous_release_0
0.04837 -0.0250000004 0.00173014516 -0.034957211 asynchronous_release_0
0.020572 -0.0250000004 0.0339281818 -0.00859525927 asynchronous_release_0
0.038575 -0.0250000004 0.0347485647 0.00418775033 asynchronous_release_0
0.029569 -0.0250000004 -0.000999755639 2.21057281e-05 asynchronous_release_3
0.022965 -0.0250000004 -0.0284501475 0.0203860027 asynchronous_release_1
