0.000000 0.086157
0.000050 0.070737
0.000100 0.121647
0.000150 0.084687
0.000200 0.093012
0.000250 0.088848
0.000300 0.075875
0.000350 0.073677
0.000400 0.106720
0.000450 0.084440
0.000500 0.103287
0.000550 0.070489
0.000600 0.123372
0.000650 0.085900
0.000700 0.097667
0.000750 0.121885
0.000800 0.096697
0.000850 0.091783
0.000900 0.124339
0.000950 0.103281
0.001000 0.103541
0.001050 0.130205
0.001100 0.169137
0.001150 0.144649
0.001200 0.154693
0.001250 0.219319
0.001300 0.268507
0.001350 0.375965
0.001400 0.406552
0.001450 0.576882
0.001500 0.919590
0.001550 1.246588
0.001600 1.645052
0.001650 2.238848
0.001700 3.027252
0.001750 3.903484
0.001800 5.442780
0.001850 6.857798
0.001900 8.518003
0.001950 10.531695
0.002000 11.638505
0.002050 13.950811
0.002100 14.777587
0.002150 15.227453
0.002200 15.796299
0.002250 15.954911
0.002300 15.034131
0.002350 14.410447
0.002400 12.701516
0.002450 11.461050
0.002500 9.952087
0.002550 8.690595
0.002600 7.768779
0.002650 6.875433
0.002700 5.708091
0.002750 5.015969
0.002800 4.588075
0.002850 4.070393
0.002900 3.840597
0.002950 3.587011
0.003000 3.057373
0.003050 2.790267
0.003100 2.810612
0.003150 2.484120
0.003200 2.325043
0.003250 2.055227
0.003300 2.209758
0.003350 2.015896
0.003400 1.878794
0.003450 1.827860
0.003500 1.782659
0.003550 1.795835
0.003600 1.702331
0.003650 1.594629
0.003700 1.603891
0.003750 1.525637
0.003800 1.486708
0.003850 1.356666
0.003900 1.423099
0.003950 1.287935
0.004000 1.352334
0.004050 1.252458
0.004100 1.299206
0.004150 1.338106
0.004200 1.252921
0.004250 1.155561
0.004300 1.222124
0.004350 1.172898
0.004400 1.083332
0.004450 1.060240
0.004500 1.123742
0.004550 1.083114
0.004600 0.962122
0.004650 1.093160
0.004700 1.067627
0.004750 1.046879
0.004800 1.136139
0.004850 1.040815
0.004900 0.900713
0.004950 0.916889
0.005000 0.945928
0.005050 0.951240
0.005100 1.045109
0.005150 0.963847
0.005200 1.070901
0.005250 0.856105
0.005300 0.897795
0.005350 0.960047
0.005400 0.944020
0.005450 0.981488
0.005500 0.818298
0.005550 0.815514
0.005600 0.910962
0.005650 0.925230
0.005700 0.944011
0.005750 0.902457
0.005800 0.855536
0.005850 0.754102
0.005900 0.880848
0.005950 0.888302
0.006000 0.816033
0.006050 0.822169
0.006100 0.789758
0.006150 0.791172
0.006200 0.775878
0.006250 0.841470
0.006300 0.770540
0.006350 0.824572
0.006400 0.714027
0.006450 0.812041
0.006500 0.842785
0.006550 0.745507
0.006600 0.765396
0.006650 0.730886
0.006700 0.838771
0.006750 0.775171
0.006800 0.811694
0.006850 0.648654
0.006900 0.684578
0.006950 0.707018
0.007000 0.716960
0.007050 0.801634
0.007100 0.772219
0.007150 0.720643
0.007200 0.663549
0.007250 0.666209
0.007300 0.732337
0.007350 0.686785
0.007400 0.732254
0.007450 0.683400
0.007500 0.619362
0.007550 0.622440
0.007600 0.634293
0.007650 0.625723
0.007700 0.786212
0.007750 0.653676
0.007800 0.675026
0.007850 0.556566
0.007900 0.670771
0.007950 0.672821
0.008000 0.618935
0.008050 0.665987
0.008100 0.591219
0.008150 0.717315
0.008200 0.635214
0.008250 0.578678
0.008300 0.781984
0.008350 0.653796
0.008400 0.785062
0.008450 0.640180
0.008500 0.625555
0.008550 0.613395
0.008600 0.550991
0.008650 0.620923
0.008700 0.613626
0.008750 0.660884
0.008800 0.560206
0.008850 0.582344
0.008900 0.603895
0.008950 0.568491
0.009000 0.592864
0.009050 0.542934
0.009100 0.673070
0.009150 0.576348
0.009200 0.609089
0.009250 0.680377
0.009300 0.697337
0.009350 0.579817
0.009400 0.550233
0.009450 0.532581
0.009500 0.527690
0.009550 0.583252
0.009600 0.560984
0.009650 0.586514
0.009700 0.524720
0.009750 0.642122
0.009800 0.597642
0.009850 0.580408
0.009900 0.566304
0.009950 0.519594
0.010000 0.577713
0.010050 0.579541
0.010100 0.493898
0.010150 0.527136
0.010200 0.504897
0.010250 0.618901
0.010300 0.602282
0.010350 0.573952
0.010400 0.515922
0.010450 0.510368
0.010500 0.539101
0.010550 0.542137
0.010600 0.556468
0.010650 0.561544
0.010700 0.598680
0.010750 0.522452
0.010800 0.495668
0.010850 0.538876
0.010900 0.535323
0.010950 0.550361
0.011000 0.502114
0.011050 0.522408
0.011100 0.599107
0.011150 0.504959
0.011200 0.522192
0.011250 0.458672
0.011300 0.600799
0.011350 0.576009
0.011400 0.499502
0.011450 0.468358
0.011500 0.509484
0.011550 0.491432
0.011600 0.463498
0.011650 0.484482
0.011700 0.464749
0.011750 0.483839
0.011800 0.517053
0.011850 0.508693
0.011900 0.473586
0.011950 0.611684
0.012000 0.591371
0.012050 0.477263
0.012100 0.484325
0.012150 0.488181
0.012200 0.487305
0.012250 0.486045
0.012300 0.540215
0.012350 0.463471
0.012400 0.518625
0.012450 0.457559
0.012500 0.448579
0.012550 0.519741
0.012600 0.547841
0.012650 0.487225
0.012700 0.501729
0.012750 0.413597
0.012800 0.577937
0.012850 0.531971
0.012900 0.455261
0.012950 0.483059
0.013000 0.470042
0.013050 0.530596
0.013100 0.488057
0.013150 0.536997
0.013200 0.488273
0.013250 0.411955
0.013300 0.488394
0.013350 0.472258
0.013400 0.532159
0.013450 0.476989
0.013500 0.441074
0.013550 0.394514
0.013600 0.499592
0.013650 0.450834
0.013700 0.500076
0.013750 0.518478
0.013800 0.544918
0.013850 0.470810
0.013900 0.447873
0.013950 0.459771
0.014000 0.476937
0.014050 0.485907
0.014100 0.457129
0.014150 0.518435
0.014200 0.452217
0.014250 0.461737
0.014300 0.414321
0.014350 0.500405
0.014400 0.440941
0.014450 0.449951
0.014500 0.427992
0.014550 0.488808
0.014600 0.493188
0.014650 0.515322
0.014700 0.456035
0.014750 0.502771
0.014800 0.460950
0.014850 0.516814
0.014900 0.481515
0.014950 0.523025
0.015000 0.514447
0.015050 0.478061
0.015100 0.419559
0.015150 0.469677
0.015200 0.492906
0.015250 0.457062
0.015300 0.497677
0.015350 0.445119
0.015400 0.460397
0.015450 0.415125
0.015500 0.477703
0.015550 0.481667
0.015600 0.472268
0.015650 0.475396
0.015700 0.485226
0.015750 0.476878
0.015800 0.434904
0.015850 0.464138
0.015900 0.501042
0.015950 0.442668
0.016000 0.390861
0.016050 0.462917
0.016100 0.450430
0.016150 0.449220
0.016200 0.323902
0.016250 0.456324
0.016300 0.325154
0.016350 0.455560
0.016400 0.466145
0.016450 0.433317
0.016500 0.463792
0.016550 0.417570
0.016600 0.459557
0.016650 0.436175
0.016700 0.421676
0.016750 0.380216
0.016800 0.380897
0.016850 0.423547
0.016900 0.414420
0.016950 0.478020
0.017000 0.468914
0.017050 0.428650
0.017100 0.452561
0.017150 0.404143
0.017200 0.413307
0.017250 0.385575
0.017300 0.397553
0.017350 0.422557
0.017400 0.416063
0.017450 0.343757
0.017500 0.376175
0.017550 0.427925
0.017600 0.432506
0.017650 0.385130
0.017700 0.438924
0.017750 0.428068
0.017800 0.388958
0.017850 0.448726
0.017900 0.490010
0.017950 0.409998
0.018000 0.423577
0.018050 0.419933
0.018100 0.409401
0.018150 0.403553
0.018200 0.403536
0.018250 0.456994
0.018300 0.411839
0.018350 0.371871
0.018400 0.438994
0.018450 0.497822
0.018500 0.381309
0.018550 0.412687
0.018600 0.398104
0.018650 0.412986
0.018700 0.457649
0.018750 0.374865
0.018800 0.387966
0.018850 0.319182
0.018900 0.390118
0.018950 0.372354
0.019000 0.382298
0.019050 0.365616
0.019100 0.429651
0.019150 0.467343
0.019200 0.439142
0.019250 0.338570
0.019300 0.439262
0.019350 0.339010
0.019400 0.348101
0.019450 0.377577
0.019500 0.351010
0.019550 0.341520
0.019600 0.372470
0.019650 0.430876
0.019700 0.391404
0.019750 0.428882
0.019800 0.306684
0.019850 0.342792
0.019900 0.330129
0.019950 0.329003
0.020000 0.337525
0.020050 0.305943
0.020100 0.325741
0.020150 0.433387
0.020200 0.419149
0.020250 0.376413
0.020300 0.381415
0.020350 0.390563
0.020400 0.406760
0.020450 0.359144
0.020500 0.408203
0.020550 0.388845
0.020600 0.439996
0.020650 0.384320
0.020700 0.329511
0.020750 0.370013
0.020800 0.356626
0.020850 0.342334
0.020900 0.426013
0.020950 0.368779
0.021000 0.439566
0.021050 0.420154
0.021100 0.540218
0.021150 0.555582
0.021200 0.718975
0.021250 0.831143
0.021300 0.887751
0.021350 1.035931
0.021400 1.225484
0.021450 1.550526
0.021500 2.251941
0.021550 2.703777
0.021600 3.624623
0.021650 5.006631
0.021700 6.230203
0.021750 7.798683
0.021800 9.785953
0.021850 11.820821
0.021900 14.257433
0.021950 16.663725
0.022000 17.867536
0.022050 18.937178
0.022100 20.208047
0.022150 21.372431
0.022200 21.765803
0.022250 20.645267
0.022300 20.229098
0.022350 19.010328
0.022400 17.475721
0.022450 15.668441
0.022500 14.242365
0.022550 12.528861
0.022600 11.458200
0.022650 10.214422
0.022700 9.282007
0.022750 8.494591
0.022800 7.829738
0.022850 6.901558
0.022900 6.100236
0.022950 5.721792
0.023000 5.221821
0.023050 5.064525
0.023100 4.430612
0.023150 4.335846
0.023200 4.110196
0.023250 3.671924
0.023300 3.780428
0.023350 3.497396
0.023400 3.154342
0.023450 3.069900
0.023500 3.013616
0.023550 2.716222
0.023600 2.744697
0.023650 2.514527
0.023700 2.536053
0.023750 2.510099
0.023800 2.386180
0.023850 2.147224
0.023900 2.289477
0.023950 1.969895
0.024000 2.176444
0.024050 1.925416
0.024100 2.025409
0.024150 2.075687
0.024200 1.914329
0.024250 1.883189
0.024300 1.680433
0.024350 1.801925
0.024400 1.807299
0.024450 1.665709
0.024500 1.788395
0.024550 1.634841
0.024600 1.615436
0.024650 1.650260
0.024700 1.584818
0.024750 1.404410
0.024800 1.445078
0.024850 1.624946
0.024900 1.529463
0.024950 1.493913
0.025000 1.406556
0.025050 1.502920
0.025100 1.558123
0.025150 1.523953
0.025200 1.473933
0.025250 1.470177
0.025300 1.361460
0.025350 1.383682
0.025400 1.415210
0.025450 1.365336
0.025500 1.457238
0.025550 1.354108
0.025600 1.234481
0.025650 1.345981
0.025700 1.375747
0.025750 1.412923
0.025800 1.255935
0.025850 1.346169
0.025900 1.362204
0.025950 1.310224
0.026000 1.256393
0.026050 1.155285
0.026100 1.175992
0.026150 1.248186
0.026200 1.344959
0.026250 1.254517
0.026300 1.199407
0.026350 1.112317
0.026400 1.125786
0.026450 1.127158
0.026500 1.137050
0.026550 1.109242
0.026600 1.112207
0.026650 1.247103
0.026700 1.213713
0.026750 1.155493
0.026800 1.151735
0.026850 1.136135
0.026900 1.132321
0.026950 1.102041
0.027000 1.137069
0.027050 1.103473
0.027100 1.031153
0.027150 1.171153
0.027200 1.036172
0.027250 1.026042
0.027300 1.083701
0.027350 1.138405
0.027400 0.960099
0.027450 1.032733
0.027500 1.083190
0.027550 1.126210
0.027600 1.022381
0.027650 0.998887
0.027700 1.039662
0.027750 0.892746
0.027800 1.054745
0.027850 0.974905
0.027900 1.003097
0.027950 1.052177
0.028000 1.035899
0.028050 0.976275
0.028100 0.941120
0.028150 0.926662
0.028200 0.979379
0.028250 0.965605
0.028300 0.998835
0.028350 0.971481
0.028400 0.982121
0.028450 1.049263
0.028500 1.007142
0.028550 1.020298
0.028600 1.036976
0.028650 0.928050
0.028700 0.979569
0.028750 1.007757
0.028800 1.044762
0.028850 0.962906
0.028900 0.910747
0.028950 0.980713
0.029000 1.001091
0.029050 0.898205
0.029100 0.923646
0.029150 0.924122
0.029200 0.955621
0.029250 0.953895
0.029300 0.906976
0.029350 0.892760
0.029400 0.947400
0.029450 0.912064
0.029500 1.017221
0.029550 0.902111
0.029600 0.938239
0.029650 0.925857
0.029700 0.928302
0.029750 0.849122
0.029800 0.795826
0.029850 0.869652
0.029900 0.907326
0.029950 0.857604
0.030000 0.840703
0.030050 0.860455
0.030100 0.812785
0.030150 0.848245
0.030200 0.758057
0.030250 0.877719
0.030300 0.948216
0.030350 0.901124
0.030400 0.903142
0.030450 0.841134
0.030500 0.929141
0.030550 0.841951
0.030600 0.849975
0.030650 0.834721
0.030700 0.896282
0.030750 0.958158
0.030800 0.824760
0.030850 0.808146
0.030900 0.802608
0.030950 0.887578
0.031000 0.832007
0.031050 0.797951
0.031100 0.915757
0.031150 0.840705
0.031200 0.897805
0.031250 0.818725
0.031300 0.834583
0.031350 0.894491
0.031400 0.822609
0.031450 0.820327
0.031500 0.881148
0.031550 0.832304
0.031600 0.768049
0.031650 0.754223
0.031700 0.815276
0.031750 0.893168
0.031800 0.824931
0.031850 0.753833
0.031900 0.778903
0.031950 0.794505
0.032000 0.831988
0.032050 0.841412
0.032100 0.816814
0.032150 0.870682
0.032200 0.822904
0.032250 0.853728
0.032300 0.812891
0.032350 0.746605
0.032400 0.792951
0.032450 0.803775
0.032500 0.670140
0.032550 0.859946
0.032600 0.718916
0.032650 0.786530
0.032700 0.819753
0.032750 0.770485
0.032800 0.828095
0.032850 0.710295
0.032900 0.708613
0.032950 0.726737
0.033000 0.774041
0.033050 0.791121
0.033100 0.730057
0.033150 0.768993
0.033200 0.843363
0.033250 0.696303
0.033300 0.764033
0.033350 0.669089
0.033400 0.712883
0.033450 0.675817
0.033500 0.781521
0.033550 0.785567
0.033600 0.719651
0.033650 0.708721
0.033700 0.763905
0.033750 0.671303
0.033800 0.710317
0.033850 0.735957
0.033900 0.677527
0.033950 0.739211
0.034000 0.701754
0.034050 0.700972
0.034100 0.691320
0.034150 0.722678
0.034200 0.790491
0.034250 0.698089
0.034300 0.757808
0.034350 0.699464
0.034400 0.755940
0.034450 0.774034
0.034500 0.716208
0.034550 0.800694
0.034600 0.704685
0.034650 0.758175
0.034700 0.722948
0.034750 0.701500
0.034800 0.701578
0.034850 0.736568
0.034900 0.649395
0.034950 0.801259
0.035000 0.714745
0.035050 0.694561
0.035100 0.727027
0.035150 0.774427
0.035200 0.730390
0.035250 0.615576
0.035300 0.773187
0.035350 0.699255
0.035400 0.800143
0.035450 0.682789
0.035500 0.672310
0.035550 0.783550
0.035600 0.776912
0.035650 0.738840
0.035700 0.709198
0.035750 0.624310
0.035800 0.649495
0.035850 0.731519
0.035900 0.655717
0.035950 0.691929
0.036000 0.686485
0.036050 0.631933
0.036100 0.718150
0.036150 0.704824
0.036200 0.684928
0.036250 0.751354
0.036300 0.730098
0.036350 0.666540
0.036400 0.658863
0.036450 0.607365
0.036500 0.709907
0.036550 0.643057
0.036600 0.616258
0.036650 0.634134
0.036700 0.698399
0.036750 0.625305
0.036800 0.638889
0.036850 0.580953
0.036900 0.600387
0.036950 0.608811
0.037000 0.739545
0.037050 0.624475
0.037100 0.667951
0.037150 0.698965
0.037200 0.657849
0.037250 0.547199
0.037300 0.610165
0.037350 0.699575
0.037400 0.675506
0.037450 0.566600
0.037500 0.614978
0.037550 0.690632
0.037600 0.699581
0.037650 0.796039
0.037700 0.766050
0.037750 0.683786
0.037800 0.563354
0.037850 0.641050
0.037900 0.638610
0.037950 0.649850
0.038000 0.720502
0.038050 0.648948
0.038100 0.726669
0.038150 0.581617
0.038200 0.579824
0.038250 0.562714
0.038300 0.630684
0.038350 0.639794
0.038400 0.651256
0.038450 0.627352
0.038500 0.685090
0.038550 0.616454
0.038600 0.612492
0.038650 0.633292
0.038700 0.618532
0.038750 0.656492
0.038800 0.567180
0.038850 0.569336
0.038900 0.614355
0.038950 0.650197
0.039000 0.665099
0.039050 0.638621
0.039100 0.564287
0.039150 0.688813
0.039200 0.656040
0.039250 0.623936
0.039300 0.581487
0.039350 0.636597
0.039400 0.674568
0.039450 0.625002
0.039500 0.594240
0.039550 0.616434
0.039600 0.565765
0.039650 0.671331
0.039700 0.557885
0.039750 0.643815
0.039800 0.626468
0.039850 0.563578
0.039900 0.621109
0.039950 0.582065
0.040000 0.586938
0.040050 0.526876
0.040100 0.628804
0.040150 0.592834
0.040200 0.616308
0.040250 0.669700
0.040300 0.684563
0.040350 0.653433
0.040400 0.622195
0.040450 0.596519
0.040500 0.579677
0.040550 0.582269
0.040600 0.570245
0.040650 0.589117
0.040700 0.541237
0.040750 0.490741
0.040800 0.663926
0.040850 0.547366
0.040900 0.631860
0.040950 0.622372
0.041000 0.640771
0.041050 0.633763
0.041100 0.583941
0.041150 0.704513
0.041200 0.648157
0.041250 0.557737
0.041300 0.557139
0.041350 0.628583
0.041400 0.590037
0.041450 0.629379
0.041500 0.545883
0.041550 0.629325
0.041600 0.571466
0.041650 0.580960
0.041700 0.532881
0.041750 0.681097
0.041800 0.596330
0.041850 0.567412
0.041900 0.583704
0.041950 0.579062
0.042000 0.589549
0.042050 0.591661
0.042100 0.613177
0.042150 0.612833
0.042200 0.550810
0.042250 0.568098
0.042300 0.556657
0.042350 0.539247
0.042400 0.610079
0.042450 0.625919
0.042500 0.516725
0.042550 0.551993
0.042600 0.601041
0.042650 0.560599
0.042700 0.539687
0.042750 0.556373
0.042800 0.615975
0.042850 0.554815
0.042900 0.577630
0.042950 0.583332
0.043000 0.670856
0.043050 0.519056
0.043100 0.597155
0.043150 0.690221
0.043200 0.578612
0.043250 0.534170
0.043300 0.547670
0.043350 0.608096
0.043400 0.498414
0.043450 0.512770
0.043500 0.541990
0.043550 0.574806
0.043600 0.581552
0.043650 0.466842
0.043700 0.662370
0.043750 0.636948
0.043800 0.550932
0.043850 0.546282
0.043900 0.590847
0.043950 0.612691
0.044000 0.479560
0.044050 0.496804
0.044100 0.561796
0.044150 0.592540
0.044200 0.690655
0.044250 0.523309
0.044300 0.531915
0.044350 0.593837
0.044400 0.503067
0.044450 0.573087
0.044500 0.584544
0.044550 0.654918
0.044600 0.596050
0.044650 0.545930
0.044700 0.551138
0.044750 0.602962
0.044800 0.586794
0.044850 0.599314
0.044900 0.569629
0.044950 0.572251
0.045000 0.533442
0.045050 0.562160
0.045100 0.534994
0.045150 0.606280
0.045200 0.542964
0.045250 0.632558
0.045300 0.580963
0.045350 0.589131
0.045400 0.509159
0.045450 0.583629
0.045500 0.526256
0.045550 0.508828
0.045600 0.557998
0.045650 0.547926
0.045700 0.592727
0.045750 0.520433
0.045800 0.540525
0.045850 0.489085
0.045900 0.607498
0.045950 0.525744
0.046000 0.548723
0.046050 0.524761
0.046100 0.545031
0.046150 0.537653
0.046200 0.496957
0.046250 0.566329
0.046300 0.534889
0.046350 0.601721
0.046400 0.548005
0.046450 0.556431
0.046500 0.576993
0.046550 0.510019
0.046600 0.511877
0.046650 0.543635
0.046700 0.500701
0.046750 0.485715
0.046800 0.527844
0.046850 0.530718
0.046900 0.492291
0.046950 0.498867
0.047000 0.505470
0.047050 0.469710
0.047100 0.577178
0.047150 0.461266
0.047200 0.483906
0.047250 0.512300
0.047300 0.554048
0.047350 0.493550
0.047400 0.536307
0.047450 0.523155
0.047500 0.562272
0.047550 0.479662
0.047600 0.507345
0.047650 0.546569
0.047700 0.553452
0.047750 0.629194
0.047800 0.543446
0.047850 0.585806
0.047900 0.514183
0.047950 0.507621
0.048000 0.518342
0.048050 0.492546
0.048100 0.509047
0.048150 0.527533
0.048200 0.465022
0.048250 0.509548
0.048300 0.541647
0.048350 0.443171
0.048400 0.542071
0.048450 0.520033
0.048500 0.491135
0.048550 0.444657
0.048600 0.459340
0.048650 0.570500
0.048700 0.455808
0.048750 0.568176
0.048800 0.471817
0.048850 0.516977
0.048900 0.570113
0.048950 0.490137
0.049000 0.537451
0.049050 0.454309
0.049100 0.510504
0.049150 0.506852
0.049200 0.472659
0.049250 0.511331
0.049300 0.500776
0.049350 0.492170
0.049400 0.573542
0.049450 0.604676
0.049500 0.462484
0.049550 0.535130
0.049600 0.461037
0.049650 0.497059
0.049700 0.457575
0.049750 0.510605
0.049800 0.521926
0.049850 0.489374
0.049900 0.542643
