0.12531 -0.0250000004 0.0209611386 0.028029104 asynchronous_release_0
0.112473 -0.0250000004 0.000302398742 0.000953181515 asynchronous_release_0
0.016549 -0.0250000004 0.0348368464 0.00337551927 asynchronous_release_0
0.112953 -0.0250000004 0.032714676 -0.0124398543 asynchronous_release_0
0.043532 -0.0250000004 0.021693154 0.0274664717 asynchronous_release_1
0.063577 -0.0250000004 -0.0257068888 -0.0237519656 asynchronous_release_0
0.104298 -0.0250000004 -0.00347558672 -0.0348270053 asynchronous_release_0
0.128677 -0.0250000004 -0.0284232779 0.020423449 asynchronous_release_0
0.120834 -0.0250000004 0.00505445933 -0.0346331119 asynchronous_release_0
0.074767 -0.0250000004 0.0299199916 0.0181602342 asynchronous_release_0
0.127558 -0.0250000004 0.00386651728 -0.0347857736 asynchronous_release_0
0.127246 -0.0250000004 0.0175468856 0.0302837713 asynchronous_release_0
0.083434 -0.0250000004 0.0312582351 0.0157455625 asynchronous_release_0
0.128668 -0.0250000004 0.000456440277 0.000889754052 asynchronous_release_0
0.081593 -0.0250000004 -0.00804543157 -0.0340627514 asynchronous_release_0
0.123421 -0.0250000004 -0.000652582448 0.0349939157 asynchronous_release_0
0.109862 -0.0250000004 -0.0132979101 -0.0323753855 asynchronous_release_0
0.11302 -0.0250000004 -0.0213889512 0.0277040207 asynchronous_release_0
0.067192 -0.0250000004 0.0164690495 0.0308831735 asynchronous_release_0
0.016382 -0.0250000004 0.0273826108 -0.0217989135 asynchronous_release_0
0.09135 -0.0250000004 -0.0216433862 -0.0275057054 asynchronous_release_0
0.111068 -0.0250000004 -0.0327100584 -0.0124519909 asynchronous_release_1
0.061162 -0.0250000004 -0.0348377182 -0.00336651024 asynchronous_release_1
0.11866 -0.0250000004 0.0203343425 -0.0284870938 asynchronous_release_1
0.004564 -0.0250000004 -0.00418411463 -0.0347490026 asynchronous_release_3
0.036177 -0.0250000004 0.0051227876 0.034623071 asynchronous_release_0
0.052959 -0.0250000004 0.0325458529 0.0128750713 asynchronous_release_0
0.120893 -0.0250000004 0.0237533547 -0.0257056052 asynchronous_release_0
0.110879 -0.0250000004 0.00267140403 0.0348979025 asynchronous_release_1
0.05963 -0.0250000004 0.000646702536 -0.000762742309 asynchronous_release_0
0.093693 -0.0250000004 0.0320527585 0.014057762 asynchronous_release_0
0.110396 -0.0250000004 0.0220070674 -0.0272156019 asynchronous_release_0
0.06389 -0.0250000004 0.0292932696 -0.0191547475 asynchronous_release_0
0.095073 -0.0250000004 -0.0264950592 -0.0228694521 asynchronous_release_0
0.122043 -0.0250000004 0.0330530561 -0.0115106683 asynchronous_release_0
0.031814 -0.0250000004 0.000971885475 0.000235454078 asynchronous_release_0
0.074053 -0.0250000004 -0.015750557 0.0312557187 asynchronous_release_0
0.112758 -0.0250000004 0.0198812676 -0.0288051246 asynchronous_release_0
0.126944 -0.0250000004 -0.0346305149 0.0050722223 asynchronous_release_0
0.106541 -0.0250000004 -0.00310278342 0.0348621964 asynchronous_release_0
0.035286 -0.0250000004 0.0331734879 -0.0111588397 asynchronous_release_0
0.113776 -0.0250000004 -0.00799862794 -0.0340737722 asynchronous_release_0
0.117009 -0.0250000004 9.36363096e-05 0.000995606469 asynchronous_release_0
0.024477 -0.0250000004 -0.0310681147 0.0161174516 asynchronous_release_0
0.045531 -0.0250000004 -0.000547393844 -0.000836875128 asynchronous_release_0
0.058663 -0.0250000004 0.000703056191 0.0007111343 asynchronous_release_0
0.021866 -0.0250000004 0.0231522014 0.0262483441 asynchronous_release_0
0.115209 -0.0250000004 -0.00091298239 -0.000407998965 asynchronous_release_0
0.015853 -0.0250000004 0.000844191733 -0.000536041341 asynchronous_release_0
0.125404 -0.0250000004 0.0325792221 -0.0127903983 asynchronous_release_0
0.058171 -0.0250000004 -0.000553442715 -0.000832887244 asynchronous_release_0
0.115953 -0.0250000004 0.0200629455 -0.028678881 asynchronous_release_0
0.053103 -0.0250000004 0.0349150102 0.00243763506 asynchronous_release_0
0.104038 -0.0250000004 0.000898745809 -0.000438470034 asynchronous_release_2
0.059105 -0.0250000004 -0.0337070385 -0.00942526164 asynchronous_release_0
0.123132 -0.0250000004 0.0252011174 -0.0551353215 asynchronous_release_0
0.128569 -0.0250000004 -0.020630565 0.0282733052 asynchronous_release_0
0.117214 -0.0250000004 0.03011656 -0.017832353 asynchronous_release_0
0.031174 -0.0250000004 0.0288597604 -0.0198018744 asynchronous_release_0
0.066723 -0.0250000004 0.000769554742 0.000638580847 asynchronous_release_0
0.080831 -0.0250000004 0.0206851984 -0.0282333591 asynchronous_release_0
0.110272 -0.0250000004 -0.00568587387 0.0345350668 asynchronous_release_0
0.117753 -0.0250000004 -0.0334755154 -0.0102171359 asynchronous_release_0
0.121707 -0.0250000004 0.0208612809 -0.0281035044 asynchronous_release_0
0.085878 -0.0250000004 0.0342822599 -0.00705171309 asynchronous_release_0
0.112556 -0.0250000004 0.0120007391 -0.0328782947 asynchronous_release_0
0.123397 -0.0250000004 0.000887887151 0.000460061309 asynchronous_release_0
0.127481 -0.0250000004 0.0297735526 -0.0183993361 asynchronous_release_0
0.129699 -0.0250000004 -0.0302912342 -0.0175339993 asynchronous_release_0
0.125689 -0.0250000004 -0.025033954 0.0244601951 asynchronous_release_0
0.128193 -0.0250000004 -0.0313392613 -0.0155836678 asynchronous_release_0
0.109103 -0.0250000004 -0.015421263 0.0314194947 asynchronous_release_1
0.060031 -0.0250000004 0.0228604315 0.0265028427 asynchronous_release_0
0.127636 -0.0250000004 0.0345080893 0.0058473731 asynchronous_release_0
0.090361 -0.0250000004 0.0206640662 -0.0282488295 asynchronous_release_0
0.126267 -0.0250000004 -0.0317426851 0.0147445563 asynchronous_release_0
0.121325 -0.0250000004 0.0346738397 -0.00476705804 asynchronous_release_0
0.083571 -0.0250000004 0.0250039088 0.0244909074 asynchronous_release_0
0.120033 -0.0250000004 -0.0231979128 0.0262079538 asynchronous_release_0
0.060162 -0.0250000004 -0.000775836748 -0.000630933705 asynchronous_release_0
0.096849 -0.0250000004 0.0220826797 -0.0271542862 asynchronous_release_0
0.103049 -0.0250000004 0.0216980011 -0.0274626428 asynchronous_release_4
0.077167 -0.0250000004 0.027813447 -0.0212464625 asynchronous_release_0
0.028905 -0.0250000004 0.00421449112 0.0347453316 asynchronous_release_0
0.113063 -0.0250000004 -0.027662209 0.0214429987 asynchronous_release_0
0.009101 -0.0250000004 0.0242972911 -0.0251920949 asynchronous_release_0
0.028056 -0.0250000004 0.0197934365 0.0288655482 asynchronous_release_4
0.071941 -0.0250000004 0.0253545815 0.0241276853 asynchronous_release_0
0.058148 -0.0250000004 0.0104356075 0.0334080543 asynchronous_release_0
0.009154 -0.0250000004 0.0103039216 -0.0334489043 asynchronous_release_0
0.092601 -0.0250000004 -0.0103039216 0.0334489043 asynchronous_release_0
0.114793 -0.0250000004 0.00904276369 0.0338116611 asynchronous_release_0
0.074203 -0.0250000004 0.0163398887 0.0309517049 asynchronous_release_0
0.127536 -0.0250000004 0.0283944849 -0.0204634608 asynchronous_release_0
0.029099 -0.0250000004 -0.000791691382 -0.000610921236 asynchronous_release_0
0.068145 -0.0250000004 0.0339108665 -0.00866332123 asynchronous_release_0
0.115015 -0.0250000004 0.0244580895 0.0250360112 asynchronous_release_1
0.060638 -0.0250000004 -0.0331009952 0.0113720762 asynchronous_release_0
0.108835 -0.0250000004 0.0121259877 -0.0328323076 asynchronous_release_0
0.01305 -0.0250000004 0.0298764705 -0.0182317445 asynchronous_release_0
0.066179 -0.0250000004 -0.00866954723 -0.0339092753 asynchronous_release_0
0.01874 -0.0250000004 0.00314813915 -0.0348581299 asynchronous_release_0
0.123459 -0.0250000004 -0.0321439188 0.0138480497 asynchronous_release_0
0.123518 -0.0250000004 0.0696965718 0.00651059783 asynchronous_release_0
0.105926 -0.0250000004 -0.00733346176 -0.0342230966 asynchronous_release_0
0.017616 -0.0250000004 -0.0124934376 0.0326942505 asynchronous_release_0
0.114536 -0.0250000004 -0.00253766014 -0.0349078828 asynchronous_release_0
0.092799 -0.0250000004 0.0579113013 -0.0179243181 asynchronous_release_0
0.116564 -0.0250000004 -0.00782781967 -0.0341134173 asynchronous_release_0
0.012178 -0.0250000004 0.034681046 0.00471434487 asynchronous_release_0
0.113015 -0.0250000004 -0.00195730227 -0.0349452281 asynchronous_release_0
0.030123 -0.0250000004 0.0339568485 -0.00848129959 asynchronous_release_0
0.126182 -0.0250000004 -0.0273299996 0.0541116542 asynchronous_release_0
0.104193 -0.0250000004 -0.0337304 0.00934131216 asynchronous_release_3
0.028541 -0.0250000004 0.0202083567 0.0285766044 asynchronous_release_0
0.121372 -0.0250000004 0.014643887 -0.0317892525 asynchronous_release_0
0.11955 -0.0250000004 0.000110636797 0.000993860905 asynchronous_release_0
0.115121 -0.0250000004 0.0349620683 -0.00162904191 asynchronous_release_0
0.098058 -0.0250000004 0.0558999312 0.0234562932 asynchronous_release_0
0.079035 -0.0250000004 -0.0529191448 -0.0295730302 asynchronous_release_0
0.116122 -0.0250000004 0.0349965709 -0.000489926117 asynchronous_release_1
0.105275 -0.0250000004 -0.0319922506 -0.0141949252 asynchronous_release_0
0.122197 -0.0250000004 -0.0176200379 -0.0302412676 asynchronous_release_0
0.129548 -0.0250000004 -0.0349997249 0.000138766618 asynchronous_release_0
0.069349 -0.0250000004 0.000969041092 0.000246899499 asynchronous_release_0
0.073733 -0.0250000004 -0.0344705311 -0.00606485651 asynchronous_release_0
0.122672 -0.0250000004 -0.000900544336 -0.000434764189 asynchronous_release_0
0.063012 -0.0250000004 -0.0270722862 0.0221831315 asynchronous_release_0
0.023508 -0.0250000004 0.00668273301 0.0343560923 asynchronous_release_0
0.009992 -0.0250000004 0.0221861268 0.0270698315 asynchronous_release_0
0.1074 -0.0250000004 0.0182524287 0.0298638384 asynchronous_release_0
0.107623 -0.0250000004 0.0312136271 0.0158338083 asynchronous_release_3
0.117819 -0.0250000004 0.00966218587 0.0336398895 asynchronous_release_0
0.122837 -0.0250000004 0.0307017758 -0.0168047898 asynchronous_release_0
0.049114 -0.0250000004 -0.0266316286 0.0227102699 asynchronous_release_0
0.106906 -0.0250000004 0.0178308107 -0.0301174732 asynchronous_release_1
0.129234 -0.0250000004 -0.0284778942 -0.0203472245 asynchronous_release_0
0.050522 -0.0250000004 0.000938641665 0.000344893932 asynchronous_release_0
0.123291 -0.0250000004 -0.0104372885 0.0334075292 asynchronous_release_0
0.104085 -0.0250000004 0.034751862 -0.00416029903 asynchronous_release_1
0.102819 -0.0250000004 0.00383005201 -0.0347898074 asynchronous_release_2
0.110283 -0.0250000004 0.0284279262 0.0204169785 asynchronous_release_0
0.109611 -0.0250000004 -0.000505993871 -0.000862537073 asynchronous_release_1
0.128988 -0.0250000004 -0.0298253174 0.0183153062 asynchronous_release_0
0.107957 -0.0250000004 0.0199122922 -0.0287836867 asynchronous_release_0
0.11111 -0.0250000004 0.0349990682 -0.000255391944 asynchronous_release_4
0.028607 -0.0250000004 0.0349997275 0.000138106213 asynchronous_release_0
0.122557 -0.0250000004 0.0349965242 -0.00049325036 asynchronous_release_0
0.030751 -0.0250000004 0.0304728667 -0.017216399 asynchronous_release_0
0.119987 -0.0250000004 -0.000875072097 -0.000483992587 asynchronous_release_0
0.119029 -0.0250000004 -0.0340744753 -0.00799563222 asynchronous_release_0
0.118486 -0.0250000004 -0.0234984593 -0.0259388205 asynchronous_release_1
0.105747 -0.0250000004 0.0101999594 0.0334807531 asynchronous_release_0
0.113834 -0.0250000004 -0.0243848596 0.025107342 asynchronous_release_0
0.014018 -0.0250000004 -0.0256095869 -0.0238568452 asynchronous_release_0
0.029126 -0.0250000004 0.00528319087 -0.034598958 asynchronous_release_1
0.117172 -0.0250000004 -0.00056620749 -0.000824262748 asynchronous_release_1
0.129357 -0.0250000004 0.00887836557 0.0338552009 asynchronous_release_0
0.116957 -0.0250000004 0.000778232695 0.000627976012 asynchronous_release_0
0.118406 -0.0250000004 -0.00443487204 -0.0347178903 asynchronous_release_0
0.059328 -0.0250000004 -0.0265914739 0.0227572739 asynchronous_release_0
0.09744 -0.0250000004 0.0236184231 -0.0258296358 asynchronous_release_0
0.112681 -0.0250000004 -0.0348198377 -0.00354667462 asynchronous_release_0
0.115784 -0.0250000004 -0.0304555544 -0.0172470057 asynchronous_release_1
0.092696 -0.0250000004 -0.000608230119 -0.000793760747 asynchronous_release_0
0.057856 -0.0250000004 0.000685737299 -0.00072784913 asynchronous_release_0
0.020323 -0.0250000004 -0.000922327255 0.000386409671 asynchronous_release_0
0.045613 -0.0250000004 0.0301332866 0.0178040736 asynchronous_release_0
0.063534 -0.0250000004 0.000429733977 0.000902955541 asynchronous_release_0
0.10635 -0.0250000004 0.0251456088 -0.0243453971 asynchronous_release_0
0.122034 -0.0250000004 -0.0348600289 0.00312704106 asynchronous_release_0
0.102854 -0.0250000004 -0.0330391058 -0.0115506488 asynchronous_release_0
0.01493 -0.0250000004 0.000317016078 -0.000948420164 asynchronous_release_0
0.111103 -0.0250000004 0.0347283079 -0.00435254308 asynchronous_release_0
0.018893 -0.0250000004 -0.00415395212 0.0347526212 asynchronous_release_0
0.038733 -0.0250000004 0.0341868462 -0.00750063637 asynchronous_release_0
0.03929 -0.0250000004 0.0323483066 0.0133636468 asynchronous_release_0
0.112955 -0.0250000004 0.0185409433 -0.029685576 asynchronous_release_4
0.035137 -0.0250000004 0.0289255721 0.0197056154 asynchronous_release_0
0.115642 -0.0250000004 0.0218576087 0.0273357814 asynchronous_release_1
0.129816 -0.0250000004 -0.0302005472 -0.0176897414 asynchronous_release_0
0.119401 -0.0250000004 0.0340422778 0.00813162488 asynchronous_release_0
0.12509 -0.0250000004 0.000718709639 -0.00069531033 asynchronous_release_0
0.021856 -0.0250000004 0.0270233846 -0.0222426771 asynchronous_release_0
0.105895 -0.0250000004 -0.0105867974 0.0333604515 asynchronous_release_0
0.105939 -0.0250000004 -0.0035807791 -0.034816347 asynchronous_release_1
0.022941 -0.0250000004 0.0297053544 0.0185092388 asynchronous_release_0
0.018469 -0.0250000004 -0.0198407863 -0.0288330227 asynchronous_release_0
0.123865 -0.0250000004 -0.0149681833 -0.031637849 asynchronous_release_0
0.02758 -0.0250000004 0.000658235424 0.0349938098 asynchronous_release_0
0.04057 -0.0250000004 0.0149431019 -0.0316497031 asynchronous_release_0
0.123428 -0.0250000004 0.0199378959 0.0287659574 asynchronous_release_0
0.036322 -0.0250000004 0.00930598395 -0.0337401639 asynchronous_release_0
0.013791 -0.0250000004 -0.0120208995 0.032870929 asynchronous_release_0
0.116949 -0.0250000004 -0.0101149029 0.0335065477 asynchronous_release_0
0.102649 -0.0250000004 -0.00970284175 0.0336281855 asynchronous_release_0
0.006975 -0.0250000004 0.0316005719 -0.0150467224 asynchronous_release_0
0.067307 -0.0250000004 0.0272976579 0.0219052019 asynchronous_release_0
0.11599 -0.0250000004 0.0349605535 -0.00166123456 asynchronous_release_0
0.119481 -0.0250000004 -0.000921626974 -0.000388076953 asynchronous_release_0
0.106276 -0.0250000004 -0.0303210482 -0.0174823922 asynchronous_release_4
0.129249 -0.0250000004 0.0149364584 0.0316528389 asynchronous_release_0
0.113139 -0.0250000004 0.0184039736 0.0297706862 asynchronous_release_0
0.097242 -0.0250000004 0.0154428154 -0.0314089072 asynchronous_release_0
0.088693 -0.0250000004 0.000382391269 -0.000924000496 asynchronous_release_0
0.065563 -0.0250000004 -0.0340329671 0.00817050494 asynchronous_release_0
0.093729 -0.0250000004 0.0240923484 0.0253881616 asynchronous_release_0
0.045879 -0.0250000004 0.00602239755 0.0344779745 asynchronous_release_0
0.128866 -0.0250000004 -0.0238604251 -0.0256062514 asynchronous_release_0
0.107632 -0.0250000004 -0.0349809918 -0.00115334712 asynchronous_release_0
0.04848 -0.0250000004 0.0291773188 -0.0193309096 asynchronous_release_0
0.071736 -0.0250000004 0.0135346617 0.0322771271 asynchronous_release_0
0.123743 -0.0250000004 0.00099991027 1.33959556e-05 asynchronous_release_1
0.128326 -0.0250000004 -0.0233518266 0.026070907 asynchronous_release_0
0.074061 -0.0250000004 0.0135964039 -0.0322511674 asynchronous_release_0
0.003762 -0.0250000004 -0.0346273826 0.00509356222 asynchronous_release_0
0.117693 -0.0250000004 -0.0156591784 -0.0313015995 asynchronous_release_0
0.128829 -0.0250000004 0.0192783911 -0.0292120461 asynchronous_release_0
0.008393 -0.0250000004 0.0319770968 0.0142290294 asynchronous_release_0
0.115877 -0.0250000004 -0.0217717349 0.0274042252 asynchronous_release_1
0.021853 -0.0250000004 0.0349990412 -0.000259062764 asynchronous_release_0
0.089624 -0.0250000004 -0.0172751657 0.0304395902 asynchronous_release_0
0.082377 -0.0250000004 0.00222513715 -0.0349291965 asynchronous_release_0
0.043449 -0.0250000004 0.0312767525 0.0157087477 asynchronous_release_0
0.099824 -0.0250000004 -0.0349998231 -0.000111272711 asynchronous_release_0
0.127361 -0.0250000004 0.0347580325 -0.00410842722 asynchronous_release_1
0.07523 -0.0250000004 0.0303558013 0.0174219783 asynchronous_release_0
0.126649 -0.0250000004 -0.0189765685 -0.0294090097 asynchronous_release_0
0.050526 -0.0250000004 0.0326324904 0.0126538758 asynchronous_release_0
0.062948 -0.0250000004 0.0272748231 -0.0219336277 asynchronous_release_0
0.099587 -0.0250000004 0.00418705839 -0.0347486481 asynchronous_release_0
0.126557 -0.0250000004 -0.0201586829 -0.0286116672 asynchronous_release_0
0.009635 -0.0250000004 0.0332269854 0.0109985199 asynchronous_release_0
0.093103 -0.0250000004 -0.0287782538 0.0199201433 asynchronous_release_0
0.113546 -0.0250000004 0.000302807851 -0.000953051628 asynchronous_release_0
0.102645 -0.0250000004 -0.000945417158 -0.000325862544 asynchronous_release_1
0.12172 -0.0250000004 0.0316050903 0.0150372294 asynchronous_release_0
0.106496 -0.0250000004 -0.0204907434 0.0283748028 asynchronous_release_0
0.033955 -0.0250000004 0.0279442665 -0.0210741066 asynchronous_release_0
0.066258 -0.0250000004 -0.0299931765 -0.0180391065 asynchronous_release_0
0.065063 -0.0250000004 -0.00073521033 0.000677839044 asynchronous_release_0
0.103622 -0.0250000004 -0.032509111 0.0129675635 asynchronous_release_0
0.04459 -0.0250000004 0.0224705612 0.0268341924 asynchronous_release_0
0.016289 -0.0250000004 -0.0205397061 0.0283393802 asynchronous_release_0
0.127327 -0.0250000004 -0.000955832491 0.000293911975 asynchronous_release_0
0.025551 -0.0250000004 0.0339849869 0.00836783508 asynchronous_release_0
0.106312 -0.0250000004 0.000999900832 1.40828624e-05 asynchronous_release_1
0.054523 -0.0250000004 0.000949116577 -0.000314924948 asynchronous_release_0
0.087911 -0.0250000004 0.0338148612 0.0090307897 asynchronous_release_0
0.089383 -0.0250000004 0.034985693 0.00100064176 asynchronous_release_0
0.105207 -0.0250000004 0.0276227878 -0.0539627797 asynchronous_release_0
0.022989 -0.0250000004 0.0300363843 -0.0179670704 asynchronous_release_0
0.064917 -0.0250000004 -0.0121005773 -0.0328416813 asynchronous_release_0
0.114975 -0.0250000004 0.00169184072 0.0349590857 asynchronous_release_0
0.104571 -0.0250000004 0.024447442 -0.0655920924 asynchronous_release_3
0.065751 -0.0250000004 -0.017838877 0.0301126961 asynchronous_release_0
0.125101 -0.0250000004 0.00536105379 0.0345869788 asynchronous_release_0
0.1208 -0.0250000004 0.0139674826 -0.032092202 asynchronous_release_3
0.056442 -0.0250000004 -0.0196662394 0.0289523579 asynchronous_release_0
0.115299 -0.0250000004 -0.00191689371 0.034947468 asynchronous_release_0
0.11554 -0.0250000004 0.0220882628 -0.0271497449 asynchronous_release_0
0.103143 -0.0250000004 0.000773815531 0.000633411023 asynchronous_release_2
0.024306 -0.0250000004 -0.0311307038 -0.0159962271 asynchronous_release_0
0.128893 -0.0250000004 -0.0306197846 0.0169537251 asynchronous_release_0
0.057738 -0.0250000004 0.0299983041 -0.0180305782 asynchronous_release_0
0.07204 -0.0250000004 0.0344096234 -0.006401392 asynchronous_release_0
0.126894 -0.0250000004 -0.0339372897 0.00855922694 asynchronous_release_0
0.122754 -0.0250000004 0.0239591432 -0.0255139071 asynchronous_release_0
0.122556 -0.0250000004 -0.0115687631 0.0330327674 asynchronous_release_0
0.105173 -0.0250000004 -0.0226586143 -0.0266755918 asynchronous_release_3
0.044144 -0.0250000004 0.0134420427 -0.0323158086 asynchronous_release_0
0.058191 -0.0250000004 0.0170692175 -0.0305555529 asynchronous_release_0
0.111993 -0.0250000004 -0.000996266875 -8.63267821e-05 asynchronous_release_0
0.122158 -0.0250000004 0.00266534304 -0.034898366 asynchronous_release_0
0.119036 -0.0250000004 -0.0512995361 -0.0323010464 asynchronous_release_0
0.017114 -0.0250000004 -0.0134554415 0.032310232 asynchronous_release_0
0.12751 -0.0250000004 0.0227981001 -0.02655648 asynchronous_release_2
0.115463 -0.0250000004 0.0179642712 -0.0300380585 asynchronous_release_2
0.111416 -0.0250000004 -0.0141791732 -0.0319992351 asynchronous_release_0
0.122684 -0.0250000004 0.00099995411 -9.58005199e-06 asynchronous_release_0
0.00384 -0.0250000004 0.019477458 0.0290796944 asynchronous_release_0
0.037606 -0.0250000004 -0.000789724031 0.000613462269 asynchronous_release_0
0.107201 -0.0250000004 0.0214711794 0.0276403411 asynchronous_release_4
0.118018 -0.0250000004 0.0240282874 0.0254487997 asynchronous_release_0
0.123047 -0.0250000004 0.0102867296 0.0334541955 asynchronous_release_0
0.128124 -0.0250000004 0.00093251467 -0.000361132094 asynchronous_release_0
0.12044 -0.0250000004 0.000537618048 0.0349958707 asynchronous_release_1
0.105083 -0.0250000004 -0.00837062265 0.0339843004 asynchronous_release_4
0.111335 -0.0250000004 -0.0347556078 -0.00412888924 asynchronous_release_0
0.114413 -0.0250000004 0.00879981478 -0.0338757031 asynchronous_release_0
0.01189 -0.0250000004 -0.0332830661 0.0108276272 asynchronous_release_1
0.051279 -0.0250000004 -0.0349078328 0.00253834765 asynchronous_release_0
0.016036 -0.0250000004 0.0245178519 0.0249774886 asynchronous_release_0
0.037733 -0.0250000004 0.0227748647 -0.0265764094 asynchronous_release_0
