0.000000 0.076121
0.000050 0.087503
0.000100 0.088604
0.000150 0.099376
0.000200 0.096191
0.000250 0.097659
0.000300 0.102802
0.000350 0.091176
0.000400 0.095453
0.000450 0.104275
0.000500 0.079913
0.000550 0.084447
0.000600 0.113566
0.000650 0.080644
0.000700 0.100720
0.000750 0.084206
0.000800 0.113814
0.000850 0.102928
0.000900 0.118959
0.000950 0.115403
0.001000 0.106348
0.001050 0.096422
0.001100 0.133294
0.001150 0.142440
0.001200 0.170111
0.001250 0.183453
0.001300 0.234007
0.001350 0.268381
0.001400 0.318678
0.001450 0.495776
0.001500 0.586550
0.001550 0.852156
0.001600 1.204717
0.001650 1.668915
0.001700 2.267252
0.001750 3.079120
0.001800 3.879500
0.001850 4.741816
0.001900 6.165843
0.001950 7.450741
0.002000 8.504531
0.002050 9.641001
0.002100 10.526892
0.002150 11.150440
0.002200 11.622371
0.002250 11.504603
0.002300 11.093323
0.002350 10.206855
0.002400 9.441756
0.002450 8.482398
0.002500 7.385250
0.002550 6.631916
0.002600 5.840298
0.002650 5.242912
0.002700 4.500629
0.002750 4.142473
0.002800 3.714771
0.002850 3.372763
0.002900 3.187655
0.002950 2.940123
0.003000 2.655520
0.003050 2.573108
0.003100 2.343624
0.003150 2.131508
0.003200 2.069000
0.003250 1.900796
0.003300 1.874313
0.003350 1.892511
0.003400 1.823310
0.003450 1.603200
0.003500 1.528594
0.003550 1.533548
0.003600 1.504598
0.003650 1.484110
0.003700 1.340820
0.003750 1.269692
0.003800 1.283139
0.003850 1.331563
0.003900 1.250353
0.003950 1.180853
0.004000 1.299177
0.004050 1.203919
0.004100 1.104076
0.004150 1.181308
0.004200 1.107385
0.004250 1.199133
0.004300 1.116059
0.004350 1.156775
0.004400 1.177821
0.004450 1.058947
0.004500 1.047834
0.004550 1.045754
0.004600 1.059577
0.004650 1.059487
0.004700 0.978898
0.004750 1.065706
0.004800 1.044390
0.004850 0.997166
0.004900 0.955834
0.004950 0.955154
0.005000 0.911522
0.005050 0.934178
0.005100 0.862689
0.005150 0.928171
0.005200 0.933710
0.005250 0.884338
0.005300 0.938554
0.005350 0.954886
0.005400 0.887374
0.005450 0.823428
0.005500 0.876107
0.005550 0.844467
0.005600 0.813560
0.005650 0.860710
0.005700 0.825246
0.005750 0.807468
0.005800 0.808347
0.005850 0.828043
0.005900 0.742341
0.005950 0.722741
0.006000 0.781058
0.006050 0.809576
0.006100 0.792614
0.006150 0.741672
0.006200 0.805525
0.006250 0.707015
0.006300 0.735816
0.006350 0.712060
0.006400 0.739976
0.006450 0.710018
0.006500 0.726742
0.006550 0.710532
0.006600 0.674861
0.006650 0.736793
0.006700 0.706202
0.006750 0.705820
0.006800 0.722158
0.006850 0.687520
0.006900 0.708826
0.006950 0.706916
0.007000 0.670104
0.007050 0.689548
0.007100 0.654589
0.007150 0.654403
0.007200 0.704176
0.007250 0.660444
0.007300 0.720527
0.007350 0.675181
0.007400 0.684371
0.007450 0.683427
0.007500 0.614232
0.007550 0.661778
0.007600 0.685345
0.007650 0.622057
0.007700 0.613633
0.007750 0.613465
0.007800 0.622703
0.007850 0.602237
0.007900 0.606158
0.007950 0.621642
0.008000 0.662171
0.008050 0.643465
0.008100 0.660532
0.008150 0.622248
0.008200 0.641264
0.008250 0.646106
0.008300 0.603519
0.008350 0.568807
0.008400 0.619065
0.008450 0.645133
0.008500 0.585539
0.008550 0.592547
0.008600 0.597141
0.008650 0.602041
0.008700 0.616697
0.008750 0.561421
0.008800 0.570195
0.008850 0.608349
0.008900 0.536378
0.008950 0.543142
0.009000 0.557470
0.009050 0.599542
0.009100 0.602614
0.009150 0.611630
0.009200 0.565294
0.009250 0.560052
0.009300 0.545188
0.009350 0.560726
0.009400 0.618654
0.009450 0.595790
0.009500 0.530329
0.009550 0.549255
0.009600 0.556300
0.009650 0.576622
0.009700 0.534829
0.009750 0.566249
0.009800 0.615453
0.009850 0.574879
0.009900 0.597119
0.009950 0.564245
0.010000 0.511928
0.010050 0.560382
0.010100 0.558756
0.010150 0.555006
0.010200 0.557083
0.010250 0.500415
0.010300 0.578024
0.010350 0.507558
0.010400 0.533810
0.010450 0.508288
0.010500 0.501947
0.010550 0.587235
0.010600 0.513049
0.010650 0.548791
0.010700 0.490778
0.010750 0.531222
0.010800 0.564761
0.010850 0.529343
0.010900 0.507788
0.010950 0.516636
0.011000 0.483734
0.011050 0.516436
0.011100 0.533420
0.011150 0.575610
0.011200 0.521500
0.011250 0.477394
0.011300 0.524973
0.011350 0.507401
0.011400 0.460391
0.011450 0.525801
0.011500 0.504394
0.011550 0.480954
0.011600 0.465934
0.011650 0.492008
0.011700 0.483035
0.011750 0.500715
0.011800 0.504262
0.011850 0.476534
0.011900 0.470300
0.011950 0.469364
0.012000 0.445858
0.012050 0.451194
0.012100 0.494357
0.012150 0.470071
0.012200 0.490165
0.012250 0.494113
0.012300 0.439904
0.012350 0.499450
0.012400 0.502785
0.012450 0.467243
0.012500 0.520461
0.012550 0.494515
0.012600 0.492373
0.012650 0.484443
0.012700 0.427283
0.012750 0.460153
0.012800 0.451086
0.012850 0.449732
0.012900 0.537278
0.012950 0.494616
0.013000 0.450487
0.013050 0.449939
0.013100 0.511528
0.013150 0.484926
0.013200 0.466570
0.013250 0.482922
0.013300 0.471494
0.013350 0.480642
0.013400 0.457143
0.013450 0.436419
0.013500 0.430980
0.013550 0.472606
0.013600 0.475994
0.013650 0.462770
0.013700 0.453040
0.013750 0.490464
0.013800 0.443320
0.013850 0.409626
0.013900 0.503972
0.013950 0.427478
0.014000 0.498309
0.014050 0.441085
0.014100 0.368310
0.014150 0.433132
0.014200 0.383564
0.014250 0.489118
0.014300 0.411875
0.014350 0.442167
0.014400 0.415323
0.014450 0.450317
0.014500 0.416764
0.014550 0.473148
0.014600 0.420879
0.014650 0.455739
0.014700 0.445285
0.014750 0.433593
0.014800 0.442031
0.014850 0.457163
0.014900 0.444991
0.014950 0.459147
0.015000 0.419315
0.015050 0.469735
0.015100 0.464046
0.015150 0.454396
0.015200 0.444393
0.015250 0.430361
0.015300 0.460447
0.015350 0.432355
0.015400 0.442351
0.015450 0.412811
0.015500 0.443676
0.015550 0.400318
0.015600 0.438281
0.015650 0.510567
0.015700 0.415063
0.015750 0.438137
0.015800 0.427873
0.015850 0.462711
0.015900 0.413386
0.015950 0.451958
0.016000 0.385326
0.016050 0.413746
0.016100 0.425679
0.016150 0.368753
0.016200 0.379916
0.016250 0.369384
0.016300 0.429103
0.016350 0.464485
0.016400 0.419954
0.016450 0.402444
0.016500 0.386138
0.016550 0.455380
0.016600 0.438375
0.016650 0.415241
0.016700 0.422421
0.016750 0.407527
0.016800 0.434662
0.016850 0.433684
0.016900 0.422224
0.016950 0.402538
0.017000 0.353729
0.017050 0.424569
0.017100 0.456624
0.017150 0.419850
0.017200 0.494223
0.017250 0.411847
0.017300 0.418660
0.017350 0.409558
0.017400 0.389941
0.017450 0.370889
0.017500 0.393477
0.017550 0.459237
0.017600 0.394275
0.017650 0.411273
0.017700 0.398273
0.017750 0.432543
0.017800 0.421438
0.017850 0.406690
0.017900 0.457905
0.017950 0.402659
0.018000 0.481995
0.018050 0.382831
0.018100 0.351842
0.018150 0.386876
0.018200 0.416756
0.018250 0.435200
0.018300 0.390333
0.018350 0.377511
0.018400 0.381588
0.018450 0.372778
0.018500 0.377282
0.018550 0.395616
0.018600 0.394731
0.018650 0.397607
0.018700 0.414034
0.018750 0.355420
0.018800 0.360832
0.018850 0.391264
0.018900 0.387098
0.018950 0.447906
0.019000 0.402541
0.019050 0.376707
0.019100 0.345717
0.019150 0.396303
0.019200 0.418822
0.019250 0.387888
0.019300 0.402017
0.019350 0.348381
0.019400 0.372544
0.019450 0.401600
0.019500 0.411355
0.019550 0.411409
0.019600 0.410308
0.019650 0.396220
0.019700 0.362298
0.019750 0.382394
0.019800 0.347881
0.019850 0.413825
0.019900 0.373359
0.019950 0.419411
0.020000 0.413301
0.020050 0.377821
0.020100 0.343710
0.020150 0.351384
0.020200 0.380199
0.020250 0.415341
0.020300 0.407216
0.020350 0.453724
0.020400 0.369715
0.020450 0.361369
0.020500 0.374356
0.020550 0.371804
0.020600 0.389905
0.020650 0.376281
0.020700 0.383744
0.020750 0.344690
0.020800 0.334565
0.020850 0.376639
0.020900 0.386355
0.020950 0.349121
0.021000 0.417733
0.021050 0.340843
0.021100 0.388633
0.021150 0.386327
0.021200 0.356399
0.021250 0.349709
0.021300 0.398502
0.021350 0.335094
0.021400 0.347193
0.021450 0.346497
0.021500 0.359177
0.021550 0.354685
0.021600 0.361872
0.021650 0.389526
0.021700 0.378240
0.021750 0.366458
0.021800 0.362916
0.021850 0.354112
0.021900 0.346144
0.021950 0.383900
0.022000 0.358869
0.022050 0.371697
0.022100 0.313307
0.022150 0.371755
0.022200 0.395907
0.022250 0.365381
0.022300 0.370873
0.022350 0.330275
0.022400 0.385059
0.022450 0.374527
0.022500 0.364843
0.022550 0.370931
0.022600 0.373452
0.022650 0.373736
0.022700 0.355383
0.022750 0.434965
0.022800 0.357422
0.022850 0.326558
0.022900 0.350588
0.022950 0.340292
0.023000 0.341470
0.023050 0.376398
0.023100 0.366195
0.023150 0.403733
0.023200 0.329929
0.023250 0.330689
0.023300 0.364160
0.023350 0.387566
0.023400 0.403633
0.023450 0.333807
0.023500 0.333728
0.023550 0.360568
0.023600 0.381445
0.023650 0.306247
0.023700 0.400637
0.023750 0.401391
0.023800 0.320119
0.023850 0.365497
0.023900 0.405906
0.023950 0.357782
0.024000 0.346407
0.024050 0.380765
0.024100 0.332758
0.024150 0.369166
0.024200 0.328214
0.024250 0.364296
0.024300 0.350454
0.024350 0.311164
0.024400 0.401231
0.024450 0.364955
0.024500 0.360384
0.024550 0.370066
0.024600 0.346789
0.024650 0.370313
0.024700 0.356868
0.024750 0.325994
0.024800 0.394843
0.024850 0.375477
0.024900 0.339539
0.024950 0.358397
0.025000 0.374876
0.025050 0.320684
0.025100 0.387403
0.025150 0.384477
0.025200 0.356800
0.025250 0.360848
0.025300 0.388761
0.025350 0.328459
0.025400 0.351288
0.025450 0.357434
0.025500 0.357496
0.025550 0.342210
0.025600 0.328385
0.025650 0.316547
0.025700 0.337097
0.025750 0.315983
0.025800 0.385750
0.025850 0.338866
0.025900 0.381508
0.025950 0.357328
0.026000 0.330935
0.026050 0.340941
0.026100 0.322251
0.026150 0.335953
0.026200 0.332420
0.026250 0.331508
0.026300 0.374343
0.026350 0.349321
0.026400 0.340037
0.026450 0.370991
0.026500 0.358589
0.026550 0.339743
0.026600 0.347451
0.026650 0.371767
0.026700 0.313305
0.026750 0.315629
0.026800 0.352882
0.026850 0.351618
0.026900 0.292145
0.026950 0.350611
0.027000 0.359100
0.027050 0.343256
0.027100 0.378919
0.027150 0.369093
0.027200 0.311807
0.027250 0.305539
0.027300 0.348477
0.027350 0.373029
0.027400 0.361491
0.027450 0.360899
0.027500 0.311274
0.027550 0.323764
0.027600 0.306470
0.027650 0.345600
0.027700 0.362752
0.027750 0.369998
0.027800 0.344429
0.027850 0.335471
0.027900 0.328151
0.027950 0.317441
0.028000 0.331928
0.028050 0.308286
0.028100 0.325626
0.028150 0.358860
0.028200 0.293970
0.028250 0.363452
0.028300 0.300634
0.028350 0.277820
0.028400 0.329434
0.028450 0.368220
0.028500 0.324995
0.028550 0.353051
0.028600 0.322817
0.028650 0.343519
0.028700 0.308563
0.028750 0.305689
0.028800 0.305694
0.028850 0.323048
0.028900 0.316183
0.028950 0.363231
0.029000 0.298979
0.029050 0.364189
0.029100 0.367946
0.029150 0.320922
0.029200 0.312274
0.029250 0.326444
0.029300 0.311345
0.029350 0.321461
0.029400 0.311022
0.029450 0.332398
0.029500 0.319022
0.029550 0.292562
0.029600 0.302742
0.029650 0.299320
0.029700 0.281609
0.029750 0.312093
0.029800 0.294382
0.029850 0.345360
0.029900 0.308549
0.029950 0.335161
0.030000 0.317440
0.030050 0.329136
0.030100 0.314366
0.030150 0.333354
0.030200 0.305859
0.030250 0.314595
0.030300 0.317312
0.030350 0.281746
0.030400 0.320310
0.030450 0.298072
0.030500 0.320335
0.030550 0.272947
0.030600 0.306863
0.030650 0.323147
0.030700 0.302003
0.030750 0.332507
0.030800 0.290361
0.030850 0.293131
0.030900 0.325634
0.030950 0.314902
0.031000 0.312819
0.031050 0.313221
0.031100 0.316124
0.031150 0.284728
0.031200 0.290688
0.031250 0.346764
0.031300 0.327876
0.031350 0.334652
0.031400 0.319452
0.031450 0.330646
0.031500 0.307826
0.031550 0.309552
0.031600 0.288505
0.031650 0.321255
0.031700 0.295112
0.031750 0.300652
0.031800 0.337438
0.031850 0.293378
0.031900 0.298959
0.031950 0.298173
0.032000 0.315979
0.032050 0.295997
0.032100 0.318366
0.032150 0.316374
0.032200 0.266649
0.032250 0.309077
0.032300 0.279892
0.032350 0.293346
0.032400 0.277015
0.032450 0.302865
0.032500 0.327539
0.032550 0.339945
0.032600 0.323682
0.032650 0.350514
0.032700 0.293635
0.032750 0.267333
0.032800 0.292163
0.032850 0.344749
0.032900 0.302026
0.032950 0.294094
0.033000 0.315216
0.033050 0.352990
0.033100 0.328619
0.033150 0.316759
0.033200 0.302191
0.033250 0.305545
0.033300 0.307586
0.033350 0.320330
0.033400 0.313067
0.033450 0.287017
0.033500 0.321917
0.033550 0.330099
0.033600 0.334958
0.033650 0.324342
0.033700 0.322459
0.033750 0.306377
0.033800 0.301738
0.033850 0.286236
0.033900 0.350114
0.033950 0.302760
0.034000 0.260650
0.034050 0.293380
0.034100 0.339237
0.034150 0.325109
0.034200 0.266399
0.034250 0.273979
0.034300 0.303582
0.034350 0.268648
0.034400 0.270773
0.034450 0.298443
0.034500 0.310346
0.034550 0.329918
0.034600 0.305921
0.034650 0.271415
0.034700 0.290280
0.034750 0.302272
0.034800 0.286441
0.034850 0.270547
0.034900 0.251794
0.034950 0.310666
0.035000 0.281470
0.035050 0.274618
0.035100 0.312734
0.035150 0.298922
0.035200 0.304091
0.035250 0.333291
0.035300 0.304646
0.035350 0.262432
0.035400 0.288108
0.035450 0.276268
0.035500 0.317708
0.035550 0.297384
0.035600 0.284109
0.035650 0.310767
0.035700 0.288922
0.035750 0.277014
0.035800 0.295175
0.035850 0.290441
0.035900 0.312295
0.035950 0.264405
0.036000 0.324470
0.036050 0.327752
0.036100 0.276104
0.036150 0.276374
0.036200 0.288975
0.036250 0.318331
0.036300 0.312917
0.036350 0.271813
0.036400 0.307089
0.036450 0.326455
0.036500 0.272074
0.036550 0.281890
0.036600 0.288086
0.036650 0.285504
0.036700 0.271156
0.036750 0.336978
0.036800 0.284416
0.036850 0.305444
0.036900 0.277049
0.036950 0.264083
0.037000 0.298493
0.037050 0.257363
0.037100 0.305974
0.037150 0.293034
0.037200 0.292711
0.037250 0.320739
0.037300 0.288377
0.037350 0.267857
0.037400 0.247259
0.037450 0.271583
0.037500 0.299764
0.037550 0.284446
0.037600 0.288649
0.037650 0.307953
0.037700 0.280528
0.037750 0.308942
0.037800 0.325361
0.037850 0.310013
0.037900 0.262730
0.037950 0.258584
0.038000 0.284866
0.038050 0.257916
0.038100 0.324713
0.038150 0.313085
0.038200 0.279995
0.038250 0.278185
0.038300 0.267168
0.038350 0.317552
0.038400 0.267398
0.038450 0.316382
0.038500 0.283835
0.038550 0.273553
0.038600 0.293382
0.038650 0.276140
0.038700 0.290610
0.038750 0.291172
0.038800 0.280085
0.038850 0.304747
0.038900 0.288221
0.038950 0.280995
0.039000 0.270621
0.039050 0.293837
0.039100 0.256855
0.039150 0.258151
0.039200 0.339526
0.039250 0.293884
0.039300 0.251219
0.039350 0.278527
0.039400 0.272016
0.039450 0.256004
0.039500 0.271575
0.039550 0.288793
0.039600 0.279118
0.039650 0.249560
0.039700 0.268389
0.039750 0.300825
0.039800 0.299913
0.039850 0.288627
0.039900 0.298076
0.039950 0.284364
0.040000 0.293833
0.040050 0.306549
0.040100 0.273545
0.040150 0.255697
0.040200 0.253886
0.040250 0.269804
0.040300 0.293048
0.040350 0.270326
0.040400 0.275029
0.040450 0.253833
0.040500 0.304741
0.040550 0.316865
0.040600 0.332289
0.040650 0.305445
0.040700 0.280135
0.040750 0.289823
0.040800 0.274223
0.040850 0.296197
0.040900 0.288771
0.040950 0.297721
0.041000 0.287003
0.041050 0.264741
0.041100 0.264622
0.041150 0.264506
0.041200 0.240468
0.041250 0.244430
0.041300 0.271566
0.041350 0.279760
0.041400 0.229128
0.041450 0.300326
0.041500 0.262093
0.041550 0.261165
0.041600 0.266901
0.041650 0.279333
0.041700 0.289308
0.041750 0.275078
0.041800 0.245734
0.041850 0.240590
0.041900 0.290805
0.041950 0.237043
0.042000 0.272238
0.042050 0.252832
0.042100 0.325247
0.042150 0.266259
0.042200 0.257764
0.042250 0.247550
0.042300 0.277959
0.042350 0.238095
0.042400 0.266862
0.042450 0.282134
0.042500 0.263423
0.042550 0.240389
0.042600 0.268457
0.042650 0.254781
0.042700 0.247045
0.042750 0.275237
0.042800 0.265823
0.042850 0.258095
0.042900 0.228009
0.042950 0.267481
0.043000 0.282986
0.043050 0.260620
0.043100 0.231275
0.043150 0.289095
0.043200 0.293489
0.043250 0.253735
0.043300 0.291876
0.043350 0.244220
0.043400 0.265053
0.043450 0.281611
0.043500 0.269486
0.043550 0.271274
0.043600 0.296642
0.043650 0.233826
0.043700 0.294172
0.043750 0.265376
0.043800 0.238238
0.043850 0.276860
0.043900 0.260240
0.043950 0.274366
0.044000 0.316735
0.044050 0.292219
0.044100 0.243781
0.044150 0.272089
0.044200 0.256246
0.044250 0.248326
0.044300 0.284732
0.044350 0.303504
0.044400 0.276114
0.044450 0.278004
0.044500 0.261192
0.044550 0.279114
0.044600 0.259593
0.044650 0.278451
0.044700 0.275000
0.044750 0.270644
0.044800 0.293186
0.044850 0.260130
0.044900 0.287199
0.044950 0.289161
0.045000 0.269508
0.045050 0.253400
0.045100 0.264331
0.045150 0.275301
0.045200 0.279070
0.045250 0.294632
0.045300 0.276689
0.045350 0.258689
0.045400 0.256085
0.045450 0.248015
0.045500 0.296403
0.045550 0.261961
0.045600 0.254798
0.045650 0.236646
0.045700 0.268762
0.045750 0.249690
0.045800 0.256234
0.045850 0.277490
0.045900 0.253787
0.045950 0.264049
0.046000 0.231981
0.046050 0.242223
0.046100 0.246963
0.046150 0.275745
0.046200 0.261148
0.046250 0.238172
0.046300 0.285576
0.046350 0.242192
0.046400 0.257197
0.046450 0.257373
0.046500 0.278034
0.046550 0.306220
0.046600 0.289715
0.046650 0.238601
0.046700 0.262125
0.046750 0.288535
0.046800 0.310347
0.046850 0.260943
0.046900 0.222651
0.046950 0.275419
0.047000 0.263429
0.047050 0.255171
0.047100 0.245946
0.047150 0.267846
0.047200 0.247293
0.047250 0.247489
0.047300 0.230642
0.047350 0.248820
0.047400 0.241435
0.047450 0.247329
0.047500 0.242783
0.047550 0.269641
0.047600 0.274667
0.047650 0.276849
0.047700 0.252300
0.047750 0.252532
0.047800 0.253724
0.047850 0.251090
0.047900 0.246532
0.047950 0.235242
0.048000 0.211426
0.048050 0.242372
0.048100 0.228156
0.048150 0.254386
0.048200 0.287455
0.048250 0.246247
0.048300 0.241659
0.048350 0.234155
0.048400 0.261514
0.048450 0.277320
0.048500 0.259192
0.048550 0.281834
0.048600 0.274385
0.048650 0.254253
0.048700 0.258436
0.048750 0.247018
0.048800 0.272693
0.048850 0.272043
0.048900 0.272372
0.048950 0.250164
0.049000 0.239662
0.049050 0.236004
0.049100 0.281487
0.049150 0.224775
0.049200 0.228962
0.049250 0.278520
0.049300 0.269011
0.049350 0.238727
0.049400 0.214287
0.049450 0.253135
0.049500 0.270301
0.049550 0.256769
0.049600 0.240219
0.049650 0.223621
0.049700 0.283590
0.049750 0.292946
0.049800 0.264446
0.049850 0.280772
0.049900 0.229217
0.049950 0.295509
0.050000 0.283924
0.050050 0.226214
0.050100 0.268633
0.050150 0.272025
0.050200 0.235229
0.050250 0.239571
0.050300 0.270110
0.050350 0.224134
0.050400 0.235536
0.050450 0.238894
0.050500 0.275627
0.050550 0.246691
0.050600 0.249074
0.050650 0.296082
0.050700 0.261016
0.050750 0.239056
0.050800 0.270934
0.050850 0.226558
0.050900 0.239117
0.050950 0.254775
0.051000 0.282733
0.051050 0.252521
0.051100 0.270303
0.051150 0.253323
0.051200 0.284470
0.051250 0.253124
0.051300 0.268930
0.051350 0.243664
0.051400 0.257428
0.051450 0.218704
0.051500 0.218016
0.051550 0.230744
0.051600 0.235247
0.051650 0.247003
0.051700 0.221535
0.051750 0.239507
0.051800 0.238867
0.051850 0.246531
0.051900 0.215776
0.051950 0.248374
0.052000 0.259207
0.052050 0.253401
0.052100 0.258010
0.052150 0.257414
0.052200 0.256818
0.052250 0.218566
0.052300 0.259778
0.052350 0.232990
0.052400 0.242842
0.052450 0.234874
0.052500 0.228987
0.052550 0.238865
0.052600 0.260356
0.052650 0.235534
0.052700 0.239128
0.052750 0.216334
0.052800 0.236814
0.052850 0.259470
0.052900 0.263130
0.052950 0.267862
0.053000 0.251389
0.053050 0.264607
0.053100 0.244911
0.053150 0.240057
0.053200 0.249036
0.053250 0.254844
0.053300 0.225459
0.053350 0.285705
0.053400 0.259533
0.053450 0.265389
0.053500 0.241275
0.053550 0.254615
0.053600 0.234731
0.053650 0.258827
0.053700 0.251817
0.053750 0.230801
0.053800 0.201112
0.053850 0.246802
0.053900 0.274278
0.053950 0.245672
0.054000 0.234284
0.054050 0.243424
0.054100 0.221184
0.054150 0.236824
0.054200 0.270954
0.054250 0.231332
0.054300 0.213342
0.054350 0.275816
0.054400 0.237187
0.054450 0.263853
0.054500 0.267683
0.054550 0.234397
0.054600 0.250206
0.054650 0.245274
0.054700 0.251280
0.054750 0.267168
0.054800 0.255676
0.054850 0.263918
0.054900 0.239214
0.054950 0.256244
0.055000 0.242494
0.055050 0.238626
0.055100 0.217101
0.055150 0.239679
0.055200 0.207070
0.055250 0.267278
0.055300 0.239091
0.055350 0.248501
0.055400 0.246848
0.055450 0.210782
0.055500 0.241280
0.055550 0.229606
0.055600 0.262422
0.055650 0.256338
0.055700 0.276999
0.055750 0.227409
0.055800 0.215665
0.055850 0.216189
0.055900 0.224549
0.055950 0.211653
0.056000 0.255895
0.056050 0.240791
0.056100 0.234632
0.056150 0.213846
0.056200 0.240256
0.056250 0.253226
0.056300 0.254962
0.056350 0.229632
0.056400 0.255041
0.056450 0.224019
0.056500 0.248335
0.056550 0.277245
0.056600 0.283573
0.056650 0.228683
0.056700 0.236074
0.056750 0.270750
0.056800 0.239573
0.056850 0.216281
0.056900 0.265825
0.056950 0.222021
0.057000 0.223743
0.057050 0.226613
0.057100 0.275212
0.057150 0.231276
0.057200 0.233026
0.057250 0.245096
0.057300 0.230818
0.057350 0.223392
0.057400 0.259610
0.057450 0.230374
0.057500 0.232140
0.057550 0.237368
0.057600 0.228775
0.057650 0.252473
0.057700 0.213864
0.057750 0.245672
0.057800 0.267151
0.057850 0.208785
0.057900 0.207060
0.057950 0.218092
0.058000 0.243086
0.058050 0.266984
0.058100 0.213024
0.058150 0.218290
0.058200 0.234056
0.058250 0.260358
0.058300 0.247051
0.058350 0.215023
0.058400 0.240195
0.058450 0.213953
0.058500 0.263760
0.058550 0.200012
0.058600 0.244018
0.058650 0.242352
0.058700 0.196033
0.058750 0.227213
0.058800 0.237288
0.058850 0.263882
0.058900 0.262249
0.058950 0.229933
0.059000 0.228242
0.059050 0.238368
0.059100 0.252070
0.059150 0.203056
0.059200 0.255829
0.059250 0.271971
0.059300 0.237114
0.059350 0.192666
0.059400 0.215880
0.059450 0.229634
0.059500 0.244615
0.059550 0.214339
0.059600 0.235287
0.059650 0.224051
0.059700 0.217568
0.059750 0.243362
0.059800 0.308723
0.059850 0.224499
0.059900 0.203612
0.059950 0.263074
0.060000 0.238616
0.060050 0.203280
0.060100 0.230413
0.060150 0.214271
0.060200 0.210140
0.060250 0.231326
0.060300 0.234461
0.060350 0.235189
0.060400 0.287907
0.060450 0.235487
0.060500 0.253176
0.060550 0.258790
0.060600 0.228029
0.060650 0.228757
0.060700 0.205188
0.060750 0.219258
0.060800 0.283261
0.060850 0.226841
0.060900 0.240985
0.060950 0.208805
0.061000 0.226608
0.061050 0.251788
0.061100 0.244010
0.061150 0.210510
0.061200 0.243079
0.061250 0.258565
0.061300 0.212740
0.061350 0.226976
0.061400 0.221584
0.061450 0.259230
0.061500 0.231726
0.061550 0.268220
0.061600 0.203698
0.061650 0.274760
0.061700 0.207676
0.061750 0.231894
0.061800 0.233906
0.061850 0.221068
0.061900 0.200766
0.061950 0.234976
0.062000 0.222112
0.062050 0.239026
0.062100 0.249767
0.062150 0.209531
0.062200 0.190364
0.062250 0.220992
0.062300 0.245460
0.062350 0.236292
0.062400 0.242091
0.062450 0.262905
0.062500 0.211212
0.062550 0.225752
0.062600 0.216521
0.062650 0.199745
0.062700 0.215560
0.062750 0.228902
0.062800 0.242277
0.062850 0.199075
0.062900 0.241383
0.062950 0.242213
0.063000 0.210260
0.063050 0.205996
0.063100 0.240876
0.063150 0.250560
0.063200 0.237498
0.063250 0.226938
0.063300 0.232825
0.063350 0.227315
0.063400 0.229407
0.063450 0.237855
0.063500 0.209465
0.063550 0.221713
0.063600 0.231445
0.063650 0.239927
0.063700 0.214005
0.063750 0.225027
0.063800 0.274386
0.063850 0.285522
0.063900 0.222503
0.063950 0.222057
0.064000 0.226735
0.064050 0.218605
0.064100 0.248947
0.064150 0.240841
0.064200 0.226292
0.064250 0.202708
0.064300 0.230550
0.064350 0.272626
0.064400 0.216837
0.064450 0.225419
0.064500 0.259842
0.064550 0.234914
0.064600 0.237082
0.064650 0.206906
0.064700 0.197381
0.064750 0.193019
0.064800 0.215885
0.064850 0.220633
0.064900 0.207207
0.064950 0.245751
0.065000 0.229743
0.065050 0.244947
0.065100 0.208067
0.065150 0.231087
0.065200 0.220231
0.065250 0.238083
0.065300 0.242907
0.065350 0.215043
0.065400 0.252566
0.065450 0.231226
0.065500 0.243924
0.065550 0.179244
0.065600 0.231274
0.065650 0.224294
0.065700 0.221244
0.065750 0.230032
0.065800 0.219086
0.065850 0.188346
0.065900 0.228763
0.065950 0.216473
0.066000 0.229255
0.066050 0.205051
0.066100 0.215191
0.066150 0.251835
0.066200 0.218338
0.066250 0.228524
0.066300 0.220156
0.066350 0.207786
0.066400 0.236588
0.066450 0.194966
0.066500 0.242428
0.066550 0.254034
0.066600 0.208348
0.066650 0.238598
0.066700 0.239547
0.066750 0.208435
0.066800 0.213353
0.066850 0.246381
0.066900 0.207178
0.066950 0.221488
0.067000 0.241195
0.067050 0.251553
0.067100 0.193442
0.067150 0.219874
0.067200 0.216776
0.067250 0.210980
0.067300 0.226724
0.067350 0.242504
0.067400 0.225944
0.067450 0.217448
0.067500 0.242709
0.067550 0.181499
0.067600 0.236512
0.067650 0.236134
0.067700 0.230336
0.067750 0.215034
0.067800 0.241766
0.067850 0.238682
0.067900 0.249182
0.067950 0.227066
0.068000 0.218512
0.068050 0.226284
0.068100 0.262697
0.068150 0.251451
0.068200 0.233356
0.068250 0.200196
0.068300 0.220277
0.068350 0.236299
0.068400 0.229084
0.068450 0.202674
0.068500 0.203627
0.068550 0.258091
0.068600 0.230295
0.068650 0.240911
0.068700 0.219926
0.068750 0.234672
0.068800 0.217780
0.068850 0.218766
0.068900 0.240440
0.068950 0.197302
0.069000 0.199644
0.069050 0.177116
0.069100 0.216775
0.069150 0.185937
0.069200 0.239518
0.069250 0.237776
0.069300 0.247127
0.069350 0.220411
0.069400 0.215862
0.069450 0.212694
0.069500 0.169181
0.069550 0.203527
0.069600 0.233769
0.069650 0.241773
0.069700 0.195390
0.069750 0.203352
0.069800 0.216920
0.069850 0.229120
0.069900 0.241347
0.069950 0.206001
0.070000 0.242031
0.070050 0.212245
0.070100 0.227292
0.070150 0.218504
0.070200 0.211103
0.070250 0.227589
0.070300 0.235669
0.070350 0.219831
0.070400 0.223686
0.070450 0.212040
0.070500 0.187671
0.070550 0.232439
0.070600 0.222196
0.070650 0.202034
0.070700 0.224280
0.070750 0.219670
0.070800 0.210800
0.070850 0.234526
0.070900 0.246951
0.070950 0.257983
0.071000 0.234935
0.071050 0.218949
0.071100 0.215737
0.071150 0.225335
0.071200 0.200754
0.071250 0.226032
0.071300 0.197138
0.071350 0.215308
0.071400 0.226372
0.071450 0.227450
0.071500 0.219945
0.071550 0.219585
0.071600 0.217792
0.071650 0.194486
0.071700 0.205572
0.071750 0.192270
0.071800 0.227799
0.071850 0.257651
0.071900 0.267420
0.071950 0.244090
0.072000 0.214948
0.072050 0.191514
0.072100 0.269042
0.072150 0.226880
0.072200 0.249656
0.072250 0.233438
0.072300 0.198376
0.072350 0.253018
0.072400 0.246916
0.072450 0.198752
0.072500 0.186764
0.072550 0.205244
0.072600 0.252823
0.072650 0.168187
0.072700 0.217237
0.072750 0.200869
0.072800 0.228178
0.072850 0.224926
0.072900 0.198324
0.072950 0.205248
0.073000 0.219492
0.073050 0.210374
0.073100 0.233424
0.073150 0.224314
0.073200 0.264996
0.073250 0.222200
0.073300 0.185185
0.073350 0.193603
0.073400 0.194694
0.073450 0.223718
0.073500 0.211614
0.073550 0.228926
0.073600 0.203557
0.073650 0.186981
0.073700 0.219047
0.073750 0.246751
0.073800 0.219863
0.073850 0.228393
0.073900 0.192571
0.073950 0.246957
0.074000 0.237771
0.074050 0.207819
0.074100 0.192637
0.074150 0.201169
0.074200 0.221599
0.074250 0.234641
0.074300 0.231353
0.074350 0.235499
0.074400 0.239654
0.074450 0.240838
0.074500 0.221151
0.074550 0.237233
0.074600 0.220502
0.074650 0.217184
0.074700 0.206385
0.074750 0.192573
0.074800 0.217656
0.074850 0.188862
0.074900 0.236460
0.074950 0.219654
0.075000 0.211821
0.075050 0.191957
0.075100 0.254719
0.075150 0.221351
0.075200 0.221027
0.075250 0.180041
0.075300 0.194733
0.075350 0.206439
0.075400 0.219678
0.075450 0.226904
0.075500 0.231123
0.075550 0.211159
0.075600 0.213851
0.075650 0.227147
0.075700 0.201080
0.075750 0.185574
0.075800 0.215548
0.075850 0.218258
0.075900 0.195151
0.075950 0.196319
0.076000 0.221826
0.076050 0.215422
0.076100 0.239466
0.076150 0.213266
0.076200 0.197690
0.076250 0.241598
0.076300 0.215351
0.076350 0.210445
0.076400 0.222349
0.076450 0.194497
0.076500 0.206397
0.076550 0.213725
0.076600 0.214936
0.076650 0.242228
0.076700 0.180544
0.076750 0.226260
0.076800 0.207512
0.076850 0.194880
0.076900 0.220699
0.076950 0.183429
0.077000 0.220055
0.077050 0.224371
0.077100 0.194750
0.077150 0.216024
0.077200 0.245065
0.077250 0.198409
0.077300 0.213543
0.077350 0.253475
0.077400 0.216035
0.077450 0.204873
0.077500 0.226261
0.077550 0.187163
0.077600 0.208557
0.077650 0.208237
0.077700 0.189257
0.077750 0.213809
0.077800 0.190142
0.077850 0.216286
0.077900 0.228450
0.077950 0.181358
0.078000 0.177884
0.078050 0.216578
0.078100 0.250658
0.078150 0.208168
0.078200 0.220372
0.078250 0.231034
0.078300 0.200975
0.078350 0.194379
0.078400 0.223858
0.078450 0.251824
0.078500 0.212291
0.078550 0.193119
0.078600 0.228966
0.078650 0.186182
0.078700 0.207892
0.078750 0.243828
0.078800 0.243562
0.078850 0.207002
0.078900 0.233533
0.078950 0.179535
0.079000 0.166541
0.079050 0.186745
0.079100 0.218069
0.079150 0.197181
0.079200 0.220634
0.079250 0.225100
0.079300 0.191487
0.079350 0.222919
0.079400 0.189262
0.079450 0.198472
0.079500 0.220428
0.079550 0.207402
0.079600 0.208689
0.079650 0.198821
0.079700 0.198505
0.079750 0.231705
0.079800 0.205879
0.079850 0.213563
0.079900 0.203673
0.079950 0.193765
0.080000 0.219061
0.080050 0.210763
0.080100 0.236113
0.080150 0.235847
0.080200 0.206691
0.080250 0.185511
0.080300 0.217323
0.080350 0.207387
0.080400 0.208696
0.080450 0.232548
0.080500 0.224225
0.080550 0.225559
0.080600 0.181732
0.080650 0.195928
0.080700 0.214996
0.080750 0.219556
0.080800 0.199870
0.080850 0.186620
0.080900 0.221916
0.080950 0.179518
0.081000 0.219713
0.081050 0.214567
0.081100 0.243495
0.081150 0.227005
0.081200 0.192610
0.081250 0.219940
0.081300 0.200138
0.081350 0.207976
0.081400 0.196281
0.081450 0.239985
0.081500 0.218530
0.081550 0.214988
0.081600 0.216339
0.081650 0.235667
0.081700 0.230506
0.081750 0.210612
0.081800 0.220148
0.081850 0.221512
0.081900 0.193377
0.081950 0.194711
0.082000 0.200971
0.082050 0.243367
0.082100 0.241480
0.082150 0.224794
0.082200 0.213013
0.082250 0.196273
0.082300 0.210796
0.082350 0.226994
0.082400 0.213540
0.082450 0.168712
0.082500 0.171682
0.082550 0.227522
0.082600 0.212385
0.082650 0.208799
0.082700 0.210172
0.082750 0.190020
0.082800 0.217885
0.082850 0.237511
0.082900 0.214039
0.082950 0.223725
0.083000 0.206853
0.083050 0.214881
0.083100 0.191327
0.083150 0.179379
0.083200 0.180730
0.083250 0.207074
0.083300 0.196792
0.083350 0.223188
0.083400 0.224597
0.083450 0.194279
0.083500 0.197327
0.083550 0.202053
0.083600 0.171655
0.083650 0.154595
0.083700 0.227955
0.083750 0.202563
0.083800 0.202281
0.083850 0.217101
0.083900 0.215158
0.083950 0.235052
0.084000 0.218000
0.084050 0.175688
0.084100 0.173693
0.084150 0.195271
0.084200 0.189928
0.084250 0.213238
0.084300 0.192728
0.084350 0.205942
0.084400 0.217491
0.084450 0.198641
0.084500 0.200050
0.084550 0.206538
0.084600 0.231661
0.084650 0.216173
0.084700 0.229473
0.084750 0.203789
0.084800 0.225576
0.084850 0.196462
0.084900 0.216568
0.084950 0.226510
0.085000 0.195646
0.085050 0.181748
0.085100 0.201886
0.085150 0.230580
0.085200 0.211585
0.085250 0.235207
0.085300 0.204247
0.085350 0.233013
0.085400 0.219105
0.085450 0.222273
0.085500 0.194649
0.085550 0.201217
0.085600 0.176963
0.085650 0.164665
0.085700 0.229521
0.085750 0.203543
0.085800 0.184388
0.085850 0.197842
0.085900 0.185535
0.085950 0.238567
0.086000 0.178106
0.086050 0.200196
0.086100 0.208541
0.086150 0.220349
0.086200 0.218378
0.086250 0.164624
0.086300 0.179857
0.086350 0.217581
0.086400 0.205230
0.086450 0.185938
0.086500 0.183923
0.086550 0.197493
0.086600 0.259611
0.086650 0.212595
0.086700 0.215813
0.086750 0.199941
0.086800 0.222256
0.086850 0.173352
0.086900 0.197402
0.086950 0.183214
0.087000 0.214268
0.087050 0.193116
0.087100 0.203302
0.087150 0.208274
0.087200 0.220235
0.087250 0.214757
0.087300 0.216258
0.087350 0.193290
0.087400 0.193020
0.087450 0.219000
0.087500 0.174985
0.087550 0.202727
0.087600 0.216493
0.087650 0.181171
0.087700 0.196684
0.087750 0.208712
0.087800 0.213733
0.087850 0.185361
0.087900 0.222024
0.087950 0.216510
0.088000 0.189855
0.088050 0.212491
0.088100 0.198143
0.088150 0.213759
0.088200 0.201162
0.088250 0.213268
0.088300 0.237764
0.088350 0.173902
0.088400 0.207227
0.088450 0.164499
0.088500 0.183684
0.088550 0.211762
0.088600 0.195563
0.088650 0.207721
0.088700 0.209250
0.088750 0.212558
0.088800 0.210541
0.088850 0.203187
0.088900 0.194042
0.088950 0.206242
0.089000 0.216682
0.089050 0.234268
0.089100 0.203743
0.089150 0.205279
0.089200 0.176473
0.089250 0.213701
0.089300 0.199169
0.089350 0.170309
0.089400 0.239796
0.089450 0.193050
0.089500 0.212493
0.089550 0.190753
0.089600 0.176149
0.089650 0.211753
0.089700 0.215107
0.089750 0.213079
0.089800 0.176905
0.089850 0.200005
0.089900 0.215948
0.089950 0.190518
0.090000 0.197464
0.090050 0.193610
0.090100 0.214992
0.090150 0.220174
0.090200 0.214535
0.090250 0.207081
0.090300 0.176124
0.090350 0.201164
0.090400 0.193684
0.090450 0.189812
0.090500 0.211288
0.090550 0.216492
0.090600 0.190884
0.090650 0.190630
0.090700 0.199451
0.090750 0.213735
0.090800 0.189886
0.090850 0.224174
0.090900 0.193035
0.090950 0.200065
0.091000 0.192539
0.091050 0.183179
0.091100 0.201149
0.091150 0.224621
0.091200 0.220757
0.091250 0.178541
0.091300 0.202028
0.091350 0.245662
0.091400 0.208892
0.091450 0.164742
0.091500 0.226718
0.091550 0.178876
0.091600 0.191445
0.091650 0.226043
0.091700 0.196473
0.091750 0.198067
0.091800 0.188642
0.091850 0.188392
0.091900 0.177108
0.091950 0.191566
0.092000 0.207889
0.092050 0.183715
0.092100 0.183461
0.092150 0.201647
0.092200 0.205103
0.092250 0.193797
0.092300 0.217566
0.092350 0.191478
0.092400 0.202328
0.092450 0.174346
0.092500 0.188892
0.092550 0.207166
0.092600 0.190263
0.092650 0.227099
0.092700 0.206490
0.092750 0.171000
0.092800 0.211590
0.092850 0.203938
0.092900 0.213005
0.092950 0.225807
0.093000 0.199549
0.093050 0.227247
0.093100 0.200963
0.093150 0.193277
0.093200 0.183714
0.093250 0.177868
0.093300 0.188816
0.093350 0.182970
0.093400 0.210757
0.093450 0.197449
0.093500 0.227153
0.093550 0.206361
0.093600 0.196774
0.093650 0.194668
0.093700 0.213184
0.093750 0.218598
0.093800 0.205251
0.093850 0.180615
0.093900 0.201036
0.093950 0.183890
0.094000 0.196813
0.094050 0.172117
0.094100 0.179393
0.094150 0.213057
0.094200 0.193995
0.094250 0.184333
0.094300 0.204848
0.094350 0.197076
0.094400 0.232739
0.094450 0.200419
0.094500 0.207759
0.094550 0.190515
0.094600 0.233820
0.094650 0.205222
0.094700 0.199319
0.094750 0.212367
0.094800 0.223539
0.094850 0.175891
0.094900 0.181340
0.094950 0.198198
0.095000 0.207479
0.095050 0.157813
0.095100 0.174674
0.095150 0.193466
0.095200 0.210383
0.095250 0.219703
0.095300 0.169921
0.095350 0.194473
0.095400 0.169430
0.095450 0.213108
0.095500 0.199525
0.095550 0.176361
0.095600 0.164639
0.095650 0.198835
0.095700 0.202445
0.095750 0.229053
0.095800 0.192442
0.095850 0.169200
0.095900 0.220763
0.095950 0.186007
0.096000 0.203064
0.096050 0.193240
0.096100 0.193016
0.096150 0.190868
0.096200 0.157917
0.096250 0.215437
0.096300 0.184405
0.096350 0.205381
0.096400 0.222532
0.096450 0.193390
0.096500 0.169996
0.096550 0.198730
0.096600 0.204313
0.096650 0.177027
0.096700 0.196139
0.096750 0.188177
0.096800 0.215069
0.096850 0.199367
0.096900 0.199153
0.096950 0.189239
0.097000 0.216189
0.097050 0.190747
0.097100 0.202183
0.097150 0.229189
0.097200 0.193997
0.097250 0.193779
0.097300 0.216925
0.097350 0.197251
0.097400 0.163904
0.097450 0.206556
0.097500 0.186842
0.097550 0.176858
0.097600 0.172718
0.097650 0.201790
0.097700 0.176167
0.097750 0.203317
0.097800 0.191369
0.097850 0.177445
0.097900 0.194844
0.097950 0.202470
0.098000 0.194420
0.098050 0.231484
0.098100 0.205789
0.098150 0.193803
0.098200 0.213239
0.098250 0.232705
0.098300 0.234498
0.098350 0.224486
0.098400 0.179017
0.098450 0.170909
0.098500 0.174615
0.098550 0.184243
0.098600 0.209670
0.098650 0.185786
0.098700 0.201366
0.098750 0.207090
0.098800 0.187122
0.098850 0.192838
0.098900 0.220332
0.098950 0.212228
0.099000 0.184302
0.099050 0.231650
0.099100 0.181903
0.099150 0.173745
0.099200 0.175500
0.099250 0.199104
0.099300 0.179030
0.099350 0.236458
0.099400 0.186567
0.099450 0.180381
0.099500 0.221970
0.099550 0.211830
0.099600 0.209647
0.099650 0.193503
0.099700 0.193295
0.099750 0.193087
0.099800 0.212849
0.099850 0.184689
0.099900 0.214458
0.099950 0.194272
0.100000 0.184061
0.100050 0.191853
0.100100 0.203663
0.100150 0.205471
0.100200 0.199262
0.100250 0.197056
0.100300 0.194847
0.100350 0.178579
0.100400 0.196440
0.100450 0.166088
0.100500 0.204065
0.100550 0.207895
0.100600 0.213744
0.100650 0.173280
0.100700 0.231491
0.100750 0.195037
0.100800 0.174665
0.100850 0.241037
0.100900 0.226748
0.100950 0.202338
0.101000 0.196081
0.101050 0.203969
0.101100 0.242214
0.101150 0.318972
0.101200 0.254094
0.101250 0.365382
0.101300 0.418052
0.101350 0.491080
0.101400 0.521607
0.101450 0.704429
0.101500 1.025629
0.101550 1.367623
0.101600 1.785342
0.101650 2.484368
0.101700 3.214948
0.101750 3.991394
0.101800 5.380080
0.101850 6.709666
0.101900 8.353169
0.101950 9.754281
0.102000 11.277861
0.102050 12.295209
0.102100 12.952425
0.102150 14.182909
0.102200 14.177956
0.102250 14.215942
0.102300 13.549796
0.102350 12.958430
0.102400 11.606000
0.102450 10.503722
0.102500 9.336234
0.102550 8.312716
0.102600 7.453982
0.102650 6.865110
0.102700 5.685583
0.102750 5.357565
0.102800 4.940610
0.102850 4.477764
0.102900 4.166603
0.102950 3.819963
0.103000 3.600595
0.103050 3.339663
0.103100 3.105166
0.103150 2.952884
0.103200 2.843742
0.103250 2.548498
0.103300 2.558738
0.103350 2.486270
0.103400 2.312313
0.103450 2.220901
0.103500 2.150064
0.103550 2.074978
0.103600 2.028803
0.103650 1.907895
0.103700 1.822085
0.103750 1.825417
0.103800 1.845368
0.103850 1.794694
0.103900 1.783446
0.103950 1.668180
0.104000 1.588123
0.104050 1.574573
0.104100 1.571417
0.104150 1.555751
0.104200 1.494191
0.104250 1.505551
0.104300 1.443881
0.104350 1.327833
0.104400 1.437229
0.104450 1.375401
0.104500 1.384577
0.104550 1.456525
0.104600 1.338112
0.104650 1.309570
0.104700 1.314506
0.104750 1.273336
0.104800 1.263561
0.104850 1.178243
0.104900 1.313197
0.104950 1.276143
0.105000 1.129783
0.105050 1.132455
0.105100 1.166675
0.105150 1.165175
0.105200 1.041582
0.105250 1.117882
0.105300 1.126866
0.105350 1.163266
0.105400 1.035215
0.105450 1.130641
0.105500 1.152317
0.105550 1.055751
0.105600 1.030889
0.105650 0.932001
0.105700 1.025437
0.105750 1.049177
0.105800 1.000972
0.105850 0.995058
0.105900 1.014563
0.105950 0.995935
0.106000 0.941223
0.106050 1.054071
0.106100 1.007853
0.106150 0.991305
0.106200 0.942858
0.106250 0.941114
0.106300 1.013812
0.106350 0.933396
0.106400 0.895446
0.106450 0.978852
0.106500 1.021886
0.106550 0.960512
0.106600 1.001435
0.106650 0.886633
0.106700 0.891229
0.106750 0.917191
0.106800 0.951737
0.106850 0.920053
0.106900 0.924687
0.106950 0.910067
0.107000 0.861170
0.107050 0.863612
0.107100 0.814625
0.107150 0.896353
0.107200 0.881670
0.107250 0.845506
0.107300 0.923082
0.107350 0.871886
0.107400 0.885088
0.107450 0.904758
0.107500 0.844868
0.107550 0.933382
0.107600 0.854085
0.107650 0.817757
0.107700 0.777068
0.107750 0.878618
0.107800 0.863831
0.107850 0.972029
0.107900 0.853682
0.107950 0.847490
0.108000 0.871543
0.108050 0.815635
0.108100 0.889429
0.108150 0.859453
0.108200 0.814280
0.108250 0.840522
0.108300 0.758450
0.108350 0.786832
0.108400 0.780549
0.108450 0.839357
0.108500 0.770157
0.108550 0.768193
0.108600 0.742323
0.108650 0.727287
0.108700 0.834030
0.108750 0.755960
0.108800 0.727853
0.108850 0.693173
0.108900 0.745605
0.108950 0.747969
0.109000 0.745974
0.109050 0.728702
0.109100 0.774713
0.109150 0.724691
0.109200 0.711745
0.109250 0.703153
0.109300 0.727354
0.109350 0.637812
0.109400 0.666353
0.109450 0.719023
0.109500 0.701653
0.109550 0.747827
0.109600 0.783099
0.109650 0.735047
0.109700 0.776924
0.109750 0.763958
0.109800 0.702640
0.109850 0.702782
0.109900 0.731511
0.109950 0.725079
0.110000 0.742849
0.110050 0.705593
0.110100 0.714549
0.110150 0.701477
0.110200 0.743512
0.110250 0.706188
0.110300 0.697504
0.110350 0.624776
0.110400 0.673444
0.110450 0.662508
0.110500 0.667034
0.110550 0.702534
0.110600 0.660627
0.110650 0.696153
0.110700 0.647557
0.110750 0.703047
0.110800 0.607856
0.110850 0.638962
0.110900 0.630168
0.110950 0.672422
0.111000 0.699186
0.111050 0.732652
0.111100 0.666128
0.111150 0.724058
0.111200 0.737566
0.111250 0.757770
0.111300 0.635473
0.111350 0.655603
0.111400 0.662386
0.111450 0.695938
0.111500 0.642526
0.111550 0.629218
0.111600 0.644921
0.111650 0.662879
0.111700 0.600401
0.111750 0.640695
0.111800 0.627355
0.111850 0.712469
0.111900 0.730527
0.111950 0.634369
0.112000 0.647891
0.112050 0.587445
0.112100 0.612152
0.112150 0.616696
0.112200 0.657166
0.112250 0.625818
0.112300 0.634874
0.112350 0.601230
0.112400 0.623766
0.112450 0.675582
0.112500 0.585654
0.112550 0.617214
0.112600 0.592491
0.112650 0.628593
0.112700 0.592583
0.112750 0.649021
0.112800 0.651366
0.112850 0.617586
0.112900 0.583761
0.112950 0.610911
0.113000 0.635836
0.113050 0.654008
0.113100 0.638259
0.113150 0.636073
0.113200 0.574994
0.113250 0.627134
0.113300 0.606799
0.113350 0.731589
0.113400 0.602416
0.113450 0.634242
0.113500 0.595709
0.113550 0.552581
0.113600 0.600316
0.113650 0.614004
0.113700 0.600410
0.113750 0.605006
0.113800 0.566345
0.113850 0.646089
0.113900 0.609709
0.113950 0.573281
0.114000 0.621202
0.114050 0.575624
0.114100 0.596193
0.114150 0.591665
0.114200 0.603126
0.114250 0.635176
0.114300 0.623815
0.114350 0.562103
0.114400 0.589581
0.114450 0.653735
0.114500 0.566767
0.114550 0.651585
0.114600 0.612692
0.114650 0.633392
0.114700 0.644939
0.114750 0.594509
0.114800 0.557795
0.114850 0.603761
0.114900 0.603807
0.114950 0.587753
0.115000 0.555571
0.115050 0.597011
0.115100 0.599354
0.115150 0.583268
0.115200 0.580991
0.115250 0.629443
0.115300 0.581064
0.115350 0.585706
0.115400 0.618062
0.115450 0.634290
0.115500 0.565032
0.115550 0.546548
0.115600 0.514162
0.115650 0.578922
0.115700 0.613671
0.115750 0.588249
0.115800 0.576696
0.115850 0.616124
0.115900 0.599947
0.115950 0.583749
0.116000 0.576814
0.116050 0.507176
0.116100 0.600058
0.116150 0.537352
0.116200 0.567565
0.116250 0.569905
0.116300 0.565267
0.116350 0.551311
0.116400 0.539666
0.116450 0.607226
0.116500 0.546668
0.116550 0.621288
0.116600 0.539693
0.116650 0.535015
0.116700 0.595711
0.116750 0.511653
0.116800 0.544337
0.116850 0.506923
0.116900 0.502207
0.116950 0.567685
0.117000 0.560676
0.117050 0.527896
0.117100 0.544277
0.117150 0.572399
0.117200 0.570072
0.117250 0.518476
0.117300 0.537224
0.117350 0.520776
0.117400 0.570079
0.117450 0.572445
0.117500 0.595973
0.117550 0.593659
0.117600 0.499575
0.117650 0.551319
0.117700 0.506574
0.117750 0.563080
0.117800 0.577232
0.117850 0.527736
0.117900 0.619717
0.117950 0.572575
0.118000 0.539539
0.118050 0.544253
0.118100 0.551336
0.118150 0.565520
0.118200 0.530057
0.118250 0.539503
0.118300 0.612870
0.118350 0.544250
0.118400 0.534768
0.118450 0.480244
0.118500 0.527604
0.118550 0.494376
0.118600 0.529923
0.118650 0.489547
0.118700 0.555995
0.118750 0.544119
0.118800 0.534605
0.118850 0.536969
0.118900 0.482240
0.118950 0.541682
0.119000 0.508340
0.119050 0.477338
0.119100 0.505872
0.119150 0.541594
0.119200 0.541586
0.119250 0.541578
0.119300 0.560666
0.119350 0.529630
0.119400 0.520056
0.119450 0.520030
0.119500 0.560651
0.119550 0.486507
0.119600 0.541492
0.119650 0.498392
0.119700 0.469608
0.119750 0.483916
0.119800 0.536594
0.119850 0.550970
0.119900 0.459808
0.119950 0.584532
0.120000 0.534139
0.120050 0.507703
0.120100 0.531697
0.120150 0.512449
0.120200 0.517227
0.120250 0.493139
0.120300 0.514754
0.120350 0.493052
0.120400 0.512276
0.120450 0.514654
0.120500 0.509802
0.120550 0.490472
0.120600 0.533856
0.120650 0.529014
0.120700 0.468621
0.120750 0.533785
0.120800 0.514435
0.120850 0.482971
0.120900 0.504686
0.120950 0.524008
0.121000 0.477987
0.121050 0.485193
0.121100 0.572367
0.121150 0.499665
0.121200 0.468098
0.121250 0.499568
0.121300 0.492245
0.121350 0.470345
0.121400 0.492140
0.121450 0.472652
0.121500 0.455571
0.121550 0.477381
0.121600 0.494352
0.121650 0.484570
0.121700 0.528346
0.121750 0.494224
0.121800 0.484430
0.121850 0.442930
0.121900 0.523329
0.121950 0.501347
0.122000 0.452487
0.122050 0.467059
0.122100 0.481649
0.122150 0.518253
0.122200 0.493777
0.122250 0.523083
0.122300 0.464333
0.122350 0.488743
0.122400 0.522979
0.122450 0.456807
0.122500 0.505751
0.122550 0.459127
0.122600 0.446788
0.122650 0.490876
0.122700 0.485918
0.122750 0.480954
0.122800 0.512839
0.122850 0.502977
0.122900 0.549660
0.122950 0.520140
0.123000 0.532421
0.123050 0.483167
0.123100 0.488039
0.123150 0.510165
0.123200 0.507668
0.123250 0.478042
0.123300 0.532258
0.123350 0.487820
0.123400 0.430983
0.123450 0.445707
0.123500 0.470333
0.123550 0.517237
0.123600 0.490008
0.123650 0.485012
0.123700 0.499810
0.123750 0.430442
0.123800 0.469978
0.123850 0.450090
0.123900 0.472321
0.123950 0.472259
0.124000 0.487083
0.124050 0.511853
0.124100 0.504374
0.124150 0.489434
0.124200 0.459566
0.124250 0.524130
0.124300 0.474370
0.124350 0.474310
0.124400 0.501629
0.124450 0.496611
0.124500 0.489096
0.124550 0.469112
0.124600 0.459076
0.124650 0.481450
0.124700 0.491376
0.124750 0.478850
0.124800 0.456321
0.124850 0.426271
0.124900 0.448664
0.124950 0.421084
0.125000 0.423483
0.125050 0.460913
0.125100 0.415789
0.125150 0.473275
0.125200 0.478225
0.125250 0.430555
0.125300 0.463052
0.125350 0.457968
0.125400 0.437824
0.125450 0.480406
0.125500 0.437665
0.125550 0.435065
0.125600 0.527956
0.125650 0.495258
0.125700 0.457491
0.125750 0.442323
0.125800 0.442239
0.125850 0.469853
0.125900 0.459715
0.125950 0.469725
0.126000 0.444453
0.126050 0.446893
0.126100 0.487181
0.126150 0.517421
0.126200 0.454272
0.126250 0.423886
0.126300 0.499598
0.126350 0.486920
0.126400 0.408473
0.126450 0.428603
0.126500 0.446226
0.126550 0.463870
0.126600 0.425809
0.126650 0.443451
0.126700 0.450974
0.126750 0.478794
0.126800 0.417852
0.126850 0.422826
0.126900 0.435423
0.126950 0.427715
0.127000 0.453031
0.127050 0.455499
0.127100 0.424911
0.127150 0.432447
0.127200 0.455262
0.127250 0.434822
0.127300 0.444922
0.127350 0.467774
0.127400 0.462614
0.127450 0.403898
0.127500 0.444602
0.127550 0.431762
0.127600 0.464861
0.127650 0.429041
0.127700 0.464719
0.127750 0.398199
0.127800 0.487578
0.127850 0.446604
0.127900 0.428613
0.127950 0.423401
0.128000 0.471964
0.128050 0.464220
0.128100 0.428274
0.128150 0.458950
0.128200 0.433232
0.128250 0.430578
0.128300 0.466426
0.128350 0.422708
0.128400 0.435457
0.128450 0.432801
0.128500 0.476420
0.128550 0.458362
0.128600 0.450575
0.128650 0.471093
0.128700 0.476185
0.128750 0.429763
0.128800 0.419365
0.128850 0.491451
0.128900 0.475935
0.128950 0.419121
0.129000 0.447414
0.129050 0.416354
0.129100 0.416254
0.129150 0.405818
0.129200 0.462580
0.129250 0.436656
0.129300 0.470203
0.129350 0.488261
0.129400 0.402780
0.129450 0.428570
0.129500 0.436253
0.129550 0.428393
0.129600 0.454233
0.129650 0.412659
0.129700 0.412557
0.129750 0.394283
0.129800 0.448704
0.129850 0.438238
0.129900 0.409567
