0.103616 -0.0250000004 0.0441608475 0.0415309469 synchronous_release_1
0.103058 -0.0250000004 -0.000919069443 -0.000394095622 synchronous_release_0
0.107918 -0.0250000004 0.0347544854 -0.00413832655 synchronous_release_0
0.0026 -0.0250000004 0.0349663316 -0.00153481521 synchronous_release_0
0.013085 -0.0250000004 -0.0188123547 -0.0295143238 synchronous_release_0
0.107649 -0.0250000004 0.0604440493 0.00463863157 synchronous_release_0
0.117826 -0.0250000004 -0.00267811519 0.0348973881 synchronous_release_0
0.011771 -0.0250000004 0.0262114051 0.0231940131 synchronous_release_0
0.109493 -0.0250000004 0.0262114051 0.0231940131 synchronous_release_0
0.00256 -0.0250000004 0.0163602524 0.0309409461 synchronous_release_0
0.005957 -0.0250000004 0.0265127612 0.0228489276 synchronous_release_0
0.104215 -0.0250000004 0.000322160492 -0.000946685068 synchronous_release_0
0.111736 -0.0250000004 0.0263319596 -0.0230570575 synchronous_release_0
0.116033 -0.0250000004 0.0331339774 0.0112756172 synchronous_release_0
0.004396 -0.0250000004 0.0348690709 -0.003024549 synchronous_release_0
0.105428 -0.0250000004 0.0225670139 -0.0267531284 synchronous_release_0
0.008444 -0.0250000004 0.0342505274 0.00720426076 synchronous_release_0
0.003203 -0.0250000004 -0.020886644 -0.0280846596 synchronous_release_0
0.008058 -0.0250000004 0.020886644 0.0280846596 synchronous_release_0
0.114472 -0.0250000004 0.0347653506 -0.00404603449 synchronous_release_0
0.107563 -0.0250000004 0.0217744061 -0.0274021028 synchronous_release_1
0.105605 -0.0250000004 0.000813766696 0.000581191676 synchronous_release_1
0.005188 -0.0250000004 0.0153226615 -0.0314676984 synchronous_release_0
0.017931 -0.0250000004 0.034913157 -0.00246403512 synchronous_release_0
0.103612 -0.0250000004 0.0604893881 -0.00400423878 synchronous_release_0
0.107665 -0.0250000004 0.000997816129 -6.60528096e-05 synchronous_release_1
0.003663 -0.0250000004 -0.000322183613 -0.000946677199 synchronous_release_0
0.105434 -0.0250000004 0.033133702 -0.0112764265 synchronous_release_0
0.107699 -0.0250000004 0.016532272 -0.0308493757 synchronous_release_0
0.106545 -0.0250000004 -0.0184502071 -0.0297420554 synchronous_release_1
0.103441 -0.0250000004 -0.0187026473 0.029583965 synchronous_release_0
0.103524 -0.0250000004 0.0346332393 -0.00505358659 synchronous_release_0
0.103936 -0.0250000004 0.0288579114 0.0198045689 synchronous_release_0
0.123438 -0.0250000004 0.00272230403 -0.0348939688 synchronous_release_0
0.112437 -0.0250000004 0.000493248797 -0.000869888282 synchronous_release_1
0.111974 -0.0250000004 -9.91205243e-05 0.000995075435 synchronous_release_1
0.112552 -0.0250000004 -0.0316222658 0.0150010768 synchronous_release_0
0.002739 -0.0250000004 0.0154444364 0.0314081101 synchronous_release_0
0.00359 -0.0250000004 0.009402564 -0.033713377 synchronous_release_0
0.00766 -0.0250000004 0.0273349555 -0.0218586414 synchronous_release_0
0.103452 -0.0250000004 0.0346632023 -0.00484380083 synchronous_release_0
0.103348 -0.0250000004 -0.0328576645 0.0120571092 synchronous_release_0
0.015781 -0.0250000004 -0.00505267504 0.0346333723 synchronous_release_0
0.009906 -0.0250000004 0.0284232779 -0.020423449 synchronous_release_0
0.102591 -0.0250000004 0.00347558672 0.0348270053 synchronous_release_0
0.109489 -0.0250000004 0.0318988647 0.0144035562 synchronous_release_0
0.00332 -0.0250000004 -0.00630903523 -0.0344266768 synchronous_release_0
0.006133 -0.0250000004 0.0329688943 0.0117495536 synchronous_release_0
0.106464 -0.0250000004 0.0346339762 0.00504853381 synchronous_release_0
0.104872 -0.0250000004 0.0335220098 -0.010063541 synchronous_release_0
0.106275 -0.0250000004 0.0285727956 0.0202137417 synchronous_release_0
0.006198 -0.0250000004 0.00321921602 -0.0348516377 synchronous_release_1
0.105263 -0.0250000004 -0.00737830977 0.0342134556 synchronous_release_0
0.107587 -0.0250000004 -0.0333188766 0.0107169241 synchronous_release_0
0.004612 -0.0250000004 0.000995510436 9.46518424e-05 synchronous_release_0
0.10349 -0.0250000004 0.0347013827 -0.00456224082 synchronous_release_0
0.016819 -0.0250000004 0.0306872199 -0.0168313557 synchronous_release_0
0.007797 -0.0250000004 0.0344814856 -0.00600226219 synchronous_release_0
0.121479 -0.0250000004 -0.0224388543 -0.0268607114 synchronous_release_1
0.108482 -0.0250000004 0.0154828031 -0.0313892149 synchronous_release_0
0.106521 -0.0250000004 -0.0349105516 -0.0025006777 synchronous_release_0
0.002522 -0.0250000004 0.000628719681 -0.000777632023 synchronous_release_0
0.108603 -0.0250000004 0.0312736301 0.0157149629 synchronous_release_0
0.10566 -0.0250000004 0.0320586223 -0.0140443846 synchronous_release_0
0.102888 -0.0250000004 0.00369335172 -0.0348045852 synchronous_release_0
0.106662 -0.0250000004 0.0331522766 -0.0112217003 synchronous_release_0
0.120941 -0.0250000004 0.0325328436 0.0129079079 synchronous_release_0
0.105362 -0.0250000004 0.0254764922 -0.0239989238 synchronous_release_0
0.002695 -0.0250000004 0.0260974116 -0.0233222021 synchronous_release_0
0.003577 -0.0250000004 0.0342927081 -0.00700072638 synchronous_release_0
0.102708 -0.0250000004 -0.0110835472 0.0331987196 synchronous_release_0
0.104075 -0.0250000004 -0.0256118191 0.0238544486 synchronous_release_1
0.004842 -0.0250000004 0.029447674 -0.0189165139 synchronous_release_1
0.107167 -0.0250000004 -0.00165834462 -0.0349606907 synchronous_release_1
0.107298 -0.0250000004 0.000652582448 -0.0349939157 synchronous_release_0
0.106942 -0.0250000004 -0.000884660501 -0.000466235775 synchronous_release_0
0.112011 -0.0250000004 0.0349739724 -0.00134953789 synchronous_release_0
0.102639 -0.0250000004 0.034948945 -0.00188977276 synchronous_release_0
0.020927 -0.0250000004 -0.00945533407 0.0336986151 synchronous_release_0
0.021885 -0.0250000004 0.00945533407 -0.0336986151 synchronous_release_0
0.003344 -0.0250000004 0.0339115238 -0.00866074803 synchronous_release_1
0.004052 -0.0250000004 0.0244561897 0.025037867 synchronous_release_1
0.00275 -0.0250000004 0.0267220897 -0.022603759 synchronous_release_0
0.103718 -0.0250000004 0.0340622984 -0.00804734907 synchronous_release_0
0.00421 -0.0250000004 0.0347811141 -0.0039082093 synchronous_release_0
0.10324 -0.0250000004 0.0140059485 -0.0320754331 synchronous_release_0
0.002421 -0.0250000004 0.0349801376 0.00117897152 synchronous_release_0
0.010087 -0.0250000004 -0.0164690495 -0.0308831735 synchronous_release_0
0.120666 -0.0250000004 -3.36849005e-05 0.000999432503 synchronous_release_1
0.104022 -0.0250000004 -0.0301846826 0.0177167982 synchronous_release_0
0.103795 -0.0250000004 0.0274409269 -0.0217254581 synchronous_release_0
0.109087 -0.0250000004 0.021360164 -0.0277262222 synchronous_release_0
0.002703 -0.0250000004 0.0164881772 0.0308729657 synchronous_release_0
0.10341 -0.0250000004 -0.0164881772 -0.0308729657 synchronous_release_0
0.105522 -0.0250000004 0.0242218872 0.0252646034 synchronous_release_0
0.109188 -0.0250000004 -0.0208965978 -0.0280772541 synchronous_release_0
0.102998 -0.0250000004 0.0106525659 -0.0333395087 synchronous_release_0
0.10924 -0.0250000004 -0.0339934266 -0.00833348338 synchronous_release_0
0.10285 -0.0250000004 0.0286298431 -0.0201328607 synchronous_release_0
0.111379 -0.0250000004 -0.0142747463 -0.0319567148 synchronous_release_0
0.102606 -0.0250000004 0.0348126999 0.00361606449 synchronous_release_1
0.005503 -0.0250000004 0.00036785918 -0.00092988151 synchronous_release_0
0.108066 -0.0250000004 -0.0094999691 -0.0336860592 synchronous_release_0
0.004273 -0.0250000004 0.0128633319 0.0325504945 synchronous_release_0
0.015498 -0.0250000004 0.0217578892 -0.0274152194 synchronous_release_0
0.002756 -0.0250000004 0.0288214471 -0.0198575976 synchronous_release_0
0.108297 -0.0250000004 0.0103850298 0.0334238112 synchronous_release_0
0.10655 -0.0250000004 -0.00063553213 -0.000772074421 synchronous_release_0
0.102473 -0.0250000004 0.0261985682 -0.0232085119 synchronous_release_0
0.110009 -0.0250000004 0.0342761529 -0.00708133774 synchronous_release_0
0.110283 -0.0250000004 0.0173779302 -0.0303810392 synchronous_release_0
0.102836 -0.0250000004 -0.0176217867 -0.0302402486 synchronous_release_1
0.123735 -0.0250000004 -0.0157431343 -0.0312594581 synchronous_release_0
0.102809 -0.0250000004 -0.0253185556 -0.0241654866 synchronous_release_0
0.110193 -0.0250000004 0.00149871921 0.0349678973 synchronous_release_1
0.102747 -0.0250000004 0.0535384086 0.028436575 synchronous_release_0
0.114083 -0.0250000004 -0.0349781364 0.0012369198 synchronous_release_0
0.006162 -0.0250000004 0.00918838837 0.0337723781 synchronous_release_0
0.105107 -0.0250000004 -0.0246535432 0.0248435668 synchronous_release_0
0.010877 -0.0250000004 0.0331102655 -0.0113450571 synchronous_release_0
0.102852 -0.0250000004 0.0263802404 0.0230018025 synchronous_release_0
0.103431 -0.0250000004 -0.0297524444 0.0184334493 synchronous_release_0
0.11631 -0.0250000004 -0.0252374245 0.0242502042 synchronous_release_1
0.103726 -0.0250000004 0.0252374245 -0.0242502042 synchronous_release_2
0.102953 -0.0250000004 -0.0342514523 0.00719986199 synchronous_release_0
0.106011 -0.0250000004 0.0312351328 0.0157913419 synchronous_release_1
0.108293 -0.0250000004 -0.00851472908 0.0339484814 synchronous_release_0
0.002947 -0.0250000004 -0.000896750818 0.0349885101 synchronous_release_0
0.113911 -0.0250000004 0.0311524213 0.0159538913 synchronous_release_0
0.003018 -0.0250000004 0.0346473762 -0.00495573639 synchronous_release_0
0.003752 -0.0250000004 0.0244845065 -0.0250101768 synchronous_release_0
0.103051 -0.0250000004 0.032354852 0.0133477921 synchronous_release_0
0.104687 -0.0250000004 -0.00461789893 -0.0346940198 synchronous_release_0
0.11526 -0.0250000004 0.060091805 -0.00799843558 synchronous_release_0
0.12175 -0.0250000004 0.00461789893 0.0346940198 synchronous_release_0
0.110206 -0.0250000004 0.0229251499 -0.0264468807 synchronous_release_0
0.103783 -0.0250000004 0.0295059111 0.0188255468 synchronous_release_1
0.112532 -0.0250000004 -0.015374668 -0.0314423215 synchronous_release_0
0.123526 -0.0250000004 0.0349171832 0.00240630769 synchronous_release_0
0.003295 -0.0250000004 0.0300947665 0.0178691082 synchronous_release_0
0.004087 -0.0250000004 0.0324239947 -0.013178944 synchronous_release_0
0.117737 -0.0250000004 0.00479869706 -0.0346694751 synchronous_release_0
0.003167 -0.0250000004 -0.0106922772 0.0333267941 synchronous_release_1
0.103012 -0.0250000004 0.0328850239 0.0119822871 synchronous_release_1
0.002905 -0.0250000004 -0.00655799688 0.0343801204 synchronous_release_0
0.003044 -0.0250000004 0.0335261948 0.01004959 synchronous_release_0
0.008783 -0.0250000004 0.0254662977 -0.0240097414 synchronous_release_0
0.102683 -0.0250000004 0.0335791593 -0.00987117335 synchronous_release_0
0.003764 -0.0250000004 0.0301082918 0.0178463095 synchronous_release_0
0.022272 -0.0250000004 0.0305095033 -0.0171513909 synchronous_release_1
0.104832 -0.0250000004 0.0272785259 0.0219290224 synchronous_release_0
0.102408 -0.0250000004 0.015750557 -0.0312557187 synchronous_release_0
0.003236 -0.0250000004 0.0150053358 0.031620245 synchronous_release_1
0.004122 -0.0250000004 -0.0337794612 0.00916231407 synchronous_release_0
0.033421 -0.0250000004 0.031307981 -0.0156464158 synchronous_release_1
0.102599 -0.0250000004 0.00099819185 6.01084827e-05 synchronous_release_1
0.107294 -0.0250000004 0.0441397987 0.0415533172 synchronous_release_0
0.002827 -0.0250000004 0.0217079308 0.0274547945 synchronous_release_0
0.010652 -0.0250000004 0.0129225841 -0.0325270168 synchronous_release_0
0.005353 -0.0250000004 0.0349264196 0.00226830575 synchronous_release_0
0.102689 -0.0250000004 0.0234237408 0.026006314 synchronous_release_0
0.103387 -0.0250000004 0.0349998943 -8.60161711e-05 synchronous_release_0
0.102769 -0.0250000004 0.0319127075 -0.0143728598 synchronous_release_0
0.124627 -0.0250000004 -0.0317429394 0.0147440089 synchronous_release_0
0.102341 -0.0250000004 0.0253245895 -0.0241591632 synchronous_release_0
0.104056 -0.0250000004 0.00791172954 -0.0340940543 synchronous_release_0
0.005867 -0.0250000004 0.00031882399 0.000947813939 synchronous_release_0
0.103106 -0.0250000004 0.00692290531 -0.0343085031 synchronous_release_0
0.103355 -0.0250000004 0.0344346737 0.00626524106 synchronous_release_0
0.118688 -0.0250000004 0.0335080663 0.0101098711 synchronous_release_0
0.111131 -0.0250000004 0.0348388876 0.00335438692 synchronous_release_1
0.011213 -0.0250000004 0.000560404033 0.0349955132 synchronous_release_0
0.103093 -0.0250000004 0.0274555896 -0.0217069251 synchronous_release_0
0.112571 -0.0250000004 0.0325265434 0.0129237755 synchronous_release_1
0.102791 -0.0250000004 -0.0217819256 -0.0273961259 synchronous_release_0
0.106719 -0.0250000004 0.0025626817 0.0349060548 synchronous_release_0
0.00512 -0.0250000004 0.0195077428 -0.029059387 synchronous_release_0
0.112002 -0.0250000004 -0.000999979295 -6.43501469e-06 synchronous_release_0
0.112791 -0.0250000004 0.0349898806 -0.000841578845 synchronous_release_1
0.114444 -0.0250000004 0.0226350084 -0.026695625 synchronous_release_0
0.111326 -0.0250000004 0.034438476 -0.006244307 synchronous_release_0
0.103648 -0.0250000004 -0.034438476 0.006244307 synchronous_release_1
0.1029 -0.0250000004 -0.0142665937 0.0319603552 synchronous_release_0
0.104384 -0.0250000004 0.0348117764 -0.00362494507 synchronous_release_0
0.003865 -0.0250000004 0.0294921799 0.0188470508 synchronous_release_0
0.003379 -0.0250000004 0.0139845965 -0.0320847481 synchronous_release_0
0.102304 -0.0250000004 0.0487631017 -0.0360161063 synchronous_release_0
0.004413 -0.0250000004 0.0175040294 -0.0303085624 synchronous_release_0
0.004117 -0.0250000004 0.00194667939 0.0349458215 synchronous_release_0
0.109172 -0.0250000004 0.0269561364 -0.0223241284 synchronous_release_0
0.112417 -0.0250000004 -0.000348075278 0.000937466587 synchronous_release_1
0.107713 -0.0250000004 -0.0179004352 -0.0300761437 synchronous_release_0
0.004432 -0.0250000004 -0.0169370225 -0.0306290266 synchronous_release_0
0.003699 -0.0250000004 0.034920766 0.00235374141 synchronous_release_0
0.104037 -0.0250000004 0.0125825876 0.0326600442 synchronous_release_0
0.122251 -0.0250000004 0.0219931342 -0.0272268626 synchronous_release_1
0.106403 -0.0250000004 0.0348428451 -0.00331302609 synchronous_release_0
0.002869 -0.0250000004 0.0181086085 0.0299512654 synchronous_release_0
0.106277 -0.0250000004 0.0168842525 -0.0306581477 synchronous_release_0
0.003668 -0.0250000004 0.0244173147 -0.02507578 synchronous_release_0
0.10226 -0.0250000004 0.0339249198 0.00860812485 synchronous_release_0
0.002909 -0.0250000004 0.0330905571 0.0114024133 synchronous_release_0
0.102753 -0.0250000004 0.0334992976 0.0101388887 synchronous_release_0
0.103511 -0.0250000004 0.0260980343 -0.0233215052 synchronous_release_0
0.106243 -0.0250000004 -0.0111663276 -0.0331709681 synchronous_release_0
0.004807 -0.0250000004 -0.0231437373 0.0262558074 synchronous_release_1
0.10699 -0.0250000004 0.00461426932 0.0346945027 synchronous_release_0
0.106644 -0.0250000004 0.0282137466 0.020711941 synchronous_release_0
0.117563 -0.0250000004 0.016237219 -0.0310056885 synchronous_release_0
0.110614 -0.0250000004 0.0132117356 -0.0324106471 synchronous_release_0
0.002946 -0.0250000004 0.0188672817 -0.0294792415 synchronous_release_0
0.111003 -0.0250000004 -0.0177327459 0.0301753165 synchronous_release_0
0.005946 -0.0250000004 0.0195166264 0.0290534214 synchronous_release_1
0.103676 -0.0250000004 0.0302237197 0.0176501208 synchronous_release_1
0.109457 -0.0250000004 0.000862717678 -0.00050568588 synchronous_release_0
0.007074 -0.0250000004 0.0114476714 -0.0330749273 synchronous_release_0
0.0243 -0.0250000004 0.0348132899 -0.00361038045 synchronous_release_0
0.105255 -0.0250000004 0.0205333261 0.0283440032 synchronous_release_0
0.114668 -0.0250000004 -0.0187614469 -0.0295467106 synchronous_release_0
0.104743 -0.0250000004 -0.0260915092 0.0233288051 synchronous_release_1
0.106748 -0.0250000004 -0.0151544504 -0.0315490512 synchronous_release_0
0.103794 -0.0250000004 0.000650155653 -0.000759801044 synchronous_release_0
0.014411 -0.0250000004 -0.0154287509 0.0314158184 synchronous_release_0
0.009926 -0.0250000004 -0.0345127755 -0.00581965038 synchronous_release_1
0.00884 -0.0250000004 0.00309948539 -0.0348624897 synchronous_release_0
0.102984 -0.0250000004 -0.0348410298 0.0496095015 synchronous_release_0
0.10838 -0.0250000004 0.0346867027 0.00467254286 synchronous_release_1
0.102938 -0.0250000004 0.0273664209 0.0218192348 synchronous_release_0
0.01062 -0.0250000004 0.0126943689 -0.0326167595 synchronous_release_0
0.112616 -0.0250000004 0.0345941267 -0.00531473382 synchronous_release_0
0.105497 -0.0250000004 0.026948591 -0.0223332363 synchronous_release_0
0.116565 -0.0250000004 0.0345529174 -0.00557636948 synchronous_release_0
0.102469 -0.0250000004 0.0154138626 -0.0314231259 synchronous_release_0
0.106599 -0.0250000004 -0.0349201566 0.00236276635 synchronous_release_0
0.118015 -0.0250000004 0.0349201566 -0.00236276635 synchronous_release_0
0.112757 -0.0250000004 0.00225290691 0.0349274163 synchronous_release_0
0.103124 -0.0250000004 0.0313744833 0.0155126335 synchronous_release_1
0.005677 -0.0250000004 -0.0291510535 0.019370495 synchronous_release_0
0.109087 -0.0250000004 0.0313508675 0.0155603054 synchronous_release_0
0.107602 -0.0250000004 0.0112888546 -0.0690837301 synchronous_release_0
0.004493 -0.0250000004 0.00581594914 0.0345133994 synchronous_release_0
0.002698 -0.0250000004 0.0327974552 0.01221994 synchronous_release_1
0.014143 -0.0250000004 -0.0148051667 -0.031714461 synchronous_release_0
0.003966 -0.0250000004 0.0333205175 -0.0107118213 synchronous_release_0
0.105585 -0.0250000004 0.0223937333 0.0268983402 synchronous_release_0
0.104689 -0.0250000004 -0.0281574931 0.0207883521 synchronous_release_0
0.102998 -0.0250000004 0.0130893743 0.0324602569 synchronous_release_0
0.103477 -0.0250000004 0.0183369075 -0.0298120416 synchronous_release_0
0.00741 -0.0250000004 0.0320053053 -0.0141654661 synchronous_release_0
0.106988 -0.0250000004 -0.0153464512 -0.0314561033 synchronous_release_0
0.104628 -0.0250000004 0.0216416822 -0.0275070462 synchronous_release_0
0.10853 -0.0250000004 -0.000785915606 -0.000618333777 synchronous_release_0
0.023239 -0.0250000004 -0.0162247578 -0.0310122111 synchronous_release_0
0.002455 -0.0250000004 0.0135911521 -0.032253381 synchronous_release_0
0.014364 -0.0250000004 -0.0135911521 0.032253381 synchronous_release_1
0.005804 -0.0250000004 0.0280390125 0.0209478825 synchronous_release_0
0.102486 -0.0250000004 -0.000598510927 0.000801114642 synchronous_release_1
0.103565 -0.0250000004 0.0310871254 -0.0160807535 synchronous_release_1
0.105262 -0.0250000004 -0.0039545282 -0.0347758782 synchronous_release_1
0.003469 -0.0250000004 -0.0327687334 -0.0122967521 synchronous_release_0
0.005513 -0.0250000004 -0.0136910017 -0.0322111234 synchronous_release_0
0.00502 -0.0250000004 0.0349943041 -0.000631414327 synchronous_release_0
0.102916 -0.0250000004 0.0330771962 0.0114411141 synchronous_release_1
0.002636 -0.0250000004 -0.00331563766 -0.0348425967 synchronous_release_0
0.109699 -0.0250000004 0.00331563766 0.0348425967 synchronous_release_0
0.104718 -0.0250000004 0.0180915142 -0.029961594 synchronous_release_0
0.009375 -0.0250000004 0.00063112899 -0.000775677896 synchronous_release_0
0.103175 -0.0250000004 -0.00143983543 -0.0349703714 synchronous_release_0
0.109587 -0.0250000004 0.000625081183 0.0349944177 synchronous_release_1
0.107214 -0.0250000004 -0.0305015507 -0.0171655295 synchronous_release_0
0.104243 -0.0250000004 0.029965716 -0.0180846859 synchronous_release_0
0.00685 -0.0250000004 -0.0168266098 0.0306898225 synchronous_release_0
0.102561 -0.0250000004 0.0349903921 0.000820037791 synchronous_release_1
0.116625 -0.0250000004 0.0346537411 0.00491103091 synchronous_release_1
0.103003 -0.0250000004 0.0318877802 -0.0144280795 synchronous_release_0
0.104628 -0.0250000004 -0.00996338035 0.0335519158 synchronous_release_0
0.006309 -0.0250000004 0.0346588718 0.00487469008 synchronous_release_0
0.105376 -0.0250000004 -0.0346588718 -0.00487469008 synchronous_release_0
0.116114 -0.0250000004 -0.000139276859 0.000990253481 synchronous_release_0
0.003466 -0.0250000004 0.016154837 -0.0310486915 synchronous_release_0
0.102887 -0.0250000004 0.0349757149 0.00130359781 synchronous_release_0
0.114935 -0.0250000004 -0.0163589086 -0.0309416565 synchronous_release_0
0.122482 -0.0250000004 0.0186168063 -0.0296380587 synchronous_release_0
0.12501 -0.0250000004 -0.000884047329 0.00046739739 synchronous_release_1
0.104465 -0.0250000004 0.031107927 0.0160404763 synchronous_release_0
0.103202 -0.0250000004 0.0339194855 -0.00862951368 synchronous_release_0
0.002751 -0.0250000004 0.0157466145 0.0312577051 synchronous_release_0
0.102611 -0.0250000004 0.0191966594 -0.0292658208 synchronous_release_0
0.102548 -0.0250000004 0.031948059 -0.014294108 synchronous_release_1
0.102485 -0.0250000004 0.000103788452 -0.000994599395 synchronous_release_1
0.114357 -0.0250000004 -0.0205514097 0.0283308941 synchronous_release_1
0.103224 -0.0250000004 0.00568587387 -0.0345350668 synchronous_release_0
0.109743 -0.0250000004 0.0327511821 -0.0123434222 synchronous_release_0
0.010823 -0.0250000004 0.0348349806 -0.00339472034 synchronous_release_0
0.102738 -0.0250000004 0.0203574044 0.028470618 synchronous_release_0
0.104335 -0.0250000004 0.0322827021 0.0135213588 synchronous_release_0
0.011381 -0.0250000004 0.0343579499 0.00667317629 synchronous_release_0
0.10814 -0.0250000004 0.041364974 0.0443163506 synchronous_release_1
0.002995 -0.0250000004 -2.7167274e-07 -0.000999999963 synchronous_release_0
0.004299 -0.0250000004 0.0322119534 -0.0136890488 synchronous_release_0
0.102828 -0.0250000004 -0.0277758493 0.021295591 synchronous_release_0
0.119435 -0.0250000004 -0.00455459815 -0.0347023866 synchronous_release_0
0.120266 -0.0250000004 0.00455459815 0.0347023866 synchronous_release_0
0.102736 -0.0250000004 0.0159475851 -0.03115565 synchronous_release_0
0.103332 -0.0250000004 0.00083968111 -0.000543079767 synchronous_release_0
0.110585 -0.0250000004 -0.034955377 0.00176681119 synchronous_release_0
0.107895 -0.0250000004 0.0190077918 0.0293888389 synchronous_release_1
0.121465 -0.0250000004 -0.0159475851 0.03115565 synchronous_release_1
0.104098 -0.0250000004 0.0171751939 0.0304961098 synchronous_release_0
0.105681 -0.0250000004 0.0699960056 0.000747801316 synchronous_release_0
0.109765 -0.0250000004 -0.023314437 0.0261043488 synchronous_release_0
0.003669 -0.0250000004 0.0259219805 0.0235170349 synchronous_release_0
0.11664 -0.0250000004 -0.0134494297 -0.0323127349 synchronous_release_0
0.105911 -0.0250000004 0.000128823419 -0.000991667549 synchronous_release_1
0.102808 -0.0250000004 0.0282084363 -0.0207191728 synchronous_release_0
0.113299 -0.0250000004 0.000993965967 -0.000109688911 synchronous_release_0
0.106295 -0.0250000004 0.0272714293 0.0219378473 synchronous_release_0
0.015055 -0.0250000004 -0.0006009714 -0.000799270528 synchronous_release_0
0.104852 -0.0250000004 0.0322032117 0.0137096009 synchronous_release_0
0.103032 -0.0250000004 0.0345852734 -0.00537204482 synchronous_release_0
0.1035 -0.0250000004 0.0188615761 0.0294828925 synchronous_release_1
0.002754 -0.0250000004 -0.00922865832 -0.0337613961 synchronous_release_0
0.110967 -0.0250000004 0.00922865832 0.0337613961 synchronous_release_0
0.009928 -0.0250000004 9.30061459e-05 -0.000995665535 synchronous_release_0
0.102993 -0.0250000004 0.0146050479 0.0318071152 synchronous_release_0
0.108869 -0.0250000004 0.0348482937 0.00325521511 synchronous_release_0
0.019808 -0.0250000004 0.00104751618 0.0349843209 synchronous_release_1
0.107041 -0.0250000004 0.0251580555 0.0243325347 synchronous_release_0
0.105272 -0.0250000004 0.000182210282 0.000983259586 synchronous_release_0
0.106118 -0.0250000004 0.0351382157 -0.0493994514 synchronous_release_0
0.102944 -0.0250000004 0.000968861077 -0.000247604953 synchronous_release_0
0.10374 -0.0250000004 -0.0346798712 -0.00472297929 synchronous_release_0
0.005111 -0.0250000004 0.0280164732 -0.0209780177 synchronous_release_0
0.007055 -0.0250000004 0.00852566192 -0.0339457374 synchronous_release_0
0.102658 -0.0250000004 0.0336607019 -0.0095894289 synchronous_release_0
0.110651 -0.0250000004 0.02513504 0.0243563085 synchronous_release_0
0.102666 -0.0250000004 -0.000998069437 6.2107955e-05 synchronous_release_0
0.005028 -0.0250000004 0.0194994491 0.0290649529 synchronous_release_0
0.104102 -0.0250000004 0.015421263 -0.0314194947 synchronous_release_0
0.108114 -0.0250000004 -0.0330927298 0.0113961061 synchronous_release_0
0.11429 -0.0250000004 0.0218890563 -0.0273106063 synchronous_release_0
0.103414 -0.0250000004 0.0173743078 0.0303831109 synchronous_release_0
0.002728 -0.0250000004 0.0286985975 0.0200347324 synchronous_release_0
0.108628 -0.0250000004 0.0229011305 -0.0264676826 synchronous_release_1
0.122808 -0.0250000004 0.0343722508 0.00659911943 synchronous_release_1
0.10253 -0.0250000004 -0.000595190235 -0.0349949389 synchronous_release_0
0.003147 -0.0250000004 0.0345783191 0.00541662685 synchronous_release_0
0.004225 -0.0250000004 0.019117327 -0.0293177047 synchronous_release_0
0.103042 -0.0250000004 0.027868428 0.0211742938 synchronous_release_0
0.104326 -0.0250000004 0.0338078144 -0.00905713463 synchronous_release_0
0.11586 -0.0250000004 0.00571086285 0.0345309433 synchronous_release_0
0.107896 -0.0250000004 0.00621521867 -0.0344437376 synchronous_release_0
0.002962 -0.0250000004 -0.0179172989 -0.0300661005 synchronous_release_0
0.103163 -0.0250000004 0.034932936 0.00216563614 synchronous_release_1
0.003985 -0.0250000004 -0.00434205322 0.034729621 synchronous_release_0
0.103155 -0.0250000004 -0.0320357731 -0.0140964265 synchronous_release_1
0.004958 -0.0250000004 0.0317426851 -0.0147445563 synchronous_release_0
0.002815 -0.0250000004 0.0132085265 -0.032411955 synchronous_release_1
0.104712 -0.0250000004 -0.0122258278 0.0327952609 synchronous_release_0
0.107432 -0.0250000004 -0.0244503295 -0.0250435897 synchronous_release_0
0.115992 -0.0250000004 0.00946322017 -0.0336964013 synchronous_release_0
0.126698 -0.0250000004 0.0346267111 -0.00509812533 synchronous_release_0
0.104121 -0.0250000004 0.0221464167 0.0271023288 synchronous_release_0
0.111035 -0.0250000004 0.0345445136 -0.0056281951 synchronous_release_0
0.009773 -0.0250000004 0.0169370762 0.0306289969 synchronous_release_0
0.102353 -0.0250000004 0.0349940275 0.000646560169 synchronous_release_0
0.102679 -0.0250000004 0.0330578918 0.0114967729 synchronous_release_1
0.003404 -0.0250000004 0.0339935893 -0.00833281964 synchronous_release_0
0.103487 -0.0250000004 0.00589529503 -0.0344999347 synchronous_release_0
0.103723 -0.0250000004 0.000990229447 0.00013944763 synchronous_release_0
0.111327 -0.0250000004 -0.00488066704 0.0346580307 synchronous_release_1
0.103618 -0.0250000004 0.0347437438 0.00422756024 synchronous_release_1
0.013017 -0.0250000004 0.0083947976 -0.0339783368 synchronous_release_0
0.106964 -0.0250000004 0.0307218561 -0.0167680518 synchronous_release_0
0.007487 -0.0250000004 0.0348865985 0.00281518147 synchronous_release_0
0.016842 -0.0250000004 0.0149792568 -0.0316326076 synchronous_release_1
0.105359 -0.0250000004 -0.0297872115 0.0183772149 synchronous_release_0
0.00376 -0.0250000004 0.0297872115 -0.0183772149 synchronous_release_1
0.107595 -0.0250000004 0.000351128656 -0.0349982387 synchronous_release_1
0.103603 -0.0250000004 0.0272930961 0.0219108855 synchronous_release_0
0.112754 -0.0250000004 0.0264684558 0.0229002368 synchronous_release_0
0.102831 -0.0250000004 0.0330664147 -0.0114722367 synchronous_release_1
0.003182 -0.0250000004 0.0257468573 0.0237086343 synchronous_release_0
0.012134 -0.0250000004 -0.0334057082 0.0104431153 synchronous_release_0
0.10717 -0.0250000004 -0.0137609636 0.032181297 synchronous_release_0
0.1106 -0.0250000004 0.0347503026 -0.00417330442 synchronous_release_0
0.024991 -0.0250000004 0.0143959624 -0.0319022925 synchronous_release_0
0.102803 -0.0250000004 0.0204302146 0.0284184154 synchronous_release_0
0.00765 -0.0250000004 0.0260325673 -0.02339456 synchronous_release_0
0.103032 -0.0250000004 -0.000315832892 -0.000948814831 synchronous_release_0
0.003256 -0.0250000004 0.0335167523 -0.0100810373 synchronous_release_0
0.003023 -0.0250000004 0.0278039748 0.0212588566 synchronous_release_0
0.103397 -0.0250000004 0.0314142747 -0.0154318938 synchronous_release_0
0.102843 -0.0250000004 0.0349379182 -0.00208371527 synchronous_release_1
0.103996 -0.0250000004 0.0348437109 -0.00330390871 synchronous_release_0
0.103319 -0.0250000004 -0.0314565443 -0.0153455472 synchronous_release_0
0.110129 -0.0250000004 0.00243863843 0.0349149401 synchronous_release_0
0.003042 -0.0250000004 0.0324012861 0.0132346764 synchronous_release_0
0.107217 -0.0250000004 -0.0242972911 0.0251920949 synchronous_release_0
0.002867 -0.0250000004 0.031106981 0.0160423108 synchronous_release_0
0.106282 -0.0250000004 0.0294465392 -0.0189182803 synchronous_release_0
0.10284 -0.0250000004 0.0341065045 0.0078578846 synchronous_release_0
0.107981 -0.0250000004 0.0334146049 -0.0104146138 synchronous_release_0
0.008474 -0.0250000004 -0.00821789765 0.0340215543 synchronous_release_0
0.105596 -0.0250000004 0.0335724791 -0.00989386903 synchronous_release_0
0.106895 -0.0250000004 -0.0345605718 0.00552873201 synchronous_release_0
0.115681 -0.0250000004 0.00960397011 0.0336565559 synchronous_release_0
0.007509 -0.0250000004 -0.0243454474 0.0251455601 synchronous_release_1
0.102634 -0.0250000004 0.0339494175 0.00851099588 synchronous_release_1
0.10938 -0.0250000004 0.0293410041 0.0190815481 synchronous_release_0
0.112481 -0.0250000004 0.0326256607 0.0126714743 synchronous_release_0
0.104593 -0.0250000004 0.0163643642 -0.0309387716 synchronous_release_0
0.103067 -0.0250000004 -0.0187596593 0.0295478457 synchronous_release_0
0.104063 -0.0250000004 0.00843804197 0.0339676235 synchronous_release_0
0.112285 -0.0250000004 -0.0174632185 -0.0303320952 synchronous_release_0
0.007601 -0.0250000004 -0.0254323139 -0.0240457358 synchronous_release_0
0.105819 -0.0250000004 0.033540375 -0.010002162 synchronous_release_0
0.102669 -0.0250000004 0.0197263726 0.0289114203 synchronous_release_0
0.102524 -0.0250000004 0.020441456 0.0284103304 synchronous_release_0
0.107192 -0.0250000004 0.0143833399 -0.0319079854 synchronous_release_0
0.005243 -0.0250000004 0.0290663841 -0.0194973156 synchronous_release_0
0.102152 -0.0250000004 0.0156043588 0.031328964 synchronous_release_0
0.103369 -0.0250000004 0.0341500275 0.00766652593 synchronous_release_1
0.102752 -0.0250000004 0.0284636331 0.0203671694 synchronous_release_0
0.002697 -0.0250000004 0.0338031393 0.00907456747 synchronous_release_0
0.103788 -0.0250000004 -0.0338031393 -0.00907456747 synchronous_release_0
0.103105 -0.0250000004 0.0323017659 -0.0134757531 synchronous_release_1
0.003132 -0.0250000004 0.00352463446 0.0348220756 synchronous_release_1
0.002357 -0.0250000004 0.0347323969 -0.00431979264 synchronous_release_0
0.103557 -0.0250000004 0.0211072486 0.0279192417 synchronous_release_0
0.005441 -0.0250000004 0.00945277697 -0.0336993324 synchronous_release_0
0.103475 -0.0250000004 0.0267455347 0.0225760132 synchronous_release_0
0.108477 -0.0250000004 0.00617863357 -0.0344503191 synchronous_release_0
0.003537 -0.0250000004 0.0193652763 -0.0291545206 synchronous_release_0
0.104897 -0.0250000004 0.0349311937 0.00219356092 synchronous_release_0
0.114295 -0.0250000004 0.0136802107 0.0322157079 synchronous_release_0
0.102411 -0.0250000004 0.0216821306 -0.0274751745 synchronous_release_0
0.112655 -0.0250000004 0.0129531338 0.0325148631 synchronous_release_0
0.102575 -0.0250000004 0.052798009 0.0459605292 synchronous_release_0
0.11477 -0.0250000004 0.0331009952 -0.0113720762 synchronous_release_0
0.104458 -0.0250000004 0.0257699253 -0.0236835587 synchronous_release_0
0.108523 -0.0250000004 0.0333955261 0.0104756306 synchronous_release_1
0.004623 -0.0250000004 0.0268035656 0.022507085 synchronous_release_0
0.107205 -0.0250000004 0.0343726397 0.00659709317 synchronous_release_0
0.014619 -0.0250000004 0.034759054 0.00409977629 synchronous_release_1
0.111881 -0.0250000004 0.0110524028 -0.033209101 synchronous_release_0
0.105946 -0.0250000004 0.0291243414 -0.0194106347 synchronous_release_1
0.102712 -0.0250000004 0.0348419429 -0.00332250111 synchronous_release_0
0.117207 -0.0250000004 -0.0142087302 0.0319861218 synchronous_release_0
0.007538 -0.0250000004 -0.0154316606 -0.0314143893 synchronous_release_0
0.104888 -0.0250000004 0.0333194722 0.0107150723 synchronous_release_0
0.11153 -0.0250000004 -0.0147015507 0.031762626 synchronous_release_0
0.103345 -0.0250000004 0.0348580163 -0.00314939665 synchronous_release_1
0.102603 -0.0250000004 0.0550916004 -0.0252965525 synchronous_release_0
0.008274 -0.0250000004 0.0121168355 0.0328356863 synchronous_release_0
0.103354 -0.0250000004 -0.0336312062 -0.00969236654 synchronous_release_0
0.107357 -0.0250000004 -0.000336636581 -0.034998381 synchronous_release_0
0.010872 -0.0250000004 -0.0196811051 0.0289422546 synchronous_release_0
0.111947 -0.0250000004 0.0196811051 -0.0289422546 synchronous_release_0
0.01097 -0.0250000004 0.0311392976 0.0159794914 synchronous_release_0
0.107548 -0.0250000004 0.0294082943 -0.018977677 synchronous_release_0
0.004053 -0.0250000004 0.0271455267 0.0220934465 synchronous_release_0
0.102954 -0.0250000004 0.0349324475 -0.00217350165 synchronous_release_0
0.109382 -0.0250000004 0.0193485314 0.0291656362 synchronous_release_1
0.110271 -0.0250000004 -0.0332416955 0.0109539802 synchronous_release_0
0.103557 -0.0250000004 0.0282877163 0.0206108007 synchronous_release_0
0.114117 -0.0250000004 -0.00370561886 0.0348032813 synchronous_release_0
0.102599 -0.0250000004 0.00617095187 -0.0344516959 synchronous_release_0
0.102864 -0.0250000004 0.0238675209 -0.0255996376 synchronous_release_0
0.007923 -0.0250000004 0.0238675209 -0.0255996376 synchronous_release_1
0.104675 -0.0250000004 0.0345784499 -0.00541579174 synchronous_release_0
0.115585 -0.0250000004 0.0219794382 0.0272379202 synchronous_release_0
0.102712 -0.0250000004 0.0123723548 0.0327402632 synchronous_release_0
0.007907 -0.0250000004 0.00450344542 -0.0347090619 synchronous_release_0
0.107494 -0.0250000004 -0.0278072067 -0.0212546291 synchronous_release_0
0.114832 -0.0250000004 0.0278072067 0.0212546291 synchronous_release_0
0.003745 -0.0250000004 0.0341917994 -0.00747802461 synchronous_release_0
0.107632 -0.0250000004 0.00073370605 0.00067946702 synchronous_release_1
0.104693 -0.0250000004 -0.000182538566 -0.000983198694 synchronous_release_0
0.102992 -0.0250000004 -0.00806721122 0.0340575998 synchronous_release_0
0.109427 -0.0250000004 0.0344397826 -0.00623709689 synchronous_release_0
0.102668 -0.0250000004 0.033516426 0.0100821223 synchronous_release_0
0.106813 -0.0250000004 0.025489587 -0.0239850152 synchronous_release_1
0.028363 -0.0250000004 -0.00537236001 -0.0345852244 synchronous_release_0
0.102902 -0.0250000004 0.0578433171 -0.01814251 synchronous_release_0
0.106249 -0.0250000004 0.0334569958 0.010277618 synchronous_release_0
0.102985 -0.0250000004 0.034681046 0.00471434487 synchronous_release_0
0.00276 -0.0250000004 0.0242138116 0.0252723431 synchronous_release_0
0.103133 -0.0250000004 0.0334658679 0.0102486918 synchronous_release_0
0.104344 -0.0250000004 0.000442343304 0.000896845807 synchronous_release_0
0.116783 -0.0250000004 0.00228698277 -0.0349252016 synchronous_release_0
0.003088 -0.0250000004 0.00131582116 0.0349752572 synchronous_release_0
0.007343 -0.0250000004 0.0335992376 -0.00980261345 synchronous_release_0
0.102815 -0.0250000004 0.027779674 -0.0538821836 synchronous_release_0
0.102805 -0.0250000004 -0.022803292 0.026552022 synchronous_release_0
0.104482 -0.0250000004 -0.000943549748 0.000331230845 synchronous_release_0
0.105089 -0.0250000004 0.0115930796 0.0330242412 synchronous_release_0
0.106929 -0.0250000004 0.030208231 0.0176766168 synchronous_release_1
0.103488 -0.0250000004 -0.000657129533 0.00075377767 synchronous_release_0
0.103387 -0.0250000004 0.034056928 0.0080700469 synchronous_release_1
0.103428 -0.0250000004 0.0267433557 -0.0225785944 synchronous_release_0
0.102256 -0.0250000004 0.0341910099 -0.00748163356 synchronous_release_0
0.007063 -0.0250000004 -0.022136594 -0.0271103524 synchronous_release_0
0.102779 -0.0250000004 0.0124099568 -0.032726029 synchronous_release_0
0.002361 -0.0250000004 -0.0337669421 -0.00920834534 synchronous_release_0
0.110077 -0.0250000004 -0.0247195935 -0.0247778469 synchronous_release_0
0.112599 -0.0250000004 0.0310677965 0.016118065 synchronous_release_0
0.105516 -0.0250000004 0.0156270165 0.0313176684 synchronous_release_0
0.102088 -0.0250000004 0.0594039708 0.0120900063 synchronous_release_1
0.10874 -0.0250000004 0.0324296782 0.0131649525 synchronous_release_0
0.102339 -0.0250000004 0.0170804234 0.0305492903 synchronous_release_0
0.106988 -0.0250000004 -0.0349966731 -0.000482564569 synchronous_release_0
0.003614 -0.0250000004 0.0284529453 0.0203820977 synchronous_release_0
0.105628 -0.0250000004 0.031877887 -0.0144499246 synchronous_release_0
0.003054 -0.0250000004 0.0267334465 0.0225903263 synchronous_release_0
0.107717 -0.0250000004 0.00619707319 -0.0344470069 synchronous_release_0
0.002344 -0.0250000004 0.0249550137 0.0245407272 synchronous_release_0
0.002753 -0.0250000004 0.0340076695 0.0082751685 synchronous_release_0
0.01462 -0.0250000004 0.0296844097 -0.0185428104 synchronous_release_0
0.10518 -0.0250000004 0.0309007497 0.0164360477 synchronous_release_0
0.104543 -0.0250000004 0.0337797805 -0.00916113684 synchronous_release_1
0.102534 -0.0250000004 0.010543506 -0.0333741589 synchronous_release_0
0.003138 -0.0250000004 0.0140390662 -0.0320609517 synchronous_release_0
0.123465 -0.0250000004 0.0347851317 -0.00387228789 synchronous_release_0
0.007557 -0.0250000004 0.0349966754 -0.000482401221 synchronous_release_0
0.102577 -0.0250000004 -0.0284742213 -0.020352364 synchronous_release_0
0.103329 -0.0250000004 0.034841598 -0.00332611624 synchronous_release_0
0.106184 -0.0250000004 -0.028427702 0.0204172907 synchronous_release_0
0.116365 -0.0250000004 0.0231582173 -0.0262430367 synchronous_release_0
0.109037 -0.0250000004 0.0298579931 0.0182619891 synchronous_release_0
0.114264 -0.0250000004 0.030744343 -0.016726786 synchronous_release_0
0.002901 -0.0250000004 0.0151196235 0.0315657565 synchronous_release_0
0.104031 -0.0250000004 0.0348965588 0.00268890022 synchronous_release_0
0.007868 -0.0250000004 0.0326625866 0.0125759866 synchronous_release_0
0.107895 -0.0250000004 -0.0272224171 0.0219986364 synchronous_release_0
0.102499 -0.0250000004 0.00544016942 0.034574623 synchronous_release_1
0.002958 -0.0250000004 0.0307989971 -0.0166259369 synchronous_release_0
0.103871 -0.0250000004 0.0470723305 -0.0381994202 synchronous_release_0
0.119631 -0.0250000004 0.0220544455 0.0271772227 synchronous_release_0
0.109099 -0.0250000004 0.000498060743 -0.000867142143 synchronous_release_0
0.110938 -0.0250000004 0.0346433543 0.004983774 synchronous_release_0
0.002833 -0.0250000004 0.000823999606 -0.000566590372 synchronous_release_0
0.102463 -0.0250000004 0.0150608292 -0.0315938511 synchronous_release_1
0.113731 -0.0250000004 -0.0188773201 0.0294728144 synchronous_release_0
0.102829 -0.0250000004 0.0188773201 -0.0294728144 synchronous_release_1
0.106877 -0.0250000004 0.0538401861 -0.0278609828 synchronous_release_2
0.109055 -0.0250000004 0.020894715 -0.0280786553 synchronous_release_0
0.107777 -0.0250000004 0.0230253574 -0.0263596835 synchronous_release_0
0.117774 -0.0250000004 0.0113154768 0.0331203862 synchronous_release_1
0.102419 -0.0250000004 0.0335792344 0.00987091777 synchronous_release_0
0.107711 -0.0250000004 0.0253380827 -0.0241450111 synchronous_release_0
0.007129 -0.0250000004 0.0339442017 0.00853177412 synchronous_release_0
0.110036 -0.0250000004 -0.0339442017 -0.00853177412 synchronous_release_0
0.007078 -0.0250000004 0.0179392787 0.0300529912 synchronous_release_0
0.108961 -0.0250000004 0.000952537966 0.000304419814 synchronous_release_0
0.112857 -0.0250000004 0.0237618647 -0.025697739 synchronous_release_0
0.102685 -0.0250000004 -0.000241486207 -0.000970404252 synchronous_release_0
0.103019 -0.0250000004 -0.0349965709 0.000489926117 synchronous_release_1
0.105753 -0.0250000004 -0.0179225739 -0.0300629564 synchronous_release_1
0.116028 -0.0250000004 -0.000977496429 -0.000210951964 synchronous_release_0
0.103054 -0.0250000004 0.0333575547 0.0105959211 synchronous_release_0
0.013888 -0.0250000004 0.0349946291 0.000613136701 synchronous_release_0
0.002157 -0.0250000004 0.0322792767 0.0135295342 synchronous_release_0
0.105663 -0.0250000004 0.0282735939 -0.0206301693 synchronous_release_0
0.0075 -0.0250000004 0.003739028 0.0347997079 synchronous_release_0
0.102452 -0.0250000004 0.0145727351 -0.0318219326 synchronous_release_0
0.102967 -0.0250000004 0.0301352563 0.0178007396 synchronous_release_0
0.005175 -0.0250000004 -0.026160847 0.0232510233 synchronous_release_0
0.104509 -0.0250000004 0.026160847 -0.0232510233 synchronous_release_0
0.116727 -0.0250000004 -0.0215040568 0.0276147703 synchronous_release_0
0.003918 -0.0250000004 0.0345951548 -0.0053080379 synchronous_release_0
0.016592 -0.0250000004 0.0218944731 0.0273062639 synchronous_release_0
0.104385 -0.0250000004 0.0120907359 0.0328453057 synchronous_release_0
0.102752 -0.0250000004 0.0320919694 0.013968017 synchronous_release_0
0.007586 -0.0250000004 0.000537883035 0.000843019478 synchronous_release_0
0.118414 -0.0250000004 0.004373408 0.0347256865 synchronous_release_0
0.103498 -0.0250000004 -0.0322600307 -0.0135753608 synchronous_release_1
0.002915 -0.0250000004 0.0265405669 0.0228166235 synchronous_release_0
0.005777 -0.0250000004 0.015240552 -0.0315075479 synchronous_release_0
0.106396 -0.0250000004 -0.00905111232 -0.0338094272 synchronous_release_0
0.111842 -0.0250000004 0.034379561 -0.00656092876 synchronous_release_0
0.004463 -0.0250000004 0.011603644 -0.0330205307 synchronous_release_0
0.106138 -0.0250000004 -0.011603644 0.0330205307 synchronous_release_1
0.102814 -0.0250000004 0.0210967569 -0.0279271704 synchronous_release_0
0.005869 -0.0250000004 0.0321760287 0.0137732776 synchronous_release_0
0.10424 -0.0250000004 0.0601920514 -0.00720534183 synchronous_release_0
0.105752 -0.0250000004 0.0580002608 0.0176343343 synchronous_release_1
0.102308 -0.0250000004 0.0270722862 -0.0221831315 synchronous_release_0
0.108714 -0.0250000004 0.0327472985 0.0123537218 synchronous_release_0
0.102734 -0.0250000004 0.0299797375 -0.0180614323 synchronous_release_0
0.103694 -0.0250000004 -0.0274836301 -0.0216714116 synchronous_release_0
0.103544 -0.0250000004 0.0330946152 0.0113906296 synchronous_release_0
0.115305 -0.0250000004 0.0242702465 -0.0252181509 synchronous_release_0
0.015651 -0.0250000004 0.0297659441 -0.0184116423 synchronous_release_1
0.114882 -0.0250000004 -0.000526046924 -0.000850455545 synchronous_release_1
0.102292 -0.0250000004 0.0345652868 0.00549917723 synchronous_release_0
0.00821 -0.0250000004 0.0209192655 -0.0280603694 synchronous_release_0
0.003962 -0.0250000004 0.0329834849 0.011708532 synchronous_release_0
0.008252 -0.0250000004 -0.0185942827 -0.0296521947 synchronous_release_0
0.020951 -0.0250000004 0.0349766952 -0.00127702379 synchronous_release_0
0.003133 -0.0250000004 0.0336218404 -0.00972480581 synchronous_release_0
0.008152 -0.0250000004 -0.0336218404 0.00972480581 synchronous_release_0
0.116358 -0.0250000004 0.0329023802 -0.0119345456 synchronous_release_0
0.005412 -0.0250000004 0.0207284299 -0.0282016346 synchronous_release_0
0.102462 -0.0250000004 0.0341504132 -0.00766480763 synchronous_release_0
0.116421 -0.0250000004 0.000235795006 -0.000971802817 synchronous_release_0
0.002563 -0.0250000004 0.00195812954 -0.0349451818 synchronous_release_0
0.104471 -0.0250000004 0.0312424799 -0.015776801 synchronous_release_1
0.108954 -0.0250000004 -0.0348401638 0.00334110505 synchronous_release_0
0.12269 -0.0250000004 0.0145266001 -0.0318430195 synchronous_release_0
0.00688 -0.0250000004 0.0323114047 0.0134526253 synchronous_release_0
0.010977 -0.0250000004 -0.0178985754 0.0300772505 synchronous_release_0
0.102816 -0.0250000004 0.0349969507 0.000461995764 synchronous_release_1
0.112791 -0.0250000004 0.0124386143 -0.0327151475 synchronous_release_0
0.126109 -0.0250000004 4.61759446e-05 -0.0349999695 synchronous_release_0
0.002923 -0.0250000004 0.034989575 -0.000854192491 synchronous_release_0
0.01148 -0.0250000004 0.032505204 0.0129773537 synchronous_release_0
0.002875 -0.0250000004 -0.000511588308 0.000859230704 synchronous_release_0
0.106858 -0.0250000004 0.0285531285 0.0202415131 synchronous_release_0
0.003275 -0.0250000004 -0.0336279491 -0.00970366125 synchronous_release_0
0.104795 -0.0250000004 0.0588455407 -0.0145671663 synchronous_release_0
0.104101 -0.0250000004 0.0218008871 -0.0273810395 synchronous_release_0
0.115299 -0.0250000004 -0.000447974016 0.034997133 synchronous_release_0
0.003696 -0.0250000004 0.000961209063 -0.000275820843 synchronous_release_0
0.103438 -0.0250000004 0.0243082366 -0.0251815336 synchronous_release_0
0.102531 -0.0250000004 0.0119642126 -0.032891604 synchronous_release_0
0.113367 -0.0250000004 0.0604110022 -0.00505082309 synchronous_release_0
0.103393 -0.0250000004 0.0292653824 0.0191973278 synchronous_release_0
0.111939 -0.0250000004 0.000449882877 0.000893087564 synchronous_release_0
0.11567 -0.0250000004 -0.0312807686 -0.0157007489 synchronous_release_0
0.102757 -0.0250000004 -0.000948861707 -0.0349871357 synchronous_release_0
0.121755 -0.0250000004 -0.00873033807 -0.0338936749 synchronous_release_0
0.103147 -0.0250000004 0.033767494 0.00920632097 synchronous_release_0
0.022434 -0.0250000004 0.00701096941 -0.0342906154 synchronous_release_0
0.116766 -0.0250000004 0.0261910594 0.0232169853 synchronous_release_0
0.103489 -0.0250000004 0.034055076 0.00807785864 synchronous_release_0
0.002356 -0.0250000004 0.00882436402 0.0338693165 synchronous_release_0
0.102979 -0.0250000004 0.0349614851 0.00164151116 synchronous_release_0
0.10267 -0.0250000004 0.000340001372 -0.00094042494 synchronous_release_0
0.117605 -0.0250000004 0.0329148729 0.011900048 synchronous_release_0
0.102659 -0.0250000004 0.0547958422 -0.0259309791 synchronous_release_0
0.107794 -0.0250000004 0.0223365327 -0.0269458588 synchronous_release_0
0.106792 -0.0250000004 0.0275132635 0.0216337776 synchronous_release_0
0.002974 -0.0250000004 0.032865145 -0.0120367039 synchronous_release_0
0.106891 -0.0250000004 0.0268566639 0.0224436986 synchronous_release_0
0.104215 -0.0250000004 0.0303776872 0.017383789 synchronous_release_0
0.102541 -0.0250000004 0.0119325239 -0.0329031134 synchronous_release_0
0.005319 -0.0250000004 -0.0341710924 0.00757208306 synchronous_release_0
0.102831 -0.0250000004 -0.0312148667 0.0158313643 synchronous_release_1
0.102511 -0.0250000004 -0.0211255576 -0.0279053904 synchronous_release_0
0.002819 -0.0250000004 0.0347295558 -0.00434257434 synchronous_release_1
0.102152 -0.0250000004 0.0311447319 -0.0159688972 synchronous_release_0
0.105383 -0.0250000004 0.0137037977 0.0322056816 synchronous_release_0
0.106111 -0.0250000004 0.0347428373 0.00423500386 synchronous_release_0
0.104832 -0.0250000004 0.0192661828 -0.0292200993 synchronous_release_0
0.003284 -0.0250000004 0.0252455318 -0.024241764 synchronous_release_0
0.105007 -0.0250000004 0.0200359805 -0.0286977262 synchronous_release_0
0.102834 -0.0250000004 0.0349884284 0.00089993321 synchronous_release_1
0.008597 -0.0250000004 -0.0347432542 -0.00423158215 synchronous_release_0
0.015839 -0.0250000004 0.0249851745 0.0245100195 synchronous_release_0
0.102307 -0.0250000004 0.0176194673 -0.0302416001 synchronous_release_1
0.008241 -0.0250000004 0.0142847597 0.03195224 synchronous_release_0
0.005849 -0.0250000004 -0.0301462722 -0.0177820772 synchronous_release_0
0.106505 -0.0250000004 0.000999956463 9.3312718e-06 synchronous_release_0
0.119135 -0.0250000004 0.000326594513 -0.0349984762 synchronous_release_0
0.103324 -0.0250000004 -0.00715587373 0.0342606695 synchronous_release_0
0.105566 -0.0250000004 0.00715587373 -0.0342606695 synchronous_release_0
0.10384 -0.0250000004 0.0349529913 0.00181339418 synchronous_release_0
0.002321 -0.0250000004 0.0310861527 -0.0160826339 synchronous_release_0
0.01275 -0.0250000004 0.00099893471 4.61459091e-05 synchronous_release_0
0.121921 -0.0250000004 -0.00161510682 0.0349627149 synchronous_release_0
0.010705 -0.0250000004 -0.000629973507 0.000776616624 synchronous_release_0
0.125824 -0.0250000004 0.032685848 -0.012515404 synchronous_release_0
0.002672 -0.0250000004 0.00550426621 -0.0345644768 synchronous_release_1
0.105533 -0.0250000004 0.0239616583 -0.0255115451 synchronous_release_0
0.106 -0.0250000004 -0.0180232517 0.0300027065 synchronous_release_0
0.113927 -0.0250000004 -1.73497299e-05 0.000999849482 synchronous_release_0
0.103048 -0.0250000004 0.0250439197 -0.0244499915 synchronous_release_0
0.102771 -0.0250000004 0.0344706049 -0.0060644371 synchronous_release_0
0.106693 -0.0250000004 0.0119833459 -0.0328846381 synchronous_release_0
0.102342 -0.0250000004 0.0342129072 -0.00738085247 synchronous_release_0
0.109219 -0.0250000004 0.000951990657 0.000306127081 synchronous_release_0
0.108618 -0.0250000004 0.0577113665 0.018557968 synchronous_release_1
0.004174 -0.0250000004 0.0270198658 0.0222469516 synchronous_release_0
0.102761 -0.0250000004 0.030010406 0.0180104285 synchronous_release_0
0.109877 -0.0250000004 0.000999856805 1.69224465e-05 synchronous_release_1
0.103446 -0.0250000004 0.000762892935 0.0349916846 synchronous_release_0
0.103928 -0.0250000004 -0.000988541657 -0.000150948311 synchronous_release_0
0.103756 -0.0250000004 0.0587799981 -0.0148294243 synchronous_release_0
0.110422 -0.0250000004 0.00856177213 0.0339366477 synchronous_release_0
0.01081 -0.0250000004 0.0150662833 -0.0315912505 synchronous_release_0
0.002623 -0.0250000004 0.0208635249 0.0281018386 synchronous_release_0
0.004087 -0.0250000004 0.0181793975 -0.0299083518 synchronous_release_0
0.104901 -0.0250000004 0.0349291142 -0.00222642797 synchronous_release_0
0.109373 -0.0250000004 0.0155364139 -0.0313627142 synchronous_release_0
0.012279 -0.0250000004 0.0348065353 -0.00367492828 synchronous_release_0
0.10314 -0.0250000004 0.0605676629 0.00256090072 synchronous_release_0
0.102366 -0.0250000004 0.000589929114 -0.000807455039 synchronous_release_1
0.103003 -0.0250000004 0.0322888501 -0.013506671 synchronous_release_0
0.102583 -0.0250000004 0.0349207271 0.00235431884 synchronous_release_1
0.10358 -0.0250000004 0.008382386 -0.0339814009 synchronous_release_0
0.104924 -0.0250000004 0.0252375634 0.0242500597 synchronous_release_0
0.002443 -0.0250000004 0.0291472832 -0.0193761679 synchronous_release_0
0.003997 -0.0250000004 0.00220661203 0.0349303716 synchronous_release_0
0.102927 -0.0250000004 0.0291472832 -0.0193761679 synchronous_release_1
0.103262 -0.0250000004 0.0298618435 0.0182556924 synchronous_release_0
0.003327 -0.0250000004 -0.000626884097 -0.0349943855 synchronous_release_0
0.112874 -0.0250000004 0.000626884097 0.0349943855 synchronous_release_0
0.002708 -0.0250000004 -0.00730161678 -0.0342299049 synchronous_release_0
0.014813 -0.0250000004 0.00730161678 0.0342299049 synchronous_release_0
0.0089 -0.0250000004 0.0100425442 -0.033528306 synchronous_release_0
0.107189 -0.0250000004 0.0194478023 -0.0290995358 synchronous_release_0
0.112217 -0.0250000004 -0.0060575988 -0.0344718073 synchronous_release_0
0.04924 -0.0250000004 0.0344720376 -0.0060562882 synchronous_release_0
0.102574 -0.0250000004 0.0219791604 -0.0272381443 synchronous_release_0
0.114993 -0.0250000004 0.000807754905 0.000589518459 synchronous_release_0
0.103335 -0.0250000004 0.0206331461 -0.0282714217 synchronous_release_1
0.002828 -0.0250000004 0.0345625273 0.0055164942 synchronous_release_0
0.008002 -0.0250000004 0.0348656111 -0.00306417431 synchronous_release_0
0.011763 -0.0250000004 0.0147791527 -0.0317265921 synchronous_release_0
0.018331 -0.0250000004 0.00161100056 -0.0349629043 synchronous_release_0
0.004889 -0.0250000004 0.0231568914 -0.0262442066 synchronous_release_0
0.102826 -0.0250000004 0.0201065531 -0.0286483249 synchronous_release_0
0.10996 -0.0250000004 0.0325299772 -0.01291513 synchronous_release_0
0.10779 -0.0250000004 0.029238255 -0.0192386186 synchronous_release_0
0.105407 -0.0250000004 -0.033404311 -0.0104475839 synchronous_release_0
0.002513 -0.0250000004 0.0213292611 0.0277500022 synchronous_release_0
0.103564 -0.0250000004 -0.000983072254 0.000183218297 synchronous_release_0
0.103138 -0.0250000004 -0.0201287738 0.0286327167 synchronous_release_0
0.104401 -0.0250000004 0.0261019201 0.0233171561 synchronous_release_0
0.113315 -0.0250000004 -0.0330280241 0.0115822979 synchronous_release_0
0.104269 -0.0250000004 0.0341783324 0.00753933652 synchronous_release_1
0.006538 -0.0250000004 0.032489104 -0.0130176081 synchronous_release_0
0.104051 -0.0250000004 0.0275181313 0.0216275853 synchronous_release_0
0.002662 -0.0250000004 0.0143384085 0.0319282013 synchronous_release_0
0.104375 -0.0250000004 0.0606196767 -0.00050477519 synchronous_release_1
0.106903 -0.0250000004 0.0304555544 0.0172470057 synchronous_release_1
0.108354 -0.0250000004 0.0163814307 0.0309297385 synchronous_release_2
0.11313 -0.0250000004 0.00219583842 -0.0349310506 synchronous_release_0
0.104184 -0.0250000004 0.000387475818 0.000921879868 synchronous_release_0
0.12711 -0.0250000004 0.0278776342 0.0211621717 synchronous_release_0
0.103642 -0.0250000004 -0.000975969795 -0.00021790585 synchronous_release_1
0.013807 -0.0250000004 0.0343953381 0.00647770912 synchronous_release_0
0.104436 -0.0250000004 0.0115878084 0.0330260911 synchronous_release_0
0.111876 -0.0250000004 0.00517735755 -0.034614953 synchronous_release_0
0.005719 -0.0250000004 0.0309892954 -0.0162684839 synchronous_release_1
0.108664 -0.0250000004 0.0323268088 0.0134155669 synchronous_release_0
0.012892 -0.0250000004 0.0169361077 -0.0306295324 synchronous_release_0
0.113949 -0.0250000004 0.0341829349 0.00751844142 synchronous_release_0
0.102467 -0.0250000004 -0.0105803062 -0.0333625107 synchronous_release_1
0.10524 -0.0250000004 -0.0295485603 0.0187585337 synchronous_release_0
0.103083 -0.0250000004 -0.00147108656 -0.0349690707 synchronous_release_1
0.003156 -0.0250000004 0.0136611906 -0.032223778 synchronous_release_0
0.104328 -0.0250000004 -0.0136611906 0.032223778 synchronous_release_0
0.008085 -0.0250000004 0.0211943899 -0.0278531477 synchronous_release_0
0.018574 -0.0250000004 0.0347187284 0.00442830627 synchronous_release_1
0.021262 -0.0250000004 -0.000352136707 0.0349982285 synchronous_release_0
0.111601 -0.0250000004 0.000600426766 -0.000799679747 synchronous_release_0
0.112275 -0.0250000004 0.0279887912 0.0210149368 synchronous_release_0
0.125506 -0.0250000004 0.0321938647 -0.0137315358 synchronous_release_0
0.103039 -0.0250000004 0.00420507356 -0.0347464726 synchronous_release_1
0.102534 -0.0250000004 0.0346367773 0.00502928033 synchronous_release_0
0.119157 -0.0250000004 0.00277610302 -0.0348897299 synchronous_release_0
0.002476 -0.0250000004 0.02510106 0.0243913261 synchronous_release_0
0.103041 -0.0250000004 0.033674038 -0.00954249257 synchronous_release_0
0.005056 -0.0250000004 0.029683817 -0.0185437594 synchronous_release_0
0.103242 -0.0250000004 -0.0309012752 -0.0164350599 synchronous_release_0
0.002659 -0.0250000004 0.0326342952 -0.0126492204 synchronous_release_0
0.103384 -0.0250000004 0.00536260135 -0.0345867389 synchronous_release_0
0.10299 -0.0250000004 0.0297135765 0.0184960367 synchronous_release_0
0.105041 -0.0250000004 0.0062904516 -0.0344300772 synchronous_release_0
0.002119 -0.0250000004 0.0179105292 -0.0300701338 synchronous_release_0
0.110229 -0.0250000004 -0.000872744005 0.000488178146 synchronous_release_0
0.104208 -0.0250000004 0.0201381114 0.0286261501 synchronous_release_0
0.00338 -0.0250000004 0.0316417137 0.0149600118 synchronous_release_0
0.104896 -0.0250000004 0.00286510665 0.0348825338 synchronous_release_0
0.112549 -0.0250000004 0.00678786379 -0.0343354759 synchronous_release_0
0.102413 -0.0250000004 0.0335306957 -0.0100345627 synchronous_release_0
0.103927 -0.0250000004 0.039927519 -0.0456157125 synchronous_release_0
0.121199 -0.0250000004 -0.00492047772 0.0346524011 synchronous_release_0
0.002837 -0.0250000004 0.0223563514 0.026929418 synchronous_release_0
0.008505 -0.0250000004 0.0344997358 -0.00589645929 synchronous_release_0
0.003196 -0.0250000004 0.0145230415 0.0318446426 synchronous_release_0
0.11511 -0.0250000004 0.0348397903 0.00334499841 synchronous_release_0
0.102855 -0.0250000004 0.0349169771 0.00240929606 synchronous_release_0
0.111143 -0.0250000004 -0.0311242915 0.0160087001 synchronous_release_0
0.118213 -0.0250000004 0.0294260867 0.018950077 synchronous_release_1
0.109395 -0.0250000004 0.0274372937 -0.0217300463 synchronous_release_0
0.102636 -0.0250000004 0.03367319 0.00954548461 synchronous_release_0
0.007977 -0.0250000004 0.0347974194 0.00376026634 synchronous_release_0
0.018411 -0.0250000004 0.0206551959 -0.028255316 synchronous_release_0
0.106791 -0.0250000004 0.0206551959 -0.028255316 synchronous_release_0
0.110993 -0.0250000004 0.00707322445 -0.0696417224 synchronous_release_0
0.010382 -0.0250000004 0.0337383841 -0.00931243466 synchronous_release_0
0.102816 -0.0250000004 0.0307382431 -0.016737993 synchronous_release_0
0.007193 -0.0250000004 0.022597337 -0.0267275207 synchronous_release_0
0.102404 -0.0250000004 -0.0342534162 -0.00719051315 synchronous_release_0
0.104352 -0.0250000004 0.0287128048 -0.0200143659 synchronous_release_0
0.102566 -0.0250000004 0.00118192147 0.034980038 synchronous_release_0
0.003057 -0.0250000004 0.00435397711 -0.0347281281 synchronous_release_0
0.004473 -0.0250000004 0.0253798787 -0.0241010738 synchronous_release_0
0.104058 -0.0250000004 -0.000599249676 0.000800562193 synchronous_release_0
0.10321 -0.0250000004 -0.0302585855 -0.0175902815 synchronous_release_0
0.102273 -0.0250000004 0.0590373847 -0.0137690672 synchronous_release_0
0.102724 -0.0250000004 0.00794957467 0.0340852499 synchronous_release_0
0.116604 -0.0250000004 0.000116165055 0.0349998072 synchronous_release_0
0.103912 -0.0250000004 -0.0302526397 0.0176005055 synchronous_release_1
0.004132 -0.0250000004 0.0346927847 0.0046271683 synchronous_release_0
0.103549 -0.0250000004 0.0213536377 -0.0277312488 synchronous_release_0
0.00261 -0.0250000004 0.00891769012 0.0338448638 synchronous_release_0
0.107115 -0.0250000004 0.0248516667 -0.0246453781 synchronous_release_0
0.010638 -0.0250000004 0.0337693569 0.00919948569 synchronous_release_1
0.117879 -0.0250000004 -0.00315135243 -0.0348578395 synchronous_release_1
0.10266 -0.0250000004 -0.0305554192 -0.0170694569 synchronous_release_0
0.002764 -0.0250000004 0.0235891648 0.0258563591 synchronous_release_0
0.102519 -0.0250000004 -0.0176941523 0.0301979631 synchronous_release_0
0.10482 -0.0250000004 0.0349992793 0.000224603848 synchronous_release_1
0.108518 -0.0250000004 0.0290574071 -0.0195106917 synchronous_release_0
0.107007 -0.0250000004 0.0023680511 0.0349197986 synchronous_release_1
0.102533 -0.0250000004 -0.0114398629 0.033077629 synchronous_release_1
0.007754 -0.0250000004 0.0288665785 -0.0197919338 synchronous_release_0
0.003404 -0.0250000004 -0.000837285399 0.000546766094 synchronous_release_0
0.107863 -0.0250000004 -0.0191368133 -0.0293049889 synchronous_release_0
0.102653 -0.0250000004 0.0571380055 0.0202545878 synchronous_release_0
0.105935 -0.0250000004 0.0344159986 -0.00636702755 synchronous_release_0
0.129089 -0.0250000004 0.0227220069 0.0266216153 synchronous_release_0
0.009331 -0.0250000004 0.0341430408 -0.00769758162 synchronous_release_0
0.104688 -0.0250000004 0.0344375991 0.0062491414 synchronous_release_0
0.033441 -0.0250000004 0.0349789346 0.0012141399 synchronous_release_0
0.108743 -0.0250000004 0.0027976526 -0.0348880085 synchronous_release_1
0.105707 -0.0250000004 -0.00215873202 -0.0349333634 synchronous_release_0
0.118809 -0.0250000004 0.0605063602 -0.00373903354 synchronous_release_0
0.124669 -0.0250000004 0.0313325461 0.0155971649 synchronous_release_0
0.006334 -0.0250000004 0.0127446767 -0.0325971351 synchronous_release_0
0.013265 -0.0250000004 0.0317647506 -0.0146969596 synchronous_release_0
0.102818 -0.0250000004 -0.00584933528 -0.0345077568 synchronous_release_0
0.003727 -0.0250000004 0.0267970352 0.0225148596 synchronous_release_0
0.102613 -0.0250000004 0.0206971125 0.0569792026 synchronous_release_0
0.102564 -0.0250000004 0.0315645778 -0.015122084 synchronous_release_0
0.10942 -0.0250000004 0.0288783979 0.0197746843 synchronous_release_0
0.105295 -0.0250000004 0.0330748811 0.0114478051 synchronous_release_0
0.116026 -0.0250000004 -0.00662335054 -0.0343675898 synchronous_release_0
0.102843 -0.0250000004 0.0327744157 0.0122815991 synchronous_release_0
0.002836 -0.0250000004 0.0327603442 0.0123190848 synchronous_release_0
0.119205 -0.0250000004 -0.00571153168 -0.0345308327 synchronous_release_0
0.006183 -0.0250000004 0.0349071914 -0.00254715322 synchronous_release_0
0.003825 -0.0250000004 0.0196594951 0.0289569379 synchronous_release_1
0.102486 -0.0250000004 0.0317582532 0.0147109943 synchronous_release_0
0.103099 -0.0250000004 0.0286192214 -0.0201479569 synchronous_release_0
0.103086 -0.0250000004 0.000997217821 -7.45427234e-05 synchronous_release_0
0.102618 -0.0250000004 0.0349886816 -0.000890033944 synchronous_release_0
0.110356 -0.0250000004 0.0182651328 0.0298560701 synchronous_release_1
0.002939 -0.0250000004 0.0342291339 0.00730523035 synchronous_release_0
0.104495 -0.0250000004 -0.000639844156 -0.000768504689 synchronous_release_0
0.10499 -0.0250000004 0.0144014566 -0.0318998127 synchronous_release_0
0.104453 -0.0250000004 0.0323172182 -0.0134386534 synchronous_release_1
0.107348 -0.0250000004 -0.020694312 0.0282266798 synchronous_release_0
0.002535 -0.0250000004 0.0349999979 1.2157824e-05 synchronous_release_0
0.012975 -0.0250000004 -0.0175105279 0.0303048084 synchronous_release_0
0.102454 -0.0250000004 0.000626835389 -0.0349943864 synchronous_release_1
0.006006 -0.0250000004 0.0282208919 -0.0207022042 synchronous_release_0
0.002355 -0.0250000004 0.0319422305 0.0143071279 synchronous_release_0
0.118317 -0.0250000004 0.00716155819 0.0696326941 synchronous_release_0
0.102859 -0.0250000004 0.0316053488 -0.015036686 synchronous_release_0
0.103944 -0.0250000004 0.0330846996 0.0114193982 synchronous_release_0
0.102531 -0.0250000004 0.0178779054 -0.0300895413 synchronous_release_0
0.10248 -0.0250000004 0.0395054305 -0.057786858 synchronous_release_0
0.115723 -0.0250000004 -0.0122934687 0.0327699653 synchronous_release_0
0.105458 -0.0250000004 0.034957342 0.00172749449 synchronous_release_1
0.102993 -0.0250000004 0.0269456977 0.0223367271 synchronous_release_0
0.009344 -0.0250000004 0.000233448366 -0.0349992214 synchronous_release_0
0.102625 -0.0250000004 0.0278303509 -0.0212243156 synchronous_release_0
0.105736 -0.0250000004 0.0228620196 0.0265014728 synchronous_release_0
0.103026 -0.0250000004 0.016334058 0.0309547824 synchronous_release_0
0.124622 -0.0250000004 0.0349746569 0.00133168203 synchronous_release_0
0.004885 -0.0250000004 0.0348832726 0.00285609747 synchronous_release_0
0.002622 -0.0250000004 0.031852935 0.0145048451 synchronous_release_0
0.017835 -0.0250000004 0.0344101497 0.00639856237 synchronous_release_1
0.108167 -0.0250000004 0.0337103744 -0.00941332339 synchronous_release_0
0.003698 -0.0250000004 0.0349613426 -0.00164454448 synchronous_release_0
0.003091 -0.0250000004 -0.00443932327 0.0347173215 synchronous_release_0
0.102577 -0.0250000004 0.032285744 -0.013514094 synchronous_release_1
0.104149 -0.0250000004 0.0283183006 -0.0205687591 synchronous_release_1
0.117014 -0.0250000004 0.0275406126 0.0215989504 synchronous_release_0
0.102791 -0.0250000004 0.03498241 -0.00110949961 synchronous_release_0
0.102756 -0.0250000004 0.025353581 -0.0241287366 synchronous_release_0
0.008226 -0.0250000004 0.0329686395 0.0117502686 synchronous_release_1
0.006395 -0.0250000004 -0.0241504687 0.0253328811 synchronous_release_0
0.103307 -0.0250000004 0.030634646 0.0169268563 synchronous_release_0
0.104469 -0.0250000004 0.0299764106 -0.0180669535 synchronous_release_0
0.104501 -0.0250000004 9.62092096e-06 -0.000999953718 synchronous_release_0
0.006259 -0.0250000004 0.00689831958 0.0343134549 synchronous_release_0
0.103242 -0.0250000004 0.0328423175 0.0120988505 synchronous_release_0
0.002929 -0.0250000004 0.0103172959 -0.0334447814 synchronous_release_0
0.004351 -0.0250000004 0.0217945069 -0.0273861181 synchronous_release_0
0.103426 -0.0250000004 0.0338728311 -0.00881086346 synchronous_release_0
0.102843 -0.0250000004 0.046227548 0.0392175192 synchronous_release_1
0.005954 -0.0250000004 -0.00318596244 -0.0348546933 synchronous_release_0
0.106732 -0.0250000004 0.0349152378 -0.00243437287 synchronous_release_0
0.112159 -0.0250000004 -0.0123191227 0.0327603299 synchronous_release_0
0.10668 -0.0250000004 0.0594380537 0.011921316 synchronous_release_1
0.10265 -0.0250000004 -0.0136726162 -0.0322189318 synchronous_release_0
0.117195 -0.0250000004 -0.0301206565 0.0178254327 synchronous_release_0
0.003658 -0.0250000004 0.0341591079 0.00762596514 synchronous_release_0
0.105151 -0.0250000004 0.0205317477 0.0283451466 synchronous_release_0
0.007557 -0.0250000004 0.026721813 -0.0226040862 synchronous_release_0
0.012796 -0.0250000004 -0.00621480638 -0.034443812 synchronous_release_0
0.103761 -0.0250000004 0.0329366193 0.0118397258 synchronous_release_0
0.106626 -0.0250000004 0.034074973 -0.00799351099 synchronous_release_0
0.102699 -0.0250000004 0.034974767 0.00132878522 synchronous_release_0
0.103319 -0.0250000004 0.0336886645 0.00949072615 synchronous_release_0
0.002544 -0.0250000004 0.0338658613 0.00883761504 synchronous_release_0
0.111252 -0.0250000004 -0.000252503287 0.000967596037 synchronous_release_0
0.112293 -0.0250000004 0.0340522907 -0.0080895918 synchronous_release_0
0.126408 -0.0250000004 -0.0240319374 -0.0254453529 synchronous_release_1
0.106247 -0.0250000004 0.0344915569 0.00594411483 synchronous_release_0
0.116908 -0.0250000004 0.00646266522 0.0343981679 synchronous_release_0
0.112937 -0.0250000004 0.00024031958 0.000970693824 synchronous_release_1
0.011473 -0.0250000004 0.0323056889 -0.0134663457 synchronous_release_0
0.112523 -0.0250000004 0.034742338 -0.00423909766 synchronous_release_0
0.10302 -0.0250000004 0.0210854401 0.0279357157 synchronous_release_0
0.002752 -0.0250000004 0.0347614487 0.00407942193 synchronous_release_0
0.103124 -0.0250000004 0.000971235823 -0.000238119667 synchronous_release_0
0.103503 -0.0250000004 0.00841716253 0.0339728035 synchronous_release_0
0.018065 -0.0250000004 0.0341776454 0.00754245028 synchronous_release_0
0.10233 -0.0250000004 -0.000737928114 -0.000674879321 synchronous_release_0
0.115862 -0.0250000004 0.0105568691 0.0333699343 synchronous_release_2
0.104168 -0.0250000004 0.00074571131 -0.000666269197 synchronous_release_0
0.103405 -0.0250000004 -0.0131232868 0.0324465613 synchronous_release_0
0.102787 -0.0250000004 0.0349890061 -0.00087718581 synchronous_release_0
0.105537 -0.0250000004 0.0182541682 0.0298627752 synchronous_release_1
0.110253 -0.0250000004 0.0260184953 0.0234102094 synchronous_release_0
0.00224 -0.0250000004 0.0105584752 -0.0333694262 synchronous_release_0
0.102952 -0.0250000004 0.0341780083 -0.00754080535 synchronous_release_0
0.00239 -0.0250000004 0.0349819794 -0.00112299524 synchronous_release_0
0.107361 -0.0250000004 -3.20855782e-05 -0.000999485125 synchronous_release_0
0.103203 -0.0250000004 -0.00364574442 -0.0348096042 synchronous_release_0
0.115356 -0.0250000004 0.0283231294 -0.0205621094 synchronous_release_0
0.102788 -0.0250000004 0.0278682396 -0.0211745418 synchronous_release_1
0.10299 -0.0250000004 0.0303007198 -0.0175176019 synchronous_release_0
0.003033 -0.0250000004 -0.000134603206 -0.00099089958 synchronous_release_0
0.019145 -0.0250000004 0.0132607998 -0.0323906034 synchronous_release_0
0.008494 -0.0250000004 0.0346814853 -0.00471111223 synchronous_release_1
0.005597 -0.0250000004 0.00802709907 0.0340670762 synchronous_release_0
0.106772 -0.0250000004 0.033516503 0.0100818664 synchronous_release_0
0.102529 -0.0250000004 0.0233321411 -0.026088526 synchronous_release_0
0.111114 -0.0250000004 -8.26019161e-05 0.000996582622 synchronous_release_0
0.105447 -0.0250000004 0.0101789178 -0.0334871562 synchronous_release_0
0.109647 -0.0250000004 0.0340901869 -0.00792837671 synchronous_release_0
0.102627 -0.0250000004 -0.0346520261 0.00492311751 synchronous_release_0
0.107019 -0.0250000004 0.0349841573 -0.00105296558 synchronous_release_1
0.105153 -0.0250000004 0.0194795039 0.029078324 synchronous_release_0
0.110496 -0.0250000004 0.012467151 0.0327042833 synchronous_release_1
0.007384 -0.0250000004 0.0342397907 0.00725511754 synchronous_release_1
0.002845 -0.0250000004 0.0134934952 -0.0322943584 synchronous_release_0
0.106328 -0.0250000004 -0.0134934952 0.0322943584 synchronous_release_0
0.105895 -0.0250000004 0.0161616012 -0.0310451711 synchronous_release_1
0.106424 -0.0250000004 0.0349888906 0.000881777698 synchronous_release_0
0.020617 -0.0250000004 0.0196815207 0.028941972 synchronous_release_0
0.103011 -0.0250000004 0.0277606281 -0.0213154294 synchronous_release_0
0.104955 -0.0250000004 -0.0277606281 0.0213154294 synchronous_release_0
0.102661 -0.0250000004 -0.00258374267 -0.0349045022 synchronous_release_0
0.105179 -0.0250000004 -0.0606155518 0.000868839612 synchronous_release_0
0.106883 -0.0250000004 0.0131106106 -0.0324516855 synchronous_release_1
0.103381 -0.0250000004 0.0321241199 0.0138939168 synchronous_release_0
0.102408 -0.0250000004 0.026847603 -0.0224545365 synchronous_release_0
0.004004 -0.0250000004 0.0338413379 0.00893106107 synchronous_release_0
0.102644 -0.0250000004 0.0246551947 -0.0248419278 synchronous_release_0
0.102826 -0.0250000004 0.00548571559 0.0345674258 synchronous_release_0
0.11391 -0.0250000004 -0.0200537937 0.0286852812 synchronous_release_0
0.104487 -0.0250000004 0.0341314249 0.00774892471 synchronous_release_0
0.103385 -0.0250000004 -0.00189321843 0.0349487585 synchronous_release_1
0.104978 -0.0250000004 0.0268426768 0.0224604252 synchronous_release_0
0.105613 -0.0250000004 -0.00050520514 0.000862999286 synchronous_release_0
0.003208 -0.0250000004 0.0306409861 -0.0169153768 synchronous_release_0
0.103388 -0.0250000004 -0.0305674361 -0.017047928 synchronous_release_0
0.104717 -0.0250000004 0.0600953136 -0.0358964244 synchronous_release_0
0.105678 -0.0250000004 -0.000236676711 -0.000971588459 synchronous_release_0
0.0031 -0.0250000004 0.0278019294 0.0212615315 synchronous_release_0
0.103128 -0.0250000004 0.0323139911 -0.0134464114 synchronous_release_0
0.003476 -0.0250000004 0.0323235695 0.0134233698 synchronous_release_0
0.102687 -0.0250000004 0.0136673785 0.032221154 synchronous_release_0
0.103449 -0.0250000004 -0.0135184349 -0.0322839266 synchronous_release_0
0.102231 -0.0250000004 0.0349899777 -0.000837534221 synchronous_release_1
0.105343 -0.0250000004 0.0344111113 0.00639338878 synchronous_release_1
0.116848 -0.0250000004 0.0349809918 0.00115334712 synchronous_release_0
0.103159 -0.0250000004 0.0349639988 0.00158706957 synchronous_release_0
0.122529 -0.0250000004 0.0161075568 0.0310732459 synchronous_release_0
0.103649 -0.0250000004 -0.00733137943 -0.0342235427 synchronous_release_0
0.105093 -0.0250000004 0.0333041471 0.0107626105 synchronous_release_0
0.119242 -0.0250000004 0.0259727677 -0.0234609322 synchronous_release_0
0.102359 -0.0250000004 0.0305425986 -0.0170923864 synchronous_release_0
0.110152 -0.0250000004 -0.0212364033 0.0278211282 synchronous_release_0
0.109502 -0.0250000004 -0.000140188152 0.000990124882 synchronous_release_1
0.106625 -0.0250000004 0.0349998283 -0.000109641988 synchronous_release_0
0.102596 -0.0250000004 0.0347285323 -0.00435075251 synchronous_release_0
0.106086 -0.0250000004 0.0349187049 0.00238412439 synchronous_release_0
0.013541 -0.0250000004 0.0346273826 -0.00509356222 synchronous_release_0
0.103336 -0.0250000004 0.000145530349 0.000989353788 synchronous_release_0
0.109852 -0.0250000004 0.012902537 -0.0325349741 synchronous_release_0
0.004338 -0.0250000004 0.0349434491 -0.00198881067 synchronous_release_0
0.006514 -0.0250000004 0.0326876901 0.0125105923 synchronous_release_0
0.102777 -0.0250000004 0.0271783358 -0.0220530738 synchronous_release_0
0.00531 -0.0250000004 -0.000646719398 0.0349940245 synchronous_release_0
0.009151 -0.0250000004 -0.0341728225 -0.00756427151 synchronous_release_0
0.003508 -0.0250000004 0.0348967684 0.00268617892 synchronous_release_0
0.022409 -0.0250000004 0.0346969791 -0.00459561083 synchronous_release_0
0.118868 -0.0250000004 -0.0100573061 -0.033523881 synchronous_release_0
0.106492 -0.0250000004 -0.0312466472 0.0626390217 synchronous_release_0
0.112645 -0.0250000004 0.0156233236 -0.0313195109 synchronous_release_0
0.020494 -0.0250000004 0.0349396532 -0.00205441744 synchronous_release_0
0.121331 -0.0250000004 0.0241736847 -0.0253107284 synchronous_release_1
0.102247 -0.0250000004 0.034397432 -0.00646658119 synchronous_release_0
0.005679 -0.0250000004 -0.0247125132 0.0247849085 synchronous_release_1
0.104123 -0.0250000004 0.0217717349 -0.0274042252 synchronous_release_0
0.102406 -0.0250000004 0.0299789875 0.0180626772 synchronous_release_0
0.109008 -0.0250000004 0.0306322311 -0.0169312261 synchronous_release_0
0.009733 -0.0250000004 0.0270560033 -0.0222029882 synchronous_release_0
0.113492 -0.0250000004 -0.0270560033 0.0222029882 synchronous_release_0
0.00457 -0.0250000004 0.0346263975 0.00510025423 synchronous_release_0
0.1035 -0.0250000004 0.0317670565 0.0146919747 synchronous_release_0
0.00283 -0.0250000004 0.0272682971 -0.0219417405 synchronous_release_0
0.003281 -0.0250000004 -0.0205036156 -0.0283655028 synchronous_release_0
0.102526 -0.0250000004 0.0348170538 -0.00357390058 synchronous_release_0
0.003751 -0.0250000004 0.034681388 0.00471182843 synchronous_release_0
0.102672 -0.0250000004 0.00581245323 -0.0345139883 synchronous_release_0
0.106014 -0.0250000004 0.0244815566 -0.0250130643 synchronous_release_0
0.114014 -0.0250000004 0.00873642271 -0.033892107 synchronous_release_0
0.103782 -0.0250000004 -0.033719637 0.0093800895 synchronous_release_1
0.109255 -0.0250000004 0.0027866014 0.034888893 synchronous_release_0
0.104819 -0.0250000004 -0.00703011611 -0.0342866952 synchronous_release_0
0.102494 -0.0250000004 -0.00419335218 0.0347478891 synchronous_release_0
0.104257 -0.0250000004 0.0279958786 0.0210054941 synchronous_release_0
0.109212 -0.0250000004 0.000392639858 0.000919692308 synchronous_release_0
0.108675 -0.0250000004 0.0110969231 -0.033194251 synchronous_release_0
0.002657 -0.0250000004 0.0306727441 -0.0168577214 synchronous_release_0
0.103909 -0.0250000004 -0.00467471499 0.03468641 synchronous_release_0
0.102827 -0.0250000004 0.0285743104 0.0202116002 synchronous_release_0
0.103728 -0.0250000004 0.0339582415 -0.00847572012 synchronous_release_0
0.103523 -0.0250000004 -0.000663833549 -0.0349937041 synchronous_release_0
0.002446 -0.0250000004 0.0165538024 -0.0308378278 synchronous_release_0
0.009592 -0.0250000004 -0.0349832435 0.00108290048 synchronous_release_0
0.110536 -0.0250000004 0.00221057249 -0.0349301212 synchronous_release_0
0.102795 -0.0250000004 0.0303552145 -0.0174230007 synchronous_release_0
0.002385 -0.0250000004 0.000777509133 -0.000628871647 synchronous_release_0
0.103062 -0.0250000004 -0.00144327595 -0.0349702295 synchronous_release_0
0.00223 -0.0250000004 0.0346939455 0.00461845672 synchronous_release_0
0.10691 -0.0250000004 -0.000924430473 0.000381350626 synchronous_release_0
0.102947 -0.0250000004 0.0172751657 -0.0304395902 synchronous_release_0
0.002669 -0.0250000004 0.0241636497 -0.0253203087 synchronous_release_0
0.009863 -0.0250000004 -0.00984620574 -0.0335864888 synchronous_release_0
0.106704 -0.0250000004 -0.000236176575 0.000971710155 synchronous_release_1
0.103853 -0.0250000004 0.0337302934 -0.0093416972 synchronous_release_0
0.112872 -0.0250000004 -0.00877499962 0.0338821396 synchronous_release_0
0.102971 -0.0250000004 -0.00331253055 0.0348428923 synchronous_release_0
0.00442 -0.0250000004 0.0318310951 -0.0145527105 synchronous_release_1
0.104757 -0.0250000004 0.0265729165 0.0227789401 synchronous_release_0
0.103137 -0.0250000004 0.0104402917 -0.0334065908 synchronous_release_0
0.116353 -0.0250000004 0.00203420172 0.034940836 synchronous_release_0
0.103708 -0.0250000004 -0.0295981739 -0.0186801526 synchronous_release_1
0.102912 -0.0250000004 0.0262951127 -0.0230990702 synchronous_release_0
0.002504 -0.0250000004 0.0234092023 0.0260194014 synchronous_release_0
0.007068 -0.0250000004 0.0108288615 -0.0332826645 synchronous_release_0
0.10472 -0.0250000004 -0.000743411469 0.00066883435 synchronous_release_0
0.013135 -0.0250000004 -0.0204784888 -0.0283836484 synchronous_release_0
0.00465 -0.0250000004 0.0338833179 0.00877044853 synchronous_release_0
0.102277 -0.0250000004 0.0342644251 -0.00713786874 synchronous_release_0
0.102699 -0.0250000004 0.0335467336 0.0099808147 synchronous_release_1
0.105652 -0.0250000004 0.0317630892 -0.0147005498 synchronous_release_0
0.117584 -0.0250000004 -0.00315049506 0.034857917 synchronous_release_0
0.103774 -0.0250000004 0.0289030498 -0.0197386349 synchronous_release_0
0.114777 -0.0250000004 0.0250291695 -0.0244650909 synchronous_release_0
0.104281 -0.0250000004 0.011928931 0.0329044162 synchronous_release_0
0.104917 -0.0250000004 0.000244330814 0.000969691937 synchronous_release_0
0.109085 -0.0250000004 0.0095637247 -0.033668014 synchronous_release_0
0.103728 -0.0250000004 0.0349109897 0.00249455359 synchronous_release_1
0.103636 -0.0250000004 0.00425788882 0.0347400401 synchronous_release_1
0.002882 -0.0250000004 0.0288787068 -0.0197742331 synchronous_release_0
0.106192 -0.0250000004 0.000432073634 -0.000901838331 synchronous_release_0
0.102792 -0.0250000004 0.0348528451 0.00320611757 synchronous_release_0
0.004192 -0.0250000004 -0.0202030018 0.0285803904 synchronous_release_1
0.004053 -0.0250000004 0.0188035548 0.029519931 synchronous_release_1
0.102996 -0.0250000004 -0.0161632328 0.0310443217 synchronous_release_2
0.008972 -0.0250000004 -0.0345753006 -0.00543586111 synchronous_release_0
0.016343 -0.0250000004 0.0189765685 0.0294090097 synchronous_release_0
0.102655 -0.0250000004 0.0159806652 -0.0311386952 synchronous_release_0
0.002053 -0.0250000004 0.0349339091 -0.00214988185 synchronous_release_0
0.010012 -0.0250000004 0.0335663406 -0.009914675 synchronous_release_1
0.10286 -0.0250000004 0.0294538933 0.0189068286 synchronous_release_0
0.115682 -0.0250000004 0.00164684723 -0.0349612342 synchronous_release_0
0.105548 -0.0250000004 0.0328918935 0.0119634167 synchronous_release_0
0.11611 -0.0250000004 0.0268065695 -0.022503507 synchronous_release_0
0.111168 -0.0250000004 0.0605938674 0.00183935561 synchronous_release_0
0.104199 -0.0250000004 0.0297659575 0.0184116206 synchronous_release_1
0.105497 -0.0250000004 0.0288360752 -0.0198363497 synchronous_release_0
0.102445 -0.0250000004 0.0342016606 0.00743279326 synchronous_release_0
0.115037 -0.0250000004 0.0235378181 -0.0259031103 synchronous_release_1
0.102478 -0.0250000004 0.00691707204 0.0343096796 synchronous_release_0
0.105283 -0.0250000004 0.0262545181 -0.0231451999 synchronous_release_0
0.102517 -0.0250000004 0.0292547869 0.0192134704 synchronous_release_0
0.108023 -0.0250000004 0.00659192461 0.0343736313 synchronous_release_0
0.111926 -0.0250000004 -0.00535766728 -0.0345875035 synchronous_release_0
0.127933 -0.0250000004 0.0599073134 -0.00927975194 synchronous_release_1
0.007016 -0.0250000004 0.0173358491 0.0304050709 synchronous_release_0
0.102507 -0.0250000004 0.0279996828 0.021000423 synchronous_release_0
0.102744 -0.0250000004 0.0263472683 -0.0230395628 synchronous_release_0
0.104396 -0.0250000004 -0.0348577721 0.00315209791 synchronous_release_0
0.113538 -0.0250000004 0.000534693524 -0.000845046055 synchronous_release_0
0.00633 -0.0250000004 -0.0154798322 0.0313906801 synchronous_release_0
0.104444 -0.0250000004 0.0347079182 0.00451225187 synchronous_release_0
0.102578 -0.0250000004 0.0287782538 -0.0199201433 synchronous_release_0
0.103731 -0.0250000004 0.0289966028 0.0196009445 synchronous_release_1
0.081295 -0.0250000004 0.0283017176 0.0205915706 synchronous_release_0
0.102789 -0.0250000004 0.0339355538 0.00856610696 synchronous_release_0
0.10248 -0.0250000004 0.0145246892 -0.0318438911 synchronous_release_0
0.10274 -0.0250000004 0.0161106082 -0.031071664 synchronous_release_0
0.015432 -0.0250000004 0.0130384009 0.0324807651 synchronous_release_0
0.104654 -0.0250000004 -0.0266069523 0.0227391752 synchronous_release_0
0.111631 -0.0250000004 0.0266069523 -0.0227391752 synchronous_release_1
0.104366 -0.0250000004 -0.0272520031 0.0219619745 synchronous_release_0
0.109157 -0.0250000004 0.0348315618 -0.00342962101 synchronous_release_0
0.002863 -0.0250000004 0.0266452561 0.0226942796 synchronous_release_0
0.103215 -0.0250000004 0.0315524878 0.0151472939 synchronous_release_0
0.105382 -0.0250000004 0.023647145 -0.0258033434 synchronous_release_0
0.004775 -0.0250000004 -0.0117407692 -0.0329720236 synchronous_release_0
0.112885 -0.0250000004 -0.0226842254 0.0266538162 synchronous_release_0
0.102471 -0.0250000004 0.0104226955 -0.0334120849 synchronous_release_1
0.014129 -0.0250000004 0.0279460573 -0.0210717318 synchronous_release_0
0.107125 -0.0250000004 0.0129477954 0.0325169893 synchronous_release_0
0.006688 -0.0250000004 0.0342667932 0.00712649165 synchronous_release_0
0.102931 -0.0250000004 0.0233051194 -0.0261126676 synchronous_release_0
0.105094 -0.0250000004 0.0605230497 0.00345838988 synchronous_release_0
0.11401 -0.0250000004 0.0207721368 0.0281694574 synchronous_release_0
0.010314 -0.0250000004 0.0032630706 0.034847559 synchronous_release_0
0.104497 -0.0250000004 0.0348722846 0.00298726707 synchronous_release_0
0.103519 -0.0250000004 0.0280396334 0.0209470513 synchronous_release_0
0.112962 -0.0250000004 0.0321604953 -0.0138095092 synchronous_release_0
0.002854 -0.0250000004 0.034997928 -0.000380836938 synchronous_release_0
0.010584 -0.0250000004 0.0171691495 -0.0304995132 synchronous_release_0
0.102985 -0.0250000004 -0.0178287785 -0.0301186762 synchronous_release_0
0.005292 -0.0250000004 0.0321232476 -0.0138959333 synchronous_release_0
0.00262 -0.0250000004 0.0344026554 -0.00643873423 synchronous_release_1
0.102631 -0.0250000004 0.0336709499 -0.00955338326 synchronous_release_0
0.109213 -0.0250000004 0.0251089476 0.0243832064 synchronous_release_1
0.007135 -0.0250000004 0.032509111 -0.0129675635 synchronous_release_1
0.003276 -0.0250000004 0.0120038117 -0.032877173 synchronous_release_0
0.007659 -0.0250000004 0.0344743729 -0.00604298065 synchronous_release_2
0.02977 -0.0250000004 0.0191017715 -0.0293278422 synchronous_release_0
0.106556 -0.0250000004 -0.0191017715 0.0293278422 synchronous_release_0
0.102823 -0.0250000004 0.0349495421 0.00187869827 synchronous_release_1
0.007063 -0.0250000004 -0.0088203704 0.0338703567 synchronous_release_0
0.011108 -0.0250000004 0.0337427746 -0.00929651354 synchronous_release_0
0.103679 -0.0250000004 0.00742185054 -0.0342040368 synchronous_release_0
0.115554 -0.0250000004 0.000384846461 -0.000922980607 synchronous_release_0
0.105579 -0.0250000004 0.000966925247 0.000255059928 synchronous_release_0
0.104914 -0.0250000004 0.0239233009 0.025547518 synchronous_release_1
0.103786 -0.0250000004 0.0293123899 -0.0191254751 synchronous_release_0
0.104826 -0.0250000004 0.0312193422 0.0158225368 synchronous_release_0
0.016217 -0.0250000004 0.000992327875 -0.000123634089 synchronous_release_0
0.103042 -0.0250000004 0.0279147437 -0.021113197 synchronous_release_1
0.113294 -0.0250000004 0.00435052349 -0.0347285609 synchronous_release_0
0.103155 -0.0250000004 0.0294757359 -0.018872758 synchronous_release_0
0.104909 -0.0250000004 0.0337754391 0.00917712984 synchronous_release_0
0.107674 -0.0250000004 0.0248353471 -0.0246618234 synchronous_release_1
0.106797 -0.0250000004 0.0333662712 0.0105684409 synchronous_release_0
0.104641 -0.0250000004 0.00577643179 -0.0345200353 synchronous_release_0
0.117737 -0.0250000004 0.000986286722 0.000165040908 synchronous_release_0
0.102997 -0.0250000004 0.0231552578 -0.026245648 synchronous_release_0
0.003851 -0.0250000004 0.034633713 0.00505033866 synchronous_release_0
0.102446 -0.0250000004 0.0563242912 -0.0224181673 synchronous_release_0
0.106837 -0.0250000004 0.0216905781 -0.027468506 synchronous_release_0
0.003048 -0.0250000004 0.0194449709 0.0291014279 synchronous_release_0
0.109087 -0.0250000004 -0.0160002113 -0.0311286562 synchronous_release_0
0.121442 -0.0250000004 0.0189581014 -0.0294209176 synchronous_release_0
0.103017 -0.0250000004 0.0206511276 -0.0282582895 synchronous_release_0
0.006328 -0.0250000004 -0.0231428878 -0.0262565562 synchronous_release_0
0.112475 -0.0250000004 -0.000997901195 6.47549638e-05 synchronous_release_0
0.008258 -0.0250000004 0.028167081 0.0207753591 synchronous_release_0
0.112356 -0.0250000004 0.00390844825 -0.0347810873 synchronous_release_0
0.003339 -0.0250000004 0.0180626814 0.029978985 synchronous_release_0
0.104022 -0.0250000004 0.0122350076 -0.0593742755 synchronous_release_0
0.006219 -0.0250000004 -0.00179305887 0.0349540404 synchronous_release_0
0.011809 -0.0250000004 0.0311676164 -0.0159241857 synchronous_release_0
0.005322 -0.0250000004 0.0307563387 0.0167047188 synchronous_release_0
0.108058 -0.0250000004 -0.0090865373 -0.0337999237 synchronous_release_0
0.109543 -0.0250000004 -0.025102792 -0.0243895435 synchronous_release_0
0.005214 -0.0250000004 0.0166262653 0.0307988198 synchronous_release_0
0.102739 -0.0250000004 -0.0183594277 0.029798178 synchronous_release_0
0.020103 -0.0250000004 0.00176631881 0.0349554018 synchronous_release_0
0.002887 -0.0250000004 -0.0130905194 0.0324597952 synchronous_release_0
0.105027 -0.0250000004 -0.000993519955 0.0606136364 synchronous_release_0
0.103104 -0.0250000004 -0.00729845981 0.0342305782 synchronous_release_0
0.103351 -0.0250000004 -0.00616011871 -0.0344536346 synchronous_release_0
0.011369 -0.0250000004 -0.00859983452 -0.0339270224 synchronous_release_0
0.106019 -0.0250000004 0.00859983452 0.0339270224 synchronous_release_0
0.002332 -0.0250000004 0.0305781315 0.0170287367 synchronous_release_0
0.010821 -0.0250000004 -0.0305781315 -0.0170287367 synchronous_release_0
0.116909 -0.0250000004 -0.000541747213 -0.034995807 synchronous_release_0
0.111918 -0.0250000004 0.034967146 -0.00151614648 synchronous_release_0
0.123988 -0.0250000004 0.0161705516 -0.03104051 synchronous_release_0
0.106771 -0.0250000004 0.034232785 -0.00728810199 synchronous_release_0
0.102483 -0.0250000004 -0.00186730568 -0.0349501526 synchronous_release_0
0.10431 -0.0250000004 0.000998831021 -4.83383064e-05 synchronous_release_0
0.117759 -0.0250000004 0.00485026101 0.0346622989 synchronous_release_0
0.111189 -0.0250000004 0.0275933009 -0.0215315987 synchronous_release_1
0.102759 -0.0250000004 0.0141864528 0.0319960085 synchronous_release_0
0.105801 -0.0250000004 -0.0240621137 0.025416819 synchronous_release_0
0.112062 -0.0250000004 -0.000232285492 0.00097264765 synchronous_release_0
0.005205 -0.0250000004 -0.0252914944 -0.0241938073 synchronous_release_0
0.009131 -0.0250000004 0.0345140696 -0.00581197018 synchronous_release_0
0.102493 -0.0250000004 0.00907581078 -0.0338028055 synchronous_release_0
0.119457 -0.0250000004 0.0338119937 -0.00904152005 synchronous_release_0
0.104355 -0.0250000004 -0.00668064944 -0.0343564975 synchronous_release_0
0.102828 -0.0250000004 0.0273250326 -0.0218710446 synchronous_release_0
0.103799 -0.0250000004 0.0326033965 0.0127286501 synchronous_release_0
0.009703 -0.0250000004 0.0052783639 0.0345996947 synchronous_release_1
0.003175 -0.0250000004 -0.000989917905 -0.000141642301 synchronous_release_0
0.106754 -0.0250000004 -0.0347198799 -0.00441926932 synchronous_release_1
0.103999 -0.0250000004 -0.0310414938 -0.0161686629 synchronous_release_1
0.00327 -0.0250000004 0.0219984416 0.0272225746 synchronous_release_0
0.103595 -0.0250000004 0.0125762204 -0.0326624965 synchronous_release_0
0.004192 -0.0250000004 0.0349856599 -0.00100179952 synchronous_release_0
0.114888 -0.0250000004 0.0308892422 0.0164576644 synchronous_release_0
0.003471 -0.0250000004 0.0349983872 0.000335991441 synchronous_release_0
0.006111 -0.0250000004 0.0172082165 0.0304774882 synchronous_release_1
0.110268 -0.0250000004 0.0264013537 0.0229775657 synchronous_release_1
0.007728 -0.0250000004 -0.000134544779 -0.0349997414 synchronous_release_0
0.102365 -0.0250000004 0.0584124316 -0.0162168998 synchronous_release_0
0.11078 -0.0250000004 -0.00936283144 -0.0337244331 synchronous_release_0
0.10327 -0.0250000004 0.00191689371 -0.034947468 synchronous_release_1
0.010442 -0.0250000004 0.0255219351 -0.0239505914 synchronous_release_0
0.103461 -0.0250000004 -0.0320524655 0.0140584301 synchronous_release_0
0.106088 -0.0250000004 0.0110943553 -0.0331951093 synchronous_release_0
0.00272 -0.0250000004 0.0325606264 0.0128376637 synchronous_release_0
0.103535 -0.0250000004 0.0321760061 0.0137733306 synchronous_release_0
0.104533 -0.0250000004 0.0280160572 -0.0209785734 synchronous_release_0
0.102739 -0.0250000004 0.0341020611 -0.00787714605 synchronous_release_0
0.017886 -0.0250000004 0.0348216397 0.00352893893 synchronous_release_0
0.10882 -0.0250000004 0.0552886103 -0.0248630162 synchronous_release_1
0.002899 -0.0250000004 -0.0191815929 0.029275698 synchronous_release_0
0.022291 -0.0250000004 -0.0157627017 -0.0312495957 synchronous_release_0
0.04975 -0.0250000004 -0.0349442946 -0.00197389773 synchronous_release_1
0.102594 -0.0250000004 0.000661999845 -0.000749503972 synchronous_release_0
0.003216 -0.0250000004 -0.0136825193 0.0322147275 synchronous_release_0
0.010064 -0.0250000004 0.0210575128 0.027956773 synchronous_release_0
0.103294 -0.0250000004 0.0349969162 -0.0004646033 synchronous_release_1
0.114846 -0.0250000004 0.0179008164 0.0300759168 synchronous_release_1
0.102928 -0.0250000004 0.0311307038 0.0159962271 synchronous_release_0
0.117552 -0.0250000004 0.00171221283 0.0349580939 synchronous_release_0
0.011353 -0.0250000004 0.0169929509 -0.0305980329 synchronous_release_0
0.107345 -0.0250000004 0.0169929509 -0.0305980329 synchronous_release_0
0.008247 -0.0250000004 0.0195406723 0.0290372541 synchronous_release_0
0.103249 -0.0250000004 0.0349173359 -0.00240409151 synchronous_release_0
0.102699 -0.0250000004 -0.000418332715 -0.000908293862 synchronous_release_0
0.103668 -0.0250000004 0.0296442913 0.0186068802 synchronous_release_1
0.002841 -0.0250000004 0.0347901916 0.00382656133 synchronous_release_0
0.007453 -0.0250000004 -0.00685536359 0.0343220627 synchronous_release_0
0.002944 -0.0250000004 -0.0349187595 -0.00238332402 synchronous_release_0
0.102762 -0.0250000004 0.034917455 -0.00240236101 synchronous_release_0
0.104783 -0.0250000004 -0.000981583794 -0.000191032081 synchronous_release_0
0.127654 -0.0250000004 0.00668612283 -0.0343554328 synchronous_release_0
0.0047 -0.0250000004 0.0327054714 0.0124640338 synchronous_release_0
0.103748 -0.0250000004 0.0271469056 -0.0220917522 synchronous_release_1
0.007201 -0.0250000004 -0.0174246599 -0.0303542621 synchronous_release_0
0.102706 -0.0250000004 0.000867264631 -0.000497847426 synchronous_release_0
0.103001 -0.0250000004 0.0174246599 0.0303542621 synchronous_release_1
0.002905 -0.0250000004 0.0268751008 0.0224216181 synchronous_release_1
0.114585 -0.0250000004 0.0328552413 -0.012063711 synchronous_release_1
0.102479 -0.0250000004 0.0341592613 0.00762527805 synchronous_release_0
0.102863 -0.0250000004 -0.000999995223 -3.09105751e-06 synchronous_release_0
0.104717 -0.0250000004 0.0343723314 -0.0065986995 synchronous_release_0
0.002875 -0.0250000004 0.000266482224 -0.000963839833 synchronous_release_0
0.107908 -0.0250000004 0.000956761618 -0.000290873178 synchronous_release_0
0.002817 -0.0250000004 0.0343915973 -0.00649754095 synchronous_release_0
0.10271 -0.0250000004 0.0216218284 -0.027522655 synchronous_release_0
0.103413 -0.0250000004 -0.0345985606 -0.00528579258 synchronous_release_0
0.110102 -0.0250000004 -0.021876911 0.0273203361 synchronous_release_0
0.112407 -0.0250000004 0.0292441901 0.0192295956 synchronous_release_1
0.103012 -0.0250000004 0.018071244 -0.0299738243 synchronous_release_0
0.005054 -0.0250000004 0.0342856264 0.00703532687 synchronous_release_0
0.106031 -0.0250000004 0.00094885391 -0.000315715468 synchronous_release_0
0.003442 -0.0250000004 0.0345074259 0.00585128687 synchronous_release_0
0.007339 -0.0250000004 0.0121863499 0.0328099509 synchronous_release_0
0.112535 -0.0250000004 -0.0101347261 0.0597686149 synchronous_release_0
0.102524 -0.0250000004 -0.000403486682 0.000914985518 synchronous_release_0
0.003089 -0.0250000004 0.0299426917 0.0181227817 synchronous_release_0
0.102622 -0.0250000004 0.0294745967 -0.0188745371 synchronous_release_0
0.013316 -0.0250000004 -0.00693415001 -0.0343062321 synchronous_release_0
0.017187 -0.0250000004 0.00302143737 -0.0348693406 synchronous_release_0
0.002646 -0.0250000004 0.0263683979 0.0230153773 synchronous_release_0
0.103395 -0.0250000004 0.0331161004 -0.0113280138 synchronous_release_0
0.003205 -0.0250000004 0.0302485441 0.0176075433 synchronous_release_0
0.102502 -0.0250000004 -0.0318937543 0.0144148686 synchronous_release_0
0.113147 -0.0250000004 0.000411853389 0.000911250123 synchronous_release_0
0.102852 -0.0250000004 0.00458598796 0.0346982523 synchronous_release_1
0.003041 -0.0250000004 0.0217518748 0.0274199917 synchronous_release_0
0.126056 -0.0250000004 0.0128704719 -0.032547672 synchronous_release_1
0.104625 -0.0250000004 0.0169566442 -0.0306181681 synchronous_release_0
0.105188 -0.0250000004 0.0194067016 -0.0291269623 synchronous_release_0
0.002989 -0.0250000004 0.026231383 -0.0231714165 synchronous_release_0
0.005267 -0.0250000004 0.0331827269 0.0111313358 synchronous_release_0
0.104983 -0.0250000004 1.84633556e-05 -0.000999829538 synchronous_release_0
0.012504 -0.0250000004 -0.0171772716 -0.0304949396 synchronous_release_1
0.102847 -0.0250000004 -0.0298338087 -0.0183014715 synchronous_release_0
0.009215 -0.0250000004 0.0250692083 0.0244240618 synchronous_release_0
0.007322 -0.0250000004 0.0115995362 0.0330219739 synchronous_release_0
0.103824 -0.0250000004 0.00067185983 -0.000740678317 synchronous_release_1
0.106526 -0.0250000004 0.0170315862 0.0305765445 synchronous_release_0
0.102511 -0.0250000004 0.0242306015 -0.0252562458 synchronous_release_1
0.102644 -0.0250000004 0.0349118918 -0.00248189664 synchronous_release_0
0.007463 -0.0250000004 0.0261881526 -0.0232202641 synchronous_release_0
0.007107 -0.0250000004 0.0338075403 0.00905815756 synchronous_release_0
0.104279 -0.0250000004 -0.0182620669 0.0298579455 synchronous_release_0
0.103166 -0.0250000004 0.0270609032 0.022197016 synchronous_release_0
0.10519 -0.0250000004 0.0327536313 -0.0123369216 synchronous_release_1
0.003128 -0.0250000004 0.0349840659 0.00105599775 synchronous_release_0
0.120248 -0.0250000004 0.0184065538 -0.0297690909 synchronous_release_0
0.102972 -0.0250000004 0.019335093 -0.0291745468 synchronous_release_0
0.105413 -0.0250000004 0.0280709343 0.0209050867 synchronous_release_0
0.102571 -0.0250000004 0.0305186008 0.0171351979 synchronous_release_0
0.105988 -0.0250000004 0.000419783731 0.0349974825 synchronous_release_0
0.006587 -0.0250000004 -0.00410304511 0.0347586683 synchronous_release_0
0.112665 -0.0250000004 0.00410304511 -0.0347586683 synchronous_release_1
0.002477 -0.0250000004 0.03261245 -0.0127054361 synchronous_release_0
0.011062 -0.0250000004 -0.034540949 -0.00565003043 synchronous_release_0
0.104054 -0.0250000004 0.034540949 0.00565003043 synchronous_release_1
0.1055 -0.0250000004 -0.014448068 0.0318787285 synchronous_release_0
0.009333 -0.0250000004 0.0331351166 0.0112722689 synchronous_release_0
0.00756 -0.0250000004 0.0276242555 0.0214918707 synchronous_release_0
0.103503 -0.0250000004 -0.000614053449 0.000789264443 synchronous_release_0
0.102763 -0.0250000004 0.033423892 -0.0103847699 synchronous_release_0
0.10314 -0.0250000004 0.0342899002 0.007014467 synchronous_release_0
0.108134 -0.0250000004 -0.0232196567 0.0261886911 synchronous_release_0
0.007994 -0.0250000004 0.0132016478 -0.0324147574 synchronous_release_0
0.109918 -0.0250000004 -0.0132016478 0.0324147574 synchronous_release_0
0.003009 -0.0250000004 0.00940798891 -0.0337118636 synchronous_release_0
0.103304 -0.0250000004 0.0347774981 -0.00394025675 synchronous_release_0
0.004135 -0.0250000004 -0.00929434895 0.0337433709 synchronous_release_1
0.004565 -0.0250000004 -0.000816876972 -0.000576811939 synchronous_release_0
0.108179 -0.0250000004 0.0146660584 0.0317790297 synchronous_release_0
0.004724 -0.0250000004 0.0231366817 -0.026262025 synchronous_release_0
0.004388 -0.0250000004 -0.0204720373 -0.028388302 synchronous_release_0
0.103042 -0.0250000004 0.000101004381 0.000994885981 synchronous_release_0
0.104921 -0.0250000004 -0.000595887165 -0.034994927 synchronous_release_1
0.108233 -0.0250000004 -0.0150666295 -0.0315910854 synchronous_release_0
0.124656 -0.0250000004 -0.000178630262 -0.000983916272 synchronous_release_0
0.102967 -0.0250000004 0.00415380972 0.0347526382 synchronous_release_0
0.107862 -0.0250000004 0.0321735724 0.0137790144 synchronous_release_2
0.00441 -0.0250000004 0.0253952033 -0.0240849258 synchronous_release_0
0.103219 -0.0250000004 0.0335557592 0.00995042827 synchronous_release_1
0.120217 -0.0250000004 0.00983327011 -0.0335902783 synchronous_release_1
0.110715 -0.0250000004 0.0126396233 0.0326380135 synchronous_release_0
0.002792 -0.0250000004 0.030038504 -0.0179635262 synchronous_release_0
0.023807 -0.0250000004 0.0184674794 0.0297313337 synchronous_release_0
0.107392 -0.0250000004 -0.03498183 0.00112763946 synchronous_release_0
0.103387 -0.0250000004 -0.0348444245 0.00329637367 synchronous_release_0
0.103061 -0.0250000004 0.0330440599 -0.0115364685 synchronous_release_0
0.102952 -0.0250000004 0.010527517 -0.0333792059 synchronous_release_0
0.10319 -0.0250000004 0.0121655032 -0.0328176863 synchronous_release_0
0.013286 -0.0250000004 0.0194167884 0.0291202391 synchronous_release_0
0.103789 -0.0250000004 0.0155104727 -0.0313755516 synchronous_release_0
0.103665 -0.0250000004 0.0257052879 0.0237536981 synchronous_release_1
0.10261 -0.0250000004 0.0275697165 -0.0215617887 synchronous_release_0
0.102773 -0.0250000004 0.0326267046 -0.0126687863 synchronous_release_0
0.005015 -0.0250000004 0.0133977655 -0.0323341906 synchronous_release_0
0.11023 -0.0250000004 -0.00692326079 0.0343084313 synchronous_release_0
0.002809 -0.0250000004 0.0332830661 -0.0108276272 synchronous_release_0
0.003389 -0.0250000004 -0.0273262251 0.0218695547 synchronous_release_0
0.1089 -0.0250000004 0.0309950833 0.016257454 synchronous_release_1
0.104529 -0.0250000004 -0.000900006966 -0.00043587551 synchronous_release_0
0.003303 -0.0250000004 -0.0245178519 -0.0249774886 synchronous_release_0
0.003708 -0.0250000004 0.000759325983 0.000650710421 synchronous_release_0
0.106856 -0.0250000004 0.0116284133 0.0330118161 synchronous_release_1
0.102908 -0.0250000004 0.0348680872 -0.00303586796 synchronous_release_1
0.108706 -0.0250000004 0.0342990221 -0.00696972606 synchronous_release_0
0.009403 -0.0250000004 0.0200059979 0.0287186359 synchronous_release_0
0.108061 -0.0250000004 -0.0348740672 0.00296638441 synchronous_release_0
