0.00000	0.07644
0.00005	0.00000
0.00010	0.07644
0.00015	0.07644
0.00020	0.11466
0.00025	0.15288
0.00030	0.07644
0.00035	-0.00000
0.00040	0.30576
0.00045	0.07644
0.00050	0.11466
0.00055	0.34398
0.00060	0.19110
0.00065	0.53508
0.00070	0.19110
0.00075	0.64974
0.00080	0.87906
0.00085	0.42042
0.00090	0.22932
0.00095	1.45236
0.00100	0.57330
0.00105	0.42042
0.00110	0.34398
0.00115	0.61152
0.00120	1.71990
0.00125	2.86650
0.00130	1.64346
0.00135	1.33770
0.00140	1.41414
0.00145	2.86650
0.00150	3.55446
0.00155	6.03876
0.00160	6.99426
0.00165	10.24296
0.00170	7.07070
0.00175	11.23668
0.00180	15.32622
0.00185	23.54352
0.00190	23.04666
0.00195	32.14302
0.00200	28.55034
0.00205	35.04774
0.00210	35.23884
0.00215	44.10588
0.00220	36.53832
0.00225	41.69802
0.00230	36.04146
0.00235	30.53778
0.00240	31.11108
0.00245	27.40374
0.00250	24.72834
0.00255	21.90006
0.00260	16.39638
0.00265	14.25606
0.00270	15.97596
0.00275	10.24296
0.00280	11.12202
0.00285	8.44662
0.00290	8.94348
0.00295	8.82882
0.00300	5.50368
0.00305	7.79688
0.00310	6.99426
0.00315	5.84766
0.00320	6.22986
0.00325	3.51624
0.00330	4.62462
0.00335	5.42724
0.00340	4.66284
0.00345	4.62462
0.00350	5.69478
0.00355	4.73928
0.00360	4.35708
0.00365	4.16598
0.00370	3.78378
0.00375	2.59896
0.00380	2.82828
0.00385	2.06388
0.00390	3.28692
0.00395	2.75184
0.00400	2.36964
0.00405	1.94922
0.00410	3.05760
0.00415	2.59896
0.00420	3.09582
0.00425	1.52880
0.00430	1.91100
0.00435	2.10210
0.00440	3.09582
0.00445	2.44608
0.00450	2.94294
0.00455	2.17854
0.00460	1.49058
0.00465	2.36964
0.00470	1.56702
0.00475	1.37592
0.00480	2.75184
0.00485	1.41414
0.00490	2.40786
0.00495	2.48430
0.00500	0.95550
0.00505	1.29948
0.00510	1.98744
0.00515	3.09582
0.00520	1.22304
0.00525	3.05760
0.00530	1.87278
0.00535	2.71362
0.00540	2.10210
0.00545	2.44608
0.00550	1.83456
0.00555	1.98744
0.00560	1.37592
0.00565	1.64346
0.00570	2.25498
0.00575	1.49058
0.00580	2.75184
0.00585	2.21676
0.00590	2.14032
0.00595	2.52252
0.00600	1.56702
0.00605	1.29948
0.00610	1.75812
0.00615	2.40786
0.00620	1.94922
0.00625	1.18482
0.00630	1.22304
0.00635	1.71990
0.00640	1.49058
0.00645	1.14660
0.00650	1.94922
0.00655	1.87278
0.00660	1.49058
0.00665	2.14032
0.00670	3.13404
0.00675	1.60524
0.00680	1.71990
0.00685	2.14032
0.00690	1.26126
0.00695	1.10838
0.00700	2.63718
0.00705	1.37592
0.00710	2.10210
0.00715	1.07016
0.00720	1.33770
0.00725	2.25498
0.00730	2.63718
0.00735	2.44608
0.00740	2.56074
0.00745	1.79634
0.00750	1.29948
0.00755	1.52880
0.00760	1.22304
0.00765	2.33142
0.00770	1.41414
0.00775	0.49686
0.00780	0.72618
0.00785	1.07016
0.00790	1.03194
0.00795	2.10210
0.00800	3.32514
0.00805	1.07016
0.00810	2.67540
0.00815	1.56702
0.00820	1.03194
0.00825	1.87278
0.00830	2.36964
0.00835	1.26126
0.00840	2.14032
0.00845	1.68168
0.00850	1.37592
0.00855	2.40786
0.00860	1.64346
0.00865	1.03194
0.00870	1.94922
0.00875	1.29948
0.00880	1.41414
0.00885	1.07016
0.00890	2.17854
0.00895	1.22304
0.00900	0.57330
0.00905	1.29948
0.00910	1.56702
0.00915	2.06388
0.00920	1.75812
0.00925	1.64346
0.00930	2.14032
0.00935	1.87278
0.00940	2.10210
0.00945	1.60524
0.00950	2.36964
0.00955	0.80262
0.00960	1.64346
0.00965	1.91100
0.00970	1.79634
0.00975	2.67540
0.00980	2.36964
0.00985	1.18482
0.00990	1.79634
0.00995	1.26126
0.01000	1.56702
0.01005	1.07016
0.01010	1.37592
0.01015	0.42042
0.01020	1.37592
0.01025	1.49058
0.01030	1.14660
0.01035	2.36964
0.01040	1.10838
0.01045	1.87278
0.01050	2.06388
0.01055	1.45236
0.01060	0.99372
0.01065	0.84084
0.01070	1.29948
0.01075	1.29948
0.01080	0.84084
0.01085	0.64974
0.01090	1.22304
0.01095	0.91728
0.01100	3.09582
0.01105	1.03194
0.01110	0.64974
0.01115	1.18482
0.01120	2.02566
0.01125	1.33770
0.01130	0.87906
0.01135	2.25498
0.01140	1.26126
0.01145	0.34398
0.01150	1.14660
0.01155	1.22304
0.01160	1.18482
0.01165	1.98744
0.01170	0.61152
0.01175	0.22932
0.01180	1.75812
0.01185	2.25498
0.01190	1.64346
0.01195	2.56074
0.01200	0.84084
0.01205	1.37592
0.01210	1.94922
0.01215	0.84084
0.01220	2.02566
0.01225	0.95550
0.01230	1.49058
0.01235	0.76440
0.01240	0.42042
0.01245	0.95550
0.01250	1.29948
0.01255	1.03194
0.01260	1.14660
0.01265	0.72618
0.01270	0.53508
0.01275	1.26126
0.01280	2.25498
0.01285	1.75812
0.01290	1.60524
0.01295	1.33770
0.01300	1.22304
0.01305	0.42042
0.01310	1.68168
0.01315	0.95550
0.01320	0.72618
0.01325	2.75184
0.01330	0.64974
0.01335	0.80262
0.01340	0.57330
0.01345	1.71990
0.01350	0.95550
0.01355	0.34398
0.01360	0.68796
0.01365	0.61152
0.01370	0.76440
0.01375	2.63718
0.01380	0.72618
0.01385	0.99372
0.01390	0.87906
0.01395	0.72618
0.01400	1.10838
0.01405	0.22932
0.01410	1.79634
0.01415	0.95550
0.01420	1.52880
0.01425	1.41414
0.01430	0.80262
0.01435	0.76440
0.01440	0.42042
0.01445	0.95550
0.01450	0.57330
0.01455	0.38220
0.01460	0.91728
0.01465	0.57330
0.01470	0.49686
0.01475	1.14660
0.01480	0.95550
0.01485	0.64974
0.01490	1.37592
0.01495	0.38220
0.01500	0.99372
0.01505	1.52880
0.01510	2.40786
0.01515	1.18482
0.01520	1.33770
0.01525	0.87906
0.01530	1.64346
0.01535	1.07016
0.01540	0.45864
0.01545	1.87278
0.01550	1.14660
0.01555	0.49686
0.01560	1.29948
0.01565	0.49686
0.01570	0.68796
0.01575	0.30576
0.01580	0.87906
0.01585	0.91728
0.01590	1.75812
0.01595	1.37592
0.01600	1.26126
0.01605	1.60524
0.01610	1.41414
0.01615	0.76440
0.01620	1.68168
0.01625	0.34398
0.01630	0.45864
0.01635	0.80262
0.01640	0.42042
0.01645	1.22304
0.01650	0.57330
0.01655	1.64346
0.01660	2.94294
0.01665	1.03194
0.01670	1.41414
0.01675	1.33770
0.01680	1.18482
0.01685	2.10210
0.01690	1.03194
0.01695	0.38220
0.01700	0.84084
0.01705	0.76440
0.01710	0.99372
0.01715	0.80262
0.01720	0.76440
0.01725	0.57330
0.01730	2.67540
0.01735	1.68168
0.01740	0.68796
0.01745	2.21676
0.01750	1.07016
0.01755	1.41414
0.01760	0.84084
0.01765	0.76440
0.01770	0.38220
0.01775	1.07016
0.01780	0.68796
0.01785	1.07016
0.01790	0.53508
0.01795	2.02566
0.01800	0.64974
0.01805	1.26126
0.01810	1.18482
0.01815	0.42042
0.01820	0.49686
0.01825	0.95550
0.01830	0.87906
0.01835	2.33142
0.01840	0.68796
0.01845	0.57330
0.01850	1.87278
0.01855	0.95550
0.01860	0.99372
0.01865	0.45864
0.01870	1.03194
0.01875	1.03194
0.01880	1.03194
0.01885	0.80262
0.01890	0.64974
0.01895	0.30576
0.01900	1.29948
0.01905	0.30576
0.01910	0.61152
0.01915	0.72618
0.01920	0.42042
0.01925	1.56702
0.01930	0.64974
0.01935	1.98744
0.01940	1.29948
0.01945	0.42042
0.01950	0.38220
0.01955	1.71990
0.01960	1.75812
0.01965	0.34398
0.01970	0.64974
0.01975	0.95550
0.01980	1.94922
0.01985	2.75184
0.01990	0.68796
0.01995	0.57330
0.02000	2.29320
0.02005	1.14660
0.02010	1.10838
0.02015	0.72618
0.02020	0.87906
0.02025	0.26754
0.02030	0.72618
0.02035	1.03194
0.02040	1.10838
0.02045	1.07016
0.02050	1.03194
0.02055	0.38220
0.02060	1.83456
0.02065	1.75812
0.02070	1.68168
0.02075	2.29320
0.02080	0.38220
0.02085	0.95550
0.02090	0.57330
0.02095	1.03194
0.02100	1.10838
0.02105	0.87906
0.02110	0.84084
0.02115	0.87906
0.02120	0.30576
0.02125	1.45236
0.02130	0.61152
0.02135	1.75812
0.02140	1.18482
0.02145	0.84084
0.02150	0.72618
0.02155	0.38220
0.02160	0.76440
0.02165	1.33770
0.02170	1.75812
0.02175	1.10838
0.02180	0.68796
0.02185	0.72618
0.02190	0.34398
0.02195	0.57330
0.02200	1.41414
0.02205	0.57330
0.02210	0.99372
0.02215	0.76440
0.02220	0.76440
0.02225	1.33770
0.02230	0.42042
0.02235	1.03194
0.02240	0.64974
0.02245	0.57330
0.02250	1.64346
0.02255	0.22932
0.02260	0.91728
0.02265	1.41414
0.02270	0.84084
0.02275	0.64974
0.02280	1.22304
0.02285	0.91728
0.02290	0.53508
0.02295	1.18482
0.02300	0.72618
0.02305	1.29948
0.02310	1.18482
0.02315	1.29948
0.02320	0.95550
0.02325	0.57330
0.02330	-0.00000
0.02335	0.91728
0.02340	1.49058
0.02345	0.99372
0.02350	1.03194
0.02355	1.22304
0.02360	0.45864
0.02365	1.56702
0.02370	1.52880
0.02375	0.45864
0.02380	0.57330
0.02385	0.53508
0.02390	0.84084
0.02395	0.95550
0.02400	0.72618
0.02405	0.64974
0.02410	0.99372
0.02415	1.22304
0.02420	1.87278
0.02425	0.49686
0.02430	1.37592
0.02435	0.49686
0.02440	1.91100
0.02445	1.94922
0.02450	0.87906
0.02455	0.84084
0.02460	0.99372
0.02465	2.06388
0.02470	0.57330
0.02475	1.33770
0.02480	1.49058
0.02485	0.91728
0.02490	0.57330
0.02495	1.26126
0.02500	0.95550
0.02505	0.11466
0.02510	1.22304
0.02515	0.30576
0.02520	0.45864
0.02525	0.99372
0.02530	0.87906
0.02535	1.26126
0.02540	1.29948
0.02545	1.37592
0.02550	0.84084
0.02555	1.71990
0.02560	1.03194
0.02565	1.29948
0.02570	1.37592
0.02575	0.57330
0.02580	0.38220
0.02585	0.99372
0.02590	0.49686
0.02595	0.49686
0.02600	1.14660
0.02605	1.56702
0.02610	0.22932
0.02615	1.03194
0.02620	0.72618
0.02625	0.91728
0.02630	0.57330
0.02635	2.25498
0.02640	1.37592
0.02645	1.14660
0.02650	1.98744
0.02655	0.57330
0.02660	0.76440
0.02665	0.76440
0.02670	1.41414
0.02675	1.03194
0.02680	2.59896
0.02685	1.22304
0.02690	0.80262
0.02695	0.45864
0.02700	1.18482
0.02705	1.87278
0.02710	1.07016
0.02715	0.84084
0.02720	0.61152
0.02725	0.57330
0.02730	0.95550
0.02735	0.68796
0.02740	1.71990
0.02745	0.84084
0.02750	1.03194
0.02755	0.87906
0.02760	1.07016
0.02765	0.80262
0.02770	0.53508
0.02775	0.53508
0.02780	1.79634
0.02785	0.87906
0.02790	1.52880
0.02795	2.29320
0.02800	0.84084
0.02805	1.37592
0.02810	0.57330
0.02815	1.45236
0.02820	1.60524
0.02825	1.03194
0.02830	1.29948
0.02835	1.33770
0.02840	2.14032
0.02845	0.61152
0.02850	1.29948
0.02855	1.14660
0.02860	1.18482
0.02865	0.38220
0.02870	0.68796
0.02875	0.61152
0.02880	0.64974
0.02885	0.49686
0.02890	0.95550
0.02895	0.45864
0.02900	0.34398
0.02905	0.26754
0.02910	0.76440
0.02915	0.95550
0.02920	0.95550
0.02925	0.84084
0.02930	0.61152
0.02935	1.03194
0.02940	1.26126
0.02945	0.53508
0.02950	1.22304
0.02955	1.26126
0.02960	0.91728
0.02965	0.22932
0.02970	0.84084
0.02975	0.87906
0.02980	1.41414
0.02985	0.80262
0.02990	0.49686
0.02995	0.99372
0.03000	1.41414
0.03005	0.68796
0.03010	0.91728
0.03015	0.42042
0.03020	0.84084
0.03025	0.99372
0.03030	1.18482
0.03035	1.10838
0.03040	0.53508
0.03045	0.99372
0.03050	0.49686
0.03055	1.18482
0.03060	0.91728
0.03065	1.37592
0.03070	0.84084
0.03075	0.72618
0.03080	0.64974
0.03085	0.49686
0.03090	0.53508
0.03095	1.45236
0.03100	0.53508
0.03105	0.45864
0.03110	0.76440
0.03115	0.49686
0.03120	0.87906
0.03125	0.80262
0.03130	0.03822
0.03135	1.10838
0.03140	0.53508
0.03145	1.07016
0.03150	0.72618
0.03155	1.07016
0.03160	1.56702
0.03165	0.72618
0.03170	1.37592
0.03175	0.72618
0.03180	0.53508
0.03185	1.37592
0.03190	0.34398
0.03195	0.95550
0.03200	0.68796
0.03205	0.07644
0.03210	0.95550
0.03215	1.56702
0.03220	0.19110
0.03225	0.22932
0.03230	1.07016
0.03235	1.07016
0.03240	0.19110
0.03245	0.99372
0.03250	0.61152
0.03255	0.72618
0.03260	0.22932
0.03265	0.80262
0.03270	1.37592
0.03275	1.03194
0.03280	0.76440
0.03285	1.26126
0.03290	0.61152
0.03295	1.56702
0.03300	0.42042
0.03305	0.68796
0.03310	0.87906
0.03315	0.68796
0.03320	0.87906
0.03325	0.91728
0.03330	0.68796
0.03335	1.10838
0.03340	1.07016
0.03345	1.18482
0.03350	1.07016
0.03355	0.76440
0.03360	1.03194
0.03365	0.68796
0.03370	0.22932
0.03375	1.37592
0.03380	0.53508
0.03385	0.76440
0.03390	0.26754
0.03395	1.45236
0.03400	1.22304
0.03405	0.22932
0.03410	0.95550
0.03415	0.30576
0.03420	1.07016
0.03425	1.10838
0.03430	0.53508
0.03435	0.68796
0.03440	0.91728
0.03445	0.49686
0.03450	1.41414
0.03455	1.03194
0.03460	0.64974
0.03465	0.49686
0.03470	1.83456
0.03475	0.61152
0.03480	0.87906
0.03485	0.45864
0.03490	0.49686
0.03495	0.68796
0.03500	0.91728
0.03505	0.30576
0.03510	0.49686
0.03515	1.98744
0.03520	0.80262
0.03525	0.87906
0.03530	0.45864
0.03535	0.45864
0.03540	0.57330
0.03545	0.68796
0.03550	0.38220
0.03555	1.10838
0.03560	0.95550
0.03565	0.45864
0.03570	0.57330
0.03575	1.18482
0.03580	0.38220
0.03585	0.49686
0.03590	1.22304
0.03595	0.22932
0.03600	1.18482
0.03605	1.49058
0.03610	0.91728
0.03615	1.37592
0.03620	1.10838
0.03625	0.80262
0.03630	0.49686
0.03635	0.26754
0.03640	0.49686
0.03645	0.26754
0.03650	1.64346
0.03655	0.91728
0.03660	1.26126
0.03665	0.61152
0.03670	1.10838
0.03675	1.49058
0.03680	0.45864
0.03685	0.64974
0.03690	1.03194
0.03695	0.49686
0.03700	1.56702
0.03705	0.95550
0.03710	0.76440
0.03715	0.22932
0.03720	0.22932
0.03725	1.41414
0.03730	0.95550
0.03735	1.10838
0.03740	1.14660
0.03745	1.41414
0.03750	0.99372
0.03755	1.26126
0.03760	0.30576
0.03765	0.57330
0.03770	0.53508
0.03775	0.15288
0.03780	0.72618
0.03785	1.49058
0.03790	0.57330
0.03795	0.42042
0.03800	0.61152
0.03805	1.45236
0.03810	1.26126
0.03815	0.72618
0.03820	0.68796
0.03825	0.72618
0.03830	0.34398
0.03835	0.26754
0.03840	0.61152
0.03845	0.99372
0.03850	0.68796
0.03855	1.52880
0.03860	0.42042
0.03865	0.84084
0.03870	1.22304
0.03875	0.53508
0.03880	0.26754
0.03885	1.68168
0.03890	1.22304
0.03895	0.38220
0.03900	1.14660
0.03905	0.57330
0.03910	0.76440
0.03915	0.64974
0.03920	1.79634
0.03925	0.38220
0.03930	0.80262
0.03935	0.57330
0.03940	0.57330
0.03945	0.49686
0.03950	1.03194
0.03955	0.38220
0.03960	0.68796
0.03965	0.84084
0.03970	0.95550
0.03975	1.33770
0.03980	0.57330
0.03985	0.57330
0.03990	0.07644
0.03995	0.61152
0.04000	0.61152
0.04005	0.87906
0.04010	0.87906
0.04015	0.30576
0.04020	0.95550
0.04025	1.22304
0.04030	0.53508
0.04035	1.18482
0.04040	1.03194
0.04045	1.03194
0.04050	0.68796
0.04055	0.87906
0.04060	0.84084
0.04065	0.53508
0.04070	0.11466
0.04075	0.38220
0.04080	0.19110
0.04085	1.14660
0.04090	0.61152
0.04095	0.45864
0.04100	0.38220
0.04105	0.49686
0.04110	0.99372
0.04115	1.49058
0.04120	0.45864
0.04125	1.03194
0.04130	0.91728
0.04135	1.22304
0.04140	0.76440
0.04145	0.68796
0.04150	0.57330
0.04155	0.87906
0.04160	0.61152
0.04165	0.76440
0.04170	0.99372
0.04175	0.91728
0.04180	0.76440
0.04185	0.53508
0.04190	0.11466
0.04195	0.57330
0.04200	0.42042
0.04205	0.61152
0.04210	0.95550
0.04215	0.45864
0.04220	0.72618
0.04225	0.80262
0.04230	0.49686
0.04235	1.33770
0.04240	0.30576
0.04245	0.80262
0.04250	0.80262
0.04255	0.87906
0.04260	0.76440
0.04265	1.45236
0.04270	0.91728
0.04275	1.03194
0.04280	0.26754
0.04285	1.10838
0.04290	0.57330
0.04295	0.64974
0.04300	0.76440
0.04305	0.49686
0.04310	0.57330
0.04315	0.80262
0.04320	0.30576
0.04325	1.18482
0.04330	0.95550
0.04335	1.03194
0.04340	0.64974
0.04345	0.64974
0.04350	0.99372
0.04355	1.03194
0.04360	0.38220
0.04365	0.72618
0.04370	0.72618
0.04375	0.64974
0.04380	0.84084
0.04385	0.99372
0.04390	0.76440
0.04395	1.87278
0.04400	1.03194
0.04405	0.87906
0.04410	0.99372
0.04415	0.30576
0.04420	0.57330
0.04425	0.61152
0.04430	1.56702
0.04435	0.64974
0.04440	0.84084
0.04445	0.87906
0.04450	1.10838
0.04455	1.98744
0.04460	1.91100
0.04465	1.71990
0.04470	0.76440
0.04475	0.95550
0.04480	1.37592
0.04485	1.03194
0.04490	0.68796
0.04495	0.30576
0.04500	0.22932
0.04505	0.57330
0.04510	1.14660
0.04515	0.68796
0.04520	0.42042
0.04525	1.29948
0.04530	0.91728
0.04535	0.45864
0.04540	0.95550
0.04545	0.22932
0.04550	1.49058
0.04555	1.07016
0.04560	1.68168
0.04565	0.80262
0.04570	1.45236
0.04575	0.38220
0.04580	0.91728
0.04585	0.38220
0.04590	0.87906
0.04595	0.87906
0.04600	1.26126
0.04605	0.26754
0.04610	0.99372
0.04615	1.10838
0.04620	1.18482
0.04625	2.33142
0.04630	2.06388
0.04635	1.14660
0.04640	0.26754
0.04645	1.18482
0.04650	0.57330
0.04655	0.49686
0.04660	0.53508
0.04665	0.57330
0.04670	0.57330
0.04675	1.37592
0.04680	1.71990
0.04685	0.38220
0.04690	1.29948
0.04695	0.34398
0.04700	1.03194
0.04705	1.60524
0.04710	0.76440
0.04715	0.26754
0.04720	0.45864
0.04725	0.45864
0.04730	1.10838
0.04735	1.22304
0.04740	0.49686
0.04745	0.80262
0.04750	1.26126
0.04755	0.84084
0.04760	0.91728
0.04765	0.87906
0.04770	1.60524
0.04775	0.76440
0.04780	0.38220
0.04785	1.41414
0.04790	1.75812
0.04795	0.99372
0.04800	0.84084
0.04805	0.30576
0.04810	0.64974
0.04815	0.95550
0.04820	0.19110
0.04825	1.45236
0.04830	0.34398
0.04835	0.76440
0.04840	0.34398
0.04845	0.76440
0.04850	0.49686
0.04855	1.03194
0.04860	0.87906
0.04865	0.64974
0.04870	0.91728
0.04875	0.49686
0.04880	1.18482
0.04885	1.68168
0.04890	0.95550
0.04895	0.87906
0.04900	0.76440
0.04905	0.57330
0.04910	1.10838
0.04915	1.33770
0.04920	0.15288
0.04925	0.76440
0.04930	1.29948
0.04935	0.49686
0.04940	1.14660
0.04945	1.26126
0.04950	0.11466
0.04955	0.72618
0.04960	1.33770
0.04965	0.22932
0.04970	0.76440
0.04975	0.03822
0.04980	0.91728
0.04985	0.76440
0.04990	1.03194
0.04995	0.57330
0.05000	0.30576
0.05005	0.72618
0.05010	0.76440
0.05015	1.64346
0.05020	1.14660
0.05025	1.10838
0.05030	2.14032
0.05035	0.95550
0.05040	0.42042
0.05045	1.22304
0.05050	1.29948
0.05055	0.34398
0.05060	0.64974
0.05065	0.64974
0.05070	1.37592
0.05075	0.72618
0.05080	0.80262
0.05085	0.07644
0.05090	0.68796
0.05095	0.22932
0.05100	0.87906
0.05105	0.53508
0.05110	0.53508
0.05115	0.49686
0.05120	0.22932
0.05125	1.14660
0.05130	0.30576
0.05135	0.26754
0.05140	0.64974
0.05145	0.38220
0.05150	1.56702
0.05155	0.84084
0.05160	1.03194
0.05165	0.76440
0.05170	0.91728
0.05175	0.61152
0.05180	0.99372
0.05185	0.53508
0.05190	0.91728
0.05195	0.87906
0.05200	1.03194
0.05205	0.30576
0.05210	0.42042
0.05215	0.91728
0.05220	1.68168
0.05225	0.80262
0.05230	0.91728
0.05235	0.87906
0.05240	1.87278
0.05245	2.63718
0.05250	0.91728
0.05255	1.68168
0.05260	1.22304
0.05265	1.37592
0.05270	1.56702
0.05275	1.37592
0.05280	1.22304
0.05285	2.10210
0.05290	0.84084
0.05295	0.76440
0.05300	-0.00000
0.05305	0.57330
0.05310	0.68796
0.05315	1.18482
0.05320	0.87906
0.05325	0.99372
0.05330	0.99372
0.05335	0.99372
0.05340	1.41414
0.05345	1.07016
0.05350	1.26126
0.05355	0.34398
0.05360	0.64974
0.05365	0.76440
0.05370	0.45864
0.05375	0.84084
0.05380	0.30576
0.05385	0.38220
0.05390	1.26126
0.05395	0.99372
0.05400	1.10838
0.05405	0.57330
0.05410	0.38220
0.05415	1.22304
0.05420	0.49686
0.05425	0.15288
0.05430	0.53508
0.05435	1.45236
0.05440	0.84084
0.05445	0.45864
0.05450	0.45864
0.05455	0.53508
0.05460	1.41414
0.05465	0.72618
0.05470	0.64974
0.05475	0.72618
0.05480	0.87906
0.05485	1.52880
0.05490	1.10838
0.05495	0.68796
0.05500	0.30576
0.05505	0.34398
0.05510	0.49686
0.05515	1.10838
0.05520	0.49686
0.05525	0.87906
0.05530	0.53508
0.05535	0.84084
0.05540	0.80262
0.05545	0.38220
0.05550	0.49686
0.05555	0.53508
0.05560	1.33770
0.05565	0.11466
0.05570	1.22304
0.05575	0.30576
0.05580	0.15288
0.05585	0.91728
0.05590	1.07016
0.05595	0.99372
0.05600	0.22932
0.05605	0.87906
0.05610	0.45864
0.05615	0.22932
0.05620	0.57330
0.05625	1.10838
0.05630	0.34398
0.05635	0.64974
0.05640	0.80262
0.05645	0.15288
0.05650	0.57330
0.05655	0.80262
0.05660	0.91728
0.05665	0.22932
0.05670	0.45864
0.05675	0.22932
0.05680	0.57330
0.05685	0.57330
0.05690	0.91728
0.05695	0.95550
0.05700	0.64974
0.05705	1.45236
0.05710	0.53508
0.05715	0.80262
0.05720	0.53508
0.05725	0.19110
0.05730	0.72618
0.05735	0.53508
0.05740	1.29948
0.05745	0.64974
0.05750	0.64974
0.05755	0.49686
0.05760	0.49686
0.05765	1.29948
0.05770	0.26754
0.05775	0.45864
0.05780	1.29948
0.05785	0.72618
0.05790	0.53508
0.05795	1.07016
0.05800	0.49686
0.05805	0.38220
0.05810	0.57330
0.05815	0.30576
0.05820	0.42042
0.05825	0.15288
0.05830	0.53508
0.05835	0.99372
0.05840	0.07644
0.05845	0.45864
0.05850	0.42042
0.05855	0.19110
0.05860	0.38220
0.05865	0.11466
0.05870	0.61152
0.05875	0.45864
0.05880	0.76440
0.05885	1.45236
0.05890	0.15288
0.05895	0.15288
0.05900	0.22932
0.05905	0.26754
0.05910	0.15288
0.05915	0.64974
0.05920	0.61152
0.05925	0.99372
0.05930	0.26754
0.05935	0.53508
0.05940	1.07016
0.05945	0.57330
0.05950	0.57330
0.05955	0.68796
0.05960	1.29948
0.05965	0.49686
0.05970	0.84084
0.05975	1.03194
0.05980	0.49686
0.05985	0.84084
0.05990	1.45236
0.05995	0.38220
0.06000	0.68796
0.06005	1.49058
0.06010	0.38220
0.06015	1.07016
0.06020	0.61152
0.06025	0.00000
0.06030	1.18482
0.06035	0.57330
0.06040	0.26754
0.06045	0.42042
0.06050	0.61152
0.06055	0.99372
0.06060	0.99372
0.06065	1.07016
0.06070	0.95550
0.06075	1.07016
0.06080	0.61152
0.06085	0.57330
0.06090	1.10838
0.06095	0.61152
0.06100	0.87906
0.06105	0.95550
0.06110	0.87906
0.06115	0.57330
0.06120	1.68168
0.06125	0.30576
0.06130	1.10838
0.06135	0.64974
0.06140	0.84084
0.06145	1.07016
0.06150	0.53508
0.06155	0.19110
0.06160	0.76440
0.06165	0.95550
0.06170	1.26126
0.06175	0.53508
0.06180	0.72618
0.06185	0.64974
0.06190	1.37592
0.06195	0.84084
0.06200	0.80262
0.06205	0.22932
0.06210	1.14660
0.06215	0.61152
0.06220	0.49686
0.06225	0.95550
0.06230	0.61152
0.06235	0.61152
0.06240	0.61152
0.06245	0.76440
0.06250	0.53508
0.06255	0.80262
0.06260	0.99372
0.06265	0.80262
0.06270	2.17854
0.06275	1.41414
0.06280	0.15288
0.06285	0.38220
0.06290	1.03194
0.06295	0.53508
0.06300	0.84084
0.06305	0.91728
0.06310	0.57330
0.06315	0.11466
0.06320	0.34398
0.06325	0.49686
0.06330	0.15288
0.06335	0.45864
0.06340	0.19110
0.06345	1.52880
0.06350	2.44608
0.06355	0.91728
0.06360	0.57330
0.06365	1.49058
0.06370	1.29948
0.06375	1.07016
0.06380	0.26754
0.06385	1.22304
0.06390	0.53508
0.06395	0.22932
0.06400	0.53508
0.06405	0.53508
0.06410	0.64974
0.06415	0.57330
0.06420	0.26754
0.06425	0.19110
0.06430	1.64346
0.06435	0.03822
0.06440	0.38220
0.06445	0.11466
0.06450	0.72618
0.06455	0.57330
0.06460	1.41414
0.06465	0.22932
0.06470	1.10838
0.06475	0.84084
0.06480	0.64974
0.06485	0.45864
0.06490	0.26754
0.06495	2.17854
0.06500	0.61152
0.06505	0.84084
0.06510	0.49686
0.06515	0.38220
0.06520	1.18482
0.06525	0.84084
0.06530	1.18482
0.06535	0.91728
0.06540	0.57330
0.06545	0.61152
0.06550	0.49686
0.06555	0.49686
0.06560	1.33770
0.06565	0.11466
0.06570	0.80262
0.06575	1.49058
0.06580	0.45864
0.06585	0.15288
0.06590	0.72618
0.06595	0.34398
0.06600	0.22932
0.06605	0.34398
0.06610	1.33770
0.06615	1.22304
0.06620	1.26126
0.06625	1.52880
0.06630	0.49686
0.06635	0.72618
0.06640	0.61152
0.06645	0.61152
0.06650	1.22304
0.06655	0.42042
0.06660	0.19110
0.06665	0.30576
0.06670	0.45864
0.06675	1.68168
0.06680	0.49686
0.06685	0.87906
0.06690	0.87906
0.06695	0.42042
0.06700	0.42042
0.06705	0.45864
0.06710	1.60524
0.06715	1.18482
0.06720	0.68796
0.06725	0.42042
0.06730	0.68796
0.06735	0.84084
0.06740	0.49686
0.06745	1.07016
0.06750	0.15288
0.06755	0.49686
0.06760	0.53508
0.06765	0.30576
0.06770	2.02566
0.06775	1.26126
0.06780	0.87906
0.06785	1.18482
0.06790	0.99372
0.06795	0.61152
0.06800	1.37592
0.06805	2.17854
0.06810	0.42042
0.06815	1.10838
0.06820	0.72618
0.06825	0.72618
0.06830	0.07644
0.06835	0.87906
0.06840	0.99372
0.06845	0.30576
0.06850	0.61152
0.06855	0.07644
0.06860	0.26754
0.06865	0.57330
0.06870	1.07016
0.06875	1.79634
0.06880	0.87906
0.06885	0.34398
0.06890	1.07016
0.06895	0.68796
0.06900	0.95550
0.06905	0.15288
0.06910	0.49686
0.06915	1.75812
0.06920	0.30576
0.06925	1.33770
0.06930	1.10838
0.06935	0.45864
0.06940	1.07016
0.06945	0.45864
0.06950	0.49686
0.06955	0.64974
0.06960	0.57330
0.06965	0.61152
0.06970	0.76440
0.06975	0.84084
0.06980	0.42042
0.06985	0.22932
0.06990	0.99372
0.06995	0.95550
0.07000	0.22932
0.07005	0.87906
0.07010	0.22932
0.07015	0.57330
0.07020	0.42042
0.07025	0.30576
0.07030	0.61152
0.07035	0.87906
0.07040	0.45864
0.07045	0.49686
0.07050	1.71990
0.07055	1.07016
0.07060	1.18482
0.07065	1.07016
0.07070	0.64974
0.07075	0.22932
0.07080	0.57330
0.07085	0.38220
0.07090	0.53508
0.07095	0.61152
0.07100	0.15288
0.07105	0.26754
0.07110	1.49058
0.07115	0.57330
0.07120	1.10838
0.07125	0.22932
0.07130	0.34398
0.07135	0.57330
0.07140	0.61152
0.07145	0.49686
0.07150	0.84084
0.07155	0.49686
0.07160	1.56702
0.07165	0.45864
0.07170	0.11466
0.07175	0.72618
0.07180	0.22932
0.07185	1.52880
0.07190	0.61152
0.07195	0.34398
0.07200	0.22932
0.07205	1.18482
0.07210	0.42042
0.07215	0.87906
0.07220	0.49686
0.07225	1.33770
0.07230	1.22304
0.07235	1.56702
0.07240	0.22932
0.07245	0.61152
0.07250	0.53508
0.07255	1.18482
0.07260	0.68796
0.07265	0.68796
0.07270	0.42042
0.07275	0.11466
0.07280	0.15288
0.07285	0.84084
0.07290	0.80262
0.07295	0.42042
0.07300	1.10838
0.07305	1.41414
0.07310	0.76440
0.07315	0.64974
0.07320	0.42042
0.07325	0.61152
0.07330	0.95550
0.07335	0.64974
0.07340	0.57330
0.07345	0.22932
0.07350	0.57330
0.07355	0.11466
0.07360	0.45864
0.07365	0.03822
0.07370	0.53508
0.07375	0.34398
0.07380	0.84084
0.07385	0.26754
0.07390	0.26754
0.07395	0.11466
0.07400	1.10838
0.07405	0.91728
0.07410	0.57330
0.07415	0.38220
0.07420	0.64974
0.07425	1.56702
0.07430	0.61152
0.07435	0.76440
0.07440	0.26754
0.07445	0.45864
0.07450	0.26754
0.07455	0.22932
0.07460	0.76440
0.07465	0.45864
0.07470	0.00000
0.07475	0.19110
0.07480	1.45236
0.07485	0.45864
0.07490	0.34398
0.07495	0.72618
0.07500	1.03194
0.07505	0.68796
0.07510	0.34398
0.07515	0.45864
0.07520	1.68168
0.07525	0.53508
0.07530	0.38220
0.07535	0.72618
0.07540	0.34398
0.07545	0.22932
0.07550	0.57330
0.07555	0.34398
0.07560	0.68796
0.07565	0.76440
0.07570	1.07016
0.07575	0.03822
0.07580	0.38220
0.07585	0.45864
0.07590	1.75812
0.07595	0.30576
0.07600	1.33770
0.07605	0.53508
0.07610	0.76440
0.07615	1.03194
0.07620	0.95550
0.07625	0.49686
0.07630	0.80262
0.07635	1.29948
0.07640	0.45864
0.07645	0.80262
0.07650	0.72618
0.07655	1.10838
0.07660	1.45236
0.07665	0.30576
0.07670	1.45236
0.07675	0.57330
0.07680	0.72618
0.07685	0.87906
0.07690	0.64974
0.07695	0.64974
0.07700	0.38220
0.07705	0.42042
0.07710	1.56702
0.07715	0.53508
0.07720	0.61152
0.07725	1.60524
0.07730	0.84084
0.07735	0.26754
0.07740	0.80262
0.07745	0.45864
0.07750	0.61152
0.07755	0.45864
0.07760	0.53508
0.07765	0.61152
0.07770	1.03194
0.07775	0.42042
0.07780	0.80262
0.07785	0.72618
0.07790	0.57330
0.07795	0.84084
0.07800	0.95550
0.07805	1.22304
0.07810	0.76440
0.07815	0.11466
0.07820	0.22932
0.07825	1.33770
0.07830	0.49686
0.07835	0.80262
0.07840	0.45864
0.07845	0.76440
0.07850	0.34398
0.07855	0.95550
0.07860	1.71990
0.07865	0.95550
0.07870	0.99372
0.07875	0.49686
0.07880	1.29948
0.07885	1.07016
0.07890	0.57330
0.07895	1.07016
0.07900	1.41414
0.07905	0.61152
0.07910	0.95550
0.07915	0.76440
0.07920	-0.00000
0.07925	0.64974
0.07930	0.53508
0.07935	0.57330
0.07940	1.22304
0.07945	0.07644
0.07950	0.26754
0.07955	0.95550
0.07960	0.57330
0.07965	0.84084
0.07970	1.41414
0.07975	0.57330
0.07980	0.80262
0.07985	0.84084
0.07990	0.38220
0.07995	0.30576
0.08000	0.53508
0.08005	0.49686
0.08010	1.49058
0.08015	0.84084
0.08020	0.42042
0.08025	0.61152
0.08030	1.45236
0.08035	1.52880
0.08040	0.80262
0.08045	0.49686
0.08050	0.99372
0.08055	0.22932
0.08060	0.45864
0.08065	0.45864
0.08070	1.68168
0.08075	0.68796
0.08080	1.94922
0.08085	1.49058
0.08090	1.52880
0.08095	0.80262
0.08100	0.95550
0.08105	0.84084
0.08110	0.84084
0.08115	0.34398
0.08120	0.72618
0.08125	0.34398
0.08130	0.22932
0.08135	0.80262
0.08140	1.49058
0.08145	0.84084
0.08150	2.14032
0.08155	0.30576
0.08160	0.42042
0.08165	0.68796
0.08170	0.72618
0.08175	0.64974
0.08180	1.18482
0.08185	0.42042
0.08190	1.45236
0.08195	0.68796
0.08200	1.22304
0.08205	0.45864
0.08210	0.30576
0.08215	0.91728
0.08220	1.03194
0.08225	0.95550
0.08230	0.53508
0.08235	0.61152
0.08240	0.30576
0.08245	0.26754
0.08250	0.11466
0.08255	0.45864
0.08260	1.98744
0.08265	0.61152
0.08270	0.34398
0.08275	0.72618
0.08280	1.14660
0.08285	1.14660
0.08290	0.15288
0.08295	0.76440
0.08300	1.14660
0.08305	0.49686
0.08310	0.61152
0.08315	0.80262
0.08320	0.99372
0.08325	0.64974
0.08330	0.61152
0.08335	1.56702
0.08340	0.64974
0.08345	0.38220
0.08350	0.64974
0.08355	0.19110
0.08360	0.76440
0.08365	1.45236
0.08370	0.84084
0.08375	2.17854
0.08380	0.45864
0.08385	0.34398
0.08390	1.91100
0.08395	0.57330
0.08400	0.30576
0.08405	0.87906
0.08410	0.49686
0.08415	1.18482
0.08420	0.53508
0.08425	0.30576
0.08430	0.84084
0.08435	0.42042
0.08440	0.34398
0.08445	0.26754
0.08450	0.68796
0.08455	0.68796
0.08460	0.99372
0.08465	0.30576
0.08470	0.19110
0.08475	0.38220
0.08480	1.03194
0.08485	0.64974
0.08490	0.26754
0.08495	0.68796
0.08500	0.30576
0.08505	0.64974
0.08510	0.80262
0.08515	0.26754
0.08520	1.26126
0.08525	0.30576
0.08530	0.30576
0.08535	0.53508
0.08540	1.33770
0.08545	0.87906
0.08550	0.11466
0.08555	0.68796
0.08560	1.14660
0.08565	0.30576
0.08570	0.15288
0.08575	0.91728
0.08580	0.22932
0.08585	0.45864
0.08590	1.29948
0.08595	1.14660
0.08600	0.80262
0.08605	1.07016
0.08610	0.57330
0.08615	0.95550
0.08620	1.10838
0.08625	0.72618
0.08630	0.64974
0.08635	0.26754
0.08640	0.91728
0.08645	0.76440
0.08650	0.34398
0.08655	0.99372
0.08660	0.19110
0.08665	0.42042
0.08670	0.95550
0.08675	1.33770
0.08680	1.29948
0.08685	0.11466
0.08690	0.11466
0.08695	0.38220
0.08700	0.57330
0.08705	1.22304
0.08710	0.95550
0.08715	0.64974
0.08720	0.11466
0.08725	0.61152
0.08730	0.76440
0.08735	0.99372
0.08740	0.76440
0.08745	0.95550
0.08750	1.18482
0.08755	0.76440
0.08760	1.14660
0.08765	0.87906
0.08770	0.30576
0.08775	0.26754
0.08780	0.91728
0.08785	0.84084
0.08790	0.45864
0.08795	0.45864
0.08800	1.49058
0.08805	1.33770
0.08810	0.68796
0.08815	0.95550
0.08820	0.26754
0.08825	0.30576
0.08830	0.34398
0.08835	0.22932
0.08840	0.26754
0.08845	0.57330
0.08850	0.19110
0.08855	0.42042
0.08860	0.42042
0.08865	1.37592
0.08870	0.76440
0.08875	0.30576
0.08880	0.57330
0.08885	0.72618
0.08890	0.72618
0.08895	0.49686
0.08900	0.57330
0.08905	0.99372
0.08910	0.49686
0.08915	0.61152
0.08920	0.42042
0.08925	1.29948
0.08930	0.30576
0.08935	0.26754
0.08940	0.53508
0.08945	0.19110
0.08950	0.38220
0.08955	0.30576
0.08960	0.80262
0.08965	0.49686
0.08970	0.22932
0.08975	0.26754
0.08980	0.45864
0.08985	0.53508
0.08990	0.26754
0.08995	0.91728
0.09000	1.29948
0.09005	0.53508
0.09010	0.61152
0.09015	0.38220
0.09020	0.68796
0.09025	0.57330
0.09030	1.56702
0.09035	0.95550
0.09040	1.29948
0.09045	0.19110
0.09050	1.94922
0.09055	0.34398
0.09060	0.68796
0.09065	0.61152
0.09070	0.57330
0.09075	0.45864
0.09080	0.80262
0.09085	0.76440
0.09090	0.72618
0.09095	0.38220
0.09100	0.26754
0.09105	0.95550
0.09110	0.68796
0.09115	0.45864
0.09120	0.03822
0.09125	1.07016
0.09130	0.61152
0.09135	0.99372
0.09140	0.38220
0.09145	0.34398
0.09150	0.57330
0.09155	0.61152
0.09160	0.68796
0.09165	0.64974
0.09170	0.15288
0.09175	0.45864
0.09180	0.80262
0.09185	0.15288
0.09190	0.03822
0.09195	0.34398
0.09200	1.10838
0.09205	0.38220
0.09210	0.76440
0.09215	0.64974
0.09220	1.22304
0.09225	0.57330
0.09230	0.15288
0.09235	0.26754
0.09240	0.80262
0.09245	0.49686
0.09250	1.49058
0.09255	0.53508
0.09260	0.49686
0.09265	0.49686
0.09270	0.22932
0.09275	0.99372
0.09280	1.33770
0.09285	0.72618
0.09290	0.19110
0.09295	1.29948
0.09300	0.57330
0.09305	0.49686
0.09310	0.49686
0.09315	0.84084
0.09320	0.19110
0.09325	0.22932
0.09330	0.76440
0.09335	0.84084
0.09340	0.38220
0.09345	0.19110
0.09350	0.68796
0.09355	0.53508
0.09360	0.84084
0.09365	0.61152
0.09370	0.61152
0.09375	0.11466
0.09380	0.45864
0.09385	0.26754
0.09390	0.42042
0.09395	0.49686
0.09400	0.68796
0.09405	0.22932
0.09410	0.42042
0.09415	0.30576
0.09420	0.91728
0.09425	0.03822
0.09430	0.19110
0.09435	0.38220
0.09440	0.34398
0.09445	0.42042
0.09450	0.30576
0.09455	0.84084
0.09460	0.42042
0.09465	1.10838
0.09470	0.99372
0.09475	0.68796
0.09480	0.34398
0.09485	0.34398
0.09490	0.80262
0.09495	0.42042
0.09500	0.45864
0.09505	0.42042
0.09510	0.49686
0.09515	0.03822
0.09520	1.03194
0.09525	0.45864
0.09530	0.80262
0.09535	1.33770
0.09540	1.41414
0.09545	1.41414
0.09550	0.42042
0.09555	0.38220
0.09560	1.10838
0.09565	0.72618
0.09570	0.19110
0.09575	0.42042
0.09580	0.45864
0.09585	0.30576
0.09590	0.26754
0.09595	0.34398
0.09600	0.15288
0.09605	0.64974
0.09610	1.49058
0.09615	1.18482
0.09620	0.38220
0.09625	0.34398
0.09630	0.64974
0.09635	0.95550
0.09640	0.61152
0.09645	0.11466
0.09650	1.18482
0.09655	0.91728
0.09660	0.03822
0.09665	0.80262
0.09670	0.42042
0.09675	0.45864
0.09680	0.87906
0.09685	0.30576
0.09690	0.49686
0.09695	0.49686
0.09700	0.61152
0.09705	0.80262
0.09710	0.42042
0.09715	0.07644
0.09720	0.57330
0.09725	0.15288
0.09730	1.10838
0.09735	0.49686
0.09740	0.34398
0.09745	0.38220
0.09750	0.53508
0.09755	0.87906
0.09760	0.49686
0.09765	0.22932
0.09770	0.61152
0.09775	0.15288
0.09780	1.10838
0.09785	1.03194
0.09790	0.45864
0.09795	0.38220
0.09800	0.80262
0.09805	0.49686
0.09810	1.07016
0.09815	0.42042
0.09820	0.80262
0.09825	0.49686
0.09830	1.10838
0.09835	0.72618
0.09840	1.29948
0.09845	0.00000
0.09850	0.72618
0.09855	0.84084
0.09860	0.49686
0.09865	0.53508
0.09870	1.26126
0.09875	0.26754
0.09880	0.91728
0.09885	1.22304
0.09890	0.53508
0.09895	0.76440
0.09900	0.42042
0.09905	0.80262
0.09910	0.68796
0.09915	0.42042
0.09920	0.84084
0.09925	0.49686
0.09930	1.56702
0.09935	1.18482
0.09940	0.76440
0.09945	0.19110
0.09950	0.57330
0.09955	0.80262
0.09960	0.38220
0.09965	0.15288
0.09970	1.45236
0.09975	0.49686
0.09980	0.42042
0.09985	0.84084
0.09990	0.76440
0.09995	0.38220
0.10000	0.87906
0.10005	0.72618
0.10010	0.64974
0.10015	1.68168
0.10020	0.15288
0.10025	0.42042
0.10030	0.68796
0.10035	0.99372
0.10040	0.07644
0.10045	0.64974
0.10050	0.38220
0.10055	0.42042
0.10060	0.72618
0.10065	0.99372
0.10070	0.49686
0.10075	0.22932
0.10080	0.72618
0.10085	0.19110
0.10090	0.80262
0.10095	0.99372
0.10100	1.07016
0.10105	0.11466
0.10110	1.14660
0.10115	1.14660
0.10120	1.03194
0.10125	0.68796
0.10130	1.71990
0.10135	0.45864
0.10140	0.11466
0.10145	0.53508
0.10150	1.94922
0.10155	0.61152
0.10160	0.76440
0.10165	0.22932
0.10170	1.14660
0.10175	0.49686
0.10180	0.26754
0.10185	0.03822
0.10190	0.53508
0.10195	1.60524
0.10200	1.37592
0.10205	0.03822
0.10210	0.61152
0.10215	0.42042
0.10220	0.11466
0.10225	0.91728
0.10230	1.10838
0.10235	1.14660
0.10240	0.76440
0.10245	1.22304
0.10250	0.49686
0.10255	0.72618
0.10260	0.15288
0.10265	1.18482
0.10270	0.19110
0.10275	0.26754
0.10280	0.76440
0.10285	0.30576
0.10290	0.99372
0.10295	0.42042
0.10300	0.11466
0.10305	1.83456
0.10310	0.45864
0.10315	1.26126
0.10320	0.57330
0.10325	0.87906
0.10330	0.38220
0.10335	2.21676
0.10340	0.30576
0.10345	0.34398
0.10350	0.45864
0.10355	0.42042
0.10360	0.42042
0.10365	0.80262
0.10370	0.30576
0.10375	0.30576
0.10380	0.64974
0.10385	0.84084
0.10390	0.11466
0.10395	0.11466
0.10400	0.34398
0.10405	0.95550
0.10410	0.68796
0.10415	0.76440
0.10420	0.19110
0.10425	0.57330
0.10430	0.07644
0.10435	0.49686
0.10440	2.02566
0.10445	1.26126
0.10450	0.45864
0.10455	0.99372
0.10460	0.99372
0.10465	0.64974
0.10470	0.34398
0.10475	0.42042
0.10480	0.64974
0.10485	0.26754
0.10490	0.64974
0.10495	0.57330
0.10500	0.80262
0.10505	0.57330
0.10510	1.41414
0.10515	0.80262
0.10520	0.42042
0.10525	0.22932
0.10530	1.29948
0.10535	0.11466
0.10540	0.30576
0.10545	0.95550
0.10550	0.87906
0.10555	0.84084
0.10560	0.30576
0.10565	0.19110
0.10570	0.91728
0.10575	0.68796
0.10580	0.72618
0.10585	0.34398
0.10590	0.45864
0.10595	0.03822
0.10600	-0.00000
0.10605	0.34398
0.10610	0.91728
0.10615	0.53508
0.10620	0.61152
0.10625	0.11466
0.10630	0.76440
0.10635	0.84084
0.10640	0.07644
0.10645	0.30576
0.10650	0.15288
0.10655	1.33770
0.10660	1.68168
0.10665	0.42042
0.10670	1.18482
0.10675	0.34398
0.10680	0.68796
0.10685	0.15288
0.10690	1.87278
0.10695	0.64974
0.10700	0.53508
0.10705	1.03194
0.10710	0.87906
0.10715	0.87906
0.10720	0.57330
0.10725	0.57330
0.10730	1.41414
0.10735	0.80262
0.10740	0.76440
0.10745	0.49686
0.10750	0.49686
0.10755	0.49686
0.10760	1.10838
0.10765	0.49686
0.10770	0.38220
0.10775	1.64346
0.10780	0.61152
0.10785	0.30576
0.10790	0.87906
0.10795	0.34398
0.10800	0.45864
0.10805	0.03822
0.10810	0.42042
0.10815	0.95550
0.10820	0.22932
0.10825	1.03194
0.10830	0.45864
0.10835	0.53508
0.10840	0.42042
0.10845	1.56702
0.10850	0.38220
0.10855	0.38220
0.10860	0.68796
0.10865	0.80262
0.10870	0.53508
0.10875	0.42042
0.10880	0.49686
0.10885	0.19110
0.10890	0.30576
0.10895	0.26754
0.10900	0.76440
0.10905	0.30576
0.10910	0.57330
0.10915	0.15288
0.10920	0.03822
0.10925	0.53508
0.10930	0.22932
0.10935	0.11466
0.10940	0.87906
0.10945	0.42042
0.10950	0.64974
0.10955	0.57330
0.10960	0.26754
0.10965	0.22932
0.10970	0.30576
0.10975	0.45864
0.10980	1.26126
0.10985	0.64974
0.10990	0.15288
0.10995	0.49686
0.11000	0.11466
0.11005	0.45864
0.11010	1.52880
0.11015	0.64974
0.11020	0.68796
0.11025	1.41414
0.11030	1.18482
0.11035	0.80262
0.11040	0.80262
0.11045	0.68796
0.11050	0.95550
0.11055	0.80262
0.11060	0.26754
0.11065	0.80262
0.11070	0.45864
0.11075	1.33770
0.11080	0.68796
0.11085	0.84084
0.11090	0.57330
0.11095	0.38220
0.11100	0.91728
0.11105	0.07644
0.11110	-0.00000
0.11115	0.87906
0.11120	0.72618
0.11125	0.53508
0.11130	0.30576
0.11135	-0.00000
0.11140	0.80262
0.11145	1.10838
0.11150	0.15288
0.11155	1.60524
0.11160	0.64974
0.11165	0.84084
0.11170	0.84084
0.11175	0.15288
0.11180	0.53508
0.11185	0.49686
0.11190	0.22932
0.11195	0.15288
0.11200	0.42042
0.11205	0.34398
0.11210	0.42042
0.11215	1.03194
0.11220	0.30576
0.11225	0.22932
0.11230	0.34398
0.11235	0.57330
0.11240	1.45236
0.11245	0.80262
0.11250	0.99372
0.11255	0.53508
0.11260	0.15288
0.11265	0.15288
0.11270	0.34398
0.11275	0.91728
0.11280	0.30576
0.11285	0.87906
0.11290	0.26754
0.11295	0.57330
0.11300	1.07016
0.11305	1.37592
0.11310	1.29948
0.11315	0.61152
0.11320	0.76440
0.11325	0.72618
0.11330	0.87906
0.11335	0.42042
0.11340	0.15288
0.11345	1.03194
0.11350	0.22932
0.11355	0.45864
0.11360	0.68796
0.11365	0.34398
0.11370	0.11466
0.11375	0.45864
0.11380	0.49686
0.11385	0.61152
0.11390	0.38220
0.11395	0.45864
0.11400	1.45236
0.11405	0.80262
0.11410	0.68796
0.11415	0.22932
0.11420	0.19110
0.11425	1.60524
0.11430	0.53508
0.11435	0.42042
0.11440	0.84084
0.11445	0.84084
0.11450	0.30576
0.11455	0.53508
0.11460	0.72618
0.11465	0.49686
0.11470	0.72618
0.11475	0.15288
0.11480	0.34398
0.11485	1.10838
0.11490	1.14660
0.11495	0.30576
0.11500	0.53508
0.11505	0.34398
0.11510	0.99372
0.11515	0.61152
0.11520	0.38220
0.11525	0.42042
0.11530	0.49686
0.11535	1.07016
0.11540	1.22304
0.11545	0.91728
0.11550	0.30576
0.11555	1.03194
0.11560	0.34398
0.11565	0.57330
0.11570	0.22932
0.11575	0.26754
0.11580	0.53508
0.11585	0.42042
0.11590	0.19110
0.11595	0.53508
0.11600	0.80262
0.11605	0.91728
0.11610	0.42042
0.11615	0.76440
0.11620	1.52880
0.11625	0.80262
0.11630	0.84084
0.11635	0.22932
0.11640	1.07016
0.11645	0.53508
0.11650	0.57330
0.11655	1.03194
0.11660	0.45864
0.11665	0.42042
0.11670	0.26754
0.11675	0.22932
0.11680	0.42042
0.11685	0.91728
0.11690	0.49686
0.11695	0.34398
0.11700	0.45864
0.11705	0.87906
0.11710	0.64974
0.11715	0.57330
0.11720	0.91728
0.11725	1.07016
0.11730	1.18482
0.11735	0.38220
0.11740	0.84084
0.11745	1.41414
0.11750	0.64974
0.11755	0.38220
0.11760	0.64974
0.11765	0.07644
0.11770	0.45864
0.11775	0.64974
0.11780	0.42042
0.11785	1.26126
0.11790	0.49686
0.11795	0.76440
0.11800	0.38220
0.11805	0.42042
0.11810	0.03822
0.11815	0.64974
0.11820	0.87906
0.11825	0.38220
0.11830	0.53508
0.11835	0.57330
0.11840	0.38220
0.11845	0.80262
0.11850	0.64974
0.11855	0.76440
0.11860	0.68796
0.11865	0.30576
0.11870	0.15288
0.11875	0.45864
0.11880	0.61152
0.11885	0.76440
0.11890	1.18482
0.11895	0.22932
0.11900	0.91728
0.11905	0.15288
0.11910	0.72618
0.11915	0.07644
0.11920	0.61152
0.11925	0.99372
0.11930	0.61152
0.11935	0.03822
0.11940	0.42042
0.11945	0.15288
0.11950	0.19110
0.11955	0.22932
0.11960	0.26754
0.11965	0.19110
0.11970	0.64974
0.11975	0.45864
0.11980	0.22932
0.11985	0.19110
0.11990	0.07644
0.11995	0.11466
0.12000	0.38220
0.12005	0.61152
0.12010	0.34398
0.12015	0.49686
0.12020	0.19110
0.12025	1.41414
0.12030	1.03194
0.12035	0.26754
0.12040	0.91728
0.12045	-0.00000
0.12050	0.76440
0.12055	0.11466
0.12060	0.19110
0.12065	0.91728
0.12070	0.15288
0.12075	0.30576
0.12080	0.42042
0.12085	0.80262
0.12090	0.38220
0.12095	0.91728
0.12100	0.68796
0.12105	0.57330
0.12110	0.57330
0.12115	0.76440
0.12120	1.68168
0.12125	0.30576
0.12130	0.72618
0.12135	0.42042
0.12140	0.64974
0.12145	0.76440
0.12150	0.53508
0.12155	0.26754
0.12160	0.38220
0.12165	0.61152
0.12170	1.10838
0.12175	0.72618
0.12180	0.15288
0.12185	0.22932
0.12190	0.68796
0.12195	0.68796
0.12200	1.79634
0.12205	1.10838
0.12210	1.33770
0.12215	0.30576
0.12220	0.57330
0.12225	1.07016
0.12230	1.18482
0.12235	0.57330
0.12240	0.76440
0.12245	0.87906
0.12250	0.61152
0.12255	0.15288
0.12260	0.53508
0.12265	0.07644
0.12270	0.34398
0.12275	0.38220
0.12280	0.26754
0.12285	0.87906
0.12290	0.68796
0.12295	0.72618
0.12300	1.33770
0.12305	0.22932
0.12310	0.30576
0.12315	0.87906
0.12320	0.84084
0.12325	0.30576
0.12330	0.42042
0.12335	0.03822
0.12340	0.57330
0.12345	0.38220
0.12350	0.76440
0.12355	0.19110
0.12360	0.15288
0.12365	0.03822
0.12370	0.38220
0.12375	0.64974
0.12380	0.34398
0.12385	0.22932
0.12390	1.49058
0.12395	0.30576
0.12400	0.22932
0.12405	0.76440
0.12410	0.57330
0.12415	0.91728
0.12420	0.30576
0.12425	0.61152
0.12430	0.34398
0.12435	0.84084
0.12440	0.64974
0.12445	0.72618
0.12450	0.64974
0.12455	1.37592
0.12460	0.26754
0.12465	0.22932
0.12470	0.45864
0.12475	0.91728
0.12480	0.91728
0.12485	0.72618
0.12490	0.26754
0.12495	0.91728
0.12500	0.99372
0.12505	0.45864
0.12510	0.57330
0.12515	0.72618
0.12520	0.22932
0.12525	0.87906
0.12530	0.49686
0.12535	0.84084
0.12540	1.37592
0.12545	0.11466
0.12550	0.45864
0.12555	0.91728
0.12560	1.26126
0.12565	0.72618
0.12570	0.72618
0.12575	0.57330
0.12580	0.84084
0.12585	1.18482
0.12590	0.53508
0.12595	0.30576
0.12600	0.53508
0.12605	0.19110
0.12610	0.49686
0.12615	0.61152
0.12620	0.64974
0.12625	0.57330
0.12630	0.30576
0.12635	0.03822
0.12640	0.22932
0.12645	0.53508
0.12650	1.03194
0.12655	0.30576
0.12660	0.07644
0.12665	0.38220
0.12670	0.99372
0.12675	0.42042
0.12680	0.72618
0.12685	0.91728
0.12690	0.15288
0.12695	0.07644
0.12700	0.38220
0.12705	0.64974
0.12710	0.99372
0.12715	0.76440
0.12720	0.76440
0.12725	0.45864
0.12730	0.61152
0.12735	1.26126
0.12740	0.53508
0.12745	0.42042
0.12750	0.38220
0.12755	0.76440
0.12760	0.11466
0.12765	0.61152
0.12770	0.45864
0.12775	0.80262
0.12780	0.38220
0.12785	0.45864
0.12790	0.53508
0.12795	0.68796
0.12800	0.30576
0.12805	0.30576
0.12810	0.07644
0.12815	1.37592
0.12820	0.57330
0.12825	0.45864
0.12830	0.53508
0.12835	0.49686
0.12840	2.06388
0.12845	0.53508
0.12850	0.38220
0.12855	0.30576
0.12860	1.49058
0.12865	0.00000
0.12870	0.76440
0.12875	0.30576
0.12880	1.18482
0.12885	0.15288
0.12890	0.26754
0.12895	0.45864
0.12900	0.00000
0.12905	0.22932
0.12910	0.80262
0.12915	0.38220
0.12920	0.87906
0.12925	0.68796
0.12930	0.42042
0.12935	0.38220
0.12940	0.91728
0.12945	1.14660
0.12950	0.84084
0.12955	0.87906
0.12960	1.94922
0.12965	0.03822
0.12970	0.38220
0.12975	0.61152
0.12980	0.87906
0.12985	0.11466
0.12990	0.84084
0.12995	0.42042
0.13000	0.34398
0.13005	0.57330
0.13010	0.57330
0.13015	0.19110
0.13020	0.07644
0.13025	0.03822
0.13030	0.45864
0.13035	1.68168
0.13040	0.61152
0.13045	0.68796
0.13050	0.42042
0.13055	0.76440
0.13060	0.61152
0.13065	0.45864
0.13070	1.18482
0.13075	0.80262
0.13080	0.61152
0.13085	0.72618
0.13090	-0.00000
0.13095	0.53508
0.13100	0.61152
0.13105	0.34398
0.13110	0.26754
0.13115	0.76440
0.13120	0.84084
0.13125	0.19110
0.13130	0.11466
0.13135	0.34398
0.13140	1.10838
0.13145	0.84084
0.13150	0.15288
0.13155	0.34398
0.13160	0.53508
0.13165	0.64974
0.13170	0.68796
0.13175	0.80262
0.13180	1.26126
0.13185	0.53508
0.13190	0.19110
0.13195	0.53508
0.13200	0.38220
0.13205	0.84084
0.13210	1.45236
0.13215	0.11466
0.13220	0.30576
0.13225	0.45864
0.13230	0.26754
0.13235	0.30576
0.13240	0.34398
0.13245	0.42042
0.13250	0.84084
0.13255	0.49686
0.13260	0.45864
0.13265	0.49686
0.13270	0.76440
0.13275	0.57330
0.13280	1.10838
0.13285	0.11466
0.13290	0.76440
0.13295	1.26126
0.13300	0.84084
0.13305	0.64974
0.13310	0.30576
0.13315	2.21676
0.13320	0.68796
0.13325	0.76440
0.13330	0.57330
0.13335	0.19110
0.13340	1.26126
0.13345	0.76440
0.13350	0.30576
0.13355	0.22932
0.13360	0.26754
0.13365	0.49686
0.13370	0.84084
0.13375	0.45864
0.13380	0.42042
0.13385	0.19110
0.13390	0.84084
0.13395	0.57330
0.13400	0.34398
0.13405	0.49686
0.13410	0.72618
0.13415	0.03822
0.13420	0.45864
0.13425	0.91728
0.13430	0.30576
0.13435	0.91728
0.13440	0.42042
0.13445	0.53508
0.13450	0.15288
0.13455	0.61152
0.13460	1.10838
0.13465	0.68796
0.13470	0.95550
0.13475	0.76440
0.13480	0.15288
0.13485	0.68796
0.13490	0.19110
0.13495	0.53508
0.13500	0.57330
0.13505	0.34398
0.13510	0.72618
0.13515	1.03194
0.13520	0.15288
0.13525	0.53508
0.13530	0.07644
0.13535	0.61152
0.13540	0.87906
0.13545	0.22932
0.13550	0.87906
0.13555	0.68796
0.13560	0.68796
0.13565	0.38220
0.13570	0.87906
0.13575	0.61152
0.13580	2.25498
0.13585	0.22932
0.13590	0.57330
0.13595	0.53508
0.13600	0.61152
0.13605	1.22304
0.13610	0.57330
0.13615	0.42042
0.13620	0.22932
0.13625	1.22304
0.13630	0.64974
0.13635	0.61152
0.13640	0.26754
0.13645	1.87278
0.13650	0.34398
0.13655	0.87906
0.13660	0.91728
0.13665	0.72618
0.13670	1.91100
0.13675	0.61152
0.13680	1.07016
0.13685	0.19110
0.13690	0.26754
0.13695	0.53508
0.13700	0.84084
0.13705	0.64974
0.13710	0.26754
0.13715	0.30576
0.13720	0.07644
0.13725	0.87906
0.13730	0.61152
0.13735	0.38220
0.13740	0.72618
0.13745	0.38220
0.13750	1.45236
0.13755	0.34398
0.13760	0.38220
0.13765	0.22932
0.13770	0.42042
0.13775	0.34398
0.13780	0.99372
0.13785	0.80262
0.13790	0.99372
0.13795	0.76440
0.13800	0.57330
0.13805	1.29948
0.13810	0.19110
0.13815	0.91728
0.13820	0.80262
0.13825	0.95550
0.13830	0.99372
0.13835	0.34398
0.13840	0.76440
0.13845	0.49686
0.13850	0.19110
0.13855	0.95550
0.13860	0.42042
0.13865	0.99372
0.13870	0.34398
0.13875	1.03194
0.13880	0.42042
0.13885	0.76440
0.13890	0.76440
0.13895	0.45864
0.13900	1.10838
0.13905	0.80262
0.13910	1.45236
0.13915	0.57330
0.13920	0.64974
0.13925	0.49686
0.13930	0.30576
0.13935	0.99372
0.13940	0.15288
0.13945	0.84084
0.13950	0.72618
0.13955	0.53508
0.13960	1.49058
0.13965	0.64974
0.13970	0.00000
0.13975	0.72618
0.13980	0.15288
0.13985	0.42042
0.13990	0.07644
0.13995	1.94922
0.14000	0.19110
0.14005	0.61152
0.14010	0.84084
0.14015	0.64974
0.14020	1.07016
0.14025	0.76440
0.14030	0.49686
0.14035	0.64974
0.14040	0.64974
0.14045	0.45864
0.14050	0.80262
0.14055	0.76440
0.14060	0.80262
0.14065	0.68796
0.14070	0.19110
0.14075	0.49686
0.14080	1.14660
0.14085	0.64974
0.14090	0.22932
0.14095	0.03822
0.14100	1.07016
0.14105	1.94922
0.14110	0.61152
0.14115	0.22932
0.14120	1.03194
0.14125	0.03822
0.14130	0.30576
0.14135	0.22932
0.14140	1.37592
0.14145	0.57330
0.14150	0.87906
0.14155	0.99372
0.14160	0.87906
0.14165	0.80262
0.14170	0.76440
0.14175	0.19110
0.14180	1.03194
0.14185	0.30576
0.14190	0.57330
0.14195	1.29948
0.14200	0.84084
0.14205	0.42042
0.14210	0.19110
0.14215	0.80262
0.14220	1.10838
0.14225	0.22932
0.14230	0.19110
0.14235	1.18482
0.14240	0.76440
0.14245	0.19110
0.14250	0.53508
0.14255	0.76440
0.14260	0.15288
0.14265	0.49686
0.14270	0.30576
0.14275	1.68168
0.14280	1.29948
0.14285	0.42042
0.14290	0.30576
0.14295	0.03822
0.14300	0.45864
0.14305	0.80262
0.14310	1.60524
0.14315	0.91728
0.14320	0.61152
0.14325	0.30576
0.14330	1.22304
0.14335	0.38220
0.14340	0.30576
0.14345	0.19110
0.14350	0.68796
0.14355	0.42042
0.14360	0.49686
0.14365	0.11466
0.14370	1.18482
0.14375	0.15288
0.14380	0.72618
0.14385	0.95550
0.14390	0.26754
0.14395	0.72618
0.14400	0.30576
0.14405	0.42042
0.14410	0.19110
0.14415	0.19110
0.14420	0.19110
0.14425	0.91728
0.14430	0.95550
0.14435	0.80262
0.14440	0.11466
0.14445	0.34398
0.14450	0.72618
0.14455	0.99372
0.14460	0.49686
0.14465	0.76440
0.14470	0.34398
0.14475	0.38220
0.14480	0.61152
0.14485	1.37592
0.14490	1.03194
0.14495	1.10838
0.14500	0.87906
0.14505	0.38220
0.14510	0.57330
0.14515	0.45864
0.14520	0.64974
0.14525	0.45864
0.14530	0.72618
0.14535	0.57330
0.14540	0.26754
0.14545	1.03194
0.14550	0.87906
0.14555	0.38220
0.14560	0.07644
0.14565	0.57330
0.14570	0.22932
0.14575	0.38220
0.14580	0.11466
0.14585	0.34398
0.14590	1.33770
0.14595	1.18482
0.14600	0.53508
0.14605	0.64974
0.14610	0.95550
0.14615	1.14660
0.14620	0.57330
0.14625	0.84084
0.14630	0.61152
0.14635	0.19110
0.14640	0.26754
0.14645	1.37592
0.14650	0.84084
0.14655	1.45236
0.14660	0.30576
0.14665	0.84084
0.14670	0.87906
0.14675	0.91728
0.14680	0.87906
0.14685	0.26754
0.14690	0.49686
0.14695	1.03194
0.14700	0.49686
0.14705	0.38220
0.14710	0.07644
0.14715	0.38220
0.14720	0.99372
0.14725	0.49686
0.14730	0.57330
0.14735	0.84084
0.14740	0.72618
0.14745	0.19110
0.14750	0.26754
0.14755	0.95550
0.14760	1.03194
0.14765	0.38220
0.14770	0.45864
0.14775	0.49686
0.14780	0.42042
0.14785	0.57330
0.14790	0.87906
0.14795	0.34398
0.14800	0.53508
0.14805	0.53508
0.14810	0.19110
0.14815	0.22932
0.14820	1.14660
0.14825	0.87906
0.14830	1.07016
0.14835	0.49686
0.14840	0.87906
0.14845	0.22932
0.14850	0.34398
0.14855	0.42042
0.14860	0.49686
0.14865	0.26754
0.14870	0.34398
0.14875	0.57330
0.14880	0.26754
0.14885	0.95550
0.14890	0.11466
0.14895	0.26754
0.14900	0.45864
0.14905	0.30576
0.14910	0.19110
0.14915	0.84084
0.14920	0.26754
0.14925	0.19110
0.14930	0.26754
0.14935	0.30576
0.14940	0.61152
0.14945	0.11466
0.14950	0.42042
0.14955	1.18482
0.14960	1.07016
0.14965	0.95550
0.14970	0.84084
0.14975	0.11466
0.14980	0.19110
0.14985	0.42042
0.14990	0.76440
0.14995	0.72618
0.15000	0.49686
0.15005	0.30576
0.15010	0.11466
0.15015	0.49686
0.15020	0.19110
0.15025	0.53508
0.15030	0.19110
0.15035	0.95550
0.15040	0.87906
0.15045	0.61152
0.15050	0.61152
0.15055	0.57330
0.15060	1.45236
0.15065	0.84084
0.15070	0.07644
0.15075	0.53508
0.15080	0.53508
0.15085	0.42042
0.15090	0.15288
0.15095	0.57330
0.15100	0.22932
0.15105	0.22932
0.15110	1.26126
0.15115	0.61152
0.15120	1.75812
0.15125	0.68796
0.15130	0.19110
0.15135	0.22932
0.15140	0.57330
0.15145	0.26754
0.15150	0.42042
0.15155	0.07644
0.15160	0.45864
0.15165	0.61152
0.15170	0.49686
0.15175	0.11466
0.15180	0.84084
0.15185	0.80262
0.15190	0.42042
0.15195	0.80262
0.15200	1.10838
0.15205	1.45236
0.15210	0.91728
0.15215	0.49686
0.15220	0.61152
0.15225	0.38220
0.15230	0.84084
0.15235	1.60524
0.15240	0.49686
0.15245	0.19110
0.15250	0.76440
0.15255	0.80262
0.15260	0.15288
0.15265	0.57330
0.15270	0.26754
0.15275	0.11466
0.15280	0.68796
0.15285	1.22304
0.15290	0.07644
0.15295	0.11466
0.15300	0.53508
0.15305	0.07644
0.15310	0.95550
0.15315	0.95550
0.15320	-0.00000
0.15325	0.95550
0.15330	0.84084
0.15335	0.84084
0.15340	0.61152
0.15345	1.10838
0.15350	0.64974
0.15355	0.45864
0.15360	1.03194
0.15365	0.57330
0.15370	0.64974
0.15375	1.14660
0.15380	0.80262
0.15385	0.64974
0.15390	0.72618
0.15395	0.22932
0.15400	0.03822
0.15405	0.11466
0.15410	0.34398
0.15415	0.61152
0.15420	0.38220
0.15425	0.07644
0.15430	0.64974
0.15435	0.64974
0.15440	1.10838
0.15445	1.22304
0.15450	1.03194
0.15455	0.38220
0.15460	0.49686
0.15465	0.72618
0.15470	0.22932
0.15475	0.87906
0.15480	0.80262
0.15485	0.00000
0.15490	0.11466
0.15495	0.53508
0.15500	0.57330
0.15505	0.26754
0.15510	0.49686
0.15515	0.45864
0.15520	0.42042
0.15525	0.72618
0.15530	0.53508
0.15535	0.80262
0.15540	0.26754
0.15545	0.53508
0.15550	0.68796
0.15555	0.19110
0.15560	0.57330
0.15565	0.07644
0.15570	0.53508
0.15575	0.57330
0.15580	0.91728
0.15585	1.18482
0.15590	0.45864
0.15595	0.34398
0.15600	0.42042
0.15605	0.26754
0.15610	0.11466
0.15615	0.84084
0.15620	0.87906
0.15625	0.45864
0.15630	0.87906
0.15635	0.45864
0.15640	0.72618
0.15645	0.76440
0.15650	0.61152
0.15655	0.22932
0.15660	0.15288
0.15665	1.22304
0.15670	1.29948
0.15675	0.76440
0.15680	0.87906
0.15685	0.38220
0.15690	1.79634
0.15695	1.03194
0.15700	0.34398
0.15705	0.42042
0.15710	0.72618
0.15715	1.03194
0.15720	0.72618
0.15725	0.53508
0.15730	0.64974
0.15735	0.53508
0.15740	0.49686
0.15745	0.11466
0.15750	0.84084
0.15755	1.45236
0.15760	0.45864
0.15765	0.03822
0.15770	0.76440
0.15775	0.68796
0.15780	0.22932
0.15785	0.53508
0.15790	0.80262
0.15795	0.22932
0.15800	0.64974
0.15805	0.53508
0.15810	0.68796
0.15815	0.11466
0.15820	0.42042
0.15825	0.99372
0.15830	0.34398
0.15835	0.34398
0.15840	1.29948
0.15845	0.49686
0.15850	0.80262
0.15855	0.00000
0.15860	0.19110
0.15865	0.26754
0.15870	0.95550
0.15875	0.19110
0.15880	0.42042
0.15885	0.45864
0.15890	0.22932
0.15895	0.87906
0.15900	0.49686
0.15905	0.80262
0.15910	0.76440
0.15915	0.87906
0.15920	0.64974
0.15925	0.80262
0.15930	0.57330
0.15935	0.45864
0.15940	0.61152
0.15945	0.30576
0.15950	0.76440
0.15955	0.53508
0.15960	0.30576
0.15965	0.99372
0.15970	0.68796
0.15975	0.72618
0.15980	1.45236
0.15985	0.34398
0.15990	0.38220
0.15995	0.38220
0.16000	0.72618
0.16005	0.42042
0.16010	0.84084
0.16015	1.29948
0.16020	0.15288
0.16025	0.57330
0.16030	0.38220
0.16035	0.87906
0.16040	1.03194
0.16045	0.61152
0.16050	0.64974
0.16055	0.22932
0.16060	0.87906
0.16065	0.84084
0.16070	1.10838
0.16075	0.61152
0.16080	0.42042
0.16085	1.49058
0.16090	0.64974
0.16095	0.57330
0.16100	0.49686
0.16105	0.42042
0.16110	0.61152
0.16115	1.22304
0.16120	0.80262
0.16125	0.91728
0.16130	0.95550
0.16135	1.87278
0.16140	1.18482
0.16145	0.38220
0.16150	0.68796
0.16155	0.68796
0.16160	0.42042
0.16165	0.84084
0.16170	0.76440
0.16175	0.87906
0.16180	0.34398
0.16185	0.53508
0.16190	0.38220
0.16195	0.84084
0.16200	0.91728
0.16205	0.11466
0.16210	0.91728
0.16215	0.42042
0.16220	0.68796
0.16225	0.38220
0.16230	0.45864
0.16235	1.41414
0.16240	0.84084
0.16245	0.11466
0.16250	0.34398
0.16255	0.34398
0.16260	0.64974
0.16265	0.45864
0.16270	0.22932
0.16275	0.61152
0.16280	0.53508
0.16285	0.64974
0.16290	0.84084
0.16295	0.22932
0.16300	1.87278
0.16305	0.91728
0.16310	0.61152
0.16315	1.14660
0.16320	0.38220
0.16325	0.57330
0.16330	0.45864
0.16335	1.22304
0.16340	0.61152
0.16345	0.19110
0.16350	0.34398
0.16355	0.57330
0.16360	0.42042
0.16365	0.64974
0.16370	0.84084
0.16375	0.53508
0.16380	0.84084
0.16385	1.03194
0.16390	1.03194
0.16395	0.07644
0.16400	0.03822
0.16405	0.26754
0.16410	0.76440
0.16415	0.19110
0.16420	1.07016
0.16425	0.80262
0.16430	0.49686
0.16435	0.53508
0.16440	0.95550
0.16445	0.76440
0.16450	0.45864
0.16455	0.49686
0.16460	0.30576
0.16465	0.45864
0.16470	0.11466
0.16475	0.49686
0.16480	0.49686
0.16485	0.42042
0.16490	0.34398
0.16495	0.19110
0.16500	1.64346
0.16505	0.49686
0.16510	0.57330
0.16515	0.38220
0.16520	0.49686
0.16525	0.61152
0.16530	0.49686
0.16535	0.76440
0.16540	0.07644
0.16545	0.42042
0.16550	0.42042
0.16555	0.84084
0.16560	0.42042
0.16565	0.30576
0.16570	0.15288
0.16575	0.26754
0.16580	0.57330
0.16585	1.75812
0.16590	0.49686
0.16595	0.76440
0.16600	0.53508
0.16605	0.07644
0.16610	0.87906
0.16615	0.95550
0.16620	0.91728
0.16625	0.34398
0.16630	1.14660
0.16635	0.00000
0.16640	0.84084
0.16645	0.84084
0.16650	0.61152
0.16655	1.29948
0.16660	1.68168
0.16665	0.76440
0.16670	0.22932
0.16675	0.49686
0.16680	0.64974
0.16685	0.91728
0.16690	0.61152
0.16695	1.41414
0.16700	1.29948
0.16705	1.29948
0.16710	0.42042
0.16715	0.53508
0.16720	0.61152
0.16725	0.49686
0.16730	0.26754
0.16735	0.15288
0.16740	0.15288
0.16745	0.34398
0.16750	0.38220
0.16755	0.80262
0.16760	0.34398
0.16765	0.42042
0.16770	0.57330
0.16775	0.42042
0.16780	1.14660
0.16785	0.57330
0.16790	0.11466
0.16795	1.45236
0.16800	0.38220
0.16805	0.91728
0.16810	0.30576
0.16815	0.45864
0.16820	0.68796
0.16825	0.45864
0.16830	0.07644
0.16835	0.84084
0.16840	0.30576
0.16845	0.72618
0.16850	0.00000
0.16855	0.26754
0.16860	0.68796
0.16865	0.80262
0.16870	0.22932
0.16875	0.57330
0.16880	1.18482
0.16885	0.42042
0.16890	0.42042
0.16895	0.99372
0.16900	0.26754
0.16905	0.11466
0.16910	0.99372
0.16915	0.26754
0.16920	0.68796
0.16925	0.57330
0.16930	1.18482
0.16935	0.84084
0.16940	0.19110
0.16945	0.87906
0.16950	0.45864
0.16955	1.71990
0.16960	0.30576
0.16965	0.22932
0.16970	0.11466
0.16975	0.19110
0.16980	0.57330
0.16985	1.18482
0.16990	0.42042
0.16995	1.79634
0.17000	1.49058
0.17005	1.29948
0.17010	0.49686
0.17015	0.38220
0.17020	0.34398
0.17025	0.72618
0.17030	0.26754
0.17035	0.61152
0.17040	0.22932
0.17045	0.15288
0.17050	0.45864
0.17055	0.38220
0.17060	0.68796
0.17065	0.34398
0.17070	0.99372
0.17075	0.57330
0.17080	0.53508
0.17085	0.61152
0.17090	0.26754
0.17095	1.68168
0.17100	0.53508
0.17105	0.45864
0.17110	1.03194
0.17115	0.22932
0.17120	0.68796
0.17125	0.57330
0.17130	0.19110
0.17135	0.72618
0.17140	0.19110
0.17145	0.57330
0.17150	0.19110
0.17155	0.87906
0.17160	0.53508
0.17165	0.87906
0.17170	1.18482
0.17175	0.99372
0.17180	0.15288
0.17185	0.76440
0.17190	0.49686
0.17195	0.34398
0.17200	0.22932
0.17205	0.22932
0.17210	1.41414
0.17215	0.34398
0.17220	0.22932
0.17225	0.61152
0.17230	0.87906
0.17235	0.61152
0.17240	0.11466
0.17245	0.68796
0.17250	0.91728
0.17255	1.10838
0.17260	0.49686
0.17265	0.11466
0.17270	0.22932
0.17275	0.80262
0.17280	0.42042
0.17285	0.68796
0.17290	0.84084
0.17295	0.84084
0.17300	0.72618
0.17305	0.26754
0.17310	0.72618
0.17315	0.26754
0.17320	0.87906
0.17325	0.42042
0.17330	0.22932
0.17335	0.07644
0.17340	0.38220
0.17345	0.22932
0.17350	0.53508
0.17355	0.57330
0.17360	0.07644
0.17365	1.10838
0.17370	1.10838
0.17375	0.95550
0.17380	0.61152
0.17385	0.95550
0.17390	0.49686
0.17395	0.19110
0.17400	0.61152
0.17405	0.57330
0.17410	0.57330
0.17415	1.18482
0.17420	0.57330
0.17425	0.30576
0.17430	0.49686
0.17435	1.07016
0.17440	0.57330
0.17445	0.34398
0.17450	0.87906
0.17455	0.64974
0.17460	0.72618
0.17465	1.26126
0.17470	0.38220
0.17475	0.87906
0.17480	0.64974
0.17485	0.61152
0.17490	0.84084
0.17495	0.26754
0.17500	0.22932
0.17505	0.26754
0.17510	1.37592
0.17515	0.34398
0.17520	0.80262
0.17525	0.22932
0.17530	0.22932
0.17535	0.07644
0.17540	0.84084
0.17545	0.22932
0.17550	0.22932
0.17555	0.72618
0.17560	0.64974
0.17565	0.68796
0.17570	0.30576
0.17575	0.26754
0.17580	0.53508
0.17585	0.91728
0.17590	0.49686
0.17595	0.80262
0.17600	0.80262
0.17605	1.60524
0.17610	0.64974
0.17615	0.49686
0.17620	0.49686
0.17625	0.80262
0.17630	1.03194
0.17635	1.26126
0.17640	0.80262
0.17645	0.57330
0.17650	0.22932
0.17655	0.76440
0.17660	0.45864
0.17665	0.76440
0.17670	0.11466
0.17675	0.84084
0.17680	1.07016
0.17685	1.49058
0.17690	0.42042
0.17695	0.30576
0.17700	0.61152
0.17705	0.45864
0.17710	0.15288
0.17715	2.44608
0.17720	0.91728
0.17725	0.07644
0.17730	0.38220
0.17735	0.11466
0.17740	0.72618
0.17745	1.07016
0.17750	0.64974
0.17755	0.45864
0.17760	1.07016
0.17765	0.38220
0.17770	0.22932
0.17775	0.15288
0.17780	0.61152
0.17785	1.41414
0.17790	0.53508
0.17795	0.26754
0.17800	0.49686
0.17805	0.64974
0.17810	0.72618
0.17815	1.18482
0.17820	0.34398
0.17825	0.57330
0.17830	0.76440
0.17835	0.19110
0.17840	0.26754
0.17845	0.03822
0.17850	0.15288
0.17855	0.76440
0.17860	0.84084
0.17865	0.64974
0.17870	1.26126
0.17875	0.30576
0.17880	0.07644
0.17885	0.03822
0.17890	0.76440
0.17895	0.34398
0.17900	0.61152
0.17905	0.84084
0.17910	0.57330
0.17915	0.22932
0.17920	0.42042
0.17925	0.42042
0.17930	0.42042
0.17935	0.49686
0.17940	0.42042
0.17945	0.30576
0.17950	0.53508
0.17955	0.57330
0.17960	0.68796
0.17965	0.53508
0.17970	0.72618
0.17975	0.45864
0.17980	0.61152
0.17985	1.10838
0.17990	0.38220
0.17995	0.45864
0.18000	0.99372
0.18005	0.84084
0.18010	0.68796
0.18015	0.49686
0.18020	0.91728
0.18025	0.53508
0.18030	1.79634
0.18035	0.57330
0.18040	0.57330
0.18045	0.42042
0.18050	1.71990
0.18055	0.49686
0.18060	0.34398
0.18065	0.22932
0.18070	1.52880
0.18075	0.38220
0.18080	0.84084
0.18085	0.68796
0.18090	0.72618
0.18095	0.80262
0.18100	0.11466
0.18105	0.76440
0.18110	1.45236
0.18115	0.95550
0.18120	1.22304
0.18125	0.76440
0.18130	2.44608
0.18135	1.94922
0.18140	3.36336
0.18145	3.97488
0.18150	4.62462
0.18155	6.99426
0.18160	8.48484
0.18165	12.03930
0.18170	13.52988
0.18175	17.27544
0.18180	19.26288
0.18185	19.72152
0.18190	24.95766
0.18195	29.73516
0.18200	31.53150
0.18205	37.79958
0.18210	37.87602
0.18215	40.66608
0.18220	41.08650
0.18225	42.11844
0.18230	48.65406
0.18235	38.86974
0.18240	35.50638
0.18245	30.46134
0.18250	27.93882
0.18255	28.77966
0.18260	26.25714
0.18265	19.91262
0.18270	22.20582
0.18275	12.19218
0.18280	12.61260
0.18285	13.18590
0.18290	9.93720
0.18295	12.61260
0.18300	11.16024
0.18305	7.41468
0.18310	6.61206
0.18315	6.76494
0.18320	7.10892
0.18325	6.38274
0.18330	5.77122
0.18335	5.42724
0.18340	5.31258
0.18345	7.07070
0.18350	6.30630
0.18355	4.85394
0.18360	3.47802
0.18365	4.05132
0.18370	4.12776
0.18375	3.97488
0.18380	3.55446
0.18385	4.93038
0.18390	5.65656
0.18395	3.01938
0.18400	3.70734
0.18405	6.84138
0.18410	3.32514
0.18415	4.01310
0.18420	4.66284
0.18425	3.78378
0.18430	4.05132
0.18435	2.79006
0.18440	4.05132
0.18445	2.56074
0.18450	3.89844
0.18455	2.86650
0.18460	3.74556
0.18465	2.82828
0.18470	3.89844
0.18475	1.79634
0.18480	2.40786
0.18485	2.33142
0.18490	2.40786
0.18495	4.12776
0.18500	1.87278
0.18505	3.97488
0.18510	2.21676
0.18515	4.54818
0.18520	2.36964
0.18525	2.98116
0.18530	3.78378
0.18535	2.90472
0.18540	3.24870
0.18545	2.33142
0.18550	1.26126
0.18555	3.32514
0.18560	3.13404
0.18565	2.48430
0.18570	3.24870
0.18575	3.32514
0.18580	1.83456
0.18585	2.94294
0.18590	3.05760
0.18595	1.87278
0.18600	2.79006
0.18605	1.64346
0.18610	2.52252
0.18615	2.36964
0.18620	1.94922
0.18625	1.71990
0.18630	4.24242
0.18635	3.51624
0.18640	1.14660
0.18645	2.94294
0.18650	2.86650
0.18655	4.16598
0.18660	3.24870
0.18665	3.24870
0.18670	2.25498
0.18675	1.98744
0.18680	2.14032
0.18685	2.75184
0.18690	0.84084
0.18695	1.45236
0.18700	1.60524
0.18705	1.18482
0.18710	2.40786
0.18715	1.64346
0.18720	1.60524
0.18725	2.52252
0.18730	1.45236
0.18735	2.71362
0.18740	1.75812
0.18745	2.44608
0.18750	3.47802
0.18755	2.29320
0.18760	2.90472
0.18765	1.07016
0.18770	1.83456
0.18775	1.45236
0.18780	2.52252
0.18785	0.87906
0.18790	1.22304
0.18795	1.03194
0.18800	2.52252
0.18805	1.83456
0.18810	1.18482
0.18815	1.45236
0.18820	1.75812
0.18825	2.10210
0.18830	0.95550
0.18835	1.68168
0.18840	2.36964
0.18845	2.06388
0.18850	0.64974
0.18855	3.28692
0.18860	1.64346
0.18865	1.45236
0.18870	1.71990
0.18875	1.68168
0.18880	2.21676
0.18885	1.87278
0.18890	1.56702
0.18895	1.83456
0.18900	1.64346
0.18905	2.52252
0.18910	1.64346
0.18915	2.21676
0.18920	2.33142
0.18925	2.14032
0.18930	2.21676
0.18935	2.02566
0.18940	1.33770
0.18945	2.21676
0.18950	1.64346
0.18955	2.36964
0.18960	1.37592
0.18965	1.29948
0.18970	1.33770
0.18975	0.95550
0.18980	1.87278
0.18985	2.56074
0.18990	0.64974
0.18995	2.52252
0.19000	1.14660
0.19005	0.68796
0.19010	1.64346
0.19015	0.95550
0.19020	1.49058
0.19025	1.14660
0.19030	2.82828
0.19035	1.64346
0.19040	0.91728
0.19045	2.33142
0.19050	2.36964
0.19055	1.03194
0.19060	1.33770
0.19065	1.79634
0.19070	1.91100
0.19075	1.98744
0.19080	1.07016
0.19085	1.64346
0.19090	2.10210
0.19095	2.63718
0.19100	2.33142
0.19105	0.95550
0.19110	2.52252
0.19115	2.75184
0.19120	3.40158
0.19125	1.07016
0.19130	1.79634
0.19135	0.95550
0.19140	2.10210
0.19145	2.02566
0.19150	2.90472
0.19155	1.41414
0.19160	2.21676
0.19165	2.10210
0.19170	2.21676
0.19175	1.26126
0.19180	2.14032
0.19185	0.95550
0.19190	3.05760
0.19195	1.45236
0.19200	1.98744
0.19205	1.75812
0.19210	1.03194
0.19215	1.52880
0.19220	1.33770
0.19225	1.33770
0.19230	1.64346
0.19235	1.83456
0.19240	1.87278
0.19245	1.71990
0.19250	2.21676
0.19255	3.05760
0.19260	2.44608
0.19265	1.29948
0.19270	2.71362
0.19275	2.33142
0.19280	2.10210
0.19285	1.41414
0.19290	0.95550
0.19295	1.14660
0.19300	2.52252
0.19305	1.33770
0.19310	1.18482
0.19315	3.21048
0.19320	1.10838
0.19325	2.25498
0.19330	1.49058
0.19335	2.14032
0.19340	1.94922
0.19345	1.14660
0.19350	0.87906
0.19355	1.10838
0.19360	1.49058
0.19365	0.91728
0.19370	1.49058
0.19375	1.45236
0.19380	2.52252
0.19385	0.87906
0.19390	1.29948
0.19395	2.40786
0.19400	2.56074
0.19405	2.10210
0.19410	1.64346
0.19415	1.71990
0.19420	1.83456
0.19425	1.07016
0.19430	2.56074
0.19435	0.76440
0.19440	2.25498
0.19445	1.03194
0.19450	0.72618
0.19455	1.22304
0.19460	0.95550
0.19465	0.80262
0.19470	1.14660
0.19475	2.25498
0.19480	1.26126
0.19485	2.02566
0.19490	1.22304
0.19495	1.22304
0.19500	1.79634
0.19505	1.10838
0.19510	1.60524
0.19515	1.98744
0.19520	2.52252
0.19525	0.61152
0.19530	1.83456
0.19535	1.94922
0.19540	2.48430
0.19545	1.45236
0.19550	1.03194
0.19555	1.60524
0.19560	1.68168
0.19565	1.68168
0.19570	1.41414
0.19575	0.80262
0.19580	2.21676
0.19585	1.91100
0.19590	2.40786
0.19595	0.84084
0.19600	1.37592
0.19605	1.79634
0.19610	1.03194
0.19615	0.95550
0.19620	1.49058
0.19625	1.87278
0.19630	0.95550
0.19635	2.56074
0.19640	2.33142
0.19645	1.71990
0.19650	2.52252
0.19655	0.76440
0.19660	0.80262
0.19665	1.60524
0.19670	2.06388
0.19675	2.67540
0.19680	1.37592
0.19685	1.94922
0.19690	3.17226
0.19695	1.94922
0.19700	2.82828
0.19705	1.33770
0.19710	1.79634
0.19715	1.49058
0.19720	1.07016
0.19725	0.80262
0.19730	0.95550
0.19735	0.72618
0.19740	2.52252
0.19745	3.13404
0.19750	1.10838
0.19755	1.26126
0.19760	0.30576
0.19765	2.48430
0.19770	1.60524
0.19775	1.45236
0.19780	1.22304
0.19785	1.18482
0.19790	1.56702
0.19795	1.41414
0.19800	0.61152
0.19805	1.10838
0.19810	2.02566
0.19815	1.33770
0.19820	1.18482
0.19825	2.17854
0.19830	1.60524
0.19835	1.71990
0.19840	1.26126
0.19845	2.48430
0.19850	2.52252
0.19855	0.84084
0.19860	2.14032
0.19865	2.40786
0.19870	1.83456
0.19875	0.64974
0.19880	1.64346
0.19885	2.17854
0.19890	0.64974
0.19895	0.53508
0.19900	1.75812
0.19905	2.06388
0.19910	1.18482
0.19915	1.26126
0.19920	0.99372
0.19925	2.17854
0.19930	1.14660
0.19935	1.26126
0.19940	1.49058
0.19945	0.99372
0.19950	1.41414
0.19955	0.72618
0.19960	1.41414
0.19965	1.75812
0.19970	0.57330
0.19975	0.80262
0.19980	1.56702
0.19985	0.95550
0.19990	1.87278
0.19995	0.91728
0.20000	2.17854
0.20005	1.10838
0.20010	1.83456
0.20015	0.91728
0.20020	1.91100
0.20025	1.64346
0.20030	0.91728
0.20035	2.44608
0.20040	1.22304
0.20045	1.29948
0.20050	2.82828
0.20055	0.91728
0.20060	0.95550
0.20065	0.91728
0.20070	0.95550
0.20075	1.10838
0.20080	0.80262
0.20085	1.22304
0.20090	0.68796
0.20095	2.33142
0.20100	1.33770
0.20105	0.61152
0.20110	1.03194
0.20115	0.80262
0.20120	1.94922
0.20125	2.06388
0.20130	1.33770
0.20135	0.87906
0.20140	2.02566
0.20145	0.49686
0.20150	0.53508
0.20155	1.07016
0.20160	1.45236
0.20165	1.33770
0.20170	1.49058
0.20175	1.79634
0.20180	1.07016
0.20185	1.03194
0.20190	0.68796
0.20195	1.94922
0.20200	2.17854
0.20205	1.71990
0.20210	0.68796
0.20215	0.99372
0.20220	1.33770
0.20225	0.76440
0.20230	0.87906
0.20235	2.40786
0.20240	1.22304
0.20245	0.64974
0.20250	1.37592
0.20255	1.49058
0.20260	0.91728
0.20265	0.68796
0.20270	1.45236
0.20275	1.71990
0.20280	2.14032
0.20285	0.34398
0.20290	1.41414
0.20295	1.22304
0.20300	0.45864
0.20305	0.57330
0.20310	1.41414
0.20315	0.68796
0.20320	1.94922
0.20325	1.98744
0.20330	0.91728
0.20335	1.71990
0.20340	0.80262
0.20345	0.76440
0.20350	1.41414
0.20355	1.03194
0.20360	0.99372
0.20365	1.68168
0.20370	1.37592
0.20375	1.33770
0.20380	1.26126
0.20385	0.57330
0.20390	1.37592
0.20395	0.49686
0.20400	0.87906
0.20405	1.26126
0.20410	1.03194
0.20415	1.41414
0.20420	1.52880
0.20425	0.84084
0.20430	2.25498
0.20435	0.53508
0.20440	1.52880
0.20445	1.29948
0.20450	0.84084
0.20455	4.24242
0.20460	2.10210
0.20465	1.41414
0.20470	0.99372
0.20475	1.37592
0.20480	1.83456
0.20485	1.71990
0.20490	0.99372
0.20495	1.14660
0.20500	1.03194
0.20505	0.95550
0.20510	0.72618
0.20515	0.80262
0.20520	2.79006
0.20525	2.36964
0.20530	1.03194
0.20535	0.61152
0.20540	1.83456
0.20545	0.57330
0.20550	1.68168
0.20555	1.41414
0.20560	2.67540
0.20565	1.60524
0.20570	1.87278
0.20575	2.25498
0.20580	1.91100
0.20585	1.98744
0.20590	1.29948
0.20595	1.83456
0.20600	1.45236
0.20605	1.37592
0.20610	1.07016
0.20615	1.22304
0.20620	0.87906
0.20625	2.25498
0.20630	1.10838
0.20635	1.03194
0.20640	2.52252
0.20645	0.53508
0.20650	0.76440
0.20655	3.47802
0.20660	2.21676
0.20665	1.41414
0.20670	1.71990
0.20675	2.14032
0.20680	2.63718
0.20685	1.60524
0.20690	2.14032
0.20695	1.64346
0.20700	1.29948
0.20705	1.91100
0.20710	1.75812
0.20715	2.29320
0.20720	2.71362
0.20725	0.68796
0.20730	1.10838
0.20735	1.10838
0.20740	1.33770
0.20745	0.87906
0.20750	1.22304
0.20755	1.83456
0.20760	0.84084
0.20765	1.07016
0.20770	0.87906
0.20775	0.76440
0.20780	2.90472
0.20785	1.52880
0.20790	0.99372
0.20795	1.79634
0.20800	0.53508
0.20805	0.53508
0.20810	0.68796
0.20815	0.95550
0.20820	0.76440
0.20825	2.14032
0.20830	0.57330
0.20835	1.07016
0.20840	1.56702
0.20845	1.22304
0.20850	0.61152
0.20855	2.17854
0.20860	1.03194
0.20865	1.22304
0.20870	1.41414
0.20875	0.64974
0.20880	0.26754
0.20885	0.68796
0.20890	1.33770
0.20895	1.29948
0.20900	1.03194
0.20905	1.22304
0.20910	1.64346
0.20915	2.71362
0.20920	0.99372
0.20925	1.98744
0.20930	0.87906
0.20935	1.64346
0.20940	1.07016
0.20945	0.84084
0.20950	1.26126
0.20955	1.29948
0.20960	1.03194
0.20965	0.76440
0.20970	0.80262
0.20975	1.45236
0.20980	1.41414
0.20985	0.95550
0.20990	0.57330
