0.052247 -0.0250000004 0.0349744528 -0.00133703099 asynchronous_release_0
0.07343 -0.0250000004 -0.0104938584 0.0333898029 asynchronous_release_0
0.073639 -0.0250000004 0.0342490591 -0.0072112377 asynchronous_release_0
0.072328 -0.0250000004 -0.0319332589 -0.0143271412 asynchronous_release_4
0.067717 -0.0250000004 0.0349431524 -0.00199401609 asynchronous_release_4
0.068492 -0.0250000004 -0.0266273733 0.022715259 asynchronous_release_0
0.070949 -0.0250000004 -0.0177126047 -0.0301871435 asynchronous_release_0
0.014455 -0.0250000004 0.025470085 -0.0240057237 asynchronous_release_0
0.085275 -0.0250000004 0.000312276691 0.000949991194 asynchronous_release_0
0.088961 -0.0250000004 -0.0340445177 -0.00812224201 asynchronous_release_0
0.038198 -0.0250000004 0.00711246311 -0.0342697077 asynchronous_release_0
0.081143 -0.0250000004 0.0271008757 0.0221481948 asynchronous_release_0
0.084683 -0.0250000004 0.00163707742 -0.034961693 asynchronous_release_0
0.083377 -0.0250000004 -0.000791868848 -0.000610691188 asynchronous_release_0
0.079731 -0.0250000004 -0.0224523874 -0.0268494004 asynchronous_release_0
0.067412 -0.0250000004 0.00667455559 -0.0343576819 asynchronous_release_4
0.028964 -0.0250000004 -0.0170627566 -0.0305591613 asynchronous_release_0
0.08416 -0.0250000004 0.0326474888 -0.0126151288 asynchronous_release_0
0.080174 -0.0250000004 0.0121712822 -0.0328155434 asynchronous_release_0
0.087986 -0.0250000004 0.00209758864 -0.0349370881 asynchronous_release_1
0.07466 -0.0250000004 0.0313099311 -0.0156425131 asynchronous_release_0
0.082608 -0.0250000004 -0.0242893693 -0.0251997329 asynchronous_release_0
0.085589 -0.0250000004 0.00661830362 0.034368562 asynchronous_release_0
0.042771 -0.0250000004 -0.0169928227 0.0305981041 asynchronous_release_0
0.066569 -0.0250000004 0.013336762 0.0323594002 asynchronous_release_0
0.019463 -0.0250000004 0.0121512846 -0.0328229536 asynchronous_release_0
0.088707 -0.0250000004 -0.0349010873 -0.00262946821 asynchronous_release_0
0.079742 -0.0250000004 0.0210353829 0.0279734278 asynchronous_release_3
0.016135 -0.0250000004 0.00132410867 -0.0349749444 asynchronous_release_0
0.005579 -0.0250000004 -0.00423676983 0.034742622 asynchronous_release_1
0.086994 -0.0250000004 -0.000662763283 -0.000748828973 asynchronous_release_0
0.054802 -0.0250000004 0.026455361 -0.0229153632 asynchronous_release_0
0.084574 -0.0250000004 -0.0336033078 0.00978865183 asynchronous_release_0
0.084721 -0.0250000004 -0.0180150998 0.030007602 asynchronous_release_0
0.072533 -0.0250000004 -0.00090420162 -0.000427105878 asynchronous_release_4
0.034801 -0.0250000004 0.0145292612 0.0318418054 asynchronous_release_0
0.089251 -0.0250000004 -0.027737977 0.0213448971 asynchronous_release_0
0.085807 -0.0250000004 0.0347369114 0.00428333816 asynchronous_release_0
0.075106 -0.0250000004 0.00581214271 0.0345140406 asynchronous_release_0
0.07655 -0.0250000004 -0.0308104461 0.0166047105 asynchronous_release_0
0.068308 -0.0250000004 -0.0325439579 0.0128798605 asynchronous_release_0
0.062899 -0.0250000004 0.0343813093 -0.00655176102 asynchronous_release_4
0.064602 -0.0250000004 0.0210122583 0.027990802 asynchronous_release_3
0.087462 -0.0250000004 0.0121489409 -0.0328238212 asynchronous_release_0
0.076549 -0.0250000004 0.0348376349 0.00336737219 asynchronous_release_0
0.024126 -0.0250000004 0.0323346564 0.0133966412 asynchronous_release_0
0.083464 -0.0250000004 0.0218341211 -0.0273545454 asynchronous_release_0
0.079871 -0.0250000004 0.0260472551 -0.0233782057 asynchronous_release_0
0.02413 -0.0250000004 -0.032406395 0.0132221618 asynchronous_release_0
0.063573 -0.0250000004 0.00475246946 -0.0346758422 asynchronous_release_0
0.059639 -0.0250000004 0.0325056996 -0.0129761124 asynchronous_release_0
0.079731 -0.0250000004 -0.00821898019 0.0340212928 asynchronous_release_0
0.086078 -0.0250000004 0.0345605819 0.00552866874 asynchronous_release_0
0.054514 -0.0250000004 -0.00298381512 0.0348725802 asynchronous_release_0
0.075838 -0.0250000004 -0.0347608562 0.00408446773 asynchronous_release_0
0.049253 -0.0250000004 0.0221801847 0.0270747005 asynchronous_release_0
0.088978 -0.0250000004 0.00065839774 -0.000752670191 asynchronous_release_0
0.068831 -0.0250000004 0.000563140106 -0.000826361435 asynchronous_release_0
0.029876 -0.0250000004 -0.00624336651 -0.0344386465 asynchronous_release_0
0.07042 -0.0250000004 0.0241991849 -0.0252863491 asynchronous_release_4
0.063032 -0.0250000004 -0.0308749879 0.0164843902 asynchronous_release_0
0.070873 -0.0250000004 0.00270092749 0.03489563 asynchronous_release_3
0.06379 -0.0250000004 0.0127054136 -0.0326124587 asynchronous_release_2
0.077983 -0.0250000004 -0.0268485152 0.0224534458 asynchronous_release_0
0.051453 -0.0250000004 0.00757391393 0.0341706867 asynchronous_release_0
0.071141 -0.0250000004 -0.0258057258 0.0236445452 asynchronous_release_0
0.089005 -0.0250000004 0.00615552317 -0.0344544559 asynchronous_release_0
0.077749 -0.0250000004 0.0317109354 0.0148127167 asynchronous_release_0
0.067666 -0.0250000004 -0.0238564649 0.0256099411 asynchronous_release_0
0.048856 -0.0250000004 0.0338181746 0.009018374 asynchronous_release_0
0.013934 -0.0250000004 0.0188624808 0.0294823137 asynchronous_release_0
0.085494 -0.0250000004 0.03423044 0.00729910822 asynchronous_release_0
0.023634 -0.0250000004 0.0137578472 0.0321826295 asynchronous_release_0
0.062476 -0.0250000004 -0.0348191949 0.00355298027 asynchronous_release_0
0.067669 -0.0250000004 -0.00615394235 -0.0603086146 asynchronous_release_0
0.0625 -0.0250000004 0.000330792274 0.000943703593 asynchronous_release_0
0.056519 -0.0250000004 0.0133776462 0.0323425197 asynchronous_release_0
0.023892 -0.0250000004 -0.0201105738 -0.0286455026 asynchronous_release_0
0.050734 -0.0250000004 0.0120570523 -0.0328576854 asynchronous_release_0
0.075721 -0.0250000004 0.000854360831 0.000519680259 asynchronous_release_0
0.063714 -0.0250000004 -0.027645838 0.0214641012 asynchronous_release_0
0.054697 -0.0250000004 0.0307422464 -0.0167306391 asynchronous_release_0
0.038056 -0.0250000004 0.00575956694 -0.0345228531 asynchronous_release_0
0.06458 -0.0250000004 0.0327774513 -0.0122734953 asynchronous_release_1
0.074354 -0.0250000004 0.0296714836 -0.0185634873 asynchronous_release_1
0.044786 -0.0250000004 -0.0331897816 0.0111102834 asynchronous_release_0
0.087386 -0.0250000004 0.0074906638 -0.0341890327 asynchronous_release_0
0.084932 -0.0250000004 0.000998169649 6.04760352e-05 asynchronous_release_0
0.059952 -0.0250000004 -0.0322062409 -0.0137024833 asynchronous_release_0
0.063554 -0.0250000004 -0.0311070781 0.0160421223 asynchronous_release_0
0.088025 -0.0250000004 -0.0297213855 -0.0184834857 asynchronous_release_0
0.072188 -0.0250000004 0.0306227567 0.0169483561 asynchronous_release_0
0.081885 -0.0250000004 -0.0302051235 0.0176819261 asynchronous_release_0
0.052989 -0.0250000004 0.0240724089 -0.0254070685 asynchronous_release_0
0.08863 -0.0250000004 0.0440063334 0.0416946353 asynchronous_release_0
0.089488 -0.0250000004 0.015221281 0.0315168622 asynchronous_release_0
0.050722 -0.0250000004 0.00326756147 -0.0348471382 asynchronous_release_0
0.078467 -0.0250000004 -0.0106437117 0.0333423365 asynchronous_release_1
0.04825 -0.0250000004 0.0340525851 -0.00808835278 asynchronous_release_0
0.015815 -0.0250000004 0.0164285168 0.0309047542 asynchronous_release_0
0.080098 -0.0250000004 -0.000504772596 0.000863252354 asynchronous_release_0
0.089488 -0.0250000004 0.0272967515 -0.0219063315 asynchronous_release_0
0.044742 -0.0250000004 0.0345410573 0.00564936802 asynchronous_release_0
0.080953 -0.0250000004 0.028456863 -0.0203766275 asynchronous_release_0
0.042302 -0.0250000004 -0.00767776504 0.0341475025 asynchronous_release_0
0.080135 -0.0250000004 -0.0071242478 0.0342672598 asynchronous_release_0
0.026086 -0.0250000004 0.000230859863 -0.000972987011 asynchronous_release_0
0.019878 -0.0250000004 -0.032901369 0.011937333 asynchronous_release_0
0.065892 -0.0250000004 -0.0194113194 0.029123885 asynchronous_release_0
0.061451 -0.0250000004 -0.0157540045 -0.0312539812 asynchronous_release_0
0.056943 -0.0250000004 0.0337074418 0.00942381921 asynchronous_release_0
0.055274 -0.0250000004 0.0349090013 -0.0025222273 asynchronous_release_0
0.082035 -0.0250000004 0.026690549 0.0226409937 asynchronous_release_0
0.079732 -0.0250000004 -0.00755001281 0.0341759756 asynchronous_release_0
0.087065 -0.0250000004 0.000566145096 -0.000824305605 asynchronous_release_1
0.025499 -0.0250000004 -0.000661432982 -0.000750004273 asynchronous_release_0
0.048617 -0.0250000004 0.0278192505 0.021238863 asynchronous_release_0
0.073979 -0.0250000004 -0.0342376564 -0.00726518322 asynchronous_release_0
0.043696 -0.0250000004 0.0348893848 0.00278043643 asynchronous_release_0
0.059328 -0.0250000004 0.0299811057 -0.0180591611 asynchronous_release_0
0.028996 -0.0250000004 0.0248219432 0.0246753143 asynchronous_release_1
0.03079 -0.0250000004 0.0345730978 0.00544985376 asynchronous_release_0
0.088054 -0.0250000004 0.000757017956 -0.000653394073 asynchronous_release_0
0.071526 -0.0250000004 0.0280998385 -0.0208662186 asynchronous_release_0
0.070437 -0.0250000004 0.0257276143 0.0237295145 asynchronous_release_4
0.048038 -0.0250000004 0.0313167377 0.0156288816 asynchronous_release_0
0.08732 -0.0250000004 0.00680946077 0.0343311993 asynchronous_release_0
0.088147 -0.0250000004 0.0343399985 0.00676494645 asynchronous_release_0
0.063927 -0.0250000004 0.034969834 -0.00145282765 asynchronous_release_1
0.057886 -0.0250000004 -0.00167779325 -0.0349597627 asynchronous_release_0
0.015452 -0.0250000004 0.000104189131 -0.000994557502 asynchronous_release_0
0.083238 -0.0250000004 0.0084877348 0.0339552405 asynchronous_release_0
0.07793 -0.0250000004 0.000737878503 -0.000674933564 asynchronous_release_0
0.088514 -0.0250000004 0.0283014116 -0.0205919912 asynchronous_release_0
0.041434 -0.0250000004 0.0347302198 0.0043372613 asynchronous_release_0
0.074778 -0.0250000004 -0.00672847196 0.0343471639 asynchronous_release_1
0.024499 -0.0250000004 0.0337898312 -0.00912399631 asynchronous_release_0
0.047173 -0.0250000004 0.0289114498 0.0197263294 asynchronous_release_0
0.089512 -0.0250000004 0.0320242825 -0.0141225115 asynchronous_release_0
0.076846 -0.0250000004 0.0265553485 0.0227994182 asynchronous_release_0
0.0758 -0.0250000004 -0.00191311277 -0.0349476752 asynchronous_release_0
0.08231 -0.0250000004 0.0301617021 0.0177558927 asynchronous_release_0
0.025236 -0.0250000004 -0.0107246746 0.0333163827 asynchronous_release_0
0.029435 -0.0250000004 0.000741315199 -0.000671157042 asynchronous_release_0
0.07676 -0.0250000004 -0.0333565368 -0.010599125 asynchronous_release_0
0.076896 -0.0250000004 -0.000888714175 0.000458461683 asynchronous_release_0
0.068261 -0.0250000004 0.000594519308 0.000804081334 asynchronous_release_0
0.016558 -0.0250000004 0.000577499272 -0.0008163912 asynchronous_release_0
0.016518 -0.0250000004 -0.000631861294 0.000775081483 asynchronous_release_0
0.024765 -0.0250000004 0.0283970526 0.0204598974 asynchronous_release_0
0.032366 -0.0250000004 -0.0243631614 -0.0251283976 asynchronous_release_0
0.051317 -0.0250000004 0.018760407 0.029547371 asynchronous_release_0
0.076899 -0.0250000004 0.000991262487 0.000131904061 asynchronous_release_0
0.017568 -0.0250000004 -0.00429248612 -0.0347357822 asynchronous_release_0
0.028211 -0.0250000004 0.0279358267 -0.0210852931 asynchronous_release_0
0.052241 -0.0250000004 0.000390013973 -0.000920808938 asynchronous_release_0
0.031043 -0.0250000004 -0.0207556458 -0.0281816105 asynchronous_release_0
0.074522 -0.0250000004 0.00669490485 -0.0343537225 asynchronous_release_0
0.082097 -0.0250000004 -0.0168857373 0.0306573299 asynchronous_release_0
0.089269 -0.0250000004 -0.0269067955 -0.0223835734 asynchronous_release_0
0.039252 -0.0250000004 -0.000971395118 -0.000237468999 asynchronous_release_0
0.072239 -0.0250000004 0.0018067843 0.0349533336 asynchronous_release_0
0.061213 -0.0250000004 0.0342016931 0.00743264327 asynchronous_release_0
0.0713 -0.0250000004 0.0269335122 -0.0223514188 asynchronous_release_0
0.074461 -0.0250000004 -0.0243532465 -0.0251380068 asynchronous_release_0
0.035112 -0.0250000004 0.0307548188 0.0167075169 asynchronous_release_0
0.083153 -0.0250000004 -0.000945897863 -0.000324464532 asynchronous_release_0
0.048466 -0.0250000004 0.0276442796 0.0214661083 asynchronous_release_0
0.075952 -0.0250000004 0.0283829617 -0.0204794406 asynchronous_release_0
0.019722 -0.0250000004 0.0320246983 -0.0141215686 asynchronous_release_0
0.086062 -0.0250000004 0.00625222639 -0.0697202242 asynchronous_release_0
0.022261 -0.0250000004 -0.0134866344 0.0322972242 asynchronous_release_0
0.082188 -0.0250000004 0.0134866344 -0.0322972242 asynchronous_release_0
0.01087 -0.0250000004 -0.000658894482 0.000752235376 asynchronous_release_0
0.030048 -0.0250000004 -0.0284976534 0.0203195411 asynchronous_release_0
0.083164 -0.0250000004 0.0192918287 0.0292031735 asynchronous_release_0
0.068377 -0.0250000004 0.000785077965 -0.000619396956 asynchronous_release_1
0.089084 -0.0250000004 0.0211625436 0.0278773519 asynchronous_release_0
0.085782 -0.0250000004 -0.000861384314 -0.000507953801 asynchronous_release_0
0.043147 -0.0250000004 -0.0321351882 -0.0138682976 asynchronous_release_0
0.067271 -0.0250000004 0.000999138461 -4.15010378e-05 asynchronous_release_0
0.042532 -0.0250000004 0.0343174174 -0.00687858009 asynchronous_release_0
0.080666 -0.0250000004 0.0139402628 -0.0321040352 asynchronous_release_0
0.016567 -0.0250000004 -0.0303186024 0.0174866334 asynchronous_release_0
0.026808 -0.0250000004 -0.0322431476 -0.0136154116 asynchronous_release_0
0.060425 -0.0250000004 -0.0214046083 0.0276919256 asynchronous_release_0
0.063041 -0.0250000004 0.0327321074 -0.0123939156 asynchronous_release_0
0.026931 -0.0250000004 -0.0203141877 -0.0285014697 asynchronous_release_0
0.039251 -0.0250000004 -0.00447887996 0.0347122404 asynchronous_release_0
0.08545 -0.0250000004 -0.027822242 -0.021234944 asynchronous_release_0
0.042353 -0.0250000004 0.025768472 0.0236851399 asynchronous_release_0
0.088694 -0.0250000004 0.0150791166 0.0315851269 asynchronous_release_4
0.066944 -0.0250000004 0.0446896055 -0.040961435 asynchronous_release_0
0.053587 -0.0250000004 0.0296300696 0.0186295189 asynchronous_release_0
0.086196 -0.0250000004 -0.0217714869 0.0274044223 asynchronous_release_0
0.087921 -0.0250000004 -0.00836135339 0.0339865822 asynchronous_release_0
0.080029 -0.0250000004 0.0324937018 -0.0130061271 asynchronous_release_0
0.069316 -0.0250000004 -0.0330096796 0.0116344769 asynchronous_release_0
0.051651 -0.0250000004 0.0108405748 0.0332788512 asynchronous_release_0
0.043076 -0.0250000004 6.29128773e-05 -0.0349999435 asynchronous_release_0
0.089116 -0.0250000004 0.000945334503 0.00032610225 asynchronous_release_0
0.073575 -0.0250000004 0.0343607187 -0.00665890466 asynchronous_release_1
0.074695 -0.0250000004 0.034440706 -0.0062319958 asynchronous_release_0
0.013722 -0.0250000004 -0.000999206049 -3.98405832e-05 asynchronous_release_3
0.032675 -0.0250000004 0.000990271169 0.000139151039 asynchronous_release_0
0.087569 -0.0250000004 -0.000788545584 -0.000614976311 asynchronous_release_0
0.089566 -0.0250000004 -0.00182043971 -0.0349526251 asynchronous_release_0
0.05321 -0.0250000004 -0.000511720809 -0.000859151799 asynchronous_release_0
0.080089 -0.0250000004 -0.0293064629 -0.019134556 asynchronous_release_0
0.083726 -0.0250000004 0.0275091774 0.0216389732 asynchronous_release_0
0.079622 -0.0250000004 -0.000596569295 0.0349949154 asynchronous_release_0
0.006542 -0.0250000004 -0.0170292548 0.030577843 asynchronous_release_0
0.071305 -0.0250000004 0.0129228344 0.0325269173 asynchronous_release_1
0.087634 -0.0250000004 0.0103981211 0.0334197408 asynchronous_release_0
0.052386 -0.0250000004 -0.0344676544 0.00608118428 asynchronous_release_0
0.070151 -0.0250000004 0.0344676544 -0.00608118428 asynchronous_release_2
0.062728 -0.0250000004 0.0234932017 -0.0259435825 asynchronous_release_4
0.056625 -0.0250000004 -0.0283762308 -0.0204887659 asynchronous_release_0
0.029666 -0.0250000004 0.0339585977 -0.00847429293 asynchronous_release_0
0.00609 -0.0250000004 0.00579923908 -0.0345162111 asynchronous_release_0
0.042952 -0.0250000004 0.0269922961 0.0222803939 asynchronous_release_0
0.01747 -0.0250000004 0.0285809647 -0.0202021894 asynchronous_release_0
0.059611 -0.0250000004 0.000995798177 -9.15750552e-05 asynchronous_release_0
0.066924 -0.0250000004 -0.0329646954 0.0117613289 asynchronous_release_0
0.089612 -0.0250000004 -0.0349994427 0.000197507495 asynchronous_release_0
0.016475 -0.0250000004 0.000265544222 0.000964098681 asynchronous_release_0
0.054587 -0.0250000004 -0.00027728174 0.000960788654 asynchronous_release_0
0.071549 -0.0250000004 -0.0172008104 0.0304816686 asynchronous_release_1
0.054016 -0.0250000004 0.00724568482 -0.0342417881 asynchronous_release_0
0.086698 -0.0250000004 0.000947515153 0.00031971086 asynchronous_release_0
0.084035 -0.0250000004 0.0125096687 -0.0326880435 asynchronous_release_0
0.013998 -0.0250000004 -0.0165138023 -0.0308592666 asynchronous_release_0
0.072816 -0.0250000004 0.0138527835 -0.0321418791 asynchronous_release_0
0.059605 -0.0250000004 0.000997520776 -7.03725943e-05 asynchronous_release_0
0.077622 -0.0250000004 -0.00110836589 0.034982446 asynchronous_release_0
0.088364 -0.0250000004 0.0150056213 -0.0316201096 asynchronous_release_0
0.087985 -0.0250000004 -0.031562814 0.0151257651 asynchronous_release_0
0.0105 -0.0250000004 0.00157156306 -0.0349646992 asynchronous_release_0
0.068678 -0.0250000004 -0.0309585884 0.016326843 asynchronous_release_0
0.087375 -0.0250000004 0.00573997716 0.0345261157 asynchronous_release_2
0.032729 -0.0250000004 -0.0340866551 -0.00794354729 asynchronous_release_0
0.089387 -0.0250000004 -0.000956905226 0.000290400394 asynchronous_release_0
0.003978 -0.0250000004 0.0318461577 -0.014519719 asynchronous_release_1
0.043594 -0.0250000004 0.0278150685 0.0212443396 asynchronous_release_0
0.063046 -0.0250000004 -0.0278150685 -0.0212443396 asynchronous_release_1
0.080462 -0.0250000004 0.0289924157 0.0196071373 asynchronous_release_2
0.031019 -0.0250000004 0.00502833957 0.0346369139 asynchronous_release_0
0.083598 -0.0250000004 0.000937146272 -0.000348936764 asynchronous_release_0
0.044448 -0.0250000004 0.000924914324 -0.000380175608 asynchronous_release_0
0.026885 -0.0250000004 0.0121239977 -0.0328330425 asynchronous_release_0
0.055673 -0.0250000004 -0.0287647298 0.0199396669 asynchronous_release_0
0.071427 -0.0250000004 9.63666774e-05 0.000995345901 asynchronous_release_0
0.051435 -0.0250000004 -0.000158780151 0.0349996398 asynchronous_release_0
0.054608 -0.0250000004 0.0348015028 -0.00372228466 asynchronous_release_0
0.040578 -0.0250000004 0.034099732 -0.00788722243 asynchronous_release_0
0.065374 -0.0250000004 0.0187529324 -0.0674412895 asynchronous_release_1
0.044986 -0.0250000004 0.0229761807 -0.026402559 asynchronous_release_0
0.03764 -0.0250000004 0.0349672585 0.00151354965 asynchronous_release_0
0.055343 -0.0250000004 -0.00612144037 -0.0344605277 asynchronous_release_0
0.063967 -0.0250000004 -0.0104435024 -0.0334055872 asynchronous_release_1
0.008317 -0.0250000004 0.0327737415 0.0122833981 asynchronous_release_0
0.064954 -0.0250000004 0.0082953505 -0.0340027522 asynchronous_release_0
0.07526 -0.0250000004 -0.000629969836 -0.000776619601 asynchronous_release_0
0.082786 -0.0250000004 0.0328613103 0.0120471692 asynchronous_release_0
0.032576 -0.0250000004 -0.000170361484 0.0349995854 asynchronous_release_0
0.071489 -0.0250000004 0.0111408754 0.0331795252 asynchronous_release_0
0.063522 -0.0250000004 0.00833384296 0.0339933385 asynchronous_release_0
0.083286 -0.0250000004 0.0244602734 -0.0250338776 asynchronous_release_0
0.021367 -0.0250000004 0.0209548116 0.0280338344 asynchronous_release_0
0.039544 -0.0250000004 -0.0138006069 0.0321643164 asynchronous_release_0
0.085082 -0.0250000004 -0.0344680666 0.00607884716 asynchronous_release_0
0.087772 -0.0250000004 0.0115997307 0.0330219056 asynchronous_release_0
0.081395 -0.0250000004 -0.0281261968 0.0208306758 asynchronous_release_0
0.085826 -0.0250000004 -0.0235764462 -0.0258679568 asynchronous_release_0
0.042845 -0.0250000004 0.0349818387 0.00112737036 asynchronous_release_0
0.088706 -0.0250000004 0.0226954311 0.0266442753 asynchronous_release_1
0.063753 -0.0250000004 0.00956319677 -0.033668164 asynchronous_release_2
0.067559 -0.0250000004 0.000652587312 -0.0349939156 asynchronous_release_0
0.081736 -0.0250000004 -0.000308451861 0.000951239954 asynchronous_release_0
0.081405 -0.0250000004 -0.0310496479 -0.0161529987 asynchronous_release_0
0.081914 -0.0250000004 -0.0107529552 0.0333072658 asynchronous_release_0
0.067393 -0.0250000004 0.0173561009 0.0303935151 asynchronous_release_0
0.08941 -0.0250000004 0.0349996067 0.000165933217 asynchronous_release_0
0.044102 -0.0250000004 -0.0179223449 0.0300630929 asynchronous_release_0
