0.000000 0.091542
0.000050 0.077956
0.000100 0.113450
0.000150 0.106104
0.000200 0.114548
0.000250 0.079060
0.000300 0.100351
0.000350 0.096197
0.000400 0.100839
0.000450 0.094353
0.000500 0.103171
0.000550 0.111977
0.000600 0.107215
0.000650 0.116747
0.000700 0.106110
0.000750 0.082476
0.000800 0.099502
0.000850 0.096440
0.000900 0.115775
0.000950 0.092767
0.001000 0.112467
0.001050 0.142575
0.001100 0.119200
0.001150 0.158978
0.001200 0.144525
0.001250 0.176585
0.001300 0.257617
0.001350 0.266925
0.001400 0.336408
0.001450 0.477420
0.001500 0.557577
0.001550 0.794247
0.001600 1.125192
0.001650 1.605900
0.001700 2.148784
0.001750 2.828360
0.001800 3.800546
0.001850 4.889294
0.001900 6.001223
0.001950 7.240837
0.002000 8.435179
0.002050 9.736051
0.002100 10.525597
0.002150 11.222881
0.002200 11.476837
0.002250 11.596915
0.002300 11.368540
0.002350 10.605688
0.002400 9.858260
0.002450 8.986712
0.002500 8.045624
0.002550 6.869176
0.002600 6.246134
0.002650 5.499552
0.002700 4.917784
0.002750 4.476742
0.002800 4.185454
0.002850 3.820396
0.002900 3.631298
0.002950 3.149280
0.003000 3.025619
0.003050 2.809039
0.003100 2.710404
0.003150 2.494974
0.003200 2.483894
0.003250 2.328442
0.003300 2.272231
0.003350 2.111977
0.003400 2.059132
0.003450 2.096398
0.003500 1.926665
0.003550 1.956069
0.003600 1.801295
0.003650 1.715181
0.003700 1.724365
0.003750 1.597227
0.003800 1.473107
0.003850 1.548757
0.003900 1.588828
0.003950 1.444896
0.004000 1.399946
0.004050 1.432338
0.004100 1.374963
0.004150 1.386921
0.004200 1.347877
0.004250 1.324323
0.004300 1.243907
0.004350 1.250957
0.004400 1.263369
0.004450 1.280869
0.004500 1.287233
0.004550 1.183733
0.004600 1.205105
0.004650 1.149175
0.004700 1.206949
0.004750 1.152079
0.004800 1.153286
0.004850 1.158426
0.004900 1.104259
0.004950 1.070645
0.005000 1.048437
0.005050 1.071241
0.005100 1.058310
0.005150 0.957652
0.005200 0.962330
0.005250 1.060960
0.005300 1.052787
0.005350 1.007987
0.005400 1.032549
0.005450 0.881097
0.005500 0.970977
0.005550 0.882945
0.005600 1.007615
0.005650 0.970789
0.005700 0.917539
0.005750 0.941149
0.005800 0.945781
0.005850 0.879649
0.005900 0.873490
0.005950 0.840436
0.006000 0.884724
0.006050 0.899484
0.006100 0.855525
0.006150 0.819231
0.006200 0.898491
0.006250 0.869457
0.006300 0.846723
0.006350 0.809757
0.006400 0.886857
0.006450 0.812601
0.006500 0.830637
0.006550 0.838353
0.006600 0.837803
0.006650 0.797765
0.006700 0.836927
0.006750 0.817433
0.006800 0.869861
0.006850 0.814289
0.006900 0.775143
0.006950 0.814099
0.007000 0.792401
0.007050 0.839501
0.007100 0.741266
0.007150 0.742136
0.007200 0.705421
0.007250 0.789943
0.007300 0.772801
0.007350 0.803907
0.007400 0.744803
0.007450 0.731941
0.007500 0.708895
0.007550 0.761577
0.007600 0.736535
0.007650 0.736729
0.007700 0.752589
0.007750 0.734747
0.007800 0.675886
0.007850 0.715740
0.007900 0.716909
0.007950 0.753273
0.008000 0.672432
0.008050 0.770988
0.008100 0.649650
0.008150 0.713134
0.008200 0.778226
0.008250 0.712296
0.008300 0.731924
0.008350 0.665134
0.008400 0.706063
0.008450 0.682863
0.008500 0.724304
0.008550 0.687250
0.008600 0.691299
0.008650 0.742631
0.008700 0.697601
0.008750 0.693725
0.008800 0.689825
0.008850 0.643177
0.008900 0.644644
0.008950 0.679294
0.009000 0.733922
0.009050 0.658802
0.009100 0.652541
0.009150 0.660915
0.009200 0.615975
0.009250 0.617373
0.009300 0.630213
0.009350 0.631047
0.009400 0.633975
0.009450 0.658607
0.009500 0.651724
0.009550 0.633774
0.009600 0.623632
0.009650 0.635624
0.009700 0.660261
0.009750 0.639779
0.009800 0.621117
0.009850 0.633421
0.009900 0.632544
0.009950 0.591214
0.010000 0.635249
0.010050 0.613443
0.010100 0.628615
0.010150 0.618461
0.010200 0.659967
0.010250 0.670093
0.010300 0.616544
0.010350 0.605828
0.010400 0.625405
0.010450 0.663045
0.010500 0.585099
0.010550 0.632103
0.010600 0.606639
0.010650 0.647929
0.010700 0.611025
0.010750 0.613043
0.010800 0.638002
0.010850 0.613510
0.010900 0.650341
0.010950 0.596059
0.011000 0.639056
0.011050 0.561324
0.011100 0.598616
0.011150 0.598004
0.011200 0.608975
0.011250 0.595347
0.011300 0.531029
0.011350 0.612349
0.011400 0.581273
0.011450 0.571747
0.011500 0.563361
0.011550 0.557759
0.011600 0.613006
0.011650 0.556284
0.011700 0.579305
0.011750 0.591397
0.011800 0.594264
0.011850 0.576084
0.011900 0.608440
0.011950 0.536420
0.012000 0.614218
0.012050 0.649282
0.012100 0.602494
0.012150 0.615970
0.012200 0.548116
0.012250 0.568816
0.012300 0.537497
0.012350 0.618231
0.012400 0.553372
0.012450 0.548314
0.012500 0.621846
0.012550 0.623012
0.012600 0.618958
0.012650 0.589026
0.012700 0.555248
0.012750 0.557504
0.012800 0.522603
0.012850 0.542071
0.012900 0.532063
0.012950 0.556599
0.013000 0.534779
0.013050 0.575141
0.013100 0.571070
0.013150 0.539834
0.013200 0.495861
0.013250 0.500409
0.013300 0.599604
0.013350 0.509174
0.013400 0.519750
0.013450 0.503788
0.013500 0.571460
0.013550 0.539586
0.013600 0.572128
0.013650 0.519334
0.013700 0.541927
0.013750 0.554623
0.013800 0.545640
0.013850 0.520222
0.013900 0.493478
0.013950 0.526152
0.014000 0.550813
0.014050 0.543653
0.014100 0.540723
0.014150 0.506015
0.014200 0.521731
0.014250 0.515081
0.014300 0.477426
0.014350 0.509998
0.014400 0.527077
0.014450 0.580063
0.014500 0.560323
0.014550 0.502765
0.014600 0.533156
0.014650 0.522756
0.014700 0.513190
0.014750 0.465694
0.014800 0.489349
0.014850 0.522539
0.014900 0.512764
0.014950 0.530844
0.015000 0.472403
0.015050 0.523963
0.015100 0.495492
0.015150 0.484422
0.015200 0.486410
0.015250 0.484798
0.015300 0.555674
0.015350 0.541670
0.015400 0.527576
0.015450 0.553692
0.015500 0.539989
0.015550 0.443519
0.015600 0.534593
0.015650 0.463625
0.015700 0.528104
0.015750 0.465582
0.015800 0.494124
0.015850 0.503586
0.015900 0.487025
0.015950 0.483793
0.016000 0.423438
0.016050 0.529360
0.016100 0.474817
0.016150 0.460633
0.016200 0.548737
0.016250 0.487739
0.016300 0.486714
0.016350 0.502778
0.016400 0.487447
0.016450 0.471357
0.016500 0.442915
0.016550 0.522157
0.016600 0.480613
0.016650 0.496515
0.016700 0.461010
0.016750 0.456474
0.016800 0.493052
0.016850 0.489098
0.016900 0.504470
0.016950 0.483296
0.017000 0.447309
0.017050 0.433957
0.017100 0.502504
0.017150 0.455762
0.017200 0.483858
0.017250 0.444074
0.017300 0.470952
0.017350 0.450772
0.017400 0.469193
0.017450 0.450359
0.017500 0.500546
0.017550 0.438206
0.017600 0.469619
0.017650 0.478679
0.017700 0.458740
0.017750 0.457890
0.017800 0.514901
0.017850 0.492233
0.017900 0.497049
0.017950 0.476377
0.018000 0.412244
0.018050 0.536574
0.018100 0.453244
0.018150 0.510122
0.018200 0.455811
0.018250 0.519667
0.018300 0.492695
0.018350 0.483195
0.018400 0.412393
0.018450 0.436505
0.018500 0.479024
0.018550 0.442682
0.018600 0.460161
0.018650 0.441159
0.018700 0.468909
0.018750 0.467583
0.018800 0.494173
0.018850 0.443891
0.018900 0.433032
0.018950 0.467336
0.019000 0.466888
0.019050 0.434758
0.019100 0.531857
0.019150 0.437361
0.019200 0.480751
0.019250 0.467379
0.019300 0.459347
0.019350 0.474947
0.019400 0.402391
0.019450 0.538341
0.019500 0.456405
0.019550 0.421295
0.019600 0.417775
0.019650 0.402829
0.019700 0.510641
0.019750 0.410211
0.019800 0.437671
0.019850 0.456211
0.019900 0.442198
0.019950 0.479704
0.020000 0.402830
0.020050 0.431130
0.020100 0.420979
0.020150 0.431381
0.020200 0.396120
0.020250 0.413402
0.020300 0.461362
0.020350 0.432588
0.020400 0.428983
0.020450 0.468015
0.020500 0.455981
0.020550 0.452121
0.020600 0.440408
0.020650 0.433600
0.020700 0.457890
0.020750 0.434122
0.020800 0.446066
0.020850 0.502426
0.020900 0.429322
0.020950 0.473734
0.021000 0.399342
0.021050 0.470874
0.021100 0.415614
0.021150 0.460470
0.021200 0.404940
0.021250 0.392916
0.021300 0.353928
0.021350 0.430248
0.021400 0.400734
0.021450 0.450154
0.021500 0.461581
0.021550 0.434659
0.021600 0.436147
0.021650 0.442005
0.021700 0.373538
0.021750 0.412310
0.021800 0.393249
0.021850 0.418315
0.021900 0.411526
0.021950 0.433750
0.022000 0.412486
0.022050 0.429108
0.022100 0.393145
0.022150 0.394697
0.022200 0.428764
0.022250 0.435874
0.022300 0.437686
0.022350 0.467752
0.022400 0.441912
0.022450 0.455966
0.022500 0.404285
0.022550 0.415105
0.022600 0.440964
0.022650 0.427968
0.022700 0.486338
0.022750 0.445246
0.022800 0.404813
0.022850 0.431457
0.022900 0.379804
0.022950 0.432710
0.023000 0.434808
0.023050 0.399976
0.023100 0.423735
0.023150 0.405441
0.023200 0.414945
0.023250 0.431983
0.023300 0.441675
0.023350 0.431789
0.023400 0.376831
0.023450 0.411777
0.023500 0.478049
0.023550 0.431007
0.023600 0.461725
0.023650 0.413969
0.023700 0.396800
0.023750 0.435230
0.023800 0.431465
0.023850 0.361249
0.023900 0.390239
0.023950 0.428547
0.024000 0.388226
0.024050 0.464312
0.024100 0.388259
0.024150 0.366439
0.024200 0.388149
0.024250 0.430907
0.024300 0.425731
0.024350 0.392721
0.024400 0.421625
0.024450 0.416421
0.024500 0.347860
0.024550 0.420098
0.024600 0.379895
0.024650 0.377005
0.024700 0.346392
0.024750 0.376616
0.024800 0.397595
0.024850 0.416225
0.024900 0.412526
0.024950 0.376818
0.025000 0.433093
0.025050 0.404881
0.025100 0.397136
0.025150 0.357102
0.025200 0.415823
0.025250 0.423295
0.025300 0.395841
0.025350 0.396177
0.025400 0.391947
0.025450 0.383625
0.025500 0.437609
0.025550 0.422803
0.025600 0.386889
0.025650 0.399607
0.025700 0.351127
0.025750 0.411769
0.025800 0.376615
0.025850 0.374939
0.025900 0.384684
0.025950 0.393978
0.026000 0.404380
0.026050 0.458180
0.026100 0.431759
0.026150 0.384237
0.026200 0.373729
0.026250 0.406831
0.026300 0.444350
0.026350 0.440382
0.026400 0.428996
0.026450 0.395826
0.026500 0.398587
0.026550 0.369987
0.026600 0.445705
0.026650 0.362729
0.026700 0.416257
0.026750 0.378977
0.026800 0.403791
0.026850 0.358815
0.026900 0.407385
0.026950 0.419517
0.027000 0.367889
0.027050 0.372353
0.027100 0.350246
0.027150 0.367196
0.027200 0.443656
0.027250 0.351834
0.027300 0.391891
0.027350 0.394915
0.027400 0.334282
0.027450 0.362428
0.027500 0.368699
0.027550 0.402063
0.027600 0.400227
0.027650 0.382325
0.027700 0.353236
0.027750 0.358472
0.027800 0.377115
0.027850 0.393637
0.027900 0.329203
0.027950 0.375873
0.028000 0.370631
0.028050 0.374363
0.028100 0.399519
0.028150 0.384211
0.028200 0.394256
0.028250 0.409458
0.028300 0.362947
0.028350 0.380951
0.028400 0.385973
0.028450 0.396161
0.028500 0.359019
0.028550 0.365735
0.028600 0.378799
0.028650 0.397107
0.028700 0.381595
0.028750 0.363131
0.028800 0.367083
0.028850 0.369331
0.028900 0.392444
0.028950 0.372766
0.029000 0.400056
0.029050 0.365222
0.029100 0.368695
0.029150 0.379787
0.029200 0.405570
0.029250 0.382270
0.029300 0.431647
0.029350 0.365449
0.029400 0.369012
0.029450 0.390892
0.029500 0.358520
0.029550 0.375720
0.029600 0.353285
0.029650 0.385393
0.029700 0.370072
0.029750 0.405342
0.029800 0.402590
0.029850 0.404616
0.029900 0.379705
0.029950 0.379277
0.030000 0.343997
0.030050 0.374769
0.030100 0.341785
0.030150 0.366629
0.030200 0.338970
0.030250 0.370570
0.030300 0.336172
0.030350 0.387340
0.030400 0.333412
0.030450 0.371946
0.030500 0.312918
0.030550 0.372336
0.030600 0.387305
0.030650 0.376567
0.030700 0.381774
0.030750 0.358678
0.030800 0.382986
0.030850 0.358598
0.030900 0.332242
0.030950 0.383886
0.031000 0.384245
0.031050 0.380881
0.031100 0.313962
0.031150 0.361544
0.031200 0.361863
0.031250 0.350923
0.031300 0.289151
0.031350 0.418003
0.031400 0.360037
0.031450 0.364801
0.031500 0.396728
0.031550 0.351710
0.031600 0.379280
0.031650 0.363242
0.031700 0.359200
0.031750 0.348786
0.031800 0.395023
0.031850 0.373219
0.031900 0.366655
0.031950 0.343427
0.032000 0.342532
0.032050 0.346134
0.032100 0.338829
0.032150 0.387525
0.032200 0.355185
0.032250 0.360169
0.032300 0.373594
0.032350 0.323584
0.032400 0.346037
0.032450 0.382901
0.032500 0.367211
0.032550 0.319507
0.032600 0.364969
0.032650 0.421111
0.032700 0.353067
0.032750 0.333917
0.032800 0.355420
0.032850 0.392820
0.032900 0.367133
0.032950 0.345955
0.033000 0.333280
0.033050 0.327836
0.033100 0.370773
0.033150 0.379383
0.033200 0.350798
0.033250 0.349396
0.033300 0.349328
0.033350 0.313862
0.033400 0.344474
0.033450 0.371210
0.033500 0.334998
0.033550 0.338950
0.033600 0.323409
0.033650 0.332069
0.033700 0.347524
0.033750 0.338718
0.033800 0.359667
0.033850 0.380037
0.033900 0.311554
0.033950 0.340694
0.034000 0.366564
0.034050 0.354362
0.034100 0.359187
0.034150 0.370195
0.034200 0.350432
0.034250 0.344308
0.034300 0.353277
0.034350 0.339587
0.034400 0.336178
0.034450 0.394860
0.034500 0.352917
0.034550 0.303185
0.034600 0.335017
0.034650 0.396835
0.034700 0.330351
0.034750 0.319265
0.034800 0.387595
0.034850 0.327793
0.034900 0.317368
0.034950 0.409804
0.035000 0.372957
0.035050 0.326129
0.035100 0.352218
0.035150 0.327032
0.035200 0.363079
0.035250 0.361161
0.035300 0.344393
0.035350 0.333931
0.035400 0.345409
0.035450 0.339191
0.035500 0.352149
0.035550 0.338823
0.035600 0.337567
0.035650 0.348449
0.035700 0.337932
0.035750 0.307328
0.035800 0.340414
0.035850 0.365028
0.035900 0.363866
0.035950 0.320224
0.036000 0.328317
0.036050 0.334283
0.036100 0.275932
0.036150 0.318704
0.036200 0.329759
0.036250 0.366275
0.036300 0.325158
0.036350 0.342844
0.036400 0.354776
0.036450 0.351432
0.036500 0.311529
0.036550 0.353451
0.036600 0.388953
0.036650 0.325515
0.036700 0.336057
0.036750 0.349591
0.036800 0.334442
0.036850 0.334734
0.036900 0.366809
0.036950 0.343519
0.037000 0.342369
0.037050 0.312281
0.037100 0.346717
0.037150 0.339633
0.037200 0.331035
0.037250 0.306741
0.037300 0.296547
0.037350 0.343913
0.037400 0.374247
0.037450 0.366457
0.037500 0.325596
0.037550 0.333456
0.037600 0.339846
0.037650 0.312336
0.037700 0.337571
0.037750 0.314527
0.037800 0.335302
0.037850 0.365260
0.037900 0.320200
0.037950 0.302326
0.038000 0.304172
0.038050 0.328128
0.038100 0.362865
0.038150 0.316759
0.038200 0.315611
0.038250 0.309867
0.038300 0.312542
0.038350 0.341344
0.038400 0.331813
0.038450 0.357669
0.038500 0.340454
0.038550 0.333212
0.038600 0.292707
0.038650 0.338737
0.038700 0.330700
0.038750 0.368420
0.038800 0.307611
0.038850 0.310367
0.038900 0.351309
0.038950 0.326113
0.039000 0.348465
0.039050 0.306001
0.039100 0.329933
0.039150 0.326521
0.039200 0.319175
0.039250 0.309447
0.039300 0.346119
0.039350 0.335655
0.039400 0.299907
0.039450 0.273507
0.039500 0.315037
0.039550 0.355145
0.039600 0.308972
0.039650 0.298358
0.039700 0.320303
0.039750 0.341539
0.039800 0.378799
0.039850 0.322837
0.039900 0.348965
0.039950 0.331195
0.040000 0.306153
0.040050 0.313903
0.040100 0.327307
0.040150 0.327901
0.040200 0.347016
0.040250 0.319458
0.040300 0.357168
0.040350 0.353814
0.040400 0.330226
0.040450 0.337334
0.040500 0.342850
0.040550 0.341894
0.040600 0.319800
0.040650 0.356236
0.040700 0.367545
0.040750 0.318515
0.040800 0.335485
0.040850 0.349249
0.040900 0.377809
0.040950 0.355637
0.041000 0.286590
0.041050 0.310180
0.041100 0.351966
0.041150 0.300796
0.041200 0.365768
0.041250 0.331860
0.041300 0.301140
0.041350 0.331584
0.041400 0.311573
0.041450 0.322203
0.041500 0.351988
0.041550 0.375228
0.041600 0.385227
0.041650 0.344391
0.041700 0.334306
0.041750 0.347596
0.041800 0.326620
0.041850 0.301382
0.041900 0.301227
0.041950 0.389275
0.042000 0.326261
0.042050 0.348909
0.042100 0.300829
0.042150 0.314193
0.042200 0.300568
0.042250 0.284360
0.042300 0.326541
0.042350 0.312907
0.042400 0.329792
0.042450 0.316140
0.042500 0.359460
0.042550 0.304104
0.042600 0.310825
0.042650 0.318427
0.042700 0.329479
0.042750 0.342285
0.042800 0.321716
0.042850 0.270190
0.042900 0.306105
0.042950 0.289689
0.043000 0.299049
0.043050 0.309307
0.043100 0.323919
0.043150 0.291929
0.043200 0.313461
0.043250 0.321215
0.043300 0.325531
0.043350 0.306429
0.043400 0.315941
0.043450 0.344629
0.043500 0.314191
0.043550 0.341203
0.043600 0.285376
0.043650 0.310642
0.043700 0.285248
0.043750 0.298314
0.043800 0.265824
0.043850 0.341220
0.043900 0.292059
0.043950 0.303453
0.044000 0.284054
0.044050 0.276058
0.044100 0.329848
0.044150 0.291888
0.044200 0.306017
0.044250 0.300705
0.044300 0.345937
0.044350 0.338933
0.044400 0.335464
0.044450 0.304396
0.044500 0.311539
0.044550 0.315141
0.044600 0.303577
0.044650 0.333995
0.044700 0.307238
0.044750 0.307274
0.044800 0.275918
0.044850 0.306422
0.044900 0.327142
0.044950 0.296634
0.045000 0.319186
0.045050 0.299422
0.045100 0.309394
0.045150 0.293186
0.045200 0.351137
0.045250 0.306905
0.045300 0.307879
0.045350 0.286159
0.045400 0.300730
0.045450 0.277132
0.045500 0.319962
0.045550 0.317336
0.045600 0.285488
0.045650 0.328486
0.045700 0.281043
0.045750 0.315887
0.045800 0.341678
0.045850 0.348278
0.045900 0.320899
0.045950 0.292513
0.046000 0.333112
0.046050 0.312072
0.046100 0.306657
0.046150 0.327099
0.046200 0.320785
0.046250 0.308897
0.046300 0.250623
0.046350 0.323939
0.046400 0.314814
0.046450 0.291712
0.046500 0.264814
0.046550 0.331032
0.046600 0.307898
0.046650 0.301504
0.046700 0.274522
0.046750 0.309232
0.046800 0.316883
0.046850 0.293607
0.046900 0.293734
0.046950 0.288224
0.047000 0.310929
0.047050 0.279073
0.047100 0.322558
0.047150 0.289720
0.047200 0.312535
0.047250 0.272043
0.047300 0.310026
0.047350 0.314004
0.047400 0.298068
0.047450 0.314384
0.047500 0.282253
0.047550 0.292863
0.047600 0.293026
0.047650 0.309410
0.047700 0.302928
0.047750 0.294516
0.047800 0.280338
0.047850 0.297732
0.047900 0.299839
0.047950 0.278915
0.048000 0.279070
0.048050 0.310974
0.048100 0.284237
0.048150 0.322971
0.048200 0.301998
0.048250 0.312840
0.048300 0.309213
0.048350 0.301705
0.048400 0.285455
0.048450 0.276917
0.048500 0.270297
0.048550 0.270463
0.048600 0.328039
0.048650 0.286447
0.048700 0.285679
0.048750 0.298575
0.048800 0.263640
0.048850 0.311730
0.048900 0.307104
0.048950 0.324026
0.049000 0.293914
0.049050 0.250946
0.049100 0.324826
0.049150 0.271014
0.049200 0.265305
0.049250 0.309867
0.049300 0.321009
0.049350 0.303535
0.049400 0.326559
0.049450 0.316985
0.049500 0.307384
0.049550 0.311644
0.049600 0.242437
0.049650 0.297273
0.049700 0.273672
0.049750 0.306774
0.049800 0.302092
0.049850 0.262468
0.049900 0.270679
0.049950 0.260917
0.050000 0.310187
0.050050 0.298485
0.050100 0.326870
0.050150 0.330242
0.050200 0.312521
0.050250 0.318893
0.050300 0.276950
0.050350 0.318548
0.050400 0.308813
0.050450 0.283901
0.050500 0.271049
0.050550 0.303701
0.050600 0.316192
0.050650 0.272952
0.050700 0.292516
0.050750 0.277596
0.050800 0.335858
0.050850 0.287404
0.050900 0.316253
0.050950 0.244209
0.051000 0.292433
0.051050 0.275393
0.051100 0.331961
0.051150 0.309849
0.051200 0.292799
0.051250 0.334183
0.051300 0.288395
0.051350 0.265091
0.051400 0.323012
0.051450 0.285314
0.051500 0.314523
0.051550 0.281899
0.051600 0.268809
0.051650 0.288771
0.051700 0.307758
0.051750 0.279146
0.051800 0.258749
0.051850 0.302651
0.051900 0.290576
0.051950 0.283668
0.052000 0.279865
0.052050 0.273969
0.052100 0.278488
0.052150 0.270494
0.052200 0.289649
0.052250 0.307815
0.052300 0.287296
0.052350 0.283488
0.052400 0.306945
0.052450 0.310521
0.052500 0.303599
0.052550 0.255631
0.052600 0.274920
0.052650 0.293212
0.052700 0.269358
0.052750 0.282398
0.052800 0.301819
0.052850 0.270513
0.052900 0.306896
0.052950 0.294624
0.053000 0.268526
0.053050 0.300766
0.053100 0.267193
0.053150 0.236719
0.053200 0.234916
0.053250 0.288542
0.053300 0.271899
0.053350 0.293659
0.053400 0.270584
0.053450 0.287036
0.053500 0.297110
0.053550 0.281486
0.053600 0.290499
0.053650 0.316723
0.053700 0.274222
0.053750 0.286480
0.053800 0.276157
0.053850 0.279821
0.053900 0.277023
0.053950 0.265579
0.054000 0.277887
0.054050 0.280493
0.054100 0.286357
0.054150 0.281399
0.054200 0.265579
0.054250 0.296415
0.054300 0.269727
0.054350 0.265815
0.054400 0.296742
0.054450 0.272166
0.054500 0.274799
0.054550 0.298189
0.054600 0.291041
0.054650 0.257619
0.054700 0.251482
0.054750 0.274922
0.054800 0.303913
0.054850 0.281379
0.054900 0.286260
0.054950 0.286756
0.055000 0.287255
0.055050 0.289961
0.055100 0.298191
0.055150 0.276637
0.055200 0.257236
0.055250 0.288660
0.055300 0.283640
0.055350 0.288580
0.055400 0.269137
0.055450 0.258523
0.055500 0.274546
0.055550 0.266150
0.055600 0.341208
0.055650 0.277220
0.055700 0.293341
0.055750 0.296115
0.055800 0.266505
0.055850 0.281537
0.055900 0.285421
0.055950 0.248997
0.056000 0.259559
0.056050 0.278005
0.056100 0.292010
0.056150 0.286946
0.056200 0.272870
0.056250 0.258758
0.056300 0.263769
0.056350 0.266539
0.056400 0.272705
0.056450 0.280019
0.056500 0.289616
0.056550 0.248300
0.056600 0.265792
0.056650 0.228900
0.056700 0.260012
0.056750 0.271896
0.056800 0.256525
0.056850 0.291187
0.056900 0.276965
0.056950 0.249027
0.057000 0.254106
0.057050 0.277472
0.057100 0.256324
0.057150 0.268298
0.057200 0.282595
0.057250 0.235047
0.057300 0.282577
0.057350 0.271685
0.057400 0.280299
0.057450 0.302737
0.057500 0.253873
0.057550 0.275155
0.057600 0.278046
0.057650 0.274022
0.057700 0.281539
0.057750 0.265957
0.057800 0.276947
0.057850 0.276387
0.057900 0.294371
0.057950 0.268323
0.058000 0.278200
0.058050 0.249758
0.058100 0.286372
0.058150 0.268374
0.058200 0.302756
0.058250 0.291754
0.058300 0.270222
0.058350 0.249804
0.058400 0.292461
0.058450 0.267369
0.058500 0.251582
0.058550 0.279120
0.058600 0.309076
0.058650 0.265148
0.058700 0.283384
0.058750 0.289908
0.058800 0.275264
0.058850 0.294746
0.058900 0.268298
0.058950 0.264204
0.059000 0.260101
0.059050 0.285539
0.059100 0.234148
0.059150 0.270244
0.059200 0.259033
0.059250 0.264399
0.059300 0.249601
0.059350 0.266843
0.059400 0.243704
0.059450 0.246688
0.059500 0.252063
0.059550 0.252685
0.059600 0.264047
0.059650 0.275439
0.059700 0.297616
0.059750 0.263638
0.059800 0.270274
0.059850 0.296096
0.059900 0.271626
0.059950 0.267496
0.060000 0.264558
0.060050 0.241180
0.060100 0.269474
0.060150 0.260516
0.060200 0.263587
0.060250 0.271491
0.060300 0.241999
0.060350 0.282499
0.060400 0.268696
0.060450 0.275430
0.060500 0.265228
0.060550 0.267122
0.060600 0.258105
0.060650 0.255137
0.060700 0.283753
0.060750 0.261369
0.060800 0.270573
0.060850 0.290763
0.060900 0.251273
0.060950 0.321487
0.061000 0.281985
0.061050 0.329149
0.061100 0.304273
0.061150 0.389497
0.061200 0.389181
0.061250 0.500431
0.061300 0.577598
0.061350 0.708986
0.061400 0.780474
0.061450 0.984976
0.061500 1.336465
0.061550 1.813241
0.061600 2.296107
0.061650 3.047921
0.061700 3.888006
0.061750 5.140474
0.061800 6.496166
0.061850 7.701616
0.061900 9.318834
0.061950 10.799820
0.062000 12.327790
0.062050 13.740182
0.062100 14.497150
0.062150 15.392734
0.062200 15.798649
0.062250 15.370665
0.062300 14.957803
0.062350 14.171987
0.062400 12.803442
0.062450 11.591558
0.062500 10.960936
0.062550 9.744076
0.062600 8.720982
0.062650 7.845884
0.062700 7.194562
0.062750 6.723776
0.062800 6.085917
0.062850 5.628923
0.062900 5.101574
0.062950 4.840070
0.063000 4.541358
0.063050 4.147270
0.063100 3.910106
0.063150 3.808878
0.063200 3.554333
0.063250 3.301705
0.063300 3.286664
0.063350 3.185354
0.063400 2.973392
0.063450 2.777430
0.063500 2.860617
0.063550 2.575113
0.063600 2.602086
0.063650 2.408714
0.063700 2.333455
0.063750 2.295017
0.063800 2.186248
0.063850 2.128338
0.063900 2.219930
0.063950 2.068532
0.064000 2.061527
0.064050 2.010913
0.064100 1.863951
0.064150 1.931069
0.064200 1.935375
0.064250 1.930685
0.064300 1.920832
0.064350 1.788592
0.064400 1.703733
0.064450 1.694783
0.064500 1.703883
0.064550 1.731089
0.064600 1.598023
0.064650 1.692389
0.064700 1.626391
0.064750 1.566717
0.064800 1.640493
0.064850 1.524929
0.064900 1.428580
0.064950 1.572506
0.065000 1.548933
0.065050 1.456297
0.065100 1.472897
0.065150 1.509093
0.065200 1.392685
0.065250 1.362203
0.065300 1.393078
0.065350 1.407018
0.065400 1.389572
0.065450 1.326234
0.065500 1.385983
0.065550 1.262187
0.065600 1.441409
0.065650 1.346413
0.065700 1.265663
0.065750 1.245263
0.065800 1.223498
0.065850 1.284716
0.065900 1.245828
0.065950 1.226650
0.066000 1.356700
0.066050 1.145968
0.066100 1.195387
0.066150 1.219761
0.066200 1.256114
0.066250 1.259398
0.066300 1.228186
0.066350 1.269942
0.066400 1.154969
0.066450 1.223275
0.066500 1.171944
0.066550 1.232384
0.066600 1.118336
0.066650 1.230810
0.066700 1.184671
0.066750 1.227939
0.066800 1.130918
0.066850 1.152760
0.066900 1.161260
0.066950 1.100098
0.067000 1.158147
0.067050 1.129095
0.067100 1.121465
0.067150 1.090969
0.067200 1.065784
0.067250 1.152260
0.067300 1.151373
0.067350 1.101955
0.067400 1.113131
0.067450 1.117581
0.067500 1.051788
0.067550 1.115640
0.067600 1.047039
0.067650 1.008073
0.067700 1.002895
0.067750 1.011265
0.067800 1.098359
0.067850 1.117745
0.067900 0.994478
0.067950 1.079018
0.068000 1.056225
0.068050 1.083775
0.068100 1.080036
0.068150 0.972624
0.068200 0.964620
0.068250 1.019434
0.068300 1.047028
0.068350 1.010386
0.068400 0.995567
0.068450 0.991675
0.068500 1.028904
0.068550 0.974290
0.068600 0.955254
0.068650 0.962282
0.068700 0.917075
0.068750 0.985977
0.068800 0.965524
0.068850 1.002902
0.068900 0.987959
0.068950 1.057163
0.069000 0.962178
0.069050 1.025916
0.069100 0.988833
0.069150 0.953053
0.069200 0.907500
0.069250 0.940850
0.069300 0.967337
0.069350 0.980001
0.069400 0.999637
0.069450 0.888655
0.069500 0.927661
0.069550 0.941695
0.069600 0.983619
0.069650 0.911325
0.069700 0.974190
0.069750 0.936678
0.069800 0.952171
0.069850 0.963503
0.069900 0.952475
0.069950 0.954023
0.070000 0.878519
0.070050 0.958475
0.070100 0.905317
0.070150 0.912417
0.070200 0.963087
0.070250 0.871859
0.070300 0.921136
0.070350 0.871958
0.070400 0.932577
0.070450 0.891805
0.070500 0.862234
0.070550 0.934264
0.070600 0.872212
0.070650 0.853862
0.070700 0.989708
0.070750 0.883706
0.070800 0.960272
0.070850 0.866840
0.070900 0.859769
0.070950 0.838483
0.071000 0.925148
0.071050 0.916722
0.071100 0.904009
0.071150 0.945381
0.071200 0.838640
0.071250 0.861440
0.071300 0.787252
0.071350 0.847140
0.071400 0.855710
0.071450 0.908628
0.071500 0.872935
0.071550 0.885855
0.071600 0.845781
0.071650 0.857247
0.071700 0.860127
0.071750 0.864449
0.071800 0.857284
0.071850 0.832848
0.071900 0.896140
0.071950 0.817004
0.072000 0.799666
0.072050 0.816900
0.072100 0.806753
0.072150 0.798029
0.072200 0.831192
0.072250 0.834058
0.072300 0.851400
0.072350 0.909322
0.072400 0.813770
0.072450 0.877520
0.072500 0.813714
0.072550 0.852868
0.072600 0.847060
0.072650 0.797620
0.072700 0.788818
0.072750 0.784366
0.072800 0.810502
0.072850 0.771082
0.072900 0.768056
0.072950 0.778164
0.073000 0.861343
0.073050 0.792645
0.073100 0.788178
0.073150 0.758814
0.073200 0.809965
0.073250 0.815775
0.073300 0.790790
0.073350 0.777498
0.073400 0.827346
0.073450 0.840546
0.073500 0.833179
0.073550 0.818437
0.073600 0.808084
0.073650 0.828664
0.073700 0.836011
0.073750 0.804997
0.073800 0.773920
0.073850 0.834416
0.073900 0.775236
0.073950 0.784016
0.074000 0.766156
0.074050 0.681570
0.074100 0.791086
0.074150 0.796944
0.074200 0.761234
0.074250 0.790836
0.074300 0.769940
0.074350 0.725194
0.074400 0.826280
0.074450 0.757710
0.074500 0.656200
0.074550 0.754414
0.074600 0.746823
0.074650 0.740711
0.074700 0.831762
0.074750 0.759932
0.074800 0.725383
0.074850 0.761171
0.074900 0.716085
0.074950 0.732409
0.075000 0.819313
0.075050 0.771211
0.075100 0.756079
0.075150 0.727381
0.075200 0.758826
0.075250 0.757202
0.075300 0.781194
0.075350 0.698166
0.075400 0.761346
0.075450 0.708382
0.075500 0.820012
0.075550 0.797296
0.075600 0.682242
0.075650 0.701706
0.075700 0.683334
0.075750 0.758918
0.075800 0.672333
0.075850 0.778363
0.075900 0.693209
0.075950 0.790287
0.076000 0.709600
0.076050 0.704854
0.076100 0.684869
0.076150 0.686181
0.076200 0.832371
0.076250 0.711799
0.076300 0.751325
0.076350 0.728281
0.076400 0.691431
0.076450 0.685109
0.076500 0.648155
0.076550 0.713773
0.076600 0.719733
0.076650 0.684287
0.076700 0.714777
0.076750 0.748399
0.076800 0.700626
0.076850 0.720432
0.076900 0.754128
0.076950 0.697030
0.077000 0.703002
0.077050 0.787628
0.077100 0.759780
0.077150 0.696366
0.077200 0.722439
0.077250 0.658895
0.077300 0.705065
0.077350 0.694049
0.077400 0.675267
0.077450 0.684349
0.077500 0.657776
0.077550 0.739792
0.077600 0.716363
0.077650 0.702213
0.077700 0.754901
0.077750 0.717443
0.077800 0.756206
0.077850 0.676636
0.077900 0.690453
0.077950 0.696497
0.078000 0.716602
0.078050 0.672704
0.078100 0.703746
0.078150 0.716080
0.078200 0.704963
0.078250 0.751767
0.078300 0.681136
0.078350 0.723266
0.078400 0.724683
0.078450 0.663303
0.078500 0.691353
0.078550 0.692733
0.078600 0.661083
0.078650 0.723813
0.078700 0.714213
0.078750 0.671499
0.078800 0.685476
0.078850 0.696324
0.078900 0.771932
0.078950 0.692844
0.079000 0.645226
0.079050 0.633904
0.079100 0.668468
0.079150 0.703098
0.079200 0.671224
0.079250 0.612328
0.079300 0.680281
0.079350 0.667375
0.079400 0.703704
0.079450 0.682862
0.079500 0.601523
0.079550 0.645799
0.079600 0.696531
0.079650 0.696351
0.079700 0.737641
0.079750 0.665693
0.079800 0.691027
0.079850 0.737183
0.079900 0.733857
0.079950 0.650525
0.080000 0.640683
0.080050 0.590773
0.080100 0.667407
0.080150 0.678421
0.080200 0.700691
0.080250 0.591311
0.080300 0.664925
0.080350 0.630941
0.080400 0.680562
0.080450 0.641726
0.080500 0.623761
0.080550 0.588031
0.080600 0.634498
0.080650 0.587440
0.080700 0.698565
0.080750 0.662841
0.080800 0.633519
0.080850 0.615469
0.080900 0.673479
0.080950 0.674897
0.081000 0.705496
0.081050 0.656674
0.081100 0.716503
0.081150 0.696867
0.081200 0.652820
0.081250 0.595684
0.081300 0.665349
0.081350 0.648859
0.081400 0.656774
0.081450 0.676114
0.081500 0.698752
0.081550 0.636568
0.081600 0.693479
0.081650 0.582193
0.081700 0.630933
0.081750 0.673219
0.081800 0.648466
0.081850 0.628582
0.081900 0.608662
0.081950 0.624786
0.082000 0.667196
0.082050 0.617732
0.082100 0.651971
0.082150 0.702713
0.082200 0.666363
0.082250 0.620071
0.082300 0.647810
0.082350 0.667360
0.082400 0.614390
0.082450 0.625674
0.082500 0.651838
0.082550 0.600406
0.082600 0.691039
0.082650 0.613129
0.082700 0.674098
0.082750 0.620914
0.082800 0.622315
0.082850 0.635325
0.082900 0.653336
0.082950 0.659760
0.083000 0.593112
0.083050 0.622740
0.083100 0.645770
0.083150 0.580650
0.083200 0.676918
0.083250 0.631750
0.083300 0.576499
0.083350 0.679609
0.083400 0.632695
0.083450 0.585697
0.083500 0.628849
0.083550 0.618575
0.083600 0.574823
0.083650 0.643151
0.083700 0.601052
0.083750 0.641002
0.083800 0.670962
0.083850 0.615398
0.083900 0.620179
0.083950 0.594729
0.084000 0.648241
0.084050 0.535331
0.084100 0.641010
0.084150 0.622262
0.084200 0.554616
0.084250 0.606556
0.084300 0.638345
0.084350 0.627991
0.084400 0.629442
0.084450 0.642726
0.084500 0.618832
0.084550 0.657500
0.084600 0.650526
0.084650 0.609660
0.084700 0.628047
0.084750 0.537923
0.084800 0.630916
0.084850 0.632382
0.084900 0.584580
0.084950 0.608094
0.085000 0.590826
0.085050 0.648416
0.085100 0.586898
0.085150 0.581504
0.085200 0.640891
0.085250 0.565609
0.085300 0.526042
0.085350 0.607674
0.085400 0.605709
0.085450 0.586641
0.085500 0.605182
0.085550 0.606636
0.085600 0.681752
0.085650 0.662730
0.085700 0.569930
0.085750 0.605668
0.085800 0.636318
0.085850 0.622354
0.085900 0.586019
0.085950 0.613261
0.086000 0.525244
0.086050 0.586888
0.086100 0.590058
0.086150 0.679434
0.086200 0.596466
0.086250 0.620366
0.086300 0.564866
0.086350 0.616406
0.086400 0.612708
0.086450 0.593434
0.086500 0.575858
0.086550 0.592892
0.086600 0.552767
0.086650 0.639155
0.086700 0.573013
0.086750 0.577933
0.086800 0.603706
0.086850 0.586074
0.086900 0.575368
0.086950 0.599444
0.087000 0.604411
0.087050 0.579773
0.087100 0.574266
0.087150 0.570494
0.087200 0.568461
0.087250 0.585631
0.087300 0.606325
0.087350 0.546647
0.087400 0.577815
0.087450 0.563537
0.087500 0.614022
0.087550 0.538450
0.087600 0.634543
0.087650 0.553647
0.087700 0.646358
0.087750 0.586456
0.087800 0.563349
0.087850 0.629861
0.087900 0.559285
0.087950 0.571309
0.088000 0.620335
0.088050 0.630681
0.088100 0.540554
0.088150 0.579046
0.088200 0.651139
0.088250 0.631523
0.088300 0.567699
0.088350 0.565647
0.088400 0.552978
0.088450 0.591618
0.088500 0.506354
0.088550 0.534354
0.088600 0.528715
0.088650 0.547903
0.088700 0.565349
0.088750 0.582825
0.088800 0.552352
0.088850 0.575168
0.088900 0.603360
0.088950 0.594220
0.089000 0.542321
0.089050 0.559833
0.089100 0.536366
0.089150 0.523564
0.089200 0.576786
0.089250 0.599736
0.089300 0.565541
0.089350 0.581353
0.089400 0.509531
0.089450 0.534249
0.089500 0.567964
0.089550 0.574856
0.089600 0.581760
0.089650 0.527680
0.089700 0.557875
0.089750 0.555793
0.089800 0.584257
0.089850 0.553435
0.089900 0.549547
