0.036517 -0.0250000004 0.000753822529 0.000657078074 asynchronous_release_0
0.017932 -0.0250000004 0.0298540873 0.0182683735 asynchronous_release_0
0.048388 -0.0250000004 0.0299701011 0.0180774179 asynchronous_release_0
0.018797 -0.0250000004 -0.000601847116 0.000798611325 asynchronous_release_0
0.041674 -0.0250000004 0.0261159578 -0.0233014324 asynchronous_release_0
0.048003 -0.0250000004 0.0247724737 0.0247249782 asynchronous_release_0
0.033694 -0.0250000004 0.000924279769 -0.000381715744 asynchronous_release_0
0.038238 -0.0250000004 0.0215176905 0.0276041481 asynchronous_release_0
0.045221 -0.0250000004 0.0209325991 -0.0280504242 asynchronous_release_0
0.036084 -0.0250000004 0.000915063158 0.000403310571 asynchronous_release_0
0.041339 -0.0250000004 -0.0237359531 0.0257216744 asynchronous_release_0
0.018652 -0.0250000004 -0.000995053585 -9.93396331e-05 asynchronous_release_0
0.037829 -0.0250000004 0.0227537151 0.0265945192 asynchronous_release_0
0.026479 -0.0250000004 0.0083184997 0.0339970964 asynchronous_release_0
0.031942 -0.0250000004 0.0222677183 -0.027002754 asynchronous_release_0
0.035882 -0.0250000004 0.00288596231 0.0348808145 asynchronous_release_0
0.024957 -0.0250000004 -0.0312956283 -0.0156711087 asynchronous_release_0
0.024871 -0.0250000004 0.000510932446 -0.000859620868 asynchronous_release_1
0.02761 -0.0250000004 0.0142933333 0.0319484057 asynchronous_release_3
0.048398 -0.0250000004 -0.0295196243 0.0188040364 asynchronous_release_0
0.046837 -0.0250000004 -0.00636876017 0.034415678 asynchronous_release_0
0.045488 -0.0250000004 0.0174744508 0.0303256256 asynchronous_release_0
0.029404 -0.0250000004 0.00130521846 -0.0349756545 asynchronous_release_0
0.048317 -0.0250000004 0.0144643135 -0.0318713607 asynchronous_release_0
0.031233 -0.0250000004 0.0349861233 -0.000985481698 asynchronous_release_0
0.026341 -0.0250000004 0.0299929353 0.0180395076 asynchronous_release_0
0.03749 -0.0250000004 0.00563101406 -0.0345440542 asynchronous_release_0
0.022927 -0.0250000004 0.00414904464 -0.0347532075 asynchronous_release_0
0.010974 -0.0250000004 0.0295473754 -0.0187604 asynchronous_release_0
0.027977 -0.0250000004 0.0195817411 -0.0290095745 asynchronous_release_0
0.043633 -0.0250000004 0.0346089193 -0.00521753834 asynchronous_release_0
0.005724 -0.0250000004 -0.0158029586 -0.0312292571 asynchronous_release_0
0.038595 -0.0250000004 0.000301633711 -0.0349987002 asynchronous_release_0
0.047176 -0.0250000004 -0.00949300943 0.0336880212 asynchronous_release_0
0.02238 -0.0250000004 0.000964616616 -0.000263656564 asynchronous_release_0
0.047868 -0.0250000004 0.000264507426 -0.000964383649 asynchronous_release_0
0.047682 -0.0250000004 -0.00445782772 0.0347149503 asynchronous_release_0
0.023099 -0.0250000004 0.0194443888 -0.0291018168 asynchronous_release_0
0.023542 -0.0250000004 0.0349541001 0.00179189403 asynchronous_release_0
0.045091 -0.0250000004 0.000517551842 -0.000855651852 asynchronous_release_0
0.011405 -0.0250000004 0.016244197 0.0310020332 asynchronous_release_0
0.029416 -0.0250000004 0.0311251191 -0.0160070909 asynchronous_release_0
0.045965 -0.0250000004 -0.0176920214 -0.0301992116 asynchronous_release_0
0.04027 -0.0250000004 -0.00858194058 -0.0339315531 asynchronous_release_0
0.025239 -0.0250000004 -0.0150615919 0.0315934875 asynchronous_release_0
0.035903 -0.0250000004 -0.0345042831 0.00586979086 asynchronous_release_0
0.043212 -0.0250000004 0.0317018254 0.0148322037 asynchronous_release_0
0.030314 -0.0250000004 -0.0119770923 -0.0328869162 asynchronous_release_0
0.016129 -0.0250000004 0.0214654111 -0.027644821 asynchronous_release_0
0.033305 -0.0250000004 -0.0344128311 -0.00638412507 asynchronous_release_0
0.030256 -0.0250000004 0.0128387208 -0.0325602096 asynchronous_release_0
0.045324 -0.0250000004 0.0150791719 0.0315851005 asynchronous_release_0
0.027583 -0.0250000004 -0.0295024999 -0.0188308921 asynchronous_release_0
0.027857 -0.0250000004 0.0349452783 -0.00195640672 asynchronous_release_1
0.029955 -0.0250000004 -0.00197867794 -0.0349440243 asynchronous_release_0
0.041783 -0.0250000004 0.0310564071 0.0161399993 asynchronous_release_0
0.042349 -0.0250000004 -0.000917273171 0.000398258622 asynchronous_release_0
0.042008 -0.0250000004 0.000531863984 0.000846829796 asynchronous_release_0
0.047231 -0.0250000004 0.000591722975 0.000806141378 asynchronous_release_0
0.043102 -0.0250000004 3.33794818e-05 -0.0349999841 asynchronous_release_0
0.040023 -0.0250000004 0.0223516348 -0.0269333329 asynchronous_release_0
0.036535 -0.0250000004 0.0278830177 0.0211550779 asynchronous_release_0
0.048502 -0.0250000004 0.0235758363 0.0258685126 asynchronous_release_0
0.047737 -0.0250000004 -7.19644111e-05 0.0009974072 asynchronous_release_0
0.025685 -0.0250000004 -7.86483186e-05 0.0349999116 asynchronous_release_0
0.013741 -0.0250000004 -0.000358629108 0.000933480135 asynchronous_release_0
0.014878 -0.0250000004 0.0306588647 -0.0168829503 asynchronous_release_0
0.019851 -0.0250000004 -0.0345548496 0.00556438369 asynchronous_release_0
0.010566 -0.0250000004 0.0184833293 0.0297214827 asynchronous_release_0
0.03256 -0.0250000004 -0.0164978944 0.0308677741 asynchronous_release_1
0.019971 -0.0250000004 0.0295055997 0.0188260348 asynchronous_release_0
0.043533 -0.0250000004 -0.0255452768 0.023925694 asynchronous_release_0
