0.000000 0.100219
0.000050 0.103899
0.000100 0.098345
0.000150 0.099801
0.000200 0.105986
0.000250 0.106816
0.000300 0.087580
0.000350 0.120426
0.000400 0.106259
0.000450 0.120089
0.000500 0.111333
0.000550 0.109795
0.000600 0.107309
0.000650 0.105975
0.000700 0.103483
0.000750 0.116125
0.000800 0.118484
0.000850 0.089730
0.000900 0.111694
0.000950 0.100832
0.001000 0.116205
0.001050 0.128817
0.001100 0.112107
0.001150 0.121467
0.001200 0.146199
0.001250 0.138975
0.001300 0.140073
0.001350 0.150565
0.001400 0.163082
0.001450 0.207450
0.001500 0.229966
0.001550 0.298994
0.001600 0.401340
0.001650 0.466118
0.001700 0.560592
0.001750 0.785734
0.001800 0.948222
0.001850 1.201500
0.001900 1.422099
0.001950 1.638435
0.002000 1.928947
0.002050 2.127581
0.002100 2.277881
0.002150 2.409983
0.002200 2.479793
0.002250 2.484133
0.002300 2.485205
0.002350 2.226789
0.002400 1.957409
0.002450 1.786109
0.002500 1.545368
0.002550 1.377338
0.002600 1.196634
0.002650 1.047784
0.002700 0.941991
0.002750 0.881943
0.002800 0.805875
0.002850 0.756419
0.002900 0.676294
0.002950 0.652164
0.003000 0.633320
0.003050 0.577960
0.003100 0.564546
0.003150 0.555134
0.003200 0.515745
0.003250 0.553711
0.003300 0.540151
0.003350 0.507229
0.003400 0.517999
0.003450 0.480075
0.003500 0.486767
0.003550 0.460747
0.003600 0.436448
0.003650 0.439096
0.003700 0.465537
0.003750 0.434255
0.003800 0.433387
0.003850 0.402789
0.003900 0.407838
0.003950 0.420706
0.004000 0.392837
0.004050 0.395819
0.004100 0.392103
0.004150 0.376645
0.004200 0.365626
0.004250 0.385844
0.004300 0.400566
0.004350 0.381864
0.004400 0.405794
0.004450 0.374212
0.004500 0.381703
0.004550 0.378043
0.004600 0.340966
0.004650 0.384370
0.004700 0.395538
0.004750 0.359702
0.004800 0.359951
0.004850 0.375273
0.004900 0.364894
0.004950 0.335650
0.005000 0.392136
0.005050 0.338162
0.005100 0.347514
0.005150 0.331916
0.005200 0.347932
0.005250 0.361904
0.005300 0.326331
0.005350 0.323473
0.005400 0.358062
0.005450 0.349300
0.005500 0.349628
0.005550 0.328578
0.005600 0.379398
0.005650 0.344934
0.005700 0.357152
0.005750 0.346944
0.005800 0.327679
0.005850 0.317343
0.005900 0.324820
0.005950 0.338954
0.006000 0.314582
0.006050 0.328984
0.006100 0.331665
0.006150 0.339217
0.006200 0.316542
0.006250 0.293660
0.006300 0.309314
0.006350 0.340028
0.006400 0.316985
0.006450 0.312853
0.006500 0.323905
0.006550 0.287773
0.006600 0.312875
0.006650 0.317861
0.006700 0.294146
0.006750 0.300306
0.006800 0.288598
0.006850 0.315212
0.006900 0.310513
0.006950 0.313481
0.007000 0.304032
0.007050 0.292034
0.007100 0.310595
0.007150 0.306431
0.007200 0.293108
0.007250 0.287894
0.007300 0.298220
0.007350 0.313706
0.007400 0.301108
0.007450 0.325962
0.007500 0.300635
0.007550 0.293095
0.007600 0.307953
0.007650 0.288355
0.007700 0.286407
0.007750 0.296021
0.007800 0.303834
0.007850 0.301104
0.007900 0.299007
0.007950 0.286039
0.008000 0.296382
0.008050 0.308750
0.008100 0.282111
0.008150 0.244365
0.008200 0.272967
0.008250 0.305631
0.008300 0.307204
0.008350 0.285662
0.008400 0.287942
0.008450 0.311896
0.008500 0.273900
0.008550 0.284294
0.008600 0.289550
0.008650 0.280322
0.008700 0.278849
0.008750 0.282143
0.008800 0.263939
0.008850 0.280709
0.008900 0.278113
0.008950 0.279291
0.009000 0.273648
0.009050 0.261942
0.009100 0.278262
0.009150 0.256616
0.009200 0.298107
0.009250 0.285253
0.009300 0.267547
0.009350 0.290573
0.009400 0.272799
0.009450 0.277383
0.009500 0.267747
0.009550 0.270087
0.009600 0.293340
0.009650 0.248892
0.009700 0.282564
0.009750 0.274648
0.009800 0.262896
0.009850 0.273566
0.009900 0.274677
0.009950 0.271033
0.010000 0.264146
0.010050 0.254962
0.010100 0.260895
0.010150 0.256949
0.010200 0.254818
0.010250 0.250212
0.010300 0.269165
0.010350 0.283637
0.010400 0.275771
0.010450 0.274535
0.010500 0.257480
0.010550 0.257166
0.010600 0.283285
0.010650 0.259079
0.010700 0.261215
0.010750 0.252173
0.010800 0.274928
0.010850 0.270336
0.010900 0.261760
0.010950 0.267388
0.011000 0.270684
0.011050 0.258950
0.011100 0.270716
0.011150 0.269670
0.011200 0.263680
0.011250 0.278196
0.011300 0.267501
0.011350 0.242319
0.011400 0.274075
0.011450 0.254289
0.011500 0.263369
0.011550 0.248227
0.011600 0.241762
0.011650 0.263548
0.011700 0.261429
0.011750 0.253637
0.011800 0.262354
0.011850 0.268344
0.011900 0.223042
0.011950 0.256628
0.012000 0.253541
0.012050 0.254063
0.012100 0.243188
0.012150 0.244884
0.012200 0.238044
0.012250 0.250572
0.012300 0.258331
0.012350 0.275873
0.012400 0.266004
0.012450 0.236780
0.012500 0.260683
0.012550 0.244317
0.012600 0.251553
0.012650 0.272099
0.012700 0.245473
0.012750 0.256691
0.012800 0.261374
0.012850 0.230780
0.012900 0.256047
0.012950 0.260303
0.013000 0.271408
0.013050 0.265624
0.013100 0.267150
0.013150 0.240986
0.013200 0.255877
0.013250 0.256587
0.013300 0.249842
0.013350 0.263402
0.013400 0.233549
0.013450 0.233345
0.013500 0.260795
0.013550 0.245587
0.013600 0.258069
0.013650 0.272345
0.013700 0.235364
0.013750 0.244358
0.013800 0.252078
0.013850 0.247384
0.013900 0.254648
0.013950 0.233442
0.014000 0.252203
0.014050 0.233953
0.014100 0.244669
0.014150 0.230803
0.014200 0.233047
0.014250 0.254489
0.014300 0.240867
0.014350 0.247849
0.014400 0.241332
0.014450 0.257668
0.014500 0.244502
0.014550 0.253110
0.014600 0.242479
0.014650 0.232043
0.014700 0.222101
0.014750 0.237821
0.014800 0.232031
0.014850 0.243775
0.014900 0.253555
0.014950 0.225643
0.015000 0.225755
0.015050 0.239469
0.015100 0.232726
0.015150 0.268182
0.015200 0.234153
0.015250 0.232233
0.015300 0.222629
0.015350 0.231421
0.015400 0.244944
0.015450 0.237528
0.015500 0.250575
0.015550 0.227565
0.015600 0.240650
0.015650 0.241938
0.015700 0.235372
0.015750 0.224960
0.015800 0.247743
0.015850 0.219235
0.015900 0.237359
0.015950 0.265263
0.016000 0.267757
0.016050 0.244199
0.016100 0.230441
0.016150 0.226931
0.016200 0.252972
0.016250 0.222538
0.016300 0.231398
0.016350 0.235100
0.016400 0.246740
0.016450 0.212954
0.016500 0.232159
0.016550 0.230963
0.016600 0.257070
0.016650 0.233988
0.016700 0.219750
0.016750 0.246384
0.016800 0.234846
0.016850 0.212734
0.016900 0.260945
0.016950 0.236151
0.017000 0.224102
0.017050 0.223924
0.017100 0.221008
0.017150 0.214290
0.017200 0.202691
0.017250 0.219717
0.017300 0.219896
0.017350 0.235048
0.017400 0.222069
0.017450 0.219485
0.017500 0.222853
0.017550 0.236113
0.017600 0.227607
0.017650 0.230717
0.017700 0.240605
0.017750 0.237411
0.017800 0.237052
0.017850 0.221302
0.017900 0.200759
0.017950 0.214611
0.018000 0.196818
0.018050 0.237528
0.018100 0.240831
0.018150 0.211043
0.018200 0.209850
0.018250 0.220000
0.018300 0.216661
0.018350 0.229493
0.018400 0.240960
0.018450 0.213676
0.018500 0.225502
0.018550 0.219574
0.018600 0.238595
0.018650 0.225985
0.018700 0.204654
0.018750 0.216622
0.018800 0.219644
0.018850 0.232524
0.018900 0.212160
0.018950 0.229640
0.019000 0.207259
0.019050 0.236659
0.019100 0.239869
0.019150 0.214309
0.019200 0.217044
0.019250 0.240650
0.019300 0.233872
0.019350 0.216182
0.019400 0.212364
0.019450 0.226462
0.019500 0.212913
0.019550 0.224745
0.019600 0.207984
0.019650 0.213952
0.019700 0.229056
0.019750 0.221312
0.019800 0.203589
0.019850 0.235885
0.019900 0.226535
0.019950 0.215919
0.020000 0.225679
0.020050 0.221849
0.020100 0.216786
0.020150 0.214114
0.020200 0.215477
0.020250 0.203051
0.020300 0.248332
0.020350 0.207048
0.020400 0.211681
0.020450 0.213073
0.020500 0.220234
0.020550 0.223744
0.020600 0.194244
0.020650 0.231602
0.020700 0.214871
0.020750 0.222567
0.020800 0.210307
0.020850 0.227641
0.020900 0.222059
0.020950 0.203841
0.021000 0.221703
0.021050 0.219863
0.021100 0.231973
0.021150 0.236541
0.021200 0.246245
0.021250 0.265819
0.021300 0.284680
0.021350 0.292976
0.021400 0.349380
0.021450 0.386830
0.021500 0.441350
0.021550 0.537720
0.021600 0.716160
0.021650 0.899736
0.021700 1.033674
0.021750 1.298010
0.021800 1.596481
0.021850 1.934639
0.021900 2.369898
0.021950 2.708642
0.022000 3.027142
0.022050 3.311492
0.022100 3.560921
0.022150 3.672977
0.022200 3.796818
0.022250 3.732290
0.022300 3.650686
0.022350 3.405362
0.022400 3.096785
0.022450 2.750957
0.022500 2.424843
0.022550 2.248815
0.022600 1.959669
0.022650 1.738471
0.022700 1.531692
0.022750 1.438880
0.022800 1.404836
0.022850 1.271612
0.022900 1.161815
0.022950 1.130857
0.023000 1.057726
0.023050 1.047856
0.023100 0.960121
0.023150 0.947897
0.023200 0.866295
0.023250 0.912303
0.023300 0.827836
0.023350 0.791018
0.023400 0.773652
0.023450 0.774966
0.023500 0.739542
0.023550 0.783180
0.023600 0.737218
0.023650 0.735986
0.023700 0.711464
0.023750 0.717720
0.023800 0.723532
0.023850 0.687310
0.023900 0.649896
0.023950 0.653042
0.024000 0.626862
0.024050 0.666066
0.024100 0.616638
0.024150 0.588678
0.024200 0.660451
0.024250 0.637409
0.024300 0.653667
0.024350 0.559733
0.024400 0.573286
0.024450 0.594270
0.024500 0.606542
0.024550 0.626758
0.024600 0.556875
0.024650 0.584375
0.024700 0.555115
0.024750 0.549483
0.024800 0.574132
0.024850 0.567554
0.024900 0.575904
0.024950 0.554802
0.025000 0.543591
0.025050 0.539841
0.025100 0.513432
0.025150 0.536256
0.025200 0.523865
0.025250 0.500773
0.025300 0.548523
0.025350 0.530007
0.025400 0.533267
0.025450 0.577345
0.025500 0.515393
0.025550 0.505811
0.025600 0.506945
0.025650 0.495749
0.025700 0.532382
0.025750 0.525368
0.025800 0.489360
0.025850 0.493546
0.025900 0.478034
0.025950 0.520672
0.026000 0.467171
0.026050 0.494271
0.026100 0.511590
0.026150 0.480276
0.026200 0.490782
0.026250 0.488198
0.026300 0.475059
0.026350 0.504085
0.026400 0.464506
0.026450 0.483002
0.026500 0.447972
0.026550 0.485096
0.026600 0.453140
0.026650 0.460520
0.026700 0.442797
0.026750 0.464639
0.026800 0.440959
0.026850 0.423065
0.026900 0.438490
0.026950 0.476682
0.027000 0.460446
0.027050 0.423524
0.027100 0.480880
0.027150 0.441178
0.027200 0.440497
0.027250 0.443635
0.027300 0.435304
0.027350 0.427476
0.027400 0.425096
0.027450 0.450204
0.027500 0.428064
0.027550 0.413532
0.027600 0.413300
0.027650 0.414176
0.027700 0.431153
0.027750 0.432655
0.027800 0.419127
0.027850 0.418919
0.027900 0.427096
0.027950 0.411798
0.028000 0.422786
0.028050 0.463620
0.028100 0.434861
0.028150 0.423997
0.028200 0.413641
0.028250 0.425871
0.028300 0.414353
0.028350 0.388575
0.028400 0.420131
0.028450 0.432475
0.028500 0.408912
0.028550 0.401242
0.028600 0.382646
0.028650 0.413318
0.028700 0.397577
0.028750 0.408827
0.028800 0.403404
0.028850 0.391018
0.028900 0.379727
0.028950 0.396799
0.029000 0.405246
0.029050 0.392786
0.029100 0.368603
0.029150 0.383425
0.029200 0.395400
0.029250 0.386342
0.029300 0.381935
0.029350 0.386327
0.029400 0.388976
0.029450 0.388100
0.029500 0.375992
0.029550 0.385136
0.029600 0.380096
0.029650 0.373844
0.029700 0.367562
0.029750 0.398202
0.029800 0.370492
0.029850 0.379122
0.029900 0.356050
0.029950 0.375464
0.030000 0.363124
0.030050 0.382630
0.030100 0.378115
0.030150 0.372975
0.030200 0.372046
0.030250 0.373538
0.030300 0.384751
0.030350 0.366229
0.030400 0.375631
0.030450 0.382641
0.030500 0.363414
0.030550 0.370410
0.030600 0.361504
0.030650 0.377730
0.030700 0.351602
0.030750 0.349372
0.030800 0.365026
0.030850 0.373960
0.030900 0.346418
0.030950 0.398104
0.031000 0.363102
0.031050 0.328554
0.031100 0.376077
0.031150 0.353943
0.031200 0.358579
0.031250 0.375759
0.031300 0.359165
0.031350 0.343121
0.031400 0.349017
0.031450 0.375103
0.031500 0.372920
0.031550 0.349240
0.031600 0.370392
0.031650 0.364384
0.031700 0.342474
0.031750 0.350990
0.031800 0.366555
0.031850 0.364331
0.031900 0.357625
0.031950 0.365609
0.032000 0.322993
0.032050 0.342453
0.032100 0.321497
0.032150 0.329425
0.032200 0.338037
0.032250 0.351859
0.032300 0.371570
0.032350 0.356382
0.032400 0.350860
0.032450 0.339464
0.032500 0.342339
0.032550 0.329581
0.032600 0.349416
0.032650 0.373268
0.032700 0.349416
0.032750 0.340544
0.032800 0.343459
0.032850 0.366129
0.032900 0.341456
0.032950 0.356272
0.033000 0.342073
0.033050 0.350981
0.033100 0.349323
0.033150 0.315123
0.033200 0.330645
0.033250 0.327591
0.033300 0.329194
0.033350 0.324794
0.033400 0.327735
0.033450 0.322651
0.033500 0.337676
0.033550 0.343362
0.033600 0.365900
0.033650 0.343382
0.033700 0.351815
0.033750 0.339331
0.033800 0.327470
0.033850 0.330474
0.033900 0.351826
0.033950 0.330434
0.034000 0.310311
0.034050 0.328293
0.034100 0.337477
0.034150 0.337127
0.034200 0.330612
0.034250 0.316524
0.034300 0.304437
0.034350 0.324635
0.034400 0.329765
0.034450 0.325259
0.034500 0.304151
0.034550 0.348693
0.034600 0.311656
0.034650 0.316100
0.034700 0.322650
0.034750 0.330622
0.034800 0.310750
0.034850 0.304056
0.034900 0.289646
0.034950 0.322076
0.035000 0.318896
0.035050 0.341678
0.035100 0.314646
0.035150 0.318476
0.035200 0.337129
0.035250 0.331859
0.035300 0.307479
0.035350 0.322645
0.035400 0.319443
0.035450 0.324039
0.035500 0.323679
0.035550 0.331151
0.035600 0.309423
0.035650 0.321877
0.035700 0.320085
0.035750 0.330459
0.035800 0.321519
0.035850 0.304645
0.035900 0.335156
0.035950 0.308196
0.036000 0.332316
0.036050 0.310330
0.036100 0.286808
0.036150 0.334866
0.036200 0.317150
0.036250 0.305896
0.036300 0.322950
0.036350 0.329156
0.036400 0.293836
0.036450 0.308742
0.036500 0.312015
0.036550 0.275043
0.036600 0.295828
0.036650 0.288808
0.036700 0.289111
0.036750 0.310025
0.036800 0.306705
0.036850 0.286399
0.036900 0.325132
0.036950 0.269304
0.037000 0.305876
0.037050 0.283238
0.037100 0.287258
0.037150 0.281624
0.037200 0.316199
0.037250 0.308393
0.037300 0.314003
0.037350 0.283733
0.037400 0.307271
0.037450 0.308405
0.037500 0.306541
0.037550 0.321215
0.037600 0.306582
0.037650 0.309234
0.037700 0.283208
0.037750 0.272956
0.037800 0.291431
0.037850 0.294821
0.037900 0.261035
0.037950 0.297797
0.038000 0.277631
0.038050 0.315299
0.038100 0.278343
0.038150 0.293959
0.038200 0.305048
0.038250 0.320012
0.038300 0.303589
0.038350 0.299391
0.038400 0.280567
0.038450 0.292471
0.038500 0.269728
0.038550 0.297850
0.038600 0.269654
0.038650 0.288564
0.038700 0.299799
0.038750 0.297111
0.038800 0.308400
0.038850 0.280834
0.038900 0.294450
0.038950 0.297200
0.039000 0.318706
0.039050 0.293376
0.039100 0.285176
0.039150 0.291842
0.039200 0.285190
0.039250 0.273798
0.039300 0.311945
0.039350 0.275379
0.039400 0.282859
0.039450 0.291159
0.039500 0.295537
0.039550 0.293597
0.039600 0.291651
0.039650 0.281759
0.039700 0.264676
0.039750 0.314394
0.039800 0.313293
0.039850 0.285855
0.039900 0.297466
0.039950 0.270722
0.040000 0.285531
0.040050 0.291575
0.040100 0.260705
0.040150 0.261077
0.040200 0.302507
0.040250 0.279613
0.040300 0.274389
0.040350 0.268339
0.040400 0.264695
0.040450 0.305589
0.040500 0.302031
0.040550 0.290341
0.040600 0.282674
0.040650 0.292888
0.040700 0.306401
0.040750 0.273453
0.040800 0.292673
0.040850 0.277609
0.040900 0.257577
0.040950 0.297333
0.041000 0.267451
0.041050 0.294179
0.041100 0.259281
0.041150 0.258865
0.041200 0.288974
0.041250 0.274590
0.041300 0.264290
0.041350 0.281278
0.041400 0.264340
0.041450 0.267262
0.041500 0.280168
0.041550 0.273986
0.041600 0.254455
0.041650 0.281559
0.041700 0.272022
0.041750 0.295892
0.041800 0.272140
0.041850 0.262550
0.041900 0.278097
0.041950 0.298741
0.042000 0.277410
0.042050 0.282948
0.042100 0.259002
0.042150 0.262824
0.042200 0.271731
0.042250 0.288285
0.042300 0.254079
0.042350 0.274873
0.042400 0.273668
0.042450 0.316660
0.042500 0.261089
0.042550 0.255591
0.042600 0.271400
0.042650 0.256522
0.042700 0.252708
0.042750 0.273706
0.042800 0.275068
0.042850 0.277294
0.042900 0.240874
0.042950 0.275708
0.043000 0.287418
0.043050 0.258656
0.043100 0.283301
0.043150 0.248417
0.043200 0.257528
0.043250 0.257146
0.043300 0.253296
0.043350 0.266794
0.043400 0.275126
0.043450 0.286098
0.043500 0.270108
0.043550 0.278480
0.043600 0.260692
0.043650 0.255954
0.043700 0.276576
0.043750 0.273618
0.043800 0.291699
0.043850 0.301941
0.043900 0.255084
0.043950 0.272308
0.044000 0.262281
0.044050 0.270743
0.044100 0.263341
0.044150 0.254147
0.044200 0.286518
0.044250 0.264954
0.044300 0.241544
0.044350 0.259792
0.044400 0.259434
0.044450 0.266196
0.044500 0.280110
0.044550 0.258392
0.044600 0.243746
0.044650 0.286268
0.044700 0.251964
0.044750 0.273994
0.044800 0.239588
0.044850 0.261642
0.044900 0.266690
0.044950 0.258256
0.045000 0.261508
0.045050 0.261164
0.045100 0.260820
0.045150 0.266804
0.045200 0.261949
0.045250 0.265233
0.045300 0.283948
0.045350 0.271854
0.045400 0.283355
0.045450 0.274875
0.045500 0.256347
0.045550 0.255999
0.045600 0.258390
0.045650 0.248908
0.045700 0.265931
0.045750 0.245455
0.045800 0.247838
0.045850 0.252066
0.045900 0.277446
0.045950 0.231150
0.046000 0.261147
0.046050 0.241455
0.046100 0.269696
0.046150 0.281398
0.046200 0.248739
0.046250 0.243755
0.046300 0.265639
0.046350 0.269963
0.046400 0.257580
0.046450 0.244228
0.046500 0.260626
0.046550 0.290126
0.046600 0.248814
0.046650 0.240994
0.046700 0.236890
0.046750 0.255238
0.046800 0.245536
0.046850 0.264882
0.046900 0.253304
0.046950 0.248270
0.047000 0.240398
0.047050 0.246632
0.047100 0.255716
0.047150 0.269550
0.047200 0.275869
0.047250 0.279371
0.047300 0.247846
0.047350 0.254142
0.047400 0.251918
0.047450 0.262038
0.047500 0.237004
0.047550 0.240452
0.047600 0.256301
0.047650 0.247397
0.047700 0.269026
0.047750 0.236232
0.047800 0.270326
0.047850 0.261418
0.047900 0.253442
0.047950 0.233922
0.048000 0.237406
0.048050 0.241864
0.048100 0.260782
0.048150 0.261444
0.048200 0.257284
0.048250 0.272432
0.048300 0.263453
0.048350 0.263159
0.048400 0.258989
0.048450 0.241227
0.048500 0.229237
0.048550 0.251231
0.048600 0.249942
0.048650 0.249624
0.048700 0.257106
0.048750 0.273396
0.048800 0.267266
0.048850 0.246448
0.048900 0.255916
0.048950 0.225234
0.049000 0.241547
0.049050 0.259875
0.049100 0.243855
0.049150 0.248451
0.049200 0.246167
0.049250 0.241905
0.049300 0.243553
0.049350 0.231375
0.049400 0.230040
0.049450 0.255432
0.049500 0.249190
0.049550 0.242930
0.049600 0.248568
0.049650 0.257206
0.049700 0.242986
0.049750 0.238684
0.049800 0.280232
0.049850 0.271008
0.049900 0.243775
