0.025937 -0.0250000004 0.0341613113 -0.00761608893 synchronous_release_0
0.026817 -0.0250000004 -0.023951161 0.0255214005 synchronous_release_0
0.022666 -0.0250000004 0.0666372674 -0.0214353586 synchronous_release_0
0.026392 -0.0250000004 -0.0163070142 -0.0309690376 synchronous_release_0
0.037218 -0.0250000004 0.0338147739 -0.00903111671 synchronous_release_0
0.038444 -0.0250000004 0.032116609 0.0139112698 synchronous_release_0
0.022719 -0.0250000004 0.0347337741 -0.00430870481 synchronous_release_0
0.024743 -0.0250000004 -0.000797087978 0.000603863192 synchronous_release_0
0.031321 -0.0250000004 0.0346178809 -0.00515774407 synchronous_release_0
0.025015 -0.0250000004 0.0336773959 -0.00953063515 synchronous_release_1
0.025697 -0.0250000004 -0.0246599807 0.0248371768 synchronous_release_0
0.027249 -0.0250000004 0.0268879371 0.0224062233 synchronous_release_0
0.031745 -0.0250000004 0.0172763476 0.0304389194 synchronous_release_0
0.031814 -0.0250000004 0.00131076353 0.0349754471 synchronous_release_0
0.025423 -0.0250000004 0.0284789079 -0.0203458055 synchronous_release_0
0.037324 -0.0250000004 0.0309783022 0.0162894073 synchronous_release_0
0.026799 -0.0250000004 0.0323340746 0.0133980455 synchronous_release_0
0.039864 -0.0250000004 0.0349893166 0.00086471031 synchronous_release_0
0.02275 -0.0250000004 0.0330868794 0.0114130809 synchronous_release_1
0.030865 -0.0250000004 0.0108684961 -0.0332697429 synchronous_release_0
0.022914 -0.0250000004 0.0306688825 0.0168647457 synchronous_release_0
0.029461 -0.0250000004 0.00379693859 0.034793437 synchronous_release_0
0.025228 -0.0250000004 -0.00866386535 0.0339107275 synchronous_release_0
0.024043 -0.0250000004 0.0105116186 0.0333842159 synchronous_release_0
0.029678 -0.0250000004 0.0244891337 -0.025005646 synchronous_release_0
0.003492 -0.0250000004 0.0266442978 0.0226954047 synchronous_release_0
0.027423 -0.0250000004 0.0347394549 0.00426266035 synchronous_release_0
0.022617 -0.0250000004 0.0164207641 -0.0309088742 synchronous_release_0
0.030249 -0.0250000004 0.0303403532 -0.0174488672 synchronous_release_0
0.023116 -0.0250000004 0.0247793823 -0.0247180544 synchronous_release_0
0.028943 -0.0250000004 0.0321165038 0.0139115125 synchronous_release_0
0.028589 -0.0250000004 0.0347628869 -0.00406714841 synchronous_release_0
0.024606 -0.0250000004 0.0348178279 -0.00356635092 synchronous_release_1
0.024924 -0.0250000004 0.033683695 0.00950834861 synchronous_release_0
0.042903 -0.0250000004 -0.0015018034 -0.034967765 synchronous_release_0
0.02301 -0.0250000004 0.022308435 0.0269691254 synchronous_release_0
0.022603 -0.0250000004 0.0342207922 -0.00734420709 synchronous_release_0
0.033669 -0.0250000004 0.0309232966 -0.0163935879 synchronous_release_0
0.022713 -0.0250000004 0.0223445694 0.0269391948 synchronous_release_0
0.023647 -0.0250000004 0.0236896548 -0.0257643214 synchronous_release_0
0.028241 -0.0250000004 0.000992332612 0.000123596068 synchronous_release_0
0.027356 -0.0250000004 0.0317739662 -0.0146770253 synchronous_release_0
0.033744 -0.0250000004 0.0168633378 0.0306696566 synchronous_release_0
