0.028628 -0.0250000004 0.0334188055 0.0104011267 synchronous_release_0
0.028842 -0.0250000004 -0.00269137584 0.0348963679 asynchronous_release_0
0.022462 -0.0250000004 0.0322844858 -0.0135170994 synchronous_release_0
0.045116 -0.0250000004 -0.00436583036 -0.03472664 asynchronous_release_0
0.024625 -0.0250000004 0.0285276019 0.0202774734 synchronous_release_0
0.007327 -0.0250000004 0.0349719143 0.00140185938 synchronous_release_0
0.032711 -0.0250000004 -0.0001419785 -0.000989869742 asynchronous_release_0
0.048153 -0.0250000004 0.0205796152 0.0283104122 asynchronous_release_0
0.045263 -0.0250000004 0.000897828235 -0.000440345842 asynchronous_release_0
0.029896 -0.0250000004 0.034037148 -0.00815307027 asynchronous_release_1
0.040326 -0.0250000004 0.00046602434 0.0349968973 asynchronous_release_0
0.041536 -0.0250000004 0.0283216439 -0.0205641554 asynchronous_release_0
0.02333 -0.0250000004 0.0231131841 -0.0262827076 synchronous_release_0
0.026024 -0.0250000004 -0.0128769881 0.0325450945 synchronous_release_0
0.0349 -0.0250000004 0.0344986542 -0.0059027838 asynchronous_release_0
0.049895 -0.0250000004 -0.0349880196 -0.000915686286 asynchronous_release_0
0.048157 -0.0250000004 -0.000510838302 -0.000859676817 asynchronous_release_0
0.023958 -0.0250000004 -0.0295530057 0.0187515294 synchronous_release_0
0.015868 -0.0250000004 8.70258068e-05 0.000996206057 asynchronous_release_0
0.030831 -0.0250000004 0.0034304966 -0.0348314756 synchronous_release_0
0.0171 -0.0250000004 0.0189365288 0.0294348072 asynchronous_release_0
0.049794 -0.0250000004 -0.0331537413 0.0112173721 asynchronous_release_0
0.027174 -0.0250000004 0.034322381 -0.00685377002 synchronous_release_0
0.042129 -0.0250000004 0.00908621043 -0.0338000115 asynchronous_release_0
0.024996 -0.0250000004 0.000990560859 -0.000137073649 synchronous_release_0
0.034295 -0.0250000004 0.0341935609 -0.00746996618 synchronous_release_0
0.019156 -0.0250000004 0.0341754487 0.0075523973 asynchronous_release_0
0.029985 -0.0250000004 0.000233181487 0.000972433234 synchronous_release_0
0.021216 -0.0250000004 0.0102090844 -0.0334779718 asynchronous_release_0
0.034167 -0.0250000004 -0.00169618715 0.0349588751 synchronous_release_0
0.025304 -0.0250000004 -0.0334876131 0.0101774145 asynchronous_release_0
0.045145 -0.0250000004 0.00839170963 0.0339790996 asynchronous_release_0
0.043463 -0.0250000004 -0.0277003611 -0.0213936905 asynchronous_release_0
0.033982 -0.0250000004 0.0349720639 -0.00139812338 asynchronous_release_0
0.024574 -0.0250000004 -0.0211568812 0.0278816495 asynchronous_release_0
0.040594 -0.0250000004 -0.0331031085 0.011365923 asynchronous_release_0
0.0366 -0.0250000004 -0.000163713269 -0.000986507965 asynchronous_release_0
0.034287 -0.0250000004 0.0222785723 0.0269937996 synchronous_release_0
0.031988 -0.0250000004 0.00991542422 -0.0335661193 synchronous_release_0
0.041014 -0.0250000004 0.0338655515 -0.00883880188 synchronous_release_0
0.045043 -0.0250000004 -0.0201967764 -0.02858479 asynchronous_release_1
0.032518 -0.0250000004 0.00236916967 0.0349197227 asynchronous_release_0
0.029314 -0.0250000004 0.000498144601 -0.000867093972 asynchronous_release_0
0.024006 -0.0250000004 0.0134554092 -0.0323102455 synchronous_release_0
0.037177 -0.0250000004 0.00939571857 0.0337152854 asynchronous_release_0
0.042856 -0.0250000004 0.00436823006 -0.0347263382 asynchronous_release_0
0.025513 -0.0250000004 0.00334345498 -0.0348399384 asynchronous_release_0
0.031794 -0.0250000004 0.0207703525 0.0281707731 synchronous_release_0
0.015233 -0.0250000004 0.000762867602 -0.000646554732 asynchronous_release_0
0.029169 -0.0250000004 0.00049973155 -0.000866180338 asynchronous_release_0
0.010866 -0.0250000004 0.0135024907 0.0322905984 asynchronous_release_0
0.01482 -0.0250000004 -0.0349540825 -0.00179223846 spontaneous_release
0.022904 -0.0250000004 0.0096950844 -0.0336304228 synchronous_release_0
0.009431 -0.0250000004 0.0343088764 -0.00692105498 synchronous_release_0
0.032807 -0.0250000004 -0.0239588499 0.0255141825 asynchronous_release_0
0.033051 -0.0250000004 0.00820491653 0.0340246873 synchronous_release_0
0.03587 -0.0250000004 -0.00248188915 -0.0349118923 synchronous_release_0
0.04922 -0.0250000004 0.0349000705 0.00264292984 asynchronous_release_0
0.007796 -0.0250000004 0.0292112596 0.0192795828 synchronous_release_0
0.035793 -0.0250000004 0.0348328767 -0.00341624048 synchronous_release_0
0.029397 -0.0250000004 -0.000472562318 -0.000881297257 asynchronous_release_0
0.032973 -0.0250000004 0.0161114978 0.0310712027 asynchronous_release_0
0.002369 -0.0250000004 0.0336315548 0.00969115704 synchronous_release_0
0.031471 -0.0250000004 0.00099859397 5.30102124e-05 asynchronous_release_0
0.02203 -0.0250000004 0.0349523212 0.001826264 synchronous_release_0
0.03784 -0.0250000004 0.0323232831 0.0134240593 asynchronous_release_0
0.046227 -0.0250000004 -0.0239489862 0.0255234414 asynchronous_release_0
0.024249 -0.0250000004 0.0191433886 0.0293006941 synchronous_release_0
0.026816 -0.0250000004 0.0339501598 0.00850803426 synchronous_release_0
0.027805 -0.0250000004 0.0287497825 0.0199612125 asynchronous_release_0
0.030504 -0.0250000004 0.0343261324 -0.00683495691 synchronous_release_0
0.027241 -0.0250000004 0.0166653196 0.030777705 synchronous_release_0
0.04093 -0.0250000004 0.000995253043 9.73210194e-05 asynchronous_release_0
0.037392 -0.0250000004 -0.000919488388 -0.000393117164 asynchronous_release_0
0.049683 -0.0250000004 -0.000400662721 0.000916225619 asynchronous_release_0
0.032266 -0.0250000004 0.034349611 0.00671596769 synchronous_release_0
0.037367 -0.0250000004 -0.0157363465 0.0312628757 asynchronous_release_0
0.0228 -0.0250000004 0.0348268791 0.00347685114 asynchronous_release_0
0.031297 -0.0250000004 0.0536734345 0.0449350913 synchronous_release_0
0.043168 -0.0250000004 0.000353663634 0.000935372671 asynchronous_release_0
0.024789 -0.0250000004 0.0298301869 -0.0183073742 synchronous_release_0
0.026346 -0.0250000004 0.0235132089 -0.025925451 synchronous_release_0
0.045075 -0.0250000004 0.0343448747 -0.00674014679 asynchronous_release_0
0.027644 -0.0250000004 0.0204501675 -0.0284040604 synchronous_release_0
0.043375 -0.0250000004 -0.0340233473 0.00821047138 asynchronous_release_0
0.040355 -0.0250000004 0.0292002976 -0.0192961815 asynchronous_release_0
0.019292 -0.0250000004 0.014154124 0.0320103229 asynchronous_release_1
0.021557 -0.0250000004 0.0197527745 0.0288933885 asynchronous_release_0
0.028257 -0.0250000004 -0.0197527745 -0.0288933885 synchronous_release_0
0.023797 -0.0250000004 0.0603834647 0.00537002669 synchronous_release_0
0.023395 -0.0250000004 0.0232150809 -0.0261927474 synchronous_release_0
0.024659 -0.0250000004 -0.0297052675 -0.0185093783 synchronous_release_0
0.02262 -0.0250000004 0.0172964453 -0.0304275037 synchronous_release_0
0.026613 -0.0250000004 -0.00436232641 -0.0347270803 asynchronous_release_0
0.046073 -0.0250000004 0.0338951255 -0.00872470455 asynchronous_release_0
0.043601 -0.0250000004 -0.000949457308 -0.000313896193 asynchronous_release_0
0.023592 -0.0250000004 0.0189673352 -0.0294149655 synchronous_release_0
0.024144 -0.0250000004 -0.0110736383 -0.0332020261 asynchronous_release_0
0.039595 -0.0250000004 0.0164870762 0.0308735537 asynchronous_release_0
0.025741 -0.0250000004 -0.0325975715 -0.0127435604 synchronous_release_0
0.039269 -0.0250000004 0.000918502018 0.000395416292 asynchronous_release_0
0.022595 -0.0250000004 0.0242795113 -0.0252092311 synchronous_release_0
0.046645 -0.0250000004 0.000999648921 2.64959394e-05 asynchronous_release_0
0.0339 -0.0250000004 -0.0347814516 0.00390520476 synchronous_release_0
0.04094 -0.0250000004 -0.000902465408 -0.000430762334 asynchronous_release_0
0.031689 -0.0250000004 0.0257251534 -0.0237321825 synchronous_release_1
0.045294 -0.0250000004 -0.0134118861 0.032328336 asynchronous_release_0
0.04742 -0.0250000004 0.0343072729 -0.00692899912 asynchronous_release_0
