0.00000	1.22400
0.00005	1.22400
0.00010	4.89600
0.00015	1.83600
0.00020	8.56800
0.00025	3.67200
0.00030	3.06000
0.00035	0.61200
0.00040	1.22400
0.00045	2.44800
0.00050	3.67200
0.00055	0.61200
0.00060	13.46400
0.00065	1.22400
0.00070	9.18000
0.00075	0.61200
0.00080	4.28400
0.00085	6.73200
0.00090	7.95600
0.00095	6.73200
0.00100	14.07600
0.00105	18.97200
0.00110	24.48000
0.00115	20.80800
0.00120	23.25600
0.00125	39.16800
0.00130	63.64800
0.00135	45.28800
0.00140	51.40800
0.00145	52.02000
0.00150	119.95200
0.00155	179.92800
0.00160	244.18800
0.00165	271.72800
0.00170	373.93200
0.00175	479.19600
0.00180	589.35600
0.00185	756.43200
0.00190	875.16000
0.00195	941.86800
0.00200	1006.74000
0.00205	1304.17200
0.00210	1201.96800
0.00215	1328.04000
0.00220	1452.88800
0.00225	1512.25200
0.00230	1468.18800
0.00235	1302.94800
0.00240	1190.95200
0.00245	1151.78400
0.00250	933.30000
0.00255	823.14000
0.00260	779.68800
0.00265	813.96000
0.00270	521.42400
0.00275	554.47200
0.00280	493.27200
0.00285	473.07600
0.00290	381.27600
0.00295	351.90000
0.00300	332.31600
0.00305	258.26400
0.00310	341.49600
0.00315	282.13200
0.00320	225.82800
0.00325	241.12800
0.00330	251.53200
0.00335	214.81200
0.00340	212.36400
0.00345	182.37600
0.00350	175.03200
0.00355	219.09600
0.00360	216.03600
0.00365	134.02800
0.00370	142.59600
0.00375	154.22400
0.00380	182.98800
0.00385	132.19200
0.00390	143.20800
0.00395	172.58400
0.00400	119.95200
0.00405	134.02800
0.00410	112.60800
0.00415	110.77200
0.00420	118.11600
0.00425	91.18800
0.00430	88.12800
0.00435	93.63600
0.00440	131.58000
0.00445	88.12800
0.00450	85.68000
0.00455	103.42800
0.00460	88.74000
0.00465	66.70800
0.00470	80.17200
0.00475	90.57600
0.00480	96.69600
0.00485	83.84400
0.00490	83.84400
0.00495	79.56000
0.00500	76.50000
0.00505	72.21600
0.00510	104.65200
0.00515	69.15600
0.00520	112.60800
0.00525	63.64800
0.00530	108.93600
0.00535	82.62000
0.00540	69.15600
0.00545	110.77200
0.00550	83.23200
0.00555	61.20000
0.00560	58.75200
0.00565	114.44400
0.00570	51.40800
0.00575	97.92000
0.00580	86.90400
0.00585	75.27600
0.00590	57.52800
0.00595	92.41200
0.00600	75.88800
0.00605	66.70800
0.00610	100.98000
0.00615	65.48400
0.00620	49.57200
0.00625	41.00400
0.00630	51.40800
0.00635	83.23200
0.00640	38.55600
0.00645	85.68000
0.00650	86.29200
0.00655	55.69200
0.00660	47.12400
0.00665	53.24400
0.00670	66.09600
0.00675	54.46800
0.00680	47.73600
0.00685	86.90400
0.00690	75.88800
0.00695	53.85600
0.00700	58.75200
0.00705	41.00400
0.00710	69.76800
0.00715	79.56000
0.00720	96.69600
0.00725	42.84000
0.00730	67.93200
0.00735	61.20000
0.00740	75.27600
0.00745	52.02000
0.00750	84.45600
0.00755	70.38000
0.00760	59.36400
0.00765	69.76800
0.00770	53.85600
0.00775	70.38000
0.00780	75.88800
0.00785	51.40800
0.00790	85.06800
0.00795	70.99200
0.00800	47.12400
0.00805	48.34800
0.00810	51.40800
0.00815	56.30400
0.00820	52.02000
0.00825	72.21600
0.00830	59.36400
0.00835	52.02000
0.00840	42.84000
0.00845	59.36400
0.00850	64.87200
0.00855	44.06400
0.00860	75.27600
0.00865	72.21600
0.00870	64.26000
0.00875	49.57200
0.00880	56.30400
0.00885	56.30400
0.00890	75.88800
0.00895	66.70800
0.00900	80.78400
0.00905	94.86000
0.00910	73.44000
0.00915	56.91600
0.00920	89.35200
0.00925	91.18800
0.00930	45.90000
0.00935	45.90000
0.00940	69.76800
0.00945	67.93200
0.00950	53.85600
0.00955	66.70800
0.00960	45.28800
0.00965	61.81200
0.00970	43.45200
0.00975	56.30400
0.00980	37.94400
0.00985	50.18400
0.00990	74.66400
0.00995	38.55600
0.01000	55.69200
0.01005	63.03600
0.01010	45.90000
0.01015	39.78000
0.01020	46.51200
0.01025	46.51200
0.01030	59.97600
0.01035	42.84000
0.01040	38.55600
0.01045	99.14400
0.01050	55.69200
0.01055	41.61600
0.01060	74.05200
0.01065	44.67600
0.01070	28.15200
0.01075	56.30400
0.01080	36.72000
0.01085	59.36400
0.01090	49.57200
0.01095	25.09200
0.01100	19.58400
0.01105	44.67600
0.01110	67.93200
0.01115	59.97600
0.01120	51.40800
0.01125	55.69200
0.01130	50.79600
0.01135	60.58800
0.01140	53.24400
0.01145	44.06400
0.01150	37.33200
0.01155	66.09600
0.01160	42.22800
0.01165	63.03600
0.01170	51.40800
0.01175	48.96000
0.01180	38.55600
0.01185	31.82400
0.01190	25.09200
0.01195	65.48400
0.01200	47.12400
0.01205	44.06400
0.01210	44.06400
0.01215	23.25600
0.01220	43.45200
0.01225	53.85600
0.01230	44.06400
0.01235	33.66000
0.01240	37.94400
0.01245	56.91600
0.01250	30.60000
0.01255	35.49600
0.01260	47.73600
0.01265	25.09200
0.01270	31.82400
0.01275	39.78000
0.01280	64.26000
0.01285	33.04800
0.01290	61.20000
0.01295	50.79600
0.01300	63.03600
0.01305	23.86800
0.01310	25.09200
0.01315	39.78000
0.01320	45.90000
0.01325	39.16800
0.01330	42.22800
0.01335	52.02000
0.01340	44.67600
0.01345	44.06400
0.01350	36.72000
0.01355	51.40800
0.01360	53.24400
0.01365	54.46800
0.01370	20.80800
0.01375	52.63200
0.01380	23.25600
0.01385	44.06400
0.01390	32.43600
0.01395	29.98800
0.01400	49.57200
0.01405	33.66000
0.01410	34.27200
0.01415	48.34800
0.01420	31.21200
0.01425	50.18400
0.01430	73.44000
0.01435	44.06400
0.01440	21.42000
0.01445	36.72000
0.01450	26.31600
0.01455	26.92800
0.01460	30.60000
0.01465	52.63200
0.01470	49.57200
0.01475	42.84000
0.01480	52.02000
0.01485	23.86800
0.01490	41.61600
0.01495	48.34800
0.01500	72.21600
0.01505	38.55600
0.01510	42.84000
0.01515	34.27200
0.01520	43.45200
0.01525	25.09200
0.01530	34.27200
0.01535	44.06400
0.01540	44.06400
0.01545	26.92800
0.01550	57.52800
0.01555	42.22800
0.01560	29.98800
0.01565	43.45200
0.01570	34.27200
0.01575	33.04800
0.01580	45.90000
0.01585	34.88400
0.01590	41.61600
0.01595	46.51200
0.01600	42.22800
0.01605	35.49600
0.01610	30.60000
0.01615	66.70800
0.01620	47.12400
0.01625	41.00400
0.01630	39.16800
0.01635	49.57200
0.01640	47.73600
0.01645	70.38000
0.01650	37.94400
0.01655	67.93200
0.01660	52.02000
0.01665	50.18400
0.01670	52.02000
0.01675	31.82400
0.01680	59.36400
0.01685	62.42400
0.01690	51.40800
0.01695	47.73600
0.01700	20.80800
0.01705	40.39200
0.01710	58.75200
0.01715	36.10800
0.01720	40.39200
0.01725	45.90000
0.01730	44.67600
0.01735	39.78000
0.01740	57.52800
0.01745	41.61600
0.01750	42.84000
0.01755	17.13600
0.01760	31.21200
0.01765	34.88400
0.01770	58.14000
0.01775	41.61600
0.01780	41.61600
0.01785	74.66400
0.01790	42.22800
0.01795	40.39200
0.01800	41.00400
0.01805	37.33200
0.01810	23.25600
0.01815	29.98800
0.01820	24.48000
0.01825	33.04800
0.01830	56.30400
0.01835	28.15200
0.01840	46.51200
0.01845	63.64800
0.01850	48.96000
0.01855	33.04800
0.01860	61.20000
0.01865	35.49600
0.01870	48.96000
0.01875	72.21600
0.01880	60.58800
0.01885	55.69200
0.01890	50.18400
0.01895	37.94400
0.01900	65.48400
0.01905	59.97600
0.01910	49.57200
0.01915	51.40800
0.01920	44.67600
0.01925	39.16800
0.01930	46.51200
0.01935	55.69200
0.01940	49.57200
0.01945	31.82400
0.01950	41.00400
0.01955	46.51200
0.01960	61.81200
0.01965	58.75200
0.01970	36.72000
0.01975	50.18400
0.01980	39.78000
0.01985	43.45200
0.01990	45.90000
0.01995	34.27200
0.02000	29.37600
0.02005	67.32000
0.02010	55.69200
0.02015	53.24400
0.02020	44.67600
0.02025	39.16800
0.02030	61.81200
0.02035	33.04800
0.02040	44.06400
0.02045	66.09600
0.02050	36.72000
0.02055	66.70800
0.02060	56.30400
0.02065	26.92800
0.02070	70.38000
0.02075	54.46800
0.02080	48.96000
0.02085	67.93200
0.02090	39.16800
0.02095	61.81200
0.02100	36.72000
0.02105	51.40800
0.02110	57.52800
0.02115	66.09600
0.02120	97.30800
0.02125	115.05600
0.02130	94.86000
0.02135	124.23600
0.02140	192.16800
0.02145	178.09200
0.02150	224.60400
0.02155	245.41200
0.02160	390.45600
0.02165	445.53600
0.02170	652.39200
0.02175	757.04400
0.02180	933.30000
0.02185	1050.80400
0.02190	1289.48400
0.02195	1397.80800
0.02200	1484.71200
0.02205	1640.77200
0.02210	1753.99200
0.02215	1917.39600
0.02220	2045.91600
0.02225	1837.22400
0.02230	1894.14000
0.02235	1925.35200
0.02240	1919.84400
0.02245	1575.90000
0.02250	1690.95600
0.02255	1551.42000
0.02260	1446.76800
0.02265	1258.27200
0.02270	1138.93200
0.02275	1021.42800
0.02280	1000.00800
0.02285	978.58800
0.02290	995.11200
0.02295	863.53200
0.02300	831.70800
0.02305	828.64800
0.02310	822.52800
0.02315	712.98000
0.02320	646.27200
0.02325	612.61200
0.02330	602.82000
0.02335	589.96800
0.02340	542.84400
0.02345	531.21600
0.02350	472.46400
0.02355	564.87600
0.02360	543.45600
0.02365	561.20400
0.02370	434.52000
0.02375	387.39600
0.02380	518.36400
0.02385	433.29600
0.02390	414.93600
0.02395	406.98000
0.02400	396.57600
0.02405	377.60400
0.02410	399.63600
0.02415	330.48000
0.02420	315.18000
0.02425	264.38400
0.02430	306.00000
0.02435	307.22400
0.02440	313.34400
0.02445	337.21200
0.02450	249.08400
0.02455	301.10400
0.02460	371.48400
0.02465	239.29200
0.02470	317.62800
0.02475	223.38000
0.02480	275.40000
0.02485	242.35200
0.02490	313.95600
0.02495	239.29200
0.02500	271.11600
0.02505	209.30400
0.02510	227.66400
0.02515	317.01600
0.02520	223.38000
0.02525	202.57200
0.02530	253.36800
0.02535	219.70800
0.02540	183.60000
0.02545	211.14000
0.02550	255.81600
0.02555	206.85600
0.02560	178.70400
0.02565	210.52800
0.02570	208.69200
0.02575	189.10800
0.02580	256.42800
0.02585	209.91600
0.02590	225.82800
0.02595	198.90000
0.02600	151.16400
0.02605	155.44800
0.02610	155.44800
0.02615	171.36000
0.02620	218.48400
0.02625	192.78000
0.02630	155.44800
0.02635	216.03600
0.02640	195.84000
0.02645	169.52400
0.02650	239.90400
0.02655	173.19600
0.02660	190.94400
0.02665	141.37200
0.02670	159.12000
0.02675	212.36400
0.02680	135.86400
0.02685	164.01600
0.02690	110.16000
0.02695	138.92400
0.02700	123.62400
0.02705	121.17600
0.02710	200.73600
0.02715	151.16400
0.02720	194.00400
0.02725	153.00000
0.02730	175.64400
0.02735	165.85200
0.02740	170.74800
0.02745	122.40000
0.02750	116.28000
0.02755	176.86800
0.02760	205.02000
0.02765	150.55200
0.02770	167.68800
0.02775	159.12000
0.02780	192.16800
0.02785	159.12000
0.02790	182.98800
0.02795	159.12000
0.02800	148.71600
0.02805	124.23600
0.02810	133.41600
0.02815	184.82400
0.02820	191.55600
0.02825	160.34400
0.02830	130.35600
0.02835	127.90800
0.02840	153.00000
0.02845	124.84800
0.02850	164.62800
0.02855	113.22000
0.02860	204.40800
0.02865	133.41600
0.02870	107.10000
0.02875	135.25200
0.02880	184.82400
0.02885	168.30000
0.02890	159.12000
0.02895	217.87200
0.02900	176.25600
0.02905	162.18000
0.02910	175.03200
0.02915	160.34400
0.02920	134.02800
0.02925	173.80800
0.02930	159.12000
0.02935	147.49200
0.02940	137.70000
0.02945	202.57200
0.02950	146.26800
0.02955	145.65600
0.02960	135.25200
0.02965	150.55200
0.02970	200.12400
0.02975	148.71600
0.02980	188.49600
0.02985	171.36000
0.02990	208.08000
0.02995	146.26800
0.03000	109.54800
0.03005	195.84000
0.03010	107.71200
0.03015	128.52000
0.03020	151.77600
0.03025	148.10400
0.03030	136.47600
0.03035	141.98400
0.03040	124.84800
0.03045	138.92400
0.03050	121.17600
0.03055	181.15200
0.03060	102.81600
0.03065	140.76000
0.03070	129.13200
0.03075	152.38800
0.03080	149.94000
0.03085	132.80400
0.03090	183.60000
0.03095	163.40400
0.03100	135.25200
0.03105	124.23600
0.03110	148.10400
0.03115	115.66800
0.03120	138.92400
0.03125	162.79200
0.03130	100.98000
0.03135	118.72800
0.03140	145.65600
0.03145	140.14800
0.03150	122.40000
0.03155	173.80800
0.03160	145.04400
0.03165	137.08800
0.03170	122.40000
0.03175	130.35600
0.03180	127.29600
0.03185	155.44800
0.03190	135.25200
0.03195	140.76000
0.03200	137.70000
0.03205	134.64000
0.03210	111.99600
0.03215	136.47600
0.03220	131.58000
0.03225	124.23600
0.03230	87.51600
0.03235	170.74800
0.03240	148.10400
0.03245	179.92800
0.03250	138.31200
0.03255	148.71600
0.03260	143.82000
0.03265	115.05600
0.03270	128.52000
0.03275	137.70000
0.03280	134.02800
0.03285	111.99600
0.03290	157.89600
0.03295	214.81200
0.03300	156.06000
0.03305	156.67200
0.03310	202.57200
0.03315	157.89600
0.03320	92.41200
0.03325	135.86400
0.03330	148.71600
0.03335	177.48000
0.03340	135.86400
0.03345	140.14800
0.03350	148.10400
0.03355	141.98400
0.03360	152.38800
0.03365	146.88000
0.03370	180.54000
0.03375	192.16800
0.03380	161.56800
0.03385	129.74400
0.03390	128.52000
0.03395	133.41600
0.03400	147.49200
0.03405	160.95600
0.03410	214.81200
0.03415	123.62400
0.03420	176.25600
0.03425	169.52400
0.03430	109.54800
0.03435	136.47600
0.03440	141.37200
0.03445	119.34000
0.03450	159.12000
0.03455	176.25600
0.03460	101.59200
0.03465	157.28400
0.03470	164.01600
0.03475	109.54800
0.03480	140.14800
0.03485	133.41600
0.03490	176.25600
0.03495	170.13600
0.03500	165.85200
0.03505	161.56800
0.03510	199.51200
0.03515	137.08800
0.03520	172.58400
0.03525	173.80800
0.03530	171.36000
0.03535	119.34000
0.03540	148.71600
0.03545	167.68800
0.03550	100.36800
0.03555	165.85200
0.03560	168.91200
0.03565	181.15200
0.03570	192.16800
0.03575	212.36400
0.03580	157.89600
0.03585	161.56800
0.03590	184.21200
0.03595	187.88400
0.03600	179.31600
0.03605	172.58400
0.03610	137.70000
0.03615	222.76800
0.03620	165.85200
0.03625	200.12400
0.03630	165.24000
0.03635	151.77600
0.03640	141.98400
0.03645	144.43200
0.03650	138.31200
0.03655	176.25600
0.03660	187.88400
0.03665	140.76000
0.03670	135.86400
0.03675	164.62800
0.03680	224.60400
0.03685	152.38800
0.03690	178.70400
0.03695	217.87200
0.03700	167.68800
0.03705	150.55200
0.03710	171.97200
0.03715	137.08800
0.03720	144.43200
0.03725	174.42000
0.03730	194.61600
0.03735	149.32800
0.03740	186.66000
0.03745	130.96800
0.03750	160.95600
0.03755	163.40400
0.03760	134.02800
0.03765	202.57200
0.03770	179.31600
0.03775	145.65600
0.03780	153.00000
0.03785	120.56400
0.03790	149.32800
0.03795	149.32800
0.03800	186.04800
0.03805	200.12400
0.03810	171.36000
0.03815	153.61200
0.03820	145.65600
0.03825	205.63200
0.03830	179.31600
0.03835	152.38800
0.03840	138.92400
0.03845	165.85200
0.03850	149.94000
0.03855	166.46400
0.03860	145.65600
0.03865	145.65600
0.03870	137.70000
0.03875	177.48000
0.03880	167.07600
0.03885	192.78000
0.03890	153.61200
0.03895	124.84800
0.03900	194.00400
0.03905	141.37200
0.03910	168.30000
0.03915	180.54000
0.03920	138.31200
0.03925	145.65600
0.03930	173.80800
0.03935	160.34400
0.03940	146.26800
0.03945	157.28400
0.03950	115.05600
0.03955	141.37200
0.03960	182.98800
0.03965	151.16400
0.03970	152.38800
0.03975	135.86400
0.03980	167.07600
0.03985	151.16400
0.03990	151.16400
0.03995	178.70400
0.04000	124.84800
0.04005	136.47600
0.04010	117.50400
0.04015	98.53200
0.04020	163.40400
0.04025	134.64000
0.04030	123.01200
0.04035	108.93600
0.04040	118.72800
0.04045	143.20800
0.04050	132.19200
0.04055	170.13600
0.04060	124.84800
0.04065	102.81600
0.04070	93.02400
0.04075	116.89200
0.04080	142.59600
0.04085	99.14400
0.04090	153.00000
0.04095	168.91200
0.04100	154.83600
0.04105	137.70000
0.04110	168.30000
0.04115	164.01600
0.04120	94.24800
0.04125	78.33600
0.04130	124.84800
0.04135	102.20400
0.04140	80.78400
0.04145	148.71600
0.04150	145.04400
0.04155	127.29600
0.04160	118.11600
0.04165	75.88800
0.04170	111.99600
0.04175	124.84800
0.04180	118.11600
0.04185	112.60800
0.04190	140.76000
0.04195	166.46400
0.04200	165.85200
0.04205	99.14400
0.04210	126.68400
0.04215	118.72800
0.04220	112.60800
0.04225	95.47200
0.04230	115.66800
0.04235	154.83600
0.04240	159.73200
0.04245	173.80800
0.04250	117.50400
0.04255	157.89600
0.04260	168.91200
0.04265	145.04400
0.04270	114.44400
0.04275	95.47200
0.04280	154.83600
0.04285	155.44800
0.04290	162.79200
0.04295	145.04400
0.04300	162.18000
0.04305	160.34400
0.04310	164.01600
0.04315	157.28400
0.04320	162.18000
0.04325	171.97200
0.04330	130.35600
0.04335	140.76000
0.04340	152.38800
0.04345	119.95200
0.04350	115.05600
0.04355	116.28000
0.04360	182.98800
0.04365	112.60800
0.04370	94.24800
0.04375	153.00000
0.04380	137.08800
0.04385	121.78800
0.04390	177.48000
0.04395	158.50800
0.04400	126.68400
0.04405	126.68400
0.04410	102.81600
0.04415	197.67600
0.04420	119.95200
0.04425	138.92400
0.04430	133.41600
0.04435	112.60800
0.04440	134.02800
0.04445	142.59600
0.04450	151.16400
0.04455	165.24000
0.04460	147.49200
0.04465	200.12400
0.04470	178.09200
0.04475	157.89600
0.04480	140.14800
0.04485	120.56400
0.04490	113.83200
0.04495	121.17600
0.04500	116.89200
0.04505	143.82000
0.04510	121.78800
0.04515	162.18000
0.04520	107.71200
0.04525	157.28400
0.04530	133.41600
0.04535	132.19200
0.04540	209.30400
0.04545	173.19600
0.04550	133.41600
0.04555	148.71600
0.04560	153.00000
0.04565	175.64400
0.04570	158.50800
0.04575	176.25600
0.04580	163.40400
0.04585	164.01600
0.04590	184.82400
0.04595	191.55600
0.04600	171.36000
0.04605	156.06000
0.04610	170.13600
0.04615	165.85200
0.04620	171.36000
0.04625	151.16400
0.04630	194.61600
0.04635	138.31200
0.04640	162.18000
0.04645	165.24000
0.04650	154.22400
0.04655	176.25600
0.04660	164.01600
0.04665	162.18000
0.04670	178.09200
0.04675	190.94400
0.04680	184.21200
0.04685	197.67600
0.04690	249.08400
0.04695	163.40400
0.04700	198.28800
0.04705	159.12000
0.04710	147.49200
0.04715	198.28800
0.04720	160.95600
0.04725	199.51200
0.04730	219.09600
0.04735	181.15200
0.04740	142.59600
0.04745	168.30000
0.04750	182.37600
0.04755	178.70400
0.04760	192.16800
0.04765	162.18000
0.04770	164.62800
0.04775	201.34800
0.04780	159.12000
0.04785	176.86800
0.04790	173.80800
0.04795	172.58400
0.04800	175.03200
0.04805	175.03200
0.04810	219.09600
0.04815	131.58000
0.04820	218.48400
0.04825	118.11600
0.04830	170.74800
0.04835	178.70400
0.04840	173.19600
0.04845	137.70000
0.04850	156.67200
0.04855	144.43200
0.04860	135.86400
0.04865	129.13200
0.04870	130.96800
0.04875	141.37200
0.04880	159.12000
0.04885	215.42400
0.04890	178.70400
0.04895	171.36000
0.04900	186.66000
0.04905	171.36000
0.04910	171.36000
0.04915	140.76000
0.04920	192.78000
0.04925	198.28800
0.04930	153.00000
0.04935	213.58800
0.04940	143.82000
0.04945	152.38800
0.04950	132.80400
0.04955	141.98400
0.04960	162.79200
0.04965	148.10400
0.04970	132.19200
0.04975	124.23600
0.04980	148.71600
0.04985	153.00000
0.04990	127.29600
