0.00000	0.07644
0.00005	0.07644
0.00010	0.30576
0.00015	0.11466
0.00020	0.53508
0.00025	0.22932
0.00030	0.19110
0.00035	0.03822
0.00040	0.07644
0.00045	0.15288
0.00050	0.22932
0.00055	0.03822
0.00060	0.84084
0.00065	0.07644
0.00070	0.57330
0.00075	0.03822
0.00080	0.26754
0.00085	0.42042
0.00090	0.49686
0.00095	0.42042
0.00100	0.87906
0.00105	1.18482
0.00110	1.52880
0.00115	1.29948
0.00120	1.45236
0.00125	2.44608
0.00130	3.97488
0.00135	2.82828
0.00140	3.21048
0.00145	3.24870
0.00150	7.49112
0.00155	11.23668
0.00160	15.24978
0.00165	16.96968
0.00170	23.35242
0.00175	29.92626
0.00180	36.80586
0.00185	47.23992
0.00190	54.65460
0.00195	58.82058
0.00200	62.87190
0.00205	81.44682
0.00210	75.06408
0.00215	82.93740
0.00220	90.73428
0.00225	94.44162
0.00230	91.68978
0.00235	81.37038
0.00240	74.37612
0.00245	71.93004
0.00250	58.28550
0.00255	51.40590
0.00260	48.69228
0.00265	50.83260
0.00270	32.56344
0.00275	34.62732
0.00280	30.80532
0.00285	29.54406
0.00290	23.81106
0.00295	21.97650
0.00300	20.75346
0.00305	16.12884
0.00310	21.32676
0.00315	17.61942
0.00320	14.10318
0.00325	15.05868
0.00330	15.70842
0.00335	13.41522
0.00340	13.26234
0.00345	11.38956
0.00350	10.93092
0.00355	13.68276
0.00360	13.49166
0.00365	8.37018
0.00370	8.90526
0.00375	9.63144
0.00380	11.42778
0.00385	8.25552
0.00390	8.94348
0.00395	10.77804
0.00400	7.49112
0.00405	8.37018
0.00410	7.03248
0.00415	6.91782
0.00420	7.37646
0.00425	5.69478
0.00430	5.50368
0.00435	5.84766
0.00440	8.21730
0.00445	5.50368
0.00450	5.35080
0.00455	6.45918
0.00460	5.54190
0.00465	4.16598
0.00470	5.00682
0.00475	5.65656
0.00480	6.03876
0.00485	5.23614
0.00490	5.23614
0.00495	4.96860
0.00500	4.77750
0.00505	4.50996
0.00510	6.53562
0.00515	4.31886
0.00520	7.03248
0.00525	3.97488
0.00530	6.80316
0.00535	5.15970
0.00540	4.31886
0.00545	6.91782
0.00550	5.19792
0.00555	3.82200
0.00560	3.66912
0.00565	7.14714
0.00570	3.21048
0.00575	6.11520
0.00580	5.42724
0.00585	4.70106
0.00590	3.59268
0.00595	5.77122
0.00600	4.73928
0.00605	4.16598
0.00610	6.30630
0.00615	4.08954
0.00620	3.09582
0.00625	2.56074
0.00630	3.21048
0.00635	5.19792
0.00640	2.40786
0.00645	5.35080
0.00650	5.38902
0.00655	3.47802
0.00660	2.94294
0.00665	3.32514
0.00670	4.12776
0.00675	3.40158
0.00680	2.98116
0.00685	5.42724
0.00690	4.73928
0.00695	3.36336
0.00700	3.66912
0.00705	2.56074
0.00710	4.35708
0.00715	4.96860
0.00720	6.03876
0.00725	2.67540
0.00730	4.24242
0.00735	3.82200
0.00740	4.70106
0.00745	3.24870
0.00750	5.27436
0.00755	4.39530
0.00760	3.70734
0.00765	4.35708
0.00770	3.36336
0.00775	4.39530
0.00780	4.73928
0.00785	3.21048
0.00790	5.31258
0.00795	4.43352
0.00800	2.94294
0.00805	3.01938
0.00810	3.21048
0.00815	3.51624
0.00820	3.24870
0.00825	4.50996
0.00830	3.70734
0.00835	3.24870
0.00840	2.67540
0.00845	3.70734
0.00850	4.05132
0.00855	2.75184
0.00860	4.70106
0.00865	4.50996
0.00870	4.01310
0.00875	3.09582
0.00880	3.51624
0.00885	3.51624
0.00890	4.73928
0.00895	4.16598
0.00900	5.04504
0.00905	5.92410
0.00910	4.58640
0.00915	3.55446
0.00920	5.58012
0.00925	5.69478
0.00930	2.86650
0.00935	2.86650
0.00940	4.35708
0.00945	4.24242
0.00950	3.36336
0.00955	4.16598
0.00960	2.82828
0.00965	3.86022
0.00970	2.71362
0.00975	3.51624
0.00980	2.36964
0.00985	3.13404
0.00990	4.66284
0.00995	2.40786
0.01000	3.47802
0.01005	3.93666
0.01010	2.86650
0.01015	2.48430
0.01020	2.90472
0.01025	2.90472
0.01030	3.74556
0.01035	2.67540
0.01040	2.40786
0.01045	6.19164
0.01050	3.47802
0.01055	2.59896
0.01060	4.62462
0.01065	2.79006
0.01070	1.75812
0.01075	3.51624
0.01080	2.29320
0.01085	3.70734
0.01090	3.09582
0.01095	1.56702
0.01100	1.22304
0.01105	2.79006
0.01110	4.24242
0.01115	3.74556
0.01120	3.21048
0.01125	3.47802
0.01130	3.17226
0.01135	3.78378
0.01140	3.32514
0.01145	2.75184
0.01150	2.33142
0.01155	4.12776
0.01160	2.63718
0.01165	3.93666
0.01170	3.21048
0.01175	3.05760
0.01180	2.40786
0.01185	1.98744
0.01190	1.56702
0.01195	4.08954
0.01200	2.94294
0.01205	2.75184
0.01210	2.75184
0.01215	1.45236
0.01220	2.71362
0.01225	3.36336
0.01230	2.75184
0.01235	2.10210
0.01240	2.36964
0.01245	3.55446
0.01250	1.91100
0.01255	2.21676
0.01260	2.98116
0.01265	1.56702
0.01270	1.98744
0.01275	2.48430
0.01280	4.01310
0.01285	2.06388
0.01290	3.82200
0.01295	3.17226
0.01300	3.93666
0.01305	1.49058
0.01310	1.56702
0.01315	2.48430
0.01320	2.86650
0.01325	2.44608
0.01330	2.63718
0.01335	3.24870
0.01340	2.79006
0.01345	2.75184
0.01350	2.29320
0.01355	3.21048
0.01360	3.32514
0.01365	3.40158
0.01370	1.29948
0.01375	3.28692
0.01380	1.45236
0.01385	2.75184
0.01390	2.02566
0.01395	1.87278
0.01400	3.09582
0.01405	2.10210
0.01410	2.14032
0.01415	3.01938
0.01420	1.94922
0.01425	3.13404
0.01430	4.58640
0.01435	2.75184
0.01440	1.33770
0.01445	2.29320
0.01450	1.64346
0.01455	1.68168
0.01460	1.91100
0.01465	3.28692
0.01470	3.09582
0.01475	2.67540
0.01480	3.24870
0.01485	1.49058
0.01490	2.59896
0.01495	3.01938
0.01500	4.50996
0.01505	2.40786
0.01510	2.67540
0.01515	2.14032
0.01520	2.71362
0.01525	1.56702
0.01530	2.14032
0.01535	2.75184
0.01540	2.75184
0.01545	1.68168
0.01550	3.59268
0.01555	2.63718
0.01560	1.87278
0.01565	2.71362
0.01570	2.14032
0.01575	2.06388
0.01580	2.86650
0.01585	2.17854
0.01590	2.59896
0.01595	2.90472
0.01600	2.63718
0.01605	2.21676
0.01610	1.91100
0.01615	4.16598
0.01620	2.94294
0.01625	2.56074
0.01630	2.44608
0.01635	3.09582
0.01640	2.98116
0.01645	4.39530
0.01650	2.36964
0.01655	4.24242
0.01660	3.24870
0.01665	3.13404
0.01670	3.24870
0.01675	1.98744
0.01680	3.70734
0.01685	3.89844
0.01690	3.21048
0.01695	2.98116
0.01700	1.29948
0.01705	2.52252
0.01710	3.66912
0.01715	2.25498
0.01720	2.52252
0.01725	2.86650
0.01730	2.79006
0.01735	2.48430
0.01740	3.59268
0.01745	2.59896
0.01750	2.67540
0.01755	1.07016
0.01760	1.94922
0.01765	2.17854
0.01770	3.63090
0.01775	2.59896
0.01780	2.59896
0.01785	4.66284
0.01790	2.63718
0.01795	2.52252
0.01800	2.56074
0.01805	2.33142
0.01810	1.45236
0.01815	1.87278
0.01820	1.52880
0.01825	2.06388
0.01830	3.51624
0.01835	1.75812
0.01840	2.90472
0.01845	3.97488
0.01850	3.05760
0.01855	2.06388
0.01860	3.82200
0.01865	2.21676
0.01870	3.05760
0.01875	4.50996
0.01880	3.78378
0.01885	3.47802
0.01890	3.13404
0.01895	2.36964
0.01900	4.08954
0.01905	3.74556
0.01910	3.09582
0.01915	3.21048
0.01920	2.79006
0.01925	2.44608
0.01930	2.90472
0.01935	3.47802
0.01940	3.09582
0.01945	1.98744
0.01950	2.56074
0.01955	2.90472
0.01960	3.86022
0.01965	3.66912
0.01970	2.29320
0.01975	3.13404
0.01980	2.48430
0.01985	2.71362
0.01990	2.86650
0.01995	2.14032
0.02000	1.83456
0.02005	4.20420
0.02010	3.47802
0.02015	3.32514
0.02020	2.79006
0.02025	2.44608
0.02030	3.86022
0.02035	2.06388
0.02040	2.75184
0.02045	4.12776
0.02050	2.29320
0.02055	4.16598
0.02060	3.51624
0.02065	1.68168
0.02070	4.39530
0.02075	3.40158
0.02080	3.05760
0.02085	4.24242
0.02090	2.44608
0.02095	3.86022
0.02100	2.29320
0.02105	3.21048
0.02110	3.59268
0.02115	4.12776
0.02120	6.07698
0.02125	7.18536
0.02130	5.92410
0.02135	7.75866
0.02140	12.00108
0.02145	11.12202
0.02150	14.02674
0.02155	15.32622
0.02160	24.38436
0.02165	27.82416
0.02170	40.74252
0.02175	47.27814
0.02180	58.28550
0.02185	65.62374
0.02190	80.52954
0.02195	87.29448
0.02200	92.72172
0.02205	102.46782
0.02210	109.53852
0.02215	119.74326
0.02220	127.76946
0.02225	114.73644
0.02230	118.29090
0.02235	120.24012
0.02240	119.89614
0.02245	98.41650
0.02250	105.60186
0.02255	96.88770
0.02260	90.35208
0.02265	78.58032
0.02270	71.12742
0.02275	63.78918
0.02280	62.45148
0.02285	61.11378
0.02290	62.14572
0.02295	53.92842
0.02300	51.94098
0.02305	51.74988
0.02310	51.36768
0.02315	44.52630
0.02320	40.36032
0.02325	38.25822
0.02330	37.64670
0.02335	36.84408
0.02340	33.90114
0.02345	33.17496
0.02350	29.50584
0.02355	35.27706
0.02360	33.93936
0.02365	35.04774
0.02370	27.13620
0.02375	24.19326
0.02380	32.37234
0.02385	27.05976
0.02390	25.91316
0.02395	25.41630
0.02400	24.76656
0.02405	23.58174
0.02410	24.95766
0.02415	20.63880
0.02420	19.68330
0.02425	16.51104
0.02430	19.11000
0.02435	19.18644
0.02440	19.56864
0.02445	21.05922
0.02450	15.55554
0.02455	18.80424
0.02460	23.19954
0.02465	14.94402
0.02470	19.83618
0.02475	13.95030
0.02480	17.19900
0.02485	15.13512
0.02490	19.60686
0.02495	14.94402
0.02500	16.93146
0.02505	13.07124
0.02510	14.21784
0.02515	19.79796
0.02520	13.95030
0.02525	12.65082
0.02530	15.82308
0.02535	13.72098
0.02540	11.46600
0.02545	13.18590
0.02550	15.97596
0.02555	12.91836
0.02560	11.16024
0.02565	13.14768
0.02570	13.03302
0.02575	11.80998
0.02580	16.01418
0.02585	13.10946
0.02590	14.10318
0.02595	12.42150
0.02600	9.44034
0.02605	9.70788
0.02610	9.70788
0.02615	10.70160
0.02620	13.64454
0.02625	12.03930
0.02630	9.70788
0.02635	13.49166
0.02640	12.23040
0.02645	10.58694
0.02650	14.98224
0.02655	10.81626
0.02660	11.92464
0.02665	8.82882
0.02670	9.93720
0.02675	13.26234
0.02680	8.48484
0.02685	10.24296
0.02690	6.87960
0.02695	8.67594
0.02700	7.72044
0.02705	7.56756
0.02710	12.53616
0.02715	9.44034
0.02720	12.11574
0.02725	9.55500
0.02730	10.96914
0.02735	10.35762
0.02740	10.66338
0.02745	7.64400
0.02750	7.26180
0.02755	11.04558
0.02760	12.80370
0.02765	9.40212
0.02770	10.47228
0.02775	9.93720
0.02780	12.00108
0.02785	9.93720
0.02790	11.42778
0.02795	9.93720
0.02800	9.28746
0.02805	7.75866
0.02810	8.33196
0.02815	11.54244
0.02820	11.96286
0.02825	10.01364
0.02830	8.14086
0.02835	7.98798
0.02840	9.55500
0.02845	7.79688
0.02850	10.28118
0.02855	7.07070
0.02860	12.76548
0.02865	8.33196
0.02870	6.68850
0.02875	8.44662
0.02880	11.54244
0.02885	10.51050
0.02890	9.93720
0.02895	13.60632
0.02900	11.00736
0.02905	10.12830
0.02910	10.93092
0.02915	10.01364
0.02920	8.37018
0.02925	10.85448
0.02930	9.93720
0.02935	9.21102
0.02940	8.59950
0.02945	12.65082
0.02950	9.13458
0.02955	9.09636
0.02960	8.44662
0.02965	9.40212
0.02970	12.49794
0.02975	9.28746
0.02980	11.77176
0.02985	10.70160
0.02990	12.99480
0.02995	9.13458
0.03000	6.84138
0.03005	12.23040
0.03010	6.72672
0.03015	8.02620
0.03020	9.47856
0.03025	9.24924
0.03030	8.52306
0.03035	8.86704
0.03040	7.79688
0.03045	8.67594
0.03050	7.56756
0.03055	11.31312
0.03060	6.42096
0.03065	8.79060
0.03070	8.06442
0.03075	9.51678
0.03080	9.36390
0.03085	8.29374
0.03090	11.46600
0.03095	10.20474
0.03100	8.44662
0.03105	7.75866
0.03110	9.24924
0.03115	7.22358
0.03120	8.67594
0.03125	10.16652
0.03130	6.30630
0.03135	7.41468
0.03140	9.09636
0.03145	8.75238
0.03150	7.64400
0.03155	10.85448
0.03160	9.05814
0.03165	8.56128
0.03170	7.64400
0.03175	8.14086
0.03180	7.94976
0.03185	9.70788
0.03190	8.44662
0.03195	8.79060
0.03200	8.59950
0.03205	8.40840
0.03210	6.99426
0.03215	8.52306
0.03220	8.21730
0.03225	7.75866
0.03230	5.46546
0.03235	10.66338
0.03240	9.24924
0.03245	11.23668
0.03250	8.63772
0.03255	9.28746
0.03260	8.98170
0.03265	7.18536
0.03270	8.02620
0.03275	8.59950
0.03280	8.37018
0.03285	6.99426
0.03290	9.86076
0.03295	13.41522
0.03300	9.74610
0.03305	9.78432
0.03310	12.65082
0.03315	9.86076
0.03320	5.77122
0.03325	8.48484
0.03330	9.28746
0.03335	11.08380
0.03340	8.48484
0.03345	8.75238
0.03350	9.24924
0.03355	8.86704
0.03360	9.51678
0.03365	9.17280
0.03370	11.27490
0.03375	12.00108
0.03380	10.09008
0.03385	8.10264
0.03390	8.02620
0.03395	8.33196
0.03400	9.21102
0.03405	10.05186
0.03410	13.41522
0.03415	7.72044
0.03420	11.00736
0.03425	10.58694
0.03430	6.84138
0.03435	8.52306
0.03440	8.82882
0.03445	7.45290
0.03450	9.93720
0.03455	11.00736
0.03460	6.34452
0.03465	9.82254
0.03470	10.24296
0.03475	6.84138
0.03480	8.75238
0.03485	8.33196
0.03490	11.00736
0.03495	10.62516
0.03500	10.35762
0.03505	10.09008
0.03510	12.45972
0.03515	8.56128
0.03520	10.77804
0.03525	10.85448
0.03530	10.70160
0.03535	7.45290
0.03540	9.28746
0.03545	10.47228
0.03550	6.26808
0.03555	10.35762
0.03560	10.54872
0.03565	11.31312
0.03570	12.00108
0.03575	13.26234
0.03580	9.86076
0.03585	10.09008
0.03590	11.50422
0.03595	11.73354
0.03600	11.19846
0.03605	10.77804
0.03610	8.59950
0.03615	13.91208
0.03620	10.35762
0.03625	12.49794
0.03630	10.31940
0.03635	9.47856
0.03640	8.86704
0.03645	9.01992
0.03650	8.63772
0.03655	11.00736
0.03660	11.73354
0.03665	8.79060
0.03670	8.48484
0.03675	10.28118
0.03680	14.02674
0.03685	9.51678
0.03690	11.16024
0.03695	13.60632
0.03700	10.47228
0.03705	9.40212
0.03710	10.73982
0.03715	8.56128
0.03720	9.01992
0.03725	10.89270
0.03730	12.15396
0.03735	9.32568
0.03740	11.65710
0.03745	8.17908
0.03750	10.05186
0.03755	10.20474
0.03760	8.37018
0.03765	12.65082
0.03770	11.19846
0.03775	9.09636
0.03780	9.55500
0.03785	7.52934
0.03790	9.32568
0.03795	9.32568
0.03800	11.61888
0.03805	12.49794
0.03810	10.70160
0.03815	9.59322
0.03820	9.09636
0.03825	12.84192
0.03830	11.19846
0.03835	9.51678
0.03840	8.67594
0.03845	10.35762
0.03850	9.36390
0.03855	10.39584
0.03860	9.09636
0.03865	9.09636
0.03870	8.59950
0.03875	11.08380
0.03880	10.43406
0.03885	12.03930
0.03890	9.59322
0.03895	7.79688
0.03900	12.11574
0.03905	8.82882
0.03910	10.51050
0.03915	11.27490
0.03920	8.63772
0.03925	9.09636
0.03930	10.85448
0.03935	10.01364
0.03940	9.13458
0.03945	9.82254
0.03950	7.18536
0.03955	8.82882
0.03960	11.42778
0.03965	9.44034
0.03970	9.51678
0.03975	8.48484
0.03980	10.43406
0.03985	9.44034
0.03990	9.44034
0.03995	11.16024
0.04000	7.79688
0.04005	8.52306
0.04010	7.33824
0.04015	6.15342
0.04020	10.20474
0.04025	8.40840
0.04030	7.68222
0.04035	6.80316
0.04040	7.41468
0.04045	8.94348
0.04050	8.25552
0.04055	10.62516
0.04060	7.79688
0.04065	6.42096
0.04070	5.80944
0.04075	7.30002
0.04080	8.90526
0.04085	6.19164
0.04090	9.55500
0.04095	10.54872
0.04100	9.66966
0.04105	8.59950
0.04110	10.51050
0.04115	10.24296
0.04120	5.88588
0.04125	4.89216
0.04130	7.79688
0.04135	6.38274
0.04140	5.04504
0.04145	9.28746
0.04150	9.05814
0.04155	7.94976
0.04160	7.37646
0.04165	4.73928
0.04170	6.99426
0.04175	7.79688
0.04180	7.37646
0.04185	7.03248
0.04190	8.79060
0.04195	10.39584
0.04200	10.35762
0.04205	6.19164
0.04210	7.91154
0.04215	7.41468
0.04220	7.03248
0.04225	5.96232
0.04230	7.22358
0.04235	9.66966
0.04240	9.97542
0.04245	10.85448
0.04250	7.33824
0.04255	9.86076
0.04260	10.54872
0.04265	9.05814
0.04270	7.14714
0.04275	5.96232
0.04280	9.66966
0.04285	9.70788
0.04290	10.16652
0.04295	9.05814
0.04300	10.12830
0.04305	10.01364
0.04310	10.24296
0.04315	9.82254
0.04320	10.12830
0.04325	10.73982
0.04330	8.14086
0.04335	8.79060
0.04340	9.51678
0.04345	7.49112
0.04350	7.18536
0.04355	7.26180
0.04360	11.42778
0.04365	7.03248
0.04370	5.88588
0.04375	9.55500
0.04380	8.56128
0.04385	7.60578
0.04390	11.08380
0.04395	9.89898
0.04400	7.91154
0.04405	7.91154
0.04410	6.42096
0.04415	12.34506
0.04420	7.49112
0.04425	8.67594
0.04430	8.33196
0.04435	7.03248
0.04440	8.37018
0.04445	8.90526
0.04450	9.44034
0.04455	10.31940
0.04460	9.21102
0.04465	12.49794
0.04470	11.12202
0.04475	9.86076
0.04480	8.75238
0.04485	7.52934
0.04490	7.10892
0.04495	7.56756
0.04500	7.30002
0.04505	8.98170
0.04510	7.60578
0.04515	10.12830
0.04520	6.72672
0.04525	9.82254
0.04530	8.33196
0.04535	8.25552
0.04540	13.07124
0.04545	10.81626
0.04550	8.33196
0.04555	9.28746
0.04560	9.55500
0.04565	10.96914
0.04570	9.89898
0.04575	11.00736
0.04580	10.20474
0.04585	10.24296
0.04590	11.54244
0.04595	11.96286
0.04600	10.70160
0.04605	9.74610
0.04610	10.62516
0.04615	10.35762
0.04620	10.70160
0.04625	9.44034
0.04630	12.15396
0.04635	8.63772
0.04640	10.12830
0.04645	10.31940
0.04650	9.63144
0.04655	11.00736
0.04660	10.24296
0.04665	10.12830
0.04670	11.12202
0.04675	11.92464
0.04680	11.50422
0.04685	12.34506
0.04690	15.55554
0.04695	10.20474
0.04700	12.38328
0.04705	9.93720
0.04710	9.21102
0.04715	12.38328
0.04720	10.05186
0.04725	12.45972
0.04730	13.68276
0.04735	11.31312
0.04740	8.90526
0.04745	10.51050
0.04750	11.38956
0.04755	11.16024
0.04760	12.00108
0.04765	10.12830
0.04770	10.28118
0.04775	12.57438
0.04780	9.93720
0.04785	11.04558
0.04790	10.85448
0.04795	10.77804
0.04800	10.93092
0.04805	10.93092
0.04810	13.68276
0.04815	8.21730
0.04820	13.64454
0.04825	7.37646
0.04830	10.66338
0.04835	11.16024
0.04840	10.81626
0.04845	8.59950
0.04850	9.78432
0.04855	9.01992
0.04860	8.48484
0.04865	8.06442
0.04870	8.17908
0.04875	8.82882
0.04880	9.93720
0.04885	13.45344
0.04890	11.16024
0.04895	10.70160
0.04900	11.65710
0.04905	10.70160
0.04910	10.70160
0.04915	8.79060
0.04920	12.03930
0.04925	12.38328
0.04930	9.55500
0.04935	13.33878
0.04940	8.98170
0.04945	9.51678
0.04950	8.29374
0.04955	8.86704
0.04960	10.16652
0.04965	9.24924
0.04970	8.25552
0.04975	7.75866
0.04980	9.28746
0.04985	9.55500
0.04990	7.94976
