0.00000	24.48000
0.00005	46.51200
0.00010	29.37600
0.00015	48.96000
0.00020	70.99200
0.00025	22.03200
0.00030	2.44800
0.00035	2.44800
0.00040	4.89600
0.00045	34.27200
0.00050	4.89600
0.00055	39.16800
0.00060	14.68800
0.00065	7.34400
0.00070	41.61600
0.00075	34.27200
0.00080	29.37600
0.00085	34.27200
0.00090	7.34400
0.00095	39.16800
0.00100	36.72000
0.00105	53.85600
0.00110	24.48000
0.00115	34.27200
0.00120	4.89600
0.00125	56.30400
0.00130	110.16000
0.00135	63.64800
0.00140	36.72000
0.00145	271.72800
0.00150	193.39200
0.00155	244.80000
0.00160	359.85600
0.00165	315.79200
0.00170	541.00800
0.00175	567.93600
0.00180	727.05600
0.00185	724.60800
0.00190	949.82400
0.00195	1113.84000
0.00200	1192.17600
0.00205	1368.43200
0.00210	1654.84800
0.00215	1610.78400
0.00220	1365.98400
0.00225	1436.97600
0.00230	1353.74400
0.00235	1630.36800
0.00240	1165.24800
0.00245	964.51200
0.00250	871.48800
0.00255	822.52800
0.00260	798.04800
0.00265	712.36800
0.00270	462.67200
0.00275	638.92800
0.00280	450.43200
0.00285	470.01600
0.00290	376.99200
0.00295	352.51200
0.00300	264.38400
0.00305	291.31200
0.00310	198.28800
0.00315	154.22400
0.00320	183.60000
0.00325	166.46400
0.00330	129.74400
0.00335	266.83200
0.00340	173.80800
0.00345	237.45600
0.00350	208.08000
0.00355	154.22400
0.00360	203.18400
0.00365	176.25600
0.00370	129.74400
0.00375	190.94400
0.00380	166.46400
0.00385	137.08800
0.00390	205.63200
0.00395	139.53600
0.00400	154.22400
0.00405	137.08800
0.00410	122.40000
0.00415	161.56800
0.00420	159.12000
0.00425	107.71200
0.00430	129.74400
0.00435	168.91200
0.00440	176.25600
0.00445	151.77600
0.00450	132.19200
0.00455	122.40000
0.00460	168.91200
0.00465	75.88800
0.00470	36.72000
0.00475	200.73600
0.00480	208.08000
0.00485	151.77600
0.00490	129.74400
0.00495	122.40000
0.00500	68.54400
0.00505	134.64000
0.00510	239.90400
0.00515	141.98400
0.00520	105.26400
0.00525	58.75200
0.00530	110.16000
0.00535	178.70400
0.00540	80.78400
0.00545	56.30400
0.00550	44.06400
0.00555	85.68000
0.00560	115.05600
0.00565	102.81600
0.00570	112.60800
0.00575	46.51200
0.00580	222.76800
0.00585	127.29600
0.00590	95.47200
0.00595	134.64000
0.00600	134.64000
0.00605	156.67200
0.00610	105.26400
0.00615	73.44000
0.00620	105.26400
0.00625	48.96000
0.00630	83.23200
0.00635	70.99200
0.00640	46.51200
0.00645	83.23200
0.00650	124.84800
0.00655	97.92000
0.00660	80.78400
0.00665	139.53600
0.00670	36.72000
0.00675	110.16000
0.00680	110.16000
0.00685	198.28800
0.00690	119.95200
0.00695	73.44000
0.00700	75.88800
0.00705	58.75200
0.00710	112.60800
0.00715	51.40800
0.00720	63.64800
0.00725	90.57600
0.00730	119.95200
0.00735	93.02400
0.00740	36.72000
0.00745	63.64800
0.00750	198.28800
0.00755	63.64800
0.00760	80.78400
0.00765	78.33600
0.00770	56.30400
0.00775	95.47200
0.00780	68.54400
0.00785	93.02400
0.00790	70.99200
0.00795	149.32800
0.00800	117.50400
0.00805	107.71200
0.00810	17.13600
0.00815	93.02400
0.00820	53.85600
0.00825	164.01600
0.00830	102.81600
0.00835	53.85600
0.00840	115.05600
0.00845	83.23200
0.00850	107.71200
0.00855	119.95200
0.00860	161.56800
0.00865	105.26400
0.00870	117.50400
0.00875	107.71200
0.00880	61.20000
0.00885	46.51200
0.00890	36.72000
0.00895	75.88800
0.00900	220.32000
0.00905	97.92000
0.00910	97.92000
0.00915	56.30400
0.00920	53.85600
0.00925	107.71200
0.00930	75.88800
0.00935	166.46400
0.00940	61.20000
0.00945	85.68000
0.00950	46.51200
0.00955	105.26400
0.00960	80.78400
0.00965	83.23200
0.00970	46.51200
0.00975	115.05600
0.00980	68.54400
0.00985	85.68000
0.00990	129.74400
0.00995	36.72000
0.01000	85.68000
0.01005	70.99200
0.01010	127.29600
0.01015	68.54400
0.01020	122.40000
0.01025	68.54400
0.01030	102.81600
0.01035	80.78400
0.01040	66.09600
0.01045	58.75200
0.01050	51.40800
0.01055	58.75200
0.01060	68.54400
0.01065	63.64800
0.01070	107.71200
0.01075	100.36800
0.01080	41.61600
0.01085	73.44000
0.01090	97.92000
0.01095	56.30400
0.01100	46.51200
0.01105	112.60800
0.01110	144.43200
0.01115	117.50400
0.01120	115.05600
0.01125	107.71200
0.01130	63.64800
0.01135	97.92000
0.01140	75.88800
0.01145	97.92000
0.01150	70.99200
0.01155	22.03200
0.01160	110.16000
0.01165	56.30400
0.01170	80.78400
0.01175	29.37600
0.01180	9.79200
0.01185	66.09600
0.01190	48.96000
0.01195	48.96000
0.01200	41.61600
0.01205	17.13600
0.01210	102.81600
0.01215	46.51200
0.01220	39.16800
0.01225	88.12800
0.01230	48.96000
0.01235	88.12800
0.01240	80.78400
0.01245	34.27200
0.01250	44.06400
0.01255	41.61600
0.01260	14.68800
0.01265	137.08800
0.01270	34.27200
0.01275	51.40800
0.01280	73.44000
0.01285	63.64800
0.01290	173.80800
0.01295	26.92800
0.01300	117.50400
0.01305	68.54400
0.01310	41.61600
0.01315	95.47200
0.01320	46.51200
0.01325	88.12800
0.01330	78.33600
0.01335	56.30400
0.01340	48.96000
0.01345	100.36800
0.01350	83.23200
0.01355	66.09600
0.01360	41.61600
0.01365	129.74400
0.01370	75.88800
0.01375	46.51200
0.01380	12.24000
0.01385	110.16000
0.01390	70.99200
0.01395	51.40800
0.01400	41.61600
0.01405	39.16800
0.01410	48.96000
0.01415	46.51200
0.01420	70.99200
0.01425	149.32800
0.01430	63.64800
0.01435	90.57600
0.01440	117.50400
0.01445	56.30400
0.01450	83.23200
0.01455	61.20000
0.01460	22.03200
0.01465	73.44000
0.01470	19.58400
0.01475	36.72000
0.01480	26.92800
0.01485	66.09600
0.01490	122.40000
0.01495	26.92800
0.01500	36.72000
0.01505	105.26400
0.01510	29.37600
0.01515	34.27200
0.01520	36.72000
0.01525	97.92000
0.01530	48.96000
0.01535	97.92000
0.01540	112.60800
0.01545	63.64800
0.01550	34.27200
0.01555	117.50400
0.01560	56.30400
0.01565	26.92800
0.01570	78.33600
0.01575	63.64800
0.01580	61.20000
0.01585	34.27200
0.01590	70.99200
0.01595	66.09600
0.01600	34.27200
0.01605	137.08800
0.01610	97.92000
0.01615	63.64800
0.01620	26.92800
0.01625	83.23200
0.01630	44.06400
0.01635	73.44000
0.01640	88.12800
0.01645	56.30400
0.01650	63.64800
0.01655	44.06400
0.01660	26.92800
0.01665	73.44000
0.01670	51.40800
0.01675	39.16800
0.01680	24.48000
0.01685	85.68000
0.01690	80.78400
0.01695	56.30400
0.01700	66.09600
0.01705	53.85600
0.01710	9.79200
0.01715	70.99200
0.01720	58.75200
0.01725	68.54400
0.01730	58.75200
0.01735	26.92800
0.01740	24.48000
0.01745	24.48000
0.01750	53.85600
0.01755	36.72000
0.01760	29.37600
0.01765	41.61600
0.01770	75.88800
0.01775	12.24000
0.01780	61.20000
0.01785	14.68800
0.01790	58.75200
0.01795	93.02400
0.01800	51.40800
0.01805	48.96000
0.01810	17.13600
0.01815	66.09600
0.01820	22.03200
0.01825	90.57600
0.01830	93.02400
0.01835	68.54400
0.01840	51.40800
0.01845	88.12800
0.01850	34.27200
0.01855	88.12800
0.01860	17.13600
0.01865	70.99200
0.01870	48.96000
0.01875	88.12800
0.01880	63.64800
0.01885	24.48000
0.01890	34.27200
0.01895	22.03200
0.01900	66.09600
0.01905	51.40800
0.01910	17.13600
0.01915	73.44000
0.01920	66.09600
0.01925	58.75200
0.01930	26.92800
0.01935	112.60800
0.01940	51.40800
0.01945	14.68800
0.01950	102.81600
0.01955	17.13600
0.01960	66.09600
0.01965	80.78400
0.01970	73.44000
0.01975	58.75200
0.01980	68.54400
0.01985	93.02400
0.01990	58.75200
0.01995	26.92800
0.02000	102.81600
0.02005	17.13600
0.02010	127.29600
0.02015	61.20000
0.02020	34.27200
0.02025	0.00000
0.02030	46.51200
0.02035	51.40800
0.02040	70.99200
0.02045	44.06400
0.02050	39.16800
0.02055	48.96000
0.02060	61.20000
0.02065	14.68800
0.02070	80.78400
0.02075	44.06400
0.02080	88.12800
0.02085	34.27200
0.02090	61.20000
0.02095	29.37600
0.02100	41.61600
0.02105	110.16000
0.02110	70.99200
0.02115	61.20000
0.02120	58.75200
0.02125	85.68000
0.02130	61.20000
0.02135	26.92800
0.02140	39.16800
0.02145	39.16800
0.02150	107.71200
0.02155	41.61600
0.02160	46.51200
0.02165	56.30400
0.02170	12.24000
0.02175	66.09600
0.02180	66.09600
0.02185	29.37600
0.02190	73.44000
0.02195	61.20000
0.02200	137.08800
0.02205	48.96000
0.02210	107.71200
0.02215	36.72000
0.02220	44.06400
0.02225	66.09600
0.02230	29.37600
0.02235	110.16000
0.02240	51.40800
0.02245	24.48000
0.02250	14.68800
0.02255	93.02400
0.02260	176.25600
0.02265	31.82400
0.02270	56.30400
0.02275	44.06400
0.02280	44.06400
0.02285	44.06400
0.02290	75.88800
0.02295	22.03200
0.02300	51.40800
0.02305	66.09600
0.02310	41.61600
0.02315	85.68000
0.02320	53.85600
0.02325	134.64000
0.02330	66.09600
0.02335	56.30400
0.02340	48.96000
0.02345	149.32800
0.02350	75.88800
0.02355	51.40800
0.02360	41.61600
0.02365	26.92800
0.02370	56.30400
0.02375	46.51200
0.02380	22.03200
0.02385	31.82400
0.02390	39.16800
0.02395	56.30400
0.02400	93.02400
0.02405	44.06400
0.02410	24.48000
0.02415	36.72000
0.02420	61.20000
0.02425	44.06400
0.02430	9.79200
0.02435	66.09600
0.02440	58.75200
0.02445	31.82400
0.02450	61.20000
0.02455	102.81600
0.02460	17.13600
0.02465	7.34400
0.02470	124.84800
0.02475	83.23200
0.02480	51.40800
0.02485	75.88800
0.02490	93.02400
0.02495	75.88800
0.02500	48.96000
0.02505	19.58400
0.02510	44.06400
0.02515	39.16800
0.02520	85.68000
0.02525	178.70400
0.02530	83.23200
0.02535	115.05600
0.02540	46.51200
0.02545	41.61600
0.02550	7.34400
0.02555	48.96000
0.02560	61.20000
0.02565	26.92800
0.02570	29.37600
0.02575	70.99200
0.02580	29.37600
0.02585	68.54400
0.02590	26.92800
0.02595	51.40800
0.02600	44.06400
0.02605	41.61600
0.02610	39.16800
0.02615	44.06400
0.02620	107.71200
0.02625	97.92000
0.02630	105.26400
0.02635	70.99200
0.02640	112.60800
0.02645	26.92800
0.02650	61.20000
0.02655	68.54400
0.02660	75.88800
0.02665	97.92000
0.02670	22.03200
0.02675	48.96000
0.02680	19.58400
0.02685	119.95200
0.02690	41.61600
0.02695	19.58400
0.02700	61.20000
0.02705	31.82400
0.02710	41.61600
0.02715	39.16800
0.02720	144.43200
0.02725	2.44800
0.02730	41.61600
0.02735	44.06400
0.02740	85.68000
0.02745	80.78400
0.02750	80.78400
0.02755	41.61600
0.02760	29.37600
0.02765	17.13600
0.02770	26.92800
0.02775	51.40800
0.02780	41.61600
0.02785	70.99200
0.02790	31.82400
0.02795	66.09600
0.02800	29.37600
0.02805	14.68800
0.02810	22.03200
0.02815	39.16800
0.02820	58.75200
0.02825	58.75200
0.02830	51.40800
0.02835	58.75200
0.02840	36.72000
0.02845	61.20000
0.02850	56.30400
0.02855	24.48000
0.02860	19.58400
0.02865	46.51200
0.02870	88.12800
0.02875	78.33600
0.02880	51.40800
0.02885	29.37600
0.02890	31.82400
0.02895	48.96000
0.02900	70.99200
0.02905	58.75200
0.02910	34.27200
0.02915	85.68000
0.02920	68.54400
0.02925	39.16800
0.02930	53.85600
0.02935	19.58400
0.02940	73.44000
0.02945	63.64800
0.02950	70.99200
0.02955	26.92800
0.02960	95.47200
0.02965	117.50400
0.02970	19.58400
0.02975	70.99200
0.02980	12.24000
0.02985	53.85600
0.02990	61.20000
0.02995	44.06400
0.03000	24.48000
0.03005	58.75200
0.03010	31.82400
0.03015	14.68800
0.03020	19.58400
0.03025	75.88800
0.03030	46.51200
0.03035	73.44000
0.03040	19.58400
0.03045	70.99200
0.03050	61.20000
0.03055	58.75200
0.03060	22.03200
0.03065	100.36800
0.03070	26.92800
0.03075	26.92800
0.03080	102.81600
0.03085	75.88800
0.03090	22.03200
0.03095	90.57600
0.03100	29.37600
0.03105	14.68800
0.03110	41.61600
0.03115	58.75200
0.03120	115.05600
0.03125	34.27200
0.03130	17.13600
0.03135	51.40800
0.03140	44.06400
0.03145	31.82400
0.03150	85.68000
0.03155	24.48000
0.03160	19.58400
0.03165	44.06400
0.03170	53.85600
0.03175	17.13600
0.03180	61.20000
0.03185	61.20000
0.03190	61.20000
0.03195	39.16800
0.03200	34.27200
0.03205	19.58400
0.03210	51.40800
0.03215	26.92800
0.03220	36.72000
0.03225	107.71200
0.03230	100.36800
0.03235	39.16800
0.03240	31.82400
0.03245	14.68800
0.03250	44.06400
0.03255	22.03200
0.03260	56.30400
0.03265	73.44000
0.03270	36.72000
0.03275	44.06400
0.03280	70.99200
0.03285	7.34400
0.03290	105.26400
0.03295	36.72000
0.03300	48.96000
0.03305	56.30400
0.03310	75.88800
0.03315	36.72000
0.03320	12.24000
0.03325	75.88800
0.03330	61.20000
0.03335	51.40800
0.03340	24.48000
0.03345	53.85600
0.03350	56.30400
0.03355	110.16000
0.03360	9.79200
0.03365	24.48000
0.03370	95.47200
0.03375	46.51200
0.03380	36.72000
0.03385	58.75200
0.03390	75.88800
0.03395	56.30400
0.03400	58.75200
0.03405	34.27200
0.03410	48.96000
0.03415	22.03200
0.03420	48.96000
0.03425	34.27200
0.03430	78.33600
0.03435	70.99200
0.03440	31.82400
0.03445	17.13600
0.03450	48.96000
0.03455	58.75200
0.03460	12.24000
0.03465	88.12800
0.03470	24.48000
0.03475	39.16800
0.03480	44.06400
0.03485	51.40800
0.03490	75.88800
0.03495	48.96000
0.03500	80.78400
0.03505	-0.00000
0.03510	19.58400
0.03515	115.05600
0.03520	36.72000
0.03525	44.06400
0.03530	46.51200
0.03535	56.30400
0.03540	63.64800
0.03545	29.37600
0.03550	58.75200
0.03555	70.99200
0.03560	12.24000
0.03565	17.13600
0.03570	80.78400
0.03575	36.72000
0.03580	22.03200
0.03585	39.16800
0.03590	2.44800
0.03595	34.27200
0.03600	97.92000
0.03605	24.48000
0.03610	31.82400
0.03615	44.06400
0.03620	24.48000
0.03625	51.40800
0.03630	63.64800
0.03635	93.02400
0.03640	44.06400
0.03645	90.57600
0.03650	66.09600
0.03655	17.13600
0.03660	88.12800
0.03665	146.88000
0.03670	115.05600
0.03675	41.61600
0.03680	110.16000
0.03685	17.13600
0.03690	41.61600
0.03695	31.82400
0.03700	78.33600
0.03705	9.79200
0.03710	22.03200
0.03715	88.12800
0.03720	19.58400
0.03725	48.96000
0.03730	29.37600
0.03735	39.16800
0.03740	39.16800
0.03745	90.57600
0.03750	22.03200
0.03755	100.36800
0.03760	58.75200
0.03765	29.37600
0.03770	63.64800
0.03775	56.30400
0.03780	31.82400
0.03785	97.92000
0.03790	36.72000
0.03795	39.16800
0.03800	29.37600
0.03805	58.75200
0.03810	29.37600
0.03815	31.82400
0.03820	56.30400
0.03825	80.78400
0.03830	24.48000
0.03835	31.82400
0.03840	56.30400
0.03845	53.85600
0.03850	63.64800
0.03855	9.79200
0.03860	75.88800
0.03865	41.61600
0.03870	73.44000
0.03875	24.48000
0.03880	73.44000
0.03885	26.92800
0.03890	61.20000
0.03895	31.82400
0.03900	95.47200
0.03905	39.16800
0.03910	90.57600
0.03915	12.24000
0.03920	73.44000
0.03925	36.72000
0.03930	4.89600
0.03935	39.16800
0.03940	70.99200
0.03945	70.99200
0.03950	68.54400
0.03955	97.92000
0.03960	4.89600
0.03965	36.72000
0.03970	26.92800
0.03975	34.27200
0.03980	24.48000
0.03985	14.68800
0.03990	24.48000
0.03995	26.92800
0.04000	36.72000
0.04005	61.20000
0.04010	75.88800
0.04015	29.37600
0.04020	24.48000
0.04025	22.03200
0.04030	56.30400
0.04035	53.85600
0.04040	88.12800
0.04045	34.27200
0.04050	53.85600
0.04055	36.72000
0.04060	66.09600
0.04065	17.13600
0.04070	61.20000
0.04075	58.75200
0.04080	88.12800
0.04085	46.51200
0.04090	34.27200
0.04095	12.24000
0.04100	88.12800
0.04105	26.92800
0.04110	19.58400
0.04115	17.13600
0.04120	31.82400
0.04125	78.33600
0.04130	61.20000
0.04135	51.40800
0.04140	26.92800
0.04145	24.48000
0.04150	-0.00000
0.04155	34.27200
0.04160	34.27200
0.04165	63.64800
0.04170	34.27200
0.04175	44.06400
0.04180	4.89600
0.04185	66.09600
0.04190	29.37600
0.04195	19.58400
0.04200	29.37600
0.04205	44.06400
0.04210	31.82400
0.04215	29.37600
0.04220	12.24000
0.04225	36.72000
0.04230	75.88800
0.04235	66.09600
0.04240	19.58400
0.04245	22.03200
0.04250	68.54400
0.04255	7.34400
0.04260	12.24000
0.04265	31.82400
0.04270	12.24000
0.04275	24.48000
0.04280	51.40800
0.04285	63.64800
0.04290	44.06400
0.04295	48.96000
0.04300	17.13600
0.04305	9.79200
0.04310	41.61600
0.04315	29.37600
0.04320	26.92800
0.04325	56.30400
0.04330	36.72000
0.04335	7.34400
0.04340	31.82400
0.04345	58.75200
0.04350	46.51200
0.04355	39.16800
0.04360	7.34400
0.04365	26.92800
0.04370	9.79200
0.04375	22.03200
0.04380	7.34400
0.04385	39.16800
0.04390	41.61600
0.04395	46.51200
0.04400	14.68800
0.04405	46.51200
0.04410	83.23200
0.04415	29.37600
0.04420	41.61600
0.04425	46.51200
0.04430	26.92800
0.04435	44.06400
0.04440	46.51200
0.04445	61.20000
0.04450	29.37600
0.04455	36.72000
0.04460	44.06400
0.04465	39.16800
0.04470	22.03200
0.04475	17.13600
0.04480	61.20000
0.04485	24.48000
0.04490	29.37600
0.04495	34.27200
0.04500	102.81600
0.04505	83.23200
0.04510	41.61600
0.04515	4.89600
0.04520	44.06400
0.04525	41.61600
0.04530	17.13600
0.04535	36.72000
0.04540	24.48000
0.04545	41.61600
0.04550	24.48000
0.04555	46.51200
0.04560	63.64800
0.04565	90.57600
0.04570	53.85600
0.04575	31.82400
0.04580	48.96000
0.04585	73.44000
0.04590	34.27200
0.04595	41.61600
0.04600	132.19200
0.04605	44.06400
0.04610	68.54400
0.04615	2.44800
0.04620	24.48000
0.04625	68.54400
0.04630	88.12800
0.04635	83.23200
0.04640	112.60800
0.04645	39.16800
0.04650	51.40800
0.04655	61.20000
0.04660	29.37600
0.04665	34.27200
0.04670	48.96000
0.04675	53.85600
0.04680	9.79200
0.04685	19.58400
0.04690	7.34400
0.04695	36.72000
0.04700	24.48000
0.04705	7.34400
0.04710	68.54400
0.04715	24.48000
0.04720	12.24000
0.04725	119.95200
0.04730	22.03200
0.04735	14.68800
0.04740	63.64800
0.04745	36.72000
0.04750	14.68800
0.04755	68.54400
0.04760	56.30400
0.04765	41.61600
0.04770	22.03200
0.04775	14.68800
0.04780	58.75200
0.04785	14.68800
0.04790	41.61600
0.04795	22.03200
0.04800	19.58400
0.04805	31.82400
0.04810	36.72000
0.04815	70.99200
0.04820	26.92800
0.04825	12.24000
0.04830	46.51200
0.04835	34.27200
0.04840	53.85600
0.04845	66.09600
0.04850	73.44000
0.04855	17.13600
0.04860	17.13600
0.04865	70.99200
0.04870	26.92800
0.04875	29.37600
0.04880	139.53600
0.04885	36.72000
0.04890	12.24000
0.04895	75.88800
0.04900	41.61600
0.04905	48.96000
0.04910	26.92800
0.04915	14.68800
0.04920	73.44000
0.04925	17.13600
0.04930	39.16800
0.04935	19.58400
0.04940	53.85600
0.04945	9.79200
0.04950	80.78400
0.04955	31.82400
0.04960	19.58400
0.04965	88.12800
0.04970	97.92000
0.04975	68.54400
0.04980	36.72000
0.04985	56.30400
0.04990	41.61600
0.04995	39.16800
0.05000	66.09600
0.05005	31.82400
0.05010	48.96000
0.05015	39.16800
0.05020	100.36800
0.05025	31.82400
0.05030	56.30400
0.05035	36.72000
0.05040	63.64800
0.05045	63.64800
0.05050	24.48000
0.05055	31.82400
0.05060	68.54400
0.05065	107.71200
0.05070	39.16800
0.05075	46.51200
0.05080	14.68800
0.05085	48.96000
0.05090	9.79200
0.05095	36.72000
0.05100	41.61600
0.05105	83.23200
0.05110	29.37600
0.05115	14.68800
0.05120	29.37600
0.05125	44.06400
0.05130	34.27200
0.05135	95.47200
0.05140	44.06400
0.05145	90.57600
0.05150	85.68000
0.05155	63.64800
0.05160	56.30400
0.05165	48.96000
0.05170	63.64800
0.05175	53.85600
0.05180	34.27200
0.05185	44.06400
0.05190	68.54400
0.05195	46.51200
0.05200	31.82400
0.05205	78.33600
0.05210	141.98400
0.05215	110.16000
0.05220	66.09600
0.05225	22.03200
0.05230	48.96000
0.05235	68.54400
0.05240	31.82400
0.05245	2.44800
0.05250	29.37600
0.05255	12.24000
0.05260	31.82400
0.05265	24.48000
0.05270	51.40800
0.05275	36.72000
0.05280	58.75200
0.05285	102.81600
0.05290	29.37600
0.05295	29.37600
0.05300	12.24000
0.05305	112.60800
0.05310	31.82400
0.05315	24.48000
0.05320	22.03200
0.05325	31.82400
0.05330	78.33600
0.05335	36.72000
0.05340	36.72000
0.05345	24.48000
0.05350	58.75200
0.05355	41.61600
0.05360	68.54400
0.05365	93.02400
0.05370	102.81600
0.05375	31.82400
0.05380	12.24000
0.05385	34.27200
0.05390	41.61600
0.05395	29.37600
0.05400	19.58400
0.05405	34.27200
0.05410	34.27200
0.05415	17.13600
0.05420	19.58400
0.05425	80.78400
0.05430	80.78400
0.05435	24.48000
0.05440	34.27200
0.05445	7.34400
0.05450	22.03200
0.05455	22.03200
0.05460	9.79200
0.05465	36.72000
0.05470	31.82400
0.05475	22.03200
0.05480	53.85600
0.05485	7.34400
0.05490	22.03200
0.05495	9.79200
0.05500	36.72000
0.05505	19.58400
0.05510	12.24000
0.05515	24.48000
0.05520	44.06400
0.05525	17.13600
0.05530	24.48000
0.05535	48.96000
0.05540	31.82400
0.05545	7.34400
0.05550	36.72000
0.05555	39.16800
0.05560	17.13600
0.05565	78.33600
0.05570	39.16800
0.05575	68.54400
0.05580	66.09600
0.05585	26.92800
0.05590	46.51200
0.05595	51.40800
0.05600	51.40800
0.05605	68.54400
0.05610	44.06400
0.05615	14.68800
0.05620	75.88800
0.05625	17.13600
0.05630	56.30400
0.05635	22.03200
0.05640	36.72000
0.05645	53.85600
0.05650	44.06400
0.05655	53.85600
0.05660	53.85600
0.05665	29.37600
0.05670	48.96000
0.05675	46.51200
0.05680	34.27200
0.05685	46.51200
0.05690	41.61600
0.05695	63.64800
0.05700	26.92800
0.05705	4.89600
0.05710	183.60000
0.05715	14.68800
0.05720	34.27200
0.05725	48.96000
0.05730	39.16800
0.05735	29.37600
0.05740	26.92800
0.05745	29.37600
0.05750	58.75200
0.05755	51.40800
0.05760	85.68000
0.05765	58.75200
0.05770	46.51200
0.05775	36.72000
0.05780	34.27200
0.05785	44.06400
0.05790	9.79200
0.05795	26.92800
0.05800	14.68800
0.05805	102.81600
0.05810	78.33600
0.05815	22.03200
0.05820	36.72000
0.05825	44.06400
0.05830	24.48000
0.05835	4.89600
0.05840	48.96000
0.05845	19.58400
0.05850	70.99200
0.05855	66.09600
0.05860	24.48000
0.05865	4.89600
0.05870	75.88800
0.05875	29.37600
0.05880	41.61600
0.05885	36.72000
0.05890	36.72000
0.05895	41.61600
0.05900	19.58400
0.05905	41.61600
0.05910	34.27200
0.05915	46.51200
0.05920	12.24000
0.05925	46.51200
0.05930	93.02400
0.05935	46.51200
0.05940	7.34400
0.05945	44.06400
0.05950	61.20000
0.05955	17.13600
0.05960	36.72000
0.05965	34.27200
0.05970	70.99200
0.05975	93.02400
0.05980	39.16800
0.05985	26.92800
0.05990	53.85600
0.05995	26.92800
0.06000	41.61600
0.06005	31.82400
0.06010	34.27200
0.06015	19.58400
0.06020	4.89600
0.06025	14.68800
0.06030	22.03200
0.06035	39.16800
0.06040	19.58400
0.06045	48.96000
0.06050	44.06400
0.06055	68.54400
0.06060	26.92800
0.06065	137.08800
0.06070	75.88800
0.06075	19.58400
0.06080	29.37600
0.06085	46.51200
0.06090	41.61600
0.06095	4.89600
0.06100	34.27200
0.06105	80.78400
0.06110	14.68800
0.06115	29.37600
0.06120	41.61600
0.06125	29.37600
0.06130	46.51200
0.06135	39.16800
0.06140	7.34400
0.06145	12.24000
0.06150	48.96000
0.06155	29.37600
0.06160	22.03200
0.06165	17.13600
0.06170	7.34400
0.06175	24.48000
0.06180	31.82400
0.06185	58.75200
0.06190	26.92800
0.06195	73.44000
0.06200	19.58400
0.06205	61.20000
0.06210	14.68800
0.06215	4.89600
0.06220	112.60800
0.06225	58.75200
0.06230	61.20000
0.06235	34.27200
0.06240	31.82400
0.06245	14.68800
0.06250	2.44800
0.06255	19.58400
0.06260	63.64800
0.06265	78.33600
0.06270	4.89600
0.06275	4.89600
0.06280	19.58400
0.06285	12.24000
0.06290	29.37600
0.06295	39.16800
0.06300	56.30400
0.06305	39.16800
0.06310	36.72000
0.06315	14.68800
0.06320	4.89600
0.06325	44.06400
0.06330	29.37600
0.06335	75.88800
0.06340	31.82400
0.06345	46.51200
0.06350	36.72000
0.06355	83.23200
0.06360	24.48000
0.06365	14.68800
0.06370	31.82400
0.06375	7.34400
0.06380	68.54400
0.06385	17.13600
0.06390	66.09600
0.06395	53.85600
0.06400	26.92800
0.06405	46.51200
0.06410	29.37600
0.06415	39.16800
0.06420	26.92800
0.06425	14.68800
0.06430	46.51200
0.06435	41.61600
0.06440	19.58400
0.06445	31.82400
0.06450	41.61600
0.06455	56.30400
0.06460	73.44000
0.06465	127.29600
0.06470	36.72000
0.06475	22.03200
0.06480	61.20000
0.06485	68.54400
0.06490	61.20000
0.06495	31.82400
0.06500	17.13600
0.06505	19.58400
0.06510	17.13600
0.06515	41.61600
0.06520	56.30400
0.06525	22.03200
0.06530	22.03200
0.06535	9.79200
0.06540	34.27200
0.06545	34.27200
0.06550	4.89600
0.06555	2.44800
0.06560	29.37600
0.06565	19.58400
0.06570	0.00000
0.06575	9.79200
0.06580	39.16800
0.06585	17.13600
0.06590	7.34400
0.06595	41.61600
0.06600	29.37600
0.06605	36.72000
0.06610	24.48000
0.06615	41.61600
0.06620	14.68800
0.06625	66.09600
0.06630	58.75200
0.06635	22.03200
0.06640	34.27200
0.06645	39.16800
0.06650	56.30400
0.06655	41.61600
0.06660	61.20000
0.06665	29.37600
0.06670	2.44800
0.06675	70.99200
0.06680	31.82400
0.06685	70.99200
0.06690	51.40800
0.06695	39.16800
0.06700	34.27200
0.06705	12.24000
0.06710	2.44800
0.06715	51.40800
0.06720	51.40800
0.06725	41.61600
0.06730	63.64800
0.06735	19.58400
0.06740	68.54400
0.06745	56.30400
0.06750	12.24000
0.06755	53.85600
0.06760	29.37600
0.06765	31.82400
0.06770	66.09600
0.06775	12.24000
0.06780	34.27200
0.06785	53.85600
0.06790	29.37600
0.06795	73.44000
0.06800	31.82400
0.06805	61.20000
0.06810	56.30400
0.06815	53.85600
0.06820	19.58400
0.06825	44.06400
0.06830	53.85600
0.06835	12.24000
0.06840	19.58400
0.06845	34.27200
0.06850	19.58400
0.06855	14.68800
0.06860	44.06400
0.06865	48.96000
0.06870	29.37600
0.06875	19.58400
0.06880	29.37600
0.06885	90.57600
0.06890	61.20000
0.06895	7.34400
0.06900	9.79200
0.06905	-0.00000
0.06910	58.75200
0.06915	73.44000
0.06920	19.58400
0.06925	129.74400
0.06930	70.99200
0.06935	41.61600
0.06940	26.92800
0.06945	41.61600
0.06950	44.06400
0.06955	51.40800
0.06960	17.13600
0.06965	39.16800
0.06970	9.79200
0.06975	41.61600
0.06980	34.27200
0.06985	7.34400
0.06990	24.48000
0.06995	14.68800
0.07000	31.82400
0.07005	44.06400
0.07010	14.68800
0.07015	48.96000
0.07020	9.79200
0.07025	95.47200
0.07030	80.78400
0.07035	95.47200
0.07040	34.27200
0.07045	66.09600
0.07050	39.16800
0.07055	39.16800
0.07060	44.06400
0.07065	154.22400
0.07070	29.37600
0.07075	29.37600
0.07080	19.58400
0.07085	88.12800
0.07090	12.24000
0.07095	22.03200
0.07100	24.48000
0.07105	29.37600
0.07110	73.44000
0.07115	90.57600
0.07120	39.16800
0.07125	14.68800
0.07130	12.24000
0.07135	34.27200
0.07140	39.16800
0.07145	48.96000
0.07150	9.79200
0.07155	39.16800
0.07160	51.40800
0.07165	0.00000
0.07170	22.03200
0.07175	44.06400
0.07180	22.03200
0.07185	31.82400
0.07190	12.24000
0.07195	53.85600
0.07200	34.27200
0.07205	19.58400
0.07210	41.61600
0.07215	39.16800
0.07220	102.81600
0.07225	44.06400
0.07230	44.06400
0.07235	85.68000
0.07240	51.40800
0.07245	26.92800
0.07250	39.16800
0.07255	56.30400
0.07260	119.95200
0.07265	12.24000
0.07270	22.03200
0.07275	85.68000
0.07280	24.48000
0.07285	88.12800
0.07290	36.72000
0.07295	7.34400
0.07300	80.78400
0.07305	85.68000
0.07310	12.24000
0.07315	70.99200
0.07320	14.68800
0.07325	39.16800
0.07330	34.27200
0.07335	46.51200
0.07340	17.13600
0.07345	7.34400
0.07350	39.16800
0.07355	29.37600
0.07360	53.85600
0.07365	34.27200
0.07370	51.40800
0.07375	14.68800
0.07380	12.24000
0.07385	7.34400
0.07390	17.13600
0.07395	17.13600
0.07400	4.89600
0.07405	53.85600
0.07410	17.13600
0.07415	68.54400
0.07420	4.89600
0.07425	41.61600
0.07430	26.92800
0.07435	56.30400
0.07440	88.12800
0.07445	39.16800
0.07450	34.27200
0.07455	2.44800
0.07460	46.51200
0.07465	39.16800
0.07470	46.51200
0.07475	31.82400
0.07480	19.58400
0.07485	63.64800
0.07490	19.58400
0.07495	41.61600
0.07500	48.96000
0.07505	17.13600
0.07510	17.13600
0.07515	80.78400
0.07520	61.20000
0.07525	19.58400
0.07530	2.44800
0.07535	22.03200
0.07540	26.92800
0.07545	9.79200
0.07550	26.92800
0.07555	14.68800
0.07560	4.89600
0.07565	19.58400
0.07570	36.72000
0.07575	22.03200
0.07580	63.64800
0.07585	14.68800
0.07590	17.13600
0.07595	7.34400
0.07600	31.82400
0.07605	51.40800
0.07610	90.57600
0.07615	4.89600
0.07620	14.68800
0.07625	26.92800
0.07630	88.12800
0.07635	24.48000
0.07640	29.37600
0.07645	80.78400
0.07650	44.06400
0.07655	46.51200
0.07660	22.03200
0.07665	14.68800
0.07670	48.96000
0.07675	51.40800
0.07680	85.68000
0.07685	51.40800
0.07690	9.79200
0.07695	41.61600
0.07700	26.92800
0.07705	29.37600
0.07710	26.92800
0.07715	36.72000
0.07720	2.44800
0.07725	61.20000
0.07730	83.23200
0.07735	41.61600
0.07740	48.96000
0.07745	44.06400
0.07750	44.06400
0.07755	2.44800
0.07760	22.03200
0.07765	56.30400
0.07770	46.51200
0.07775	70.99200
0.07780	17.13600
0.07785	53.85600
0.07790	36.72000
0.07795	19.58400
0.07800	-0.00000
0.07805	70.99200
0.07810	29.37600
0.07815	19.58400
0.07820	41.61600
0.07825	12.24000
0.07830	26.92800
0.07835	26.92800
0.07840	7.34400
0.07845	24.48000
0.07850	9.79200
0.07855	31.82400
0.07860	17.13600
0.07865	107.71200
0.07870	51.40800
0.07875	34.27200
0.07880	41.61600
0.07885	24.48000
0.07890	48.96000
0.07895	19.58400
0.07900	12.24000
0.07905	51.40800
0.07910	75.88800
0.07915	39.16800
0.07920	19.58400
0.07925	22.03200
0.07930	4.89600
0.07935	7.34400
0.07940	83.23200
0.07945	29.37600
0.07950	46.51200
0.07955	17.13600
0.07960	31.82400
0.07965	61.20000
0.07970	2.44800
0.07975	29.37600
0.07980	34.27200
0.07985	36.72000
0.07990	12.24000
0.07995	17.13600
0.08000	14.68800
0.08005	110.16000
0.08010	19.58400
0.08015	75.88800
0.08020	73.44000
0.08025	75.88800
0.08030	17.13600
0.08035	-0.00000
0.08040	75.88800
0.08045	22.03200
0.08050	63.64800
0.08055	22.03200
0.08060	53.85600
0.08065	61.20000
0.08070	39.16800
0.08075	26.92800
0.08080	90.57600
0.08085	26.92800
0.08090	56.30400
0.08095	75.88800
0.08100	41.61600
0.08105	36.72000
0.08110	19.58400
0.08115	68.54400
0.08120	12.24000
0.08125	7.34400
0.08130	39.16800
0.08135	93.02400
0.08140	95.47200
0.08145	22.03200
0.08150	39.16800
0.08155	58.75200
0.08160	46.51200
0.08165	75.88800
0.08170	7.34400
0.08175	90.57600
0.08180	88.12800
0.08185	34.27200
0.08190	44.06400
0.08195	12.24000
0.08200	12.24000
0.08205	46.51200
0.08210	36.72000
0.08215	12.24000
0.08220	53.85600
0.08225	46.51200
0.08230	19.58400
0.08235	34.27200
0.08240	36.72000
0.08245	70.99200
0.08250	17.13600
0.08255	26.92800
0.08260	31.82400
0.08265	22.03200
0.08270	66.09600
0.08275	4.89600
0.08280	31.82400
0.08285	66.09600
0.08290	39.16800
0.08295	22.03200
0.08300	93.02400
0.08305	14.68800
0.08310	41.61600
0.08315	39.16800
0.08320	44.06400
0.08325	26.92800
0.08330	36.72000
0.08335	44.06400
0.08340	31.82400
0.08345	29.37600
0.08350	39.16800
0.08355	22.03200
0.08360	26.92800
0.08365	17.13600
0.08370	29.37600
0.08375	31.82400
0.08380	26.92800
0.08385	19.58400
0.08390	80.78400
0.08395	66.09600
0.08400	48.96000
0.08405	46.51200
0.08410	48.96000
0.08415	9.79200
0.08420	41.61600
0.08425	53.85600
0.08430	12.24000
0.08435	22.03200
0.08440	9.79200
0.08445	34.27200
0.08450	56.30400
0.08455	24.48000
0.08460	26.92800
0.08465	29.37600
0.08470	26.92800
0.08475	34.27200
0.08480	0.00000
0.08485	36.72000
0.08490	26.92800
0.08495	46.51200
0.08500	22.03200
0.08505	26.92800
0.08510	29.37600
0.08515	4.89600
0.08520	51.40800
0.08525	48.96000
0.08530	12.24000
0.08535	22.03200
0.08540	51.40800
0.08545	22.03200
0.08550	14.68800
0.08555	-0.00000
0.08560	36.72000
0.08565	2.44800
0.08570	17.13600
0.08575	22.03200
0.08580	7.34400
0.08585	56.30400
0.08590	51.40800
0.08595	53.85600
0.08600	39.16800
0.08605	85.68000
0.08610	63.64800
0.08615	34.27200
0.08620	58.75200
0.08625	31.82400
0.08630	31.82400
0.08635	58.75200
0.08640	48.96000
0.08645	85.68000
0.08650	88.12800
0.08655	4.89600
0.08660	48.96000
0.08665	41.61600
0.08670	31.82400
0.08675	26.92800
0.08680	56.30400
0.08685	22.03200
0.08690	48.96000
0.08695	29.37600
0.08700	53.85600
0.08705	36.72000
0.08710	58.75200
0.08715	41.61600
0.08720	36.72000
0.08725	68.54400
0.08730	39.16800
0.08735	68.54400
0.08740	41.61600
0.08745	31.82400
0.08750	34.27200
0.08755	39.16800
0.08760	2.44800
0.08765	29.37600
0.08770	26.92800
0.08775	31.82400
0.08780	48.96000
0.08785	34.27200
0.08790	19.58400
0.08795	19.58400
0.08800	26.92800
0.08805	75.88800
0.08810	14.68800
0.08815	19.58400
0.08820	90.57600
0.08825	29.37600
0.08830	31.82400
0.08835	22.03200
0.08840	34.27200
0.08845	36.72000
0.08850	56.30400
0.08855	12.24000
0.08860	17.13600
0.08865	51.40800
0.08870	14.68800
0.08875	34.27200
0.08880	12.24000
0.08885	46.51200
0.08890	4.89600
0.08895	7.34400
0.08900	41.61600
0.08905	75.88800
0.08910	66.09600
0.08915	19.58400
0.08920	26.92800
0.08925	53.85600
0.08930	12.24000
0.08935	29.37600
0.08940	117.50400
0.08945	12.24000
0.08950	2.44800
0.08955	36.72000
0.08960	85.68000
0.08965	31.82400
0.08970	39.16800
0.08975	39.16800
0.08980	68.54400
0.08985	51.40800
0.08990	19.58400
0.08995	7.34400
0.09000	70.99200
0.09005	36.72000
0.09010	31.82400
0.09015	4.89600
0.09020	22.03200
0.09025	41.61600
0.09030	31.82400
0.09035	14.68800
0.09040	22.03200
0.09045	34.27200
0.09050	22.03200
0.09055	19.58400
0.09060	19.58400
0.09065	39.16800
0.09070	46.51200
0.09075	34.27200
0.09080	46.51200
0.09085	17.13600
0.09090	29.37600
0.09095	34.27200
0.09100	31.82400
0.09105	139.53600
0.09110	53.85600
0.09115	7.34400
0.09120	68.54400
0.09125	7.34400
0.09130	68.54400
0.09135	29.37600
0.09140	83.23200
0.09145	24.48000
0.09150	17.13600
0.09155	31.82400
0.09160	36.72000
0.09165	22.03200
0.09170	24.48000
0.09175	70.99200
0.09180	22.03200
0.09185	51.40800
0.09190	70.99200
0.09195	73.44000
0.09200	26.92800
0.09205	4.89600
0.09210	7.34400
0.09215	46.51200
0.09220	9.79200
0.09225	56.30400
0.09230	44.06400
0.09235	61.20000
0.09240	29.37600
0.09245	22.03200
0.09250	17.13600
0.09255	26.92800
0.09260	14.68800
0.09265	24.48000
0.09270	2.44800
0.09275	22.03200
0.09280	41.61600
0.09285	14.68800
0.09290	0.00000
0.09295	36.72000
0.09300	58.75200
0.09305	51.40800
0.09310	66.09600
0.09315	51.40800
0.09320	24.48000
0.09325	75.88800
0.09330	26.92800
0.09335	58.75200
0.09340	44.06400
0.09345	14.68800
0.09350	39.16800
0.09355	2.44800
0.09360	36.72000
0.09365	34.27200
0.09370	26.92800
0.09375	41.61600
0.09380	34.27200
0.09385	26.92800
0.09390	14.68800
0.09395	26.92800
0.09400	41.61600
0.09405	44.06400
0.09410	97.92000
0.09415	24.48000
0.09420	36.72000
0.09425	29.37600
0.09430	26.92800
0.09435	46.51200
0.09440	83.23200
0.09445	56.30400
0.09450	53.85600
0.09455	117.50400
0.09460	68.54400
0.09465	39.16800
0.09470	9.79200
0.09475	36.72000
0.09480	53.85600
0.09485	46.51200
0.09490	14.68800
0.09495	53.85600
0.09500	31.82400
0.09505	34.27200
0.09510	17.13600
0.09515	107.71200
0.09520	51.40800
0.09525	26.92800
0.09530	14.68800
0.09535	22.03200
0.09540	26.92800
0.09545	73.44000
0.09550	39.16800
0.09555	48.96000
0.09560	44.06400
0.09565	93.02400
0.09570	51.40800
0.09575	9.79200
0.09580	68.54400
0.09585	95.47200
0.09590	19.58400
0.09595	107.71200
0.09600	31.82400
0.09605	58.75200
0.09610	2.44800
0.09615	56.30400
0.09620	36.72000
0.09625	22.03200
0.09630	80.78400
0.09635	34.27200
0.09640	24.48000
0.09645	19.58400
0.09650	12.24000
0.09655	36.72000
0.09660	63.64800
0.09665	19.58400
0.09670	26.92800
0.09675	48.96000
0.09680	85.68000
0.09685	48.96000
0.09690	70.99200
0.09695	7.34400
0.09700	75.88800
0.09705	56.30400
0.09710	34.27200
0.09715	39.16800
0.09720	36.72000
0.09725	22.03200
0.09730	68.54400
0.09735	73.44000
0.09740	19.58400
0.09745	12.24000
0.09750	2.44800
0.09755	26.92800
0.09760	51.40800
0.09765	22.03200
0.09770	39.16800
0.09775	63.64800
0.09780	51.40800
0.09785	22.03200
0.09790	39.16800
0.09795	66.09600
0.09800	53.85600
0.09805	90.57600
0.09810	36.72000
0.09815	56.30400
0.09820	29.37600
0.09825	39.16800
0.09830	34.27200
0.09835	19.58400
0.09840	2.44800
0.09845	36.72000
0.09850	22.03200
0.09855	36.72000
0.09860	14.68800
0.09865	29.37600
0.09870	36.72000
0.09875	4.89600
0.09880	2.44800
0.09885	83.23200
0.09890	70.99200
0.09895	26.92800
0.09900	4.89600
0.09905	7.34400
0.09910	39.16800
0.09915	29.37600
0.09920	7.34400
0.09925	31.82400
0.09930	36.72000
0.09935	12.24000
0.09940	12.24000
0.09945	19.58400
0.09950	9.79200
0.09955	39.16800
0.09960	9.79200
0.09965	7.34400
0.09970	9.79200
0.09975	22.03200
0.09980	44.06400
0.09985	46.51200
0.09990	14.68800
0.09995	12.24000
0.10000	29.37600
0.10005	24.48000
0.10010	12.24000
0.10015	34.27200
0.10020	66.09600
0.10025	61.20000
0.10030	51.40800
0.10035	4.89600
0.10040	34.27200
0.10045	39.16800
0.10050	61.20000
0.10055	31.82400
0.10060	19.58400
0.10065	12.24000
0.10070	22.03200
0.10075	48.96000
0.10080	9.79200
0.10085	7.34400
0.10090	46.51200
0.10095	17.13600
0.10100	39.16800
0.10105	46.51200
0.10110	51.40800
0.10115	48.96000
0.10120	2.44800
0.10125	39.16800
0.10130	29.37600
0.10135	29.37600
0.10140	22.03200
0.10145	24.48000
0.10150	29.37600
0.10155	19.58400
0.10160	56.30400
0.10165	14.68800
0.10170	34.27200
0.10175	29.37600
0.10180	48.96000
0.10185	41.61600
0.10190	70.99200
0.10195	36.72000
0.10200	9.79200
0.10205	17.13600
0.10210	44.06400
0.10215	22.03200
0.10220	88.12800
0.10225	4.89600
0.10230	2.44800
0.10235	58.75200
0.10240	12.24000
0.10245	12.24000
0.10250	22.03200
0.10255	44.06400
0.10260	46.51200
0.10265	58.75200
0.10270	19.58400
0.10275	36.72000
0.10280	-0.00000
0.10285	22.03200
0.10290	36.72000
0.10295	41.61600
0.10300	31.82400
0.10305	34.27200
0.10310	48.96000
0.10315	73.44000
0.10320	36.72000
0.10325	12.24000
0.10330	7.34400
0.10335	34.27200
0.10340	22.03200
0.10345	31.82400
0.10350	31.82400
0.10355	14.68800
0.10360	78.33600
0.10365	22.03200
0.10370	31.82400
0.10375	17.13600
0.10380	36.72000
0.10385	9.79200
0.10390	31.82400
0.10395	9.79200
0.10400	22.03200
0.10405	4.89600
0.10410	46.51200
0.10415	36.72000
0.10420	39.16800
0.10425	41.61600
0.10430	63.64800
0.10435	34.27200
0.10440	41.61600
0.10445	14.68800
0.10450	24.48000
0.10455	26.92800
0.10460	29.37600
0.10465	7.34400
0.10470	29.37600
0.10475	46.51200
0.10480	78.33600
0.10485	115.05600
0.10490	78.33600
0.10495	22.03200
0.10500	29.37600
0.10505	24.48000
0.10510	31.82400
0.10515	68.54400
0.10520	19.58400
0.10525	73.44000
0.10530	0.00000
0.10535	110.16000
0.10540	41.61600
0.10545	53.85600
0.10550	26.92800
0.10555	46.51200
0.10560	44.06400
0.10565	24.48000
0.10570	12.24000
0.10575	93.02400
0.10580	53.85600
0.10585	14.68800
0.10590	14.68800
0.10595	66.09600
0.10600	14.68800
0.10605	-0.00000
0.10610	7.34400
0.10615	56.30400
0.10620	26.92800
0.10625	73.44000
0.10630	31.82400
0.10635	14.68800
0.10640	26.92800
0.10645	75.88800
0.10650	22.03200
0.10655	63.64800
0.10660	80.78400
0.10665	26.92800
0.10670	39.16800
0.10675	26.92800
0.10680	34.27200
0.10685	26.92800
0.10690	22.03200
0.10695	12.24000
0.10700	31.82400
0.10705	100.36800
0.10710	31.82400
0.10715	26.92800
0.10720	22.03200
0.10725	36.72000
0.10730	9.79200
0.10735	22.03200
0.10740	19.58400
0.10745	9.79200
0.10750	17.13600
0.10755	12.24000
0.10760	63.64800
0.10765	2.44800
0.10770	22.03200
0.10775	78.33600
0.10780	39.16800
0.10785	14.68800
0.10790	12.24000
0.10795	66.09600
0.10800	17.13600
0.10805	115.05600
0.10810	63.64800
0.10815	63.64800
0.10820	53.85600
0.10825	31.82400
0.10830	31.82400
0.10835	0.00000
0.10840	36.72000
0.10845	9.79200
0.10850	80.78400
0.10855	46.51200
0.10860	14.68800
0.10865	12.24000
0.10870	39.16800
0.10875	63.64800
0.10880	26.92800
0.10885	112.60800
0.10890	80.78400
0.10895	19.58400
0.10900	19.58400
0.10905	14.68800
0.10910	73.44000
0.10915	44.06400
0.10920	12.24000
0.10925	29.37600
0.10930	4.89600
0.10935	58.75200
0.10940	41.61600
0.10945	24.48000
0.10950	51.40800
0.10955	22.03200
0.10960	4.89600
0.10965	44.06400
0.10970	46.51200
0.10975	26.92800
0.10980	39.16800
0.10985	22.03200
0.10990	46.51200
0.10995	9.79200
0.11000	80.78400
0.11005	14.68800
0.11010	73.44000
0.11015	34.27200
0.11020	61.20000
0.11025	39.16800
0.11030	36.72000
0.11035	63.64800
0.11040	7.34400
0.11045	4.89600
0.11050	17.13600
0.11055	9.79200
0.11060	22.03200
0.11065	46.51200
0.11070	12.24000
0.11075	4.89600
0.11080	9.79200
0.11085	88.12800
0.11090	29.37600
0.11095	41.61600
0.11100	2.44800
0.11105	73.44000
0.11110	48.96000
0.11115	58.75200
0.11120	39.16800
0.11125	73.44000
0.11130	4.89600
0.11135	39.16800
0.11140	31.82400
0.11145	12.24000
0.11150	9.79200
0.11155	83.23200
0.11160	17.13600
0.11165	34.27200
0.11170	22.03200
0.11175	17.13600
0.11180	36.72000
0.11185	29.37600
0.11190	29.37600
0.11195	19.58400
0.11200	24.48000
0.11205	22.03200
0.11210	26.92800
0.11215	68.54400
0.11220	31.82400
0.11225	41.61600
0.11230	80.78400
0.11235	4.89600
0.11240	29.37600
0.11245	44.06400
0.11250	26.92800
0.11255	63.64800
0.11260	9.79200
0.11265	4.89600
0.11270	44.06400
0.11275	19.58400
0.11280	41.61600
0.11285	22.03200
0.11290	73.44000
0.11295	78.33600
0.11300	14.68800
0.11305	34.27200
0.11310	90.57600
0.11315	102.81600
0.11320	17.13600
0.11325	9.79200
0.11330	22.03200
0.11335	29.37600
0.11340	9.79200
0.11345	58.75200
0.11350	12.24000
0.11355	56.30400
0.11360	14.68800
0.11365	26.92800
0.11370	44.06400
0.11375	2.44800
0.11380	14.68800
0.11385	19.58400
0.11390	2.44800
0.11395	22.03200
0.11400	-0.00000
0.11405	0.00000
0.11410	39.16800
0.11415	31.82400
0.11420	19.58400
0.11425	80.78400
0.11430	41.61600
0.11435	46.51200
0.11440	56.30400
0.11445	22.03200
0.11450	53.85600
0.11455	39.16800
0.11460	36.72000
0.11465	93.02400
0.11470	7.34400
0.11475	26.92800
0.11480	19.58400
0.11485	14.68800
0.11490	36.72000
0.11495	0.00000
0.11500	17.13600
0.11505	7.34400
0.11510	9.79200
0.11515	14.68800
0.11520	97.92000
0.11525	26.92800
0.11530	48.96000
0.11535	36.72000
0.11540	46.51200
0.11545	70.99200
0.11550	26.92800
0.11555	17.13600
0.11560	4.89600
0.11565	4.89600
0.11570	44.06400
0.11575	44.06400
0.11580	58.75200
0.11585	14.68800
0.11590	75.88800
0.11595	34.27200
0.11600	80.78400
0.11605	9.79200
0.11610	56.30400
0.11615	41.61600
0.11620	48.96000
0.11625	41.61600
0.11630	7.34400
0.11635	22.03200
0.11640	48.96000
0.11645	17.13600
0.11650	53.85600
0.11655	24.48000
0.11660	22.03200
0.11665	2.44800
0.11670	7.34400
0.11675	75.88800
0.11680	66.09600
0.11685	58.75200
0.11690	26.92800
0.11695	31.82400
0.11700	4.89600
0.11705	14.68800
0.11710	48.96000
0.11715	22.03200
0.11720	2.44800
0.11725	39.16800
0.11730	-0.00000
0.11735	39.16800
0.11740	36.72000
0.11745	9.79200
0.11750	31.82400
0.11755	51.40800
0.11760	36.72000
0.11765	31.82400
0.11770	56.30400
0.11775	48.96000
0.11780	51.40800
0.11785	56.30400
0.11790	44.06400
0.11795	66.09600
0.11800	22.03200
0.11805	51.40800
0.11810	39.16800
0.11815	34.27200
0.11820	22.03200
0.11825	26.92800
0.11830	12.24000
0.11835	51.40800
0.11840	70.99200
0.11845	51.40800
0.11850	9.79200
0.11855	9.79200
0.11860	26.92800
0.11865	4.89600
0.11870	34.27200
0.11875	29.37600
0.11880	31.82400
0.11885	36.72000
0.11890	19.58400
0.11895	51.40800
0.11900	2.44800
0.11905	100.36800
0.11910	58.75200
0.11915	61.20000
0.11920	24.48000
0.11925	14.68800
0.11930	14.68800
0.11935	7.34400
0.11940	41.61600
0.11945	93.02400
0.11950	17.13600
0.11955	39.16800
0.11960	56.30400
0.11965	88.12800
0.11970	95.47200
0.11975	29.37600
0.11980	46.51200
0.11985	4.89600
0.11990	41.61600
0.11995	73.44000
0.12000	70.99200
0.12005	9.79200
0.12010	58.75200
0.12015	75.88800
0.12020	34.27200
0.12025	39.16800
0.12030	132.19200
0.12035	48.96000
0.12040	19.58400
0.12045	4.89600
0.12050	63.64800
0.12055	56.30400
0.12060	-0.00000
0.12065	31.82400
0.12070	63.64800
0.12075	12.24000
0.12080	46.51200
0.12085	56.30400
0.12090	41.61600
0.12095	29.37600
0.12100	29.37600
0.12105	14.68800
0.12110	41.61600
0.12115	2.44800
0.12120	29.37600
0.12125	17.13600
0.12130	39.16800
0.12135	73.44000
0.12140	34.27200
0.12145	9.79200
0.12150	41.61600
0.12155	2.44800
0.12160	26.92800
0.12165	95.47200
0.12170	46.51200
0.12175	46.51200
0.12180	41.61600
0.12185	26.92800
0.12190	78.33600
0.12195	17.13600
0.12200	14.68800
0.12205	68.54400
0.12210	9.79200
0.12215	7.34400
0.12220	26.92800
0.12225	24.48000
0.12230	88.12800
0.12235	19.58400
0.12240	36.72000
0.12245	44.06400
0.12250	0.00000
0.12255	61.20000
0.12260	26.92800
0.12265	46.51200
0.12270	83.23200
0.12275	73.44000
0.12280	34.27200
0.12285	44.06400
0.12290	2.44800
0.12295	26.92800
0.12300	14.68800
0.12305	29.37600
0.12310	34.27200
0.12315	19.58400
0.12320	24.48000
0.12325	31.82400
0.12330	24.48000
0.12335	48.96000
0.12340	51.40800
0.12345	17.13600
0.12350	19.58400
0.12355	56.30400
0.12360	31.82400
0.12365	17.13600
0.12370	34.27200
0.12375	24.48000
0.12380	36.72000
0.12385	34.27200
0.12390	39.16800
0.12395	9.79200
0.12400	17.13600
0.12405	17.13600
0.12410	41.61600
0.12415	61.20000
0.12420	51.40800
0.12425	31.82400
0.12430	17.13600
0.12435	19.58400
0.12440	66.09600
0.12445	48.96000
0.12450	36.72000
0.12455	17.13600
0.12460	36.72000
0.12465	24.48000
0.12470	2.44800
0.12475	36.72000
0.12480	36.72000
0.12485	14.68800
0.12490	46.51200
0.12495	22.03200
0.12500	39.16800
0.12505	24.48000
0.12510	22.03200
0.12515	34.27200
0.12520	14.68800
0.12525	19.58400
0.12530	41.61600
0.12535	46.51200
0.12540	46.51200
0.12545	68.54400
0.12550	31.82400
0.12555	36.72000
0.12560	24.48000
0.12565	7.34400
0.12570	22.03200
0.12575	26.92800
0.12580	41.61600
0.12585	19.58400
0.12590	100.36800
0.12595	26.92800
0.12600	61.20000
0.12605	19.58400
0.12610	61.20000
0.12615	26.92800
0.12620	34.27200
0.12625	24.48000
0.12630	19.58400
0.12635	12.24000
0.12640	9.79200
0.12645	9.79200
0.12650	4.89600
0.12655	73.44000
0.12660	61.20000
0.12665	26.92800
0.12670	39.16800
0.12675	56.30400
0.12680	39.16800
0.12685	7.34400
0.12690	36.72000
0.12695	12.24000
0.12700	36.72000
0.12705	7.34400
0.12710	9.79200
0.12715	19.58400
0.12720	17.13600
0.12725	34.27200
0.12730	7.34400
0.12735	61.20000
0.12740	41.61600
0.12745	48.96000
0.12750	66.09600
0.12755	12.24000
0.12760	-0.00000
0.12765	51.40800
0.12770	31.82400
0.12775	22.03200
0.12780	61.20000
0.12785	34.27200
0.12790	34.27200
0.12795	14.68800
0.12800	36.72000
0.12805	56.30400
0.12810	22.03200
0.12815	66.09600
0.12820	44.06400
0.12825	29.37600
0.12830	83.23200
0.12835	63.64800
0.12840	14.68800
0.12845	58.75200
0.12850	17.13600
0.12855	31.82400
0.12860	75.88800
0.12865	22.03200
0.12870	61.20000
0.12875	34.27200
0.12880	34.27200
0.12885	83.23200
0.12890	26.92800
0.12895	31.82400
0.12900	26.92800
0.12905	26.92800
0.12910	68.54400
0.12915	7.34400
0.12920	22.03200
0.12925	36.72000
0.12930	39.16800
0.12935	14.68800
0.12940	58.75200
0.12945	26.92800
0.12950	22.03200
0.12955	85.68000
0.12960	70.99200
0.12965	24.48000
0.12970	26.92800
0.12975	31.82400
0.12980	51.40800
0.12985	22.03200
0.12990	58.75200
0.12995	110.16000
0.13000	7.34400
0.13005	24.48000
0.13010	31.82400
0.13015	66.09600
0.13020	31.82400
0.13025	51.40800
0.13030	46.51200
0.13035	0.00000
0.13040	14.68800
0.13045	48.96000
0.13050	53.85600
0.13055	51.40800
0.13060	9.79200
0.13065	48.96000
0.13070	26.92800
0.13075	68.54400
0.13080	53.85600
0.13085	7.34400
0.13090	44.06400
0.13095	51.40800
0.13100	14.68800
0.13105	63.64800
0.13110	19.58400
0.13115	41.61600
0.13120	112.60800
0.13125	7.34400
0.13130	90.57600
0.13135	19.58400
0.13140	29.37600
0.13145	75.88800
0.13150	31.82400
0.13155	12.24000
0.13160	68.54400
0.13165	26.92800
0.13170	7.34400
0.13175	29.37600
0.13180	9.79200
0.13185	51.40800
0.13190	9.79200
0.13195	24.48000
0.13200	88.12800
0.13205	14.68800
0.13210	70.99200
0.13215	19.58400
0.13220	17.13600
0.13225	17.13600
0.13230	41.61600
0.13235	29.37600
0.13240	24.48000
0.13245	34.27200
0.13250	39.16800
0.13255	31.82400
0.13260	129.74400
0.13265	39.16800
0.13270	31.82400
0.13275	4.89600
0.13280	100.36800
0.13285	66.09600
0.13290	46.51200
0.13295	90.57600
0.13300	90.57600
0.13305	24.48000
0.13310	17.13600
0.13315	46.51200
0.13320	48.96000
0.13325	17.13600
0.13330	51.40800
0.13335	36.72000
0.13340	22.03200
0.13345	14.68800
0.13350	61.20000
0.13355	17.13600
0.13360	9.79200
0.13365	9.79200
0.13370	26.92800
0.13375	22.03200
0.13380	31.82400
0.13385	48.96000
0.13390	68.54400
0.13395	0.00000
0.13400	90.57600
0.13405	19.58400
0.13410	19.58400
0.13415	66.09600
0.13420	48.96000
0.13425	61.20000
0.13430	75.88800
0.13435	44.06400
0.13440	127.29600
0.13445	39.16800
0.13450	29.37600
0.13455	75.88800
0.13460	31.82400
0.13465	12.24000
0.13470	80.78400
0.13475	4.89600
0.13480	4.89600
0.13485	9.79200
0.13490	24.48000
0.13495	4.89600
0.13500	29.37600
0.13505	80.78400
0.13510	39.16800
0.13515	-0.00000
0.13520	17.13600
0.13525	14.68800
0.13530	12.24000
0.13535	12.24000
0.13540	39.16800
0.13545	29.37600
0.13550	39.16800
0.13555	110.16000
0.13560	4.89600
0.13565	46.51200
0.13570	46.51200
0.13575	7.34400
0.13580	78.33600
0.13585	29.37600
0.13590	36.72000
0.13595	88.12800
0.13600	48.96000
0.13605	85.68000
0.13610	29.37600
0.13615	56.30400
0.13620	44.06400
0.13625	44.06400
0.13630	29.37600
0.13635	56.30400
0.13640	36.72000
0.13645	46.51200
0.13650	19.58400
0.13655	12.24000
0.13660	51.40800
0.13665	12.24000
0.13670	56.30400
0.13675	46.51200
0.13680	4.89600
0.13685	26.92800
0.13690	95.47200
0.13695	22.03200
0.13700	29.37600
0.13705	53.85600
0.13710	34.27200
0.13715	110.16000
0.13720	19.58400
0.13725	29.37600
0.13730	61.20000
0.13735	14.68800
0.13740	24.48000
0.13745	53.85600
0.13750	14.68800
0.13755	41.61600
0.13760	22.03200
0.13765	24.48000
0.13770	31.82400
0.13775	12.24000
0.13780	9.79200
0.13785	29.37600
0.13790	12.24000
0.13795	12.24000
0.13800	66.09600
0.13805	46.51200
0.13810	51.40800
0.13815	39.16800
0.13820	26.92800
0.13825	68.54400
0.13830	31.82400
0.13835	61.20000
0.13840	12.24000
0.13845	95.47200
0.13850	48.96000
0.13855	44.06400
0.13860	34.27200
0.13865	14.68800
0.13870	34.27200
0.13875	36.72000
0.13880	7.34400
0.13885	31.82400
0.13890	34.27200
0.13895	36.72000
0.13900	14.68800
0.13905	53.85600
0.13910	26.92800
0.13915	34.27200
0.13920	14.68800
0.13925	24.48000
0.13930	41.61600
0.13935	14.68800
0.13940	2.44800
0.13945	29.37600
0.13950	53.85600
0.13955	34.27200
0.13960	51.40800
0.13965	29.37600
0.13970	17.13600
0.13975	48.96000
0.13980	29.37600
0.13985	22.03200
0.13990	44.06400
0.13995	2.44800
0.14000	48.96000
0.14005	44.06400
0.14010	39.16800
0.14015	122.40000
0.14020	36.72000
0.14025	83.23200
0.14030	26.92800
0.14035	41.61600
0.14040	29.37600
0.14045	68.54400
0.14050	58.75200
0.14055	26.92800
0.14060	73.44000
0.14065	51.40800
0.14070	93.02400
0.14075	78.33600
0.14080	46.51200
0.14085	58.75200
0.14090	41.61600
0.14095	46.51200
0.14100	26.92800
0.14105	56.30400
0.14110	90.57600
0.14115	80.78400
0.14120	48.96000
0.14125	100.36800
0.14130	139.53600
0.14135	124.84800
0.14140	73.44000
0.14145	97.92000
0.14150	146.88000
0.14155	323.13600
0.14160	249.69600
0.14165	423.50400
0.14170	594.86400
0.14175	844.56000
0.14180	687.88800
0.14185	1062.43200
0.14190	1015.92000
0.14195	1238.68800
0.14200	1390.46400
0.14205	1610.78400
0.14210	1718.49600
0.14215	1728.28800
0.14220	2093.04000
0.14225	1936.36800
0.14230	1574.06400
0.14235	1906.99200
0.14240	1199.52000
0.14245	1436.97600
0.14250	1270.51200
0.14255	1062.43200
0.14260	908.20800
0.14265	861.69600
0.14270	761.32800
0.14275	614.44800
0.14280	577.72800
0.14285	462.67200
0.14290	460.22400
0.14295	347.61600
0.14300	440.64000
0.14305	352.51200
0.14310	399.02400
0.14315	369.64800
0.14320	252.14400
0.14325	239.90400
0.14330	279.07200
0.14335	230.11200
0.14340	269.28000
0.14345	247.24800
0.14350	276.62400
0.14355	492.04800
0.14360	181.15200
0.14365	286.41600
0.14370	242.35200
0.14375	230.11200
0.14380	308.44800
0.14385	141.98400
0.14390	205.63200
0.14395	195.84000
0.14400	244.80000
0.14405	93.02400
0.14410	186.04800
0.14415	225.21600
0.14420	190.94400
0.14425	144.43200
0.14430	102.81600
0.14435	132.19200
0.14440	279.07200
0.14445	137.08800
0.14450	159.12000
0.14455	85.68000
0.14460	132.19200
0.14465	129.74400
0.14470	186.04800
0.14475	301.10400
0.14480	183.60000
0.14485	166.46400
0.14490	137.08800
0.14495	161.56800
0.14500	217.87200
0.14505	181.15200
0.14510	161.56800
0.14515	132.19200
0.14520	97.92000
0.14525	244.80000
0.14530	58.75200
0.14535	100.36800
0.14540	166.46400
0.14545	102.81600
0.14550	85.68000
0.14555	97.92000
0.14560	83.23200
0.14565	127.29600
0.14570	186.04800
0.14575	132.19200
0.14580	117.50400
0.14585	119.95200
0.14590	115.05600
0.14595	266.83200
0.14600	134.64000
0.14605	129.74400
0.14610	139.53600
0.14615	134.64000
0.14620	173.80800
0.14625	44.06400
0.14630	112.60800
0.14635	235.00800
0.14640	137.08800
0.14645	215.42400
0.14650	70.99200
0.14655	73.44000
0.14660	190.94400
0.14665	112.60800
0.14670	93.02400
0.14675	127.29600
0.14680	102.81600
0.14685	151.77600
0.14690	117.50400
0.14695	156.67200
0.14700	63.64800
0.14705	119.95200
0.14710	141.98400
0.14715	178.70400
0.14720	122.40000
0.14725	159.12000
0.14730	85.68000
0.14735	53.85600
0.14740	115.05600
0.14745	222.76800
0.14750	34.27200
0.14755	122.40000
0.14760	124.84800
0.14765	122.40000
0.14770	70.99200
0.14775	119.95200
0.14780	83.23200
0.14785	102.81600
0.14790	112.60800
0.14795	110.16000
0.14800	129.74400
0.14805	80.78400
0.14810	61.20000
0.14815	119.95200
0.14820	193.39200
0.14825	100.36800
0.14830	83.23200
0.14835	97.92000
0.14840	129.74400
0.14845	63.64800
0.14850	222.76800
0.14855	129.74400
0.14860	129.74400
0.14865	154.22400
0.14870	173.80800
0.14875	154.22400
0.14880	119.95200
0.14885	115.05600
0.14890	159.12000
0.14895	73.44000
0.14900	119.95200
0.14905	127.29600
0.14910	129.74400
0.14915	41.61600
0.14920	129.74400
0.14925	124.84800
0.14930	83.23200
0.14935	83.23200
0.14940	78.33600
0.14945	127.29600
0.14950	117.50400
0.14955	66.09600
0.14960	127.29600
0.14965	68.54400
0.14970	107.71200
0.14975	100.36800
0.14980	117.50400
0.14985	97.92000
0.14990	58.75200
0.14995	46.51200
0.15000	56.30400
0.15005	122.40000
0.15010	80.78400
0.15015	134.64000
0.15020	41.61600
0.15025	100.36800
0.15030	141.98400
0.15035	110.16000
0.15040	122.40000
0.15045	39.16800
0.15050	117.50400
0.15055	61.20000
0.15060	51.40800
0.15065	97.92000
0.15070	117.50400
0.15075	44.06400
0.15080	97.92000
0.15085	41.61600
0.15090	53.85600
0.15095	90.57600
0.15100	107.71200
0.15105	139.53600
0.15110	117.50400
0.15115	70.99200
0.15120	56.30400
0.15125	83.23200
0.15130	80.78400
0.15135	112.60800
0.15140	51.40800
0.15145	58.75200
0.15150	90.57600
0.15155	78.33600
0.15160	154.22400
0.15165	117.50400
0.15170	144.43200
0.15175	124.84800
0.15180	149.32800
0.15185	154.22400
0.15190	122.40000
0.15195	83.23200
0.15200	97.92000
0.15205	51.40800
0.15210	122.40000
0.15215	36.72000
0.15220	95.47200
0.15225	100.36800
0.15230	141.98400
0.15235	102.81600
0.15240	56.30400
0.15245	70.99200
0.15250	137.08800
0.15255	19.58400
0.15260	107.71200
0.15265	146.88000
0.15270	48.96000
0.15275	88.12800
0.15280	110.16000
0.15285	110.16000
0.15290	127.29600
0.15295	166.46400
0.15300	119.95200
0.15305	70.99200
0.15310	80.78400
0.15315	144.43200
0.15320	88.12800
0.15325	58.75200
0.15330	80.78400
0.15335	39.16800
0.15340	85.68000
0.15345	85.68000
0.15350	100.36800
0.15355	151.77600
0.15360	115.05600
0.15365	68.54400
0.15370	56.30400
0.15375	102.81600
0.15380	93.02400
0.15385	166.46400
0.15390	73.44000
0.15395	107.71200
0.15400	141.98400
0.15405	95.47200
0.15410	70.99200
0.15415	124.84800
0.15420	70.99200
0.15425	53.85600
0.15430	34.27200
0.15435	31.82400
0.15440	58.75200
0.15445	137.08800
0.15450	117.50400
0.15455	90.57600
0.15460	61.20000
0.15465	110.16000
0.15470	39.16800
0.15475	95.47200
0.15480	61.20000
0.15485	53.85600
0.15490	80.78400
0.15495	68.54400
0.15500	51.40800
0.15505	41.61600
0.15510	73.44000
0.15515	83.23200
0.15520	63.64800
0.15525	149.32800
0.15530	80.78400
0.15535	73.44000
0.15540	90.57600
0.15545	61.20000
0.15550	80.78400
0.15555	97.92000
0.15560	56.30400
0.15565	107.71200
0.15570	80.78400
0.15575	26.92800
0.15580	132.19200
0.15585	75.88800
0.15590	107.71200
0.15595	171.36000
0.15600	102.81600
0.15605	83.23200
0.15610	93.02400
0.15615	26.92800
0.15620	105.26400
0.15625	9.79200
0.15630	12.24000
0.15635	88.12800
0.15640	110.16000
0.15645	73.44000
0.15650	58.75200
0.15655	129.74400
0.15660	66.09600
0.15665	26.92800
0.15670	97.92000
0.15675	115.05600
0.15680	41.61600
0.15685	75.88800
0.15690	100.36800
0.15695	41.61600
0.15700	26.92800
0.15705	70.99200
0.15710	230.11200
0.15715	68.54400
0.15720	51.40800
0.15725	105.26400
0.15730	78.33600
0.15735	22.03200
0.15740	73.44000
0.15745	22.03200
0.15750	58.75200
0.15755	31.82400
0.15760	48.96000
0.15765	100.36800
0.15770	61.20000
0.15775	39.16800
0.15780	107.71200
0.15785	112.60800
0.15790	36.72000
0.15795	51.40800
0.15800	93.02400
0.15805	83.23200
0.15810	127.29600
0.15815	100.36800
0.15820	70.99200
0.15825	88.12800
0.15830	75.88800
0.15835	75.88800
0.15840	88.12800
0.15845	83.23200
0.15850	95.47200
0.15855	95.47200
0.15860	68.54400
0.15865	151.77600
0.15870	70.99200
0.15875	90.57600
0.15880	83.23200
0.15885	66.09600
0.15890	235.00800
0.15895	75.88800
0.15900	85.68000
0.15905	66.09600
0.15910	46.51200
0.15915	83.23200
0.15920	75.88800
0.15925	26.92800
0.15930	34.27200
0.15935	100.36800
0.15940	36.72000
0.15945	105.26400
0.15950	117.50400
0.15955	83.23200
0.15960	129.74400
0.15965	93.02400
0.15970	93.02400
0.15975	19.58400
0.15980	132.19200
0.15985	156.67200
0.15990	61.20000
0.15995	90.57600
0.16000	58.75200
0.16005	78.33600
0.16010	46.51200
0.16015	144.43200
0.16020	80.78400
0.16025	48.96000
0.16030	51.40800
0.16035	63.64800
0.16040	117.50400
0.16045	29.37600
0.16050	112.60800
0.16055	51.40800
0.16060	66.09600
0.16065	83.23200
0.16070	107.71200
0.16075	66.09600
0.16080	105.26400
0.16085	58.75200
0.16090	132.19200
0.16095	14.68800
0.16100	70.99200
0.16105	90.57600
0.16110	53.85600
0.16115	70.99200
0.16120	56.30400
0.16125	80.78400
0.16130	29.37600
0.16135	107.71200
0.16140	51.40800
0.16145	39.16800
0.16150	66.09600
0.16155	36.72000
0.16160	53.85600
0.16165	112.60800
0.16170	41.61600
0.16175	41.61600
0.16180	110.16000
0.16185	53.85600
0.16190	51.40800
0.16195	22.03200
0.16200	112.60800
0.16205	19.58400
0.16210	36.72000
0.16215	26.92800
0.16220	127.29600
0.16225	39.16800
0.16230	46.51200
0.16235	24.48000
0.16240	66.09600
0.16245	66.09600
0.16250	102.81600
0.16255	41.61600
0.16260	110.16000
0.16265	129.74400
0.16270	85.68000
0.16275	19.58400
0.16280	44.06400
0.16285	73.44000
0.16290	58.75200
0.16295	63.64800
0.16300	70.99200
0.16305	146.88000
0.16310	90.57600
0.16315	26.92800
0.16320	68.54400
0.16325	80.78400
0.16330	95.47200
0.16335	51.40800
0.16340	34.27200
0.16345	154.22400
0.16350	66.09600
0.16355	66.09600
0.16360	88.12800
0.16365	19.58400
0.16370	53.85600
0.16375	132.19200
0.16380	61.20000
0.16385	58.75200
0.16390	36.72000
0.16395	53.85600
0.16400	56.30400
0.16405	39.16800
0.16410	36.72000
0.16415	14.68800
0.16420	68.54400
0.16425	110.16000
0.16430	186.04800
0.16435	93.02400
0.16440	41.61600
0.16445	68.54400
0.16450	41.61600
0.16455	68.54400
0.16460	39.16800
0.16465	26.92800
0.16470	63.64800
0.16475	53.85600
0.16480	88.12800
0.16485	53.85600
0.16490	48.96000
0.16495	41.61600
0.16500	44.06400
0.16505	90.57600
0.16510	122.40000
0.16515	88.12800
0.16520	31.82400
0.16525	24.48000
0.16530	39.16800
0.16535	56.30400
0.16540	68.54400
0.16545	36.72000
0.16550	51.40800
0.16555	63.64800
0.16560	75.88800
0.16565	83.23200
0.16570	78.33600
0.16575	44.06400
0.16580	83.23200
0.16585	78.33600
0.16590	46.51200
0.16595	75.88800
0.16600	61.20000
0.16605	97.92000
0.16610	48.96000
0.16615	75.88800
0.16620	88.12800
0.16625	73.44000
0.16630	90.57600
0.16635	36.72000
0.16640	80.78400
0.16645	61.20000
0.16650	44.06400
0.16655	51.40800
0.16660	53.85600
0.16665	80.78400
0.16670	26.92800
0.16675	100.36800
0.16680	85.68000
0.16685	29.37600
0.16690	36.72000
0.16695	168.91200
0.16700	36.72000
0.16705	129.74400
0.16710	141.98400
0.16715	63.64800
0.16720	102.81600
0.16725	58.75200
0.16730	51.40800
0.16735	129.74400
0.16740	70.99200
0.16745	73.44000
0.16750	85.68000
0.16755	137.08800
0.16760	95.47200
0.16765	83.23200
0.16770	83.23200
0.16775	41.61600
0.16780	51.40800
0.16785	80.78400
0.16790	63.64800
0.16795	80.78400
0.16800	58.75200
0.16805	117.50400
0.16810	70.99200
0.16815	112.60800
0.16820	127.29600
0.16825	48.96000
0.16830	83.23200
0.16835	107.71200
0.16840	63.64800
0.16845	26.92800
0.16850	29.37600
0.16855	48.96000
0.16860	22.03200
0.16865	24.48000
0.16870	44.06400
0.16875	29.37600
0.16880	41.61600
0.16885	80.78400
0.16890	58.75200
0.16895	41.61600
0.16900	46.51200
0.16905	127.29600
0.16910	31.82400
0.16915	61.20000
0.16920	46.51200
0.16925	-0.00000
0.16930	41.61600
0.16935	100.36800
0.16940	41.61600
0.16945	22.03200
0.16950	85.68000
0.16955	51.40800
0.16960	137.08800
0.16965	97.92000
0.16970	56.30400
0.16975	117.50400
0.16980	107.71200
0.16985	117.50400
0.16990	85.68000
