0.035082 -0.0250000004 0.031632098 -0.0149803329 asynchronous_release_0
0.039469 -0.0250000004 -0.0285132519 0.0202976467 asynchronous_release_0
0.044006 -0.0250000004 0.00928434231 0.0337461255 asynchronous_release_0
0.04181 -0.0250000004 -0.0212852001 0.0277838129 asynchronous_release_0
0.048644 -0.0250000004 -0.0349879096 0.000919883167 asynchronous_release_0
0.048442 -0.0250000004 0.0131435459 0.03243836 asynchronous_release_1
0.034144 -0.0250000004 -0.0326036298 0.0127280527 asynchronous_release_0
0.026316 -0.0250000004 0.0326246206 0.0126741522 asynchronous_release_0
0.010227 -0.0250000004 0.011961448 -0.0328926095 asynchronous_release_0
0.034029 -0.0250000004 -0.0223995728 0.0268934776 asynchronous_release_0
0.045122 -0.0250000004 -0.0180878369 -0.0299638141 asynchronous_release_0
0.043978 -0.0250000004 0.0144552755 0.031875461 asynchronous_release_0
0.034179 -0.0250000004 0.000277607007 -0.000960694722 asynchronous_release_0
0.041662 -0.0250000004 0.000716193334 -0.000697901933 asynchronous_release_1
0.030952 -0.0250000004 -0.000942745219 -0.000333513796 asynchronous_release_0
0.03816 -0.0250000004 0.000312604953 0.000949883226 asynchronous_release_0
0.04214 -0.0250000004 0.0340341616 0.00816552772 asynchronous_release_0
0.043644 -0.0250000004 0.0275883223 -0.0215379774 asynchronous_release_0
0.042831 -0.0250000004 0.0284346792 -0.0204075726 asynchronous_release_0
0.046107 -0.0250000004 0.0342325206 -0.00728934388 asynchronous_release_4
0.045237 -0.0250000004 0.0242489528 -0.0252386269 asynchronous_release_0
0.034047 -0.0250000004 0.000143053181 -0.000989715003 asynchronous_release_1
0.043655 -0.0250000004 -0.0116572867 -0.0330016313 asynchronous_release_0
0.036756 -0.0250000004 -0.0316106514 -0.0150255355 asynchronous_release_1
0.032004 -0.0250000004 0.0349982933 -0.000345635884 asynchronous_release_0
0.038145 -0.0250000004 0.0292259112 0.0192573653 asynchronous_release_0
0.031625 -0.0250000004 0.0329197565 -0.0118865316 asynchronous_release_0
0.046161 -0.0250000004 -0.00460118282 0.0346962407 asynchronous_release_0
0.032191 -0.0250000004 0.0259121616 -0.0235278533 asynchronous_release_0
0.048162 -0.0250000004 -0.0308658196 0.0165015509 asynchronous_release_0
0.042734 -0.0250000004 0.0227342302 0.0266111776 asynchronous_release_0
0.036951 -0.0250000004 -0.00029769152 -0.000954662118 asynchronous_release_0
0.014188 -0.0250000004 -0.00972670866 0.03362129 asynchronous_release_0
0.028603 -0.0250000004 0.0242535369 0.0252342218 asynchronous_release_0
0.017166 -0.0250000004 0.0280364913 -0.0209512567 asynchronous_release_0
0.045323 -0.0250000004 0.0348446664 0.00329381556 asynchronous_release_0
0.026517 -0.0250000004 0.0103016409 0.0334496068 asynchronous_release_0
0.025153 -0.0250000004 0.0345868628 -0.00536180233 asynchronous_release_3
0.030236 -0.0250000004 -0.0201826139 0.0285947914 asynchronous_release_0
