0.023175 -0.0250000004 0.0242874038 0.0252016273 synchronous_release_0
0.022947 -0.0250000004 0.0341829731 -0.00751826754 synchronous_release_0
0.030418 -0.0250000004 -0.000941075926 0.00033819536 synchronous_release_1
0.041146 -0.0250000004 0.0292844565 -0.0191682187 synchronous_release_1
0.024499 -0.0250000004 0.00841780304 -0.0339726448 synchronous_release_0
0.035082 -0.0250000004 0.031632098 -0.0149803329 asynchronous_release_0
0.022368 -0.0250000004 0.0287893979 0.019904034 synchronous_release_0
0.039469 -0.0250000004 -0.0285132519 0.0202976467 asynchronous_release_0
0.025681 -0.0250000004 0.000142115238 -0.00098985012 synchronous_release_0
0.023938 -0.0250000004 0.0283808467 0.0204823715 synchronous_release_0
0.02359 -0.0250000004 0.0329027849 0.0119334299 synchronous_release_0
0.025538 -0.0250000004 -0.0267860458 0.0225279326 synchronous_release_0
0.025616 -0.0250000004 -0.00415210739 0.0347528417 synchronous_release_0
0.028685 -0.0250000004 0.0321728974 -0.0137805904 synchronous_release_0
0.044006 -0.0250000004 0.00928434231 0.0337461255 asynchronous_release_0
0.023436 -0.0250000004 -0.0245828308 0.0249135391 synchronous_release_0
0.025501 -0.0250000004 -0.033555444 0.00995149125 synchronous_release_0
0.02459 -0.0250000004 0.0321598611 0.013810986 synchronous_release_0
0.027397 -0.0250000004 0.0328716925 -0.0120188115 synchronous_release_0
0.008535 -0.0250000004 0.0298256483 0.0183147674 synchronous_release_0
0.022233 -0.0250000004 0.0325737303 -0.0128043779 synchronous_release_0
0.04181 -0.0250000004 -0.0212852001 0.0277838129 asynchronous_release_0
0.027085 -0.0250000004 0.0134188877 0.0323254304 synchronous_release_0
0.028841 -0.0250000004 0.0347040878 0.00454161758 synchronous_release_0
0.023602 -0.0250000004 -0.000313073033 -0.000949729054 synchronous_release_0
0.029884 -0.0250000004 0.0332405169 -0.0109575562 synchronous_release_1
0.024209 -0.0250000004 -0.000714583739 -0.0349927045 synchronous_release_0
0.037033 -0.0250000004 0.0306618629 0.0168775046 synchronous_release_1
0.029314 -0.0250000004 0.0325983311 0.0127416172 synchronous_release_0
0.026645 -0.0250000004 -0.0113104506 -0.033122103 synchronous_release_0
0.031827 -0.0250000004 0.0113104506 0.033122103 synchronous_release_0
0.024215 -0.0250000004 -0.0203866827 -0.0284496603 synchronous_release_0
0.024782 -0.0250000004 0.0331322153 0.0112807937 synchronous_release_0
0.005634 -0.0250000004 0.0346474657 0.00495511089 synchronous_release_0
0.048644 -0.0250000004 -0.0349879096 0.000919883167 asynchronous_release_0
0.025189 -0.0250000004 0.018290597 0.0298404769 synchronous_release_0
0.031572 -0.0250000004 0.0343231122 -0.006850107 synchronous_release_0
0.025177 -0.0250000004 0.0344774766 0.00602524738 synchronous_release_0
0.022842 -0.0250000004 0.0342151041 0.00737066147 synchronous_release_0
0.024449 -0.0250000004 -0.000861962447 -0.00050697213 synchronous_release_0
0.026912 -0.0250000004 0.0349986004 -0.000313004896 synchronous_release_0
0.022236 -0.0250000004 0.011110242 -0.0331897954 synchronous_release_0
0.028492 -0.0250000004 -0.0331263649 0.0112979621 synchronous_release_1
0.024965 -0.0250000004 0.0307076133 -0.0167941206 synchronous_release_0
0.026328 -0.0250000004 0.0261813545 -0.0232279288 synchronous_release_1
0.022807 -0.0250000004 0.0237882016 -0.025673361 synchronous_release_0
0.022871 -0.0250000004 0.0349979278 0.000380849391 synchronous_release_0
0.029308 -0.0250000004 -0.0178287892 0.0301186699 synchronous_release_0
0.022139 -0.0250000004 0.018658636 0.0296117427 synchronous_release_0
0.022358 -0.0250000004 0.0594887312 -0.0116657986 synchronous_release_0
0.030728 -0.0250000004 0.0331119916 0.0113400182 synchronous_release_0
0.022577 -0.0250000004 -0.00357028088 -0.0348174252 synchronous_release_0
0.025901 -0.0250000004 0.0319379151 0.0143167586 synchronous_release_0
0.023174 -0.0250000004 -0.00185125185 -0.0349510067 synchronous_release_0
0.031465 -0.0250000004 0.0330453374 0.0508232789 synchronous_release_0
0.039183 -0.0250000004 -0.000453493491 0.000891259588 synchronous_release_1
0.02642 -0.0250000004 -0.00788883646 -0.0601062913 synchronous_release_1
0.030977 -0.0250000004 -0.000870714264 0.000491789255 synchronous_release_0
0.026222 -0.0250000004 0.000775239708 0.000631667156 synchronous_release_0
0.023388 -0.0250000004 -0.000229332509 -0.000973348139 synchronous_release_0
0.032385 -0.0250000004 0.0340671849 -0.00802663781 synchronous_release_0
0.024995 -0.0250000004 -0.00088264615 0.000470038055 synchronous_release_0
0.048442 -0.0250000004 0.0131435459 0.03243836 asynchronous_release_1
0.032169 -0.0250000004 -0.021289689 -0.0277803733 synchronous_release_0
0.02587 -0.0250000004 0.021289689 0.0277803733 synchronous_release_1
0.0226 -0.0250000004 0.0298067274 0.0183455445 synchronous_release_0
0.025822 -0.0250000004 -0.0307910713 0.0166406108 synchronous_release_0
0.022492 -0.0250000004 0.0259160389 -0.0235235824 synchronous_release_0
0.029913 -0.0250000004 -0.0259160389 0.0235235824 synchronous_release_1
0.023012 -0.0250000004 0.0349939041 0.000653203644 synchronous_release_0
0.026229 -0.0250000004 -8.33887889e-05 -0.00099651709 synchronous_release_0
0.023232 -0.0250000004 0.0336446018 -0.00964576418 synchronous_release_0
0.034144 -0.0250000004 -0.0326036298 0.0127280527 asynchronous_release_0
0.022968 -0.0250000004 0.0243718367 -0.0251199836 synchronous_release_0
0.03238 -0.0250000004 -0.0080945555 -0.0340511112 synchronous_release_0
0.034465 -0.0250000004 0.033536405 0.0100154649 synchronous_release_0
0.024753 -0.0250000004 0.0329076923 0.0119198903 synchronous_release_0
0.039796 -0.0250000004 -0.00738060188 -0.0342129612 synchronous_release_0
0.007722 -0.0250000004 0.0217630751 -0.0274111029 synchronous_release_0
0.03634 -0.0250000004 -0.0217630751 0.0274111029 synchronous_release_0
0.024362 -0.0250000004 0.000992917333 -0.000118807276 synchronous_release_0
0.024553 -0.0250000004 -0.0348590621 -0.00313780008 synchronous_release_1
0.027818 -0.0250000004 0.0257567739 -0.0236978606 synchronous_release_0
0.026312 -0.0250000004 0.0349264194 -0.00226830936 synchronous_release_0
0.024252 -0.0250000004 -0.0349264194 0.00226830936 synchronous_release_1
0.022658 -0.0250000004 0.034913529 -0.00245875777 synchronous_release_0
0.022557 -0.0250000004 0.0349994616 0.000194128663 synchronous_release_0
0.02749 -0.0250000004 -5.54653322e-06 0.000999984618 synchronous_release_0
0.032838 -0.0250000004 0.0173316105 0.0304074872 synchronous_release_0
0.007428 -0.0250000004 0.0163885474 -0.0309259683 synchronous_release_0
0.022499 -0.0250000004 -0.0185884005 -0.0296558825 synchronous_release_1
0.023228 -0.0250000004 0.0337418368 -0.0092999166 synchronous_release_0
0.037283 -0.0250000004 -0.00881695437 0.0338712461 synchronous_release_0
0.040108 -0.0250000004 0.0249248824 0.0245713295 synchronous_release_0
0.026316 -0.0250000004 0.0326246206 0.0126741522 asynchronous_release_0
0.026628 -0.0250000004 0.000581999607 0.000813189066 synchronous_release_0
0.041321 -0.0250000004 0.00341011689 0.0348334768 synchronous_release_1
0.030229 -0.0250000004 0.0299475963 0.0181146758 synchronous_release_0
0.040683 -0.0250000004 -0.00241286777 0.0349167305 synchronous_release_0
0.003122 -0.0250000004 0.0349999868 -3.03727969e-05 synchronous_release_0
0.036867 -0.0250000004 -0.0196362431 0.0289727105 synchronous_release_1
0.025014 -0.0250000004 0.0261128735 0.0233048887 synchronous_release_0
0.03797 -0.0250000004 -0.000486079312 -0.0008739147 synchronous_release_0
0.010227 -0.0250000004 0.011961448 -0.0328926095 asynchronous_release_0
0.003494 -0.0250000004 -0.0168679895 -0.0306670985 synchronous_release_0
0.009284 -0.0250000004 0.0349924811 0.000725441851 synchronous_release_0
0.028629 -0.0250000004 -0.000855475904 -0.000517842618 synchronous_release_1
0.023324 -0.0250000004 0.0166132714 -0.0308058308 synchronous_release_1
0.006309 -0.0250000004 0.0197405723 0.0289017267 synchronous_release_0
0.029285 -0.0250000004 0.0338559764 0.00887540774 synchronous_release_0
0.0322 -0.0250000004 -0.000129476532 0.0349997605 synchronous_release_0
0.034029 -0.0250000004 -0.0223995728 0.0268934776 asynchronous_release_0
0.022879 -0.0250000004 0.0344902212 0.00595186026 synchronous_release_0
0.02918 -0.0250000004 0.0120906484 0.0328453379 synchronous_release_0
0.023785 -0.0250000004 -0.0171939308 -0.0304855498 synchronous_release_1
0.022595 -0.0250000004 0.0347778563 -0.00393709433 synchronous_release_0
0.032149 -0.0250000004 -0.0139793044 0.0320870542 synchronous_release_0
0.045122 -0.0250000004 -0.0180878369 -0.0299638141 asynchronous_release_0
0.023719 -0.0250000004 -0.0169055058 0.0306464333 synchronous_release_0
0.024114 -0.0250000004 0.034606333 -0.00523466501 synchronous_release_0
0.034543 -0.0250000004 0.0218365194 0.027352631 synchronous_release_1
0.043978 -0.0250000004 0.0144552755 0.031875461 asynchronous_release_0
0.022716 -0.0250000004 0.0348325967 0.0034190947 synchronous_release_0
0.024121 -0.0250000004 0.0311557318 -0.0159474253 synchronous_release_0
0.022553 -0.0250000004 0.0114205429 -0.0330843044 synchronous_release_0
0.023552 -0.0250000004 0.0308254864 -0.0165767725 synchronous_release_0
0.027117 -0.0250000004 0.0251024633 -0.0243898819 synchronous_release_0
0.023371 -0.0250000004 0.0349204799 0.00235798273 synchronous_release_1
0.022864 -0.0250000004 0.0340512519 -0.00809396343 synchronous_release_0
0.024235 -0.0250000004 0.0240352039 0.0254422675 synchronous_release_0
0.024196 -0.0250000004 -0.00199738981 -0.0349429597 synchronous_release_1
0.026824 -0.0250000004 -0.000771077656 0.0349915052 synchronous_release_0
0.027566 -0.0250000004 0.0127519023 -0.0325943091 synchronous_release_0
0.025544 -0.0250000004 0.0341072837 -0.00785450191 synchronous_release_1
0.02265 -0.0250000004 0.034495396 0.005921795 synchronous_release_0
0.026508 -0.0250000004 0.00625924521 0.0344357641 synchronous_release_0
0.034179 -0.0250000004 0.000277607007 -0.000960694722 asynchronous_release_0
0.022751 -0.0250000004 -0.00124106319 -0.0349779897 synchronous_release_0
0.030083 -0.0250000004 0.0309123592 0.0164142026 synchronous_release_0
0.041662 -0.0250000004 0.000716193334 -0.000697901933 asynchronous_release_1
0.027238 -0.0250000004 -0.00203958389 0.0349405223 synchronous_release_0
0.025766 -0.0250000004 0.0327028384 0.0124709407 synchronous_release_0
0.028174 -0.0250000004 -0.00396611184 -0.034774559 synchronous_release_0
0.023845 -0.0250000004 -0.0111617356 0.0331725136 synchronous_release_0
0.016628 -0.0250000004 0.0343091073 -0.00691991022 synchronous_release_1
0.024929 -0.0250000004 0.0340551448 0.00807756834 synchronous_release_0
0.02676 -0.0250000004 0.033871489 0.00881602121 synchronous_release_0
0.022779 -0.0250000004 -0.00138345929 0.034972647 synchronous_release_0
0.034318 -0.0250000004 0.0267402684 0.0225822506 synchronous_release_0
0.023841 -0.0250000004 0.0273619586 0.0218248304 synchronous_release_0
0.043354 -0.0250000004 -0.0273619586 -0.0218248304 synchronous_release_0
0.034201 -0.0250000004 -0.0005166409 0.000856202184 synchronous_release_1
0.030952 -0.0250000004 -0.000942745219 -0.000333513796 asynchronous_release_0
0.039298 -0.0250000004 0.0108065378 0.0332899195 synchronous_release_1
0.023905 -0.0250000004 0.000411165617 0.000911560659 synchronous_release_0
0.022723 -0.0250000004 0.0259390967 -0.0234981544 synchronous_release_0
0.023146 -0.0250000004 0.0093596513 -0.0337253158 synchronous_release_0
0.008161 -0.0250000004 0.0252777243 -0.024208194 synchronous_release_0
0.022665 -0.0250000004 0.0336037731 0.0097870544 synchronous_release_0
0.027345 -0.0250000004 0.0144983785 0.0318558789 synchronous_release_1
0.025314 -0.0250000004 0.00169169457 -0.0349590928 synchronous_release_0
0.03816 -0.0250000004 0.000312604953 0.000949883226 asynchronous_release_0
0.033997 -0.0250000004 0.000871308531 0.0349891529 synchronous_release_0
0.04214 -0.0250000004 0.0340341616 0.00816552772 asynchronous_release_0
0.033554 -0.0250000004 0.0349896389 0.000851569718 synchronous_release_0
0.009488 -0.0250000004 0.0334653323 0.0102504407 synchronous_release_0
0.024995 -0.0250000004 -4.98453144e-05 -0.00099875695 synchronous_release_0
0.033332 -0.0250000004 0.0189891024 0.0294009182 synchronous_release_0
0.038766 -0.0250000004 0.0159673908 -0.0311455042 synchronous_release_0
0.003098 -0.0250000004 -0.000377837757 0.000925871821 synchronous_release_0
0.023867 -0.0250000004 0.0324055137 0.0132243215 synchronous_release_2
0.024395 -0.0250000004 0.0349648131 0.00156902592 synchronous_release_0
0.031513 -0.0250000004 0.0340480184 0.00810755461 synchronous_release_1
0.043644 -0.0250000004 0.0275883223 -0.0215379774 asynchronous_release_0
0.022215 -0.0250000004 0.0600349191 -0.00841477821 synchronous_release_0
0.022603 -0.0250000004 -0.0236058734 -0.0258411057 synchronous_release_0
0.006465 -0.0250000004 -0.0190723795 0.0293469647 synchronous_release_0
0.028768 -0.0250000004 -0.0104831948 0.0333931524 synchronous_release_0
0.027608 -0.0250000004 0.0341609157 -0.00761786322 synchronous_release_1
0.042831 -0.0250000004 0.0284346792 -0.0204075726 asynchronous_release_0
0.022204 -0.0250000004 -0.00345613667 -0.0348289408 synchronous_release_0
0.023216 -0.0250000004 0.000999922166 1.24764876e-05 synchronous_release_0
0.024146 -0.0250000004 0.0349093242 -0.0025177541 synchronous_release_0
0.016684 -0.0250000004 0.00122437408 0.0349785778 synchronous_release_0
0.02598 -0.0250000004 -0.00122437408 -0.0349785778 synchronous_release_0
0.006911 -0.0250000004 0.031859833 -0.0144896874 synchronous_release_0
0.004398 -0.0250000004 0.0240019925 0.0254736011 synchronous_release_0
0.02232 -0.0250000004 0.034061782 -0.00804953472 synchronous_release_0
0.023802 -0.0250000004 -0.0035395654 -0.0348205611 synchronous_release_0
0.029005 -0.0250000004 0.0304914357 -0.0171834906 synchronous_release_0
0.031325 -0.0250000004 0.0114173088 -0.0330854207 synchronous_release_1
0.040123 -0.0250000004 0.0306999296 -0.0168081623 synchronous_release_0
0.024157 -0.0250000004 0.0299062604 0.0181828378 synchronous_release_1
0.025856 -0.0250000004 0.0338188876 -0.00901569988 synchronous_release_1
0.02308 -0.0250000004 0.0279543638 -0.021060711 synchronous_release_0
0.027156 -0.0250000004 -0.0345270836 0.00573415209 synchronous_release_0
0.023009 -0.0250000004 4.33963403e-05 0.000999057935 synchronous_release_0
0.036199 -0.0250000004 0.0164799031 0.0308773832 synchronous_release_0
0.024691 -0.0250000004 0.0349805498 0.00116667689 synchronous_release_1
0.025169 -0.0250000004 0.0149869488 0.031628964 synchronous_release_0
0.02242 -0.0250000004 0.0346080314 -0.0052234243 synchronous_release_0
0.025993 -0.0250000004 0.025296957 0.0241880955 synchronous_release_0
0.046107 -0.0250000004 0.0342325206 -0.00728934388 asynchronous_release_4
0.028142 -0.0250000004 -0.00430842106 -0.0347338093 synchronous_release_0
0.022557 -0.0250000004 0.000295216785 -0.000955430296 synchronous_release_0
0.031788 -0.0250000004 0.0239770478 -0.0254970818 synchronous_release_0
0.022512 -0.0250000004 0.0315560454 -0.0151398811 synchronous_release_0
0.032705 -0.0250000004 0.00266650101 -0.0348982775 synchronous_release_0
0.026108 -0.0250000004 -0.00266650101 0.0348982775 synchronous_release_1
0.035657 -0.0250000004 0.0343707187 0.00660709435 synchronous_release_0
0.030784 -0.0250000004 0.0317910164 -0.0146400574 synchronous_release_0
0.045237 -0.0250000004 0.0242489528 -0.0252386269 asynchronous_release_0
0.004025 -0.0250000004 0.0157795556 -0.0312410887 synchronous_release_0
0.026875 -0.0250000004 -0.0349453543 0.00195504835 synchronous_release_0
0.026207 -0.0250000004 0.0211655295 0.027875085 synchronous_release_0
0.011529 -0.0250000004 -0.00012888721 -0.00099165926 synchronous_release_0
0.034047 -0.0250000004 0.000143053181 -0.000989715003 asynchronous_release_1
0.023083 -0.0250000004 0.0201724925 -0.0286019326 synchronous_release_0
0.028506 -0.0250000004 0.0323283891 -0.0134117583 synchronous_release_0
0.043655 -0.0250000004 -0.0116572867 -0.0330016313 asynchronous_release_0
0.022819 -0.0250000004 0.0122160144 -0.0327989175 synchronous_release_0
0.03069 -0.0250000004 -0.0122160144 0.0327989175 synchronous_release_1
0.044966 -0.0250000004 -0.0245431037 0.0249526765 synchronous_release_0
0.026098 -0.0250000004 0.0333908373 0.0104905666 synchronous_release_0
0.022378 -0.0250000004 -0.00122742381 -0.034978471 synchronous_release_0
0.025153 -0.0250000004 0.0341156515 -0.00781807687 synchronous_release_0
0.024532 -0.0250000004 -0.00290734151 -0.0348790391 synchronous_release_0
0.029842 -0.0250000004 0.0316598046 0.0149216879 synchronous_release_0
0.032531 -0.0250000004 -0.000986527451 -0.000163595806 synchronous_release_0
0.009089 -0.0250000004 0.0272217674 -0.0219994404 synchronous_release_0
0.023598 -0.0250000004 0.032662958 0.0125750219 synchronous_release_0
0.03024 -0.0250000004 -0.00544119056 -0.0345744623 synchronous_release_0
0.003709 -0.0250000004 0.0320259361 0.0141187612 synchronous_release_0
0.023317 -0.0250000004 0.0282401739 -0.0206758937 synchronous_release_0
0.026319 -0.0250000004 0.00378576222 0.0347946548 synchronous_release_0
0.028235 -0.0250000004 -0.0340795828 -0.00797383466 synchronous_release_0
0.022862 -0.0250000004 0.0310043768 0.0162397236 synchronous_release_0
0.031319 -0.0250000004 -0.00143817521 -0.0349704397 synchronous_release_0
0.006722 -0.0250000004 -0.00359909763 -0.0348144581 synchronous_release_0
0.02343 -0.0250000004 0.00359909763 0.0348144581 synchronous_release_0
0.024245 -0.0250000004 0.0319287067 -0.0143372832 synchronous_release_0
0.022504 -0.0250000004 0.00961008937 -0.0336548092 synchronous_release_0
0.039901 -0.0250000004 0.000718571032 -0.000695453573 synchronous_release_0
0.02248 -0.0250000004 0.0184377161 -0.0297498004 synchronous_release_0
0.036756 -0.0250000004 -0.0316106514 -0.0150255355 asynchronous_release_1
0.029854 -0.0250000004 0.020990922 0.0280068062 synchronous_release_0
0.0242 -0.0250000004 0.00947209547 -0.0336939076 synchronous_release_0
0.029478 -0.0250000004 0.000715715117 -0.000698392348 synchronous_release_0
0.004288 -0.0250000004 0.018018002 0.0300058595 synchronous_release_0
0.026889 -0.0250000004 0.000874485063 0.000485052445 synchronous_release_0
0.034025 -0.0250000004 0.0349948376 -0.000601117705 synchronous_release_0
0.032325 -0.0250000004 0.0135414945 -0.0322742611 synchronous_release_0
0.026388 -0.0250000004 0.0347210772 -0.00440985233 synchronous_release_1
0.005246 -0.0250000004 0.0261059694 -0.0233126223 synchronous_release_0
0.025585 -0.0250000004 -0.00146808644 -0.0349691968 synchronous_release_0
0.023457 -0.0250000004 0.0291087486 -0.0194340103 synchronous_release_0
0.038843 -0.0250000004 0.0313847209 0.0154919106 synchronous_release_0
0.006709 -0.0250000004 0.0348398906 -0.00334395371 synchronous_release_0
0.021902 -0.0250000004 0.0145239964 -0.0318442071 synchronous_release_0
0.013751 -0.0250000004 0.0174829881 -0.0303207046 synchronous_release_0
0.023927 -0.0250000004 0.0349999945 -1.96404913e-05 synchronous_release_1
0.0273 -0.0250000004 -0.0179016334 0.0300754305 synchronous_release_0
0.029903 -0.0250000004 0.0349969036 0.000465554068 synchronous_release_0
0.02632 -0.0250000004 0.0129310159 0.0325236657 synchronous_release_0
0.02642 -0.0250000004 0.0274092328 0.0217654304 synchronous_release_0
0.032004 -0.0250000004 0.0349982933 -0.000345635884 asynchronous_release_0
0.034066 -0.0250000004 0.0349602121 -0.00166840339 synchronous_release_0
0.007085 -0.0250000004 0.0336027336 -0.00979062268 synchronous_release_0
0.028998 -0.0250000004 0.0252802948 0.0242055096 synchronous_release_0
0.026458 -0.0250000004 -0.027228228 -0.0219914438 synchronous_release_0
0.038145 -0.0250000004 0.0292259112 0.0192573653 asynchronous_release_0
0.022834 -0.0250000004 0.00206441194 -0.0349390641 synchronous_release_0
0.029029 -0.0250000004 -0.0312903231 0.0156816989 synchronous_release_0
0.024876 -0.0250000004 0.018081142 -0.0299678545 synchronous_release_0
0.022798 -0.0250000004 -0.0124051518 0.0327278507 synchronous_release_0
0.044646 -0.0250000004 0.034545726 -0.00562074879 synchronous_release_0
0.031625 -0.0250000004 0.0329197565 -0.0118865316 asynchronous_release_0
0.014613 -0.0250000004 0.0252953941 0.02418973 synchronous_release_0
0.023103 -0.0250000004 0.0261626182 0.0232490303 synchronous_release_1
0.022839 -0.0250000004 0.0263099912 -0.0230821221 synchronous_release_0
0.037694 -0.0250000004 -0.000980748053 0.000195277386 synchronous_release_0
0.046161 -0.0250000004 -0.00460118282 0.0346962407 asynchronous_release_0
0.026978 -0.0250000004 0.0132985891 0.0323751066 synchronous_release_0
0.012804 -0.0250000004 0.0289405182 -0.0196836583 synchronous_release_0
0.023265 -0.0250000004 0.0346995086 0.00457647246 synchronous_release_0
0.023292 -0.0250000004 0.0321698513 0.0137876997 synchronous_release_0
0.031873 -0.0250000004 -0.00414442744 -0.0347537584 synchronous_release_0
0.033138 -0.0250000004 0.026837728 0.0224663382 synchronous_release_1
0.025587 -0.0250000004 0.0205552056 0.0283281402 synchronous_release_0
0.032078 -0.0250000004 -0.0348104918 0.00363726011 synchronous_release_1
0.027257 -0.0250000004 0.0316877613 -0.0148622267 synchronous_release_2
0.022627 -0.0250000004 0.034302469 -0.00695274173 synchronous_release_0
0.032191 -0.0250000004 0.0259121616 -0.0235278533 asynchronous_release_0
0.003366 -0.0250000004 0.0219633963 -0.0272508573 synchronous_release_0
0.039818 -0.0250000004 0.0345816328 0.00539543049 synchronous_release_0
0.022646 -0.0250000004 0.0349854159 -0.00101028317 synchronous_release_0
0.033124 -0.0250000004 0.0166177771 -0.0308034005 synchronous_release_0
0.0377 -0.0250000004 0.0349865058 0.000971807623 synchronous_release_0
0.025779 -0.0250000004 0.0204276129 0.0284202856 synchronous_release_0
0.01084 -0.0250000004 -0.00900181349 0.0338225864 synchronous_release_0
0.002528 -0.0250000004 0.0247903123 0.0247070924 synchronous_release_1
0.022613 -0.0250000004 0.0349110706 -0.00249342099 synchronous_release_0
0.02831 -0.0250000004 0.0152961694 -0.0314805845 synchronous_release_0
0.007731 -0.0250000004 0.0349979167 0.000381871751 synchronous_release_0
0.048162 -0.0250000004 -0.0308658196 0.0165015509 asynchronous_release_0
0.024358 -0.0250000004 0.0308658196 -0.0165015509 synchronous_release_0
0.02772 -0.0250000004 0.0302172675 -0.0176611649 synchronous_release_1
0.025132 -0.0250000004 0.0272020705 0.0220237908 synchronous_release_0
0.045806 -0.0250000004 0.000358451106 0.000933548501 synchronous_release_0
0.002632 -0.0250000004 0.0315819629 0.0150857423 synchronous_release_0
0.027333 -0.0250000004 -0.00272634534 -0.0348936533 synchronous_release_0
0.042734 -0.0250000004 0.0227342302 0.0266111776 asynchronous_release_0
0.026987 -0.0250000004 0.034413071 -0.0063828321 synchronous_release_0
0.022552 -0.0250000004 0.0202404971 -0.0285538488 synchronous_release_0
0.029094 -0.0250000004 -0.0146081099 -0.031805709 synchronous_release_0
0.023075 -0.0250000004 0.0349997713 -0.000126523355 synchronous_release_0
0.028097 -0.0250000004 0.0206361718 0.0282692132 synchronous_release_1
0.022553 -0.0250000004 0.0345678795 -0.00548285573 synchronous_release_0
0.02524 -0.0250000004 -0.0125356474 0.0326780897 synchronous_release_1
0.036951 -0.0250000004 -0.00029769152 -0.000954662118 asynchronous_release_0
0.023247 -0.0250000004 0.0334131741 -0.0104192032 synchronous_release_0
0.022495 -0.0250000004 0.0296764678 0.0185555183 synchronous_release_0
0.034441 -0.0250000004 0.0165693591 0.0308294719 synchronous_release_0
0.019093 -0.0250000004 0.0337154264 -0.00939521285 synchronous_release_0
0.005176 -0.0250000004 -0.0209285673 0.0280534324 synchronous_release_0
0.018879 -0.0250000004 0.0209285673 -0.0280534324 synchronous_release_0
0.022752 -0.0250000004 0.0286998074 0.0200329991 synchronous_release_0
0.011491 -0.0250000004 0.0325386132 -0.0128933568 synchronous_release_0
0.026917 -0.0250000004 0.0288030385 -0.0198842896 synchronous_release_0
0.037067 -0.0250000004 0.0331145398 -0.011332575 synchronous_release_1
0.025404 -0.0250000004 0.00939013888 0.0337168399 synchronous_release_0
0.024041 -0.0250000004 -0.017352855 0.0303953685 synchronous_release_0
0.028629 -0.0250000004 0.030306556 0.0175075031 synchronous_release_0
0.039083 -0.0250000004 -0.0165007676 0.0308662383 synchronous_release_0
0.022545 -0.0250000004 0.0347553629 0.00413095044 synchronous_release_0
0.023711 -0.0250000004 -0.00476198689 -0.0346745365 synchronous_release_0
0.023391 -0.0250000004 0.0341582371 0.00762986475 synchronous_release_0
0.006014 -0.0250000004 0.011765258 -0.0329632933 synchronous_release_0
0.02234 -0.0250000004 0.0226644204 0.026670659 synchronous_release_0
0.022665 -0.0250000004 0.0344296784 -0.00629263431 synchronous_release_1
0.005634 -0.0250000004 0.00591494824 -0.0344965707 synchronous_release_0
0.023723 -0.0250000004 0.000965460176 -0.000260550663 synchronous_release_0
0.025021 -0.0250000004 0.0190528226 -0.0293596654 synchronous_release_0
0.022816 -0.0250000004 0.0313587031 0.0155445084 synchronous_release_0
0.014188 -0.0250000004 -0.00972670866 0.03362129 asynchronous_release_0
0.028603 -0.0250000004 0.0242535369 0.0252342218 asynchronous_release_0
0.031046 -0.0250000004 0.0236235993 -0.0258249019 synchronous_release_0
0.022817 -0.0250000004 0.000217372379 0.034999325 synchronous_release_0
0.017166 -0.0250000004 0.0280364913 -0.0209512567 asynchronous_release_0
0.002877 -0.0250000004 0.0321625662 0.0138046854 synchronous_release_0
0.024423 -0.0250000004 0.00412607485 0.034755942 synchronous_release_0
0.029792 -0.0250000004 0.0328249576 -0.0121458701 synchronous_release_1
0.022648 -0.0250000004 0.030413044 0.0173218577 synchronous_release_0
0.023142 -0.0250000004 0.0305996584 -0.0169900238 synchronous_release_0
0.025601 -0.0250000004 0.0300136214 0.0180050696 synchronous_release_0
0.02992 -0.0250000004 -0.00058603695 0.0349950934 synchronous_release_0
0.026458 -0.0250000004 -0.0349992723 0.000225700119 synchronous_release_0
0.025588 -0.0250000004 0.0348455477 -0.0032844795 synchronous_release_0
0.031352 -0.0250000004 0.0145783312 -0.0318193693 synchronous_release_0
0.022602 -0.0250000004 0.0253199661 -0.0241640087 synchronous_release_0
0.03222 -0.0250000004 0.00826666232 0.0340097382 synchronous_release_0
0.040915 -0.0250000004 -0.00826666232 -0.0340097382 synchronous_release_0
0.045154 -0.0250000004 0.0349154852 -0.00243082195 synchronous_release_0
0.003313 -0.0250000004 -0.0157881372 -0.0312367528 synchronous_release_0
0.002792 -0.0250000004 0.0349999473 -6.07284667e-05 synchronous_release_0
0.005349 -0.0250000004 0.0311444537 0.0159694397 synchronous_release_0
0.022898 -0.0250000004 0.00894618884 0.0338373419 synchronous_release_0
0.026665 -0.0250000004 0.028478822 -0.0203459258 synchronous_release_0
0.045323 -0.0250000004 0.0348446664 0.00329381556 asynchronous_release_0
0.026517 -0.0250000004 0.0103016409 0.0334496068 asynchronous_release_0
0.027081 -0.0250000004 -0.017952276 0.030045229 synchronous_release_0
0.025716 -0.0250000004 0.0150135054 -0.0316163669 synchronous_release_1
0.010051 -0.0250000004 -0.00459382311 0.0346972159 synchronous_release_0
0.023261 -0.0250000004 0.0323455819 -0.0133702404 synchronous_release_1
0.005329 -0.0250000004 -0.00258613733 0.0349043249 synchronous_release_0
0.002523 -0.0250000004 0.0349905349 0.000813921485 synchronous_release_0
0.022737 -0.0250000004 -0.0346981856 -0.00458649279 synchronous_release_0
0.026338 -0.0250000004 0.0213211121 -0.0277562638 synchronous_release_0
0.025153 -0.0250000004 0.0345868628 -0.00536180233 asynchronous_release_3
0.023659 -0.0250000004 0.00666600056 0.0343593428 synchronous_release_0
0.029333 -0.0250000004 0.0068077928 -0.0343315301 synchronous_release_0
0.030236 -0.0250000004 -0.0201826139 0.0285947914 asynchronous_release_0
