0.030183 -0.0250000004 0.000477816073 0.000878459902 asynchronous_release_0
0.114599 -0.0250000004 0.0311431438 0.0159719941 asynchronous_release_0
0.122255 -0.0250000004 -0.0109199762 -0.0332528814 asynchronous_release_1
0.119168 -0.0250000004 -0.0195933457 -0.029001738 asynchronous_release_0
0.107275 -0.0250000004 -0.0203267538 -0.0284925092 asynchronous_release_4
0.026753 -0.0250000004 0.0104544998 0.0334021472 asynchronous_release_0
0.105892 -0.0250000004 -0.058315719 0.016561308 asynchronous_release_0
0.036882 -0.0250000004 -0.0288583114 0.019803986 asynchronous_release_0
0.055821 -0.0250000004 -0.024917187 -0.0245791333 asynchronous_release_0
0.036381 -0.0250000004 0.0232267648 0.0261823871 asynchronous_release_0
0.105068 -0.0250000004 0.0324960631 0.0130002264 asynchronous_release_0
0.111953 -0.0250000004 -0.0348184465 0.0035603065 asynchronous_release_0
0.014581 -0.0250000004 -0.0145059666 0.0318524243 asynchronous_release_1
0.1168 -0.0250000004 0.0349035619 -0.00259641381 asynchronous_release_0
0.127244 -0.0250000004 0.0325403899 -0.0128888721 asynchronous_release_0
0.046938 -0.0250000004 -0.000749622299 -0.000661865855 asynchronous_release_0
0.031149 -0.0250000004 0.0117325638 0.0329749442 asynchronous_release_0
0.049201 -0.0250000004 -0.0260244027 -0.0234036421 asynchronous_release_0
0.032827 -0.0250000004 -0.0318873887 -0.0144289445 asynchronous_release_0
0.061976 -0.0250000004 0.000503380656 -0.000864064764 asynchronous_release_0
0.114741 -0.0250000004 0.00013678188 -0.0349997327 asynchronous_release_0
0.122592 -0.0250000004 0.034779849 0.00391945218 asynchronous_release_0
0.074263 -0.0250000004 0.0299277502 -0.0181474451 asynchronous_release_0
0.034517 -0.0250000004 0.0129635301 0.0325107196 asynchronous_release_0
0.103723 -0.0250000004 0.00594705155 -0.0344910507 asynchronous_release_0
0.052971 -0.0250000004 0.00356247135 0.0348182251 asynchronous_release_0
0.067774 -0.0250000004 0.0244574976 -0.0250365895 asynchronous_release_0
0.009022 -0.0250000004 -0.010075163 -0.0335185186 asynchronous_release_0
0.122475 -0.0250000004 0.0284974371 0.0203198444 asynchronous_release_0
0.121831 -0.0250000004 -0.0242039574 -0.0252817809 asynchronous_release_0
0.025827 -0.0250000004 -0.0218776507 0.0273197438 asynchronous_release_0
0.114567 -0.0250000004 -0.0344430659 -0.00621893946 asynchronous_release_0
0.123492 -0.0250000004 -0.0114224056 -0.0330836614 asynchronous_release_0
0.108024 -0.0250000004 0.0109514968 0.0332425137 asynchronous_release_0
0.107451 -0.0250000004 0.0157450077 0.0312585146 asynchronous_release_3
0.118905 -0.0250000004 -0.000983663255 0.000180018333 asynchronous_release_0
0.059631 -0.0250000004 -0.0248914591 -0.0246051877 asynchronous_release_0
0.120884 -0.0250000004 -0.0237697186 0.0256904745 asynchronous_release_0
0.019322 -0.0250000004 -0.00276481505 0.0348906262 asynchronous_release_1
0.096487 -0.0250000004 -0.007992527 -0.0340752038 asynchronous_release_0
0.118247 -0.0250000004 -0.0296936779 0.0185279651 asynchronous_release_1
0.105656 -0.0250000004 -0.0220226134 -0.0564801248 asynchronous_release_0
0.022822 -0.0250000004 -0.000972482627 0.000232975407 asynchronous_release_0
0.128861 -0.0250000004 -0.00815413923 -0.0340368919 asynchronous_release_0
0.118948 -0.0250000004 0.00348740298 -0.034825824 asynchronous_release_0
0.026072 -0.0250000004 0.0335123728 -0.0100955865 asynchronous_release_0
0.004688 -0.0250000004 0.0247303375 -0.0247671236 asynchronous_release_3
0.044512 -0.0250000004 -0.0259513801 -0.0234845879 asynchronous_release_0
0.110225 -0.0250000004 -0.0113277903 0.0331161768 asynchronous_release_1
0.128374 -0.0250000004 0.0176859251 -0.0302027822 asynchronous_release_0
0.058338 -0.0250000004 0.0345776734 0.0054207472 asynchronous_release_0
0.124084 -0.0250000004 -0.0163287631 0.0309575757 asynchronous_release_0
0.111597 -0.0250000004 0.00649440044 -0.0343921904 asynchronous_release_1
0.115183 -0.0250000004 0.000994686679 -0.000102948578 asynchronous_release_0
0.0333 -0.0250000004 -0.0230055717 -0.0263769534 asynchronous_release_0
0.121579 -0.0250000004 -0.00432551916 -0.0347316842 asynchronous_release_0
0.109397 -0.0250000004 0.0325332924 -0.0129067767 asynchronous_release_0
0.105474 -0.0250000004 0.0337455884 -0.00928629445 asynchronous_release_0
0.107087 -0.0250000004 -0.0304464469 0.0172630783 asynchronous_release_0
0.050155 -0.0250000004 0.011693431 0.0329888416 asynchronous_release_0
0.123591 -0.0250000004 -0.00978218194 0.0336051918 asynchronous_release_0
0.099022 -0.0250000004 0.0321991812 -0.0137190645 asynchronous_release_0
0.116814 -0.0250000004 0.0348848547 -0.00283670852 asynchronous_release_0
0.025696 -0.0250000004 0.0124974606 0.0326927129 asynchronous_release_0
0.02075 -0.0250000004 0.015368032 -0.0314455656 asynchronous_release_0
0.11866 -0.0250000004 -0.0252021958 -0.0242868139 asynchronous_release_0
0.113745 -0.0250000004 -0.000992183646 0.000124786267 asynchronous_release_0
0.086432 -0.0250000004 0.034812726 -0.00361581347 asynchronous_release_0
0.027259 -0.0250000004 -0.000986469586 0.000163944368 asynchronous_release_0
0.115923 -0.0250000004 0.0346824352 -0.00470411423 asynchronous_release_0
0.10804 -0.0250000004 0.0316511071 0.0149401278 asynchronous_release_0
0.094307 -0.0250000004 -0.00530140713 0.0345961715 asynchronous_release_0
0.058197 -0.0250000004 -0.020444424 -0.0284081947 asynchronous_release_0
0.112899 -0.0250000004 0.0245073734 0.0249877699 asynchronous_release_0
0.016755 -0.0250000004 0.032922213 0.0118797262 asynchronous_release_0
0.039299 -0.0250000004 -0.000644903134 -0.000764264318 asynchronous_release_0
0.109956 -0.0250000004 -0.000872375246 0.000488836814 asynchronous_release_3
0.108609 -0.0250000004 0.0293071853 0.0191334494 asynchronous_release_0
0.086602 -0.0250000004 -0.0144590271 -0.0318737594 asynchronous_release_0
0.045899 -0.0250000004 0.0334371687 -0.0103419412 asynchronous_release_0
0.102802 -0.0250000004 0.0237981393 -0.0256641494 asynchronous_release_0
0.029222 -0.0250000004 0.000818823375 0.000574045539 asynchronous_release_0
0.016262 -0.0250000004 -0.0332184534 0.0110242619 asynchronous_release_0
0.097934 -0.0250000004 0.0261565176 0.0232558936 asynchronous_release_0
0.006233 -0.0250000004 -0.0261565176 -0.0232558936 asynchronous_release_1
0.115616 -0.0250000004 0.0346496288 -0.00493996161 asynchronous_release_1
0.012945 -0.0250000004 -0.00481391761 -0.034667365 asynchronous_release_0
0.039381 -0.0250000004 -0.0113122341 -0.0331214939 asynchronous_release_0
0.045107 -0.0250000004 -0.0100850115 0.0335155567 asynchronous_release_0
0.128661 -0.0250000004 0.0212068768 -0.0278436416 asynchronous_release_0
0.036915 -0.0250000004 0.0194788904 -0.029078735 asynchronous_release_0
0.121241 -0.0250000004 0.00565387844 0.0345403193 asynchronous_release_0
0.121305 -0.0250000004 -0.000998602211 5.28547529e-05 asynchronous_release_1
0.075646 -0.0250000004 0.01778004 0.0301474738 asynchronous_release_0
0.126608 -0.0250000004 -0.0228038133 0.0265515743 asynchronous_release_0
0.126252 -0.0250000004 0.0042682254 -0.0347387716 asynchronous_release_0
0.117184 -0.0250000004 -0.000820699157 -0.000571360564 asynchronous_release_0
0.125684 -0.0250000004 0.0345601736 -0.00553122063 asynchronous_release_0
0.035691 -0.0250000004 -0.0280035642 -0.0209952469 asynchronous_release_0
0.028231 -0.0250000004 0.011237323 0.0331469844 asynchronous_release_0
0.055651 -0.0250000004 -0.011237323 -0.0331469844 asynchronous_release_0
0.104678 -0.0250000004 -0.00044295196 -0.0349971969 asynchronous_release_0
0.107381 -0.0250000004 -0.0305453699 0.0170874333 asynchronous_release_0
0.119009 -0.0250000004 0.0315841133 -0.0150812396 asynchronous_release_0
0.066773 -0.0250000004 -0.0342697711 0.00711215769 asynchronous_release_0
0.100599 -0.0250000004 0.0232542935 0.0261579402 asynchronous_release_0
0.076508 -0.0250000004 0.0259943266 0.023437043 asynchronous_release_0
0.112384 -0.0250000004 0.0140403649 -0.0320603829 asynchronous_release_0
0.016429 -0.0250000004 0.034902105 -0.00261592521 asynchronous_release_0
0.044141 -0.0250000004 0.0025021884 0.0349104433 asynchronous_release_0
0.119964 -0.0250000004 0.000837568932 0.000546331662 asynchronous_release_1
0.061871 -0.0250000004 0.0346838805 -0.00469344562 asynchronous_release_0
0.129328 -0.0250000004 0.0293876225 0.0190096724 asynchronous_release_0
0.127591 -0.0250000004 0.0282040901 -0.0207250887 asynchronous_release_0
0.126648 -0.0250000004 -0.0179918269 0.0300215617 asynchronous_release_0
0.050275 -0.0250000004 0.0349776814 -0.00124972215 asynchronous_release_0
0.105909 -0.0250000004 0.0219707388 -0.0272449379 asynchronous_release_0
0.103202 -0.0250000004 -0.0475620171 0.0375879572 asynchronous_release_0
0.033576 -0.0250000004 -0.0346772186 -0.00474241573 asynchronous_release_1
0.084655 -0.0250000004 -0.024338652 -0.0251521375 asynchronous_release_0
0.120795 -0.0250000004 0.0316770657 -0.0148850096 asynchronous_release_0
0.02091 -0.0250000004 -0.000584819458 -0.000811163487 asynchronous_release_0
0.128232 -0.0250000004 -0.0116439601 0.0330063357 asynchronous_release_0
0.019419 -0.0250000004 0.000706505164 0.000707707887 asynchronous_release_0
0.117282 -0.0250000004 -0.00460778897 -0.034695364 asynchronous_release_0
0.10339 -0.0250000004 0.0323509611 0.0133572197 asynchronous_release_1
0.016582 -0.0250000004 0.0267219308 -0.0226039469 asynchronous_release_0
0.128315 -0.0250000004 -0.0267801911 0.0225348922 asynchronous_release_0
0.103095 -0.0250000004 0.0349317568 0.00218457513 asynchronous_release_0
0.113463 -0.0250000004 0.000981785464 -0.000189992901 asynchronous_release_0
0.117953 -0.0250000004 -0.0215124121 0.0276082619 asynchronous_release_0
0.081592 -0.0250000004 -0.000798229367 -0.0349908964 asynchronous_release_0
0.059954 -0.0250000004 0.0345836016 0.00538279679 asynchronous_release_0
0.048089 -0.0250000004 0.0331725793 -0.0111615402 asynchronous_release_0
0.116344 -0.0250000004 -0.0224836721 -0.026823208 asynchronous_release_0
0.068212 -0.0250000004 -0.0110135679 -0.0332220006 asynchronous_release_0
0.103642 -0.0250000004 0.020631248 0.0282728068 asynchronous_release_3
0.102633 -0.0250000004 0.0348080835 -0.00366023526 asynchronous_release_3
0.056495 -0.0250000004 -0.030074478 0.0179032336 asynchronous_release_0
0.125882 -0.0250000004 -0.0347252319 0.0043770163 asynchronous_release_0
0.019335 -0.0250000004 -0.00605067359 -0.0344730235 asynchronous_release_0
0.128992 -0.0250000004 -0.0181321958 0.0299369917 asynchronous_release_0
0.024437 -0.0250000004 0.0251328487 -0.0243585697 asynchronous_release_0
0.108845 -0.0250000004 0.0291018925 0.0194442756 asynchronous_release_0
0.127636 -0.0250000004 0.0349617512 -0.00163583497 asynchronous_release_1
0.109064 -0.0250000004 0.0036676137 0.0348073068 asynchronous_release_0
0.105121 -0.0250000004 0.00617657532 -0.0344506882 asynchronous_release_0
0.129572 -0.0250000004 -0.033705044 0.00943239139 asynchronous_release_0
0.126583 -0.0250000004 0.00315575058 0.0348574416 asynchronous_release_0
0.010969 -0.0250000004 -0.00315575058 -0.0348574416 asynchronous_release_4
0.122442 -0.0250000004 0.0266156867 0.0227289512 asynchronous_release_0
0.018031 -0.0250000004 -0.0183144303 -0.0298258553 asynchronous_release_0
0.123619 -0.0250000004 -0.0268644917 -0.0224343283 asynchronous_release_0
0.061918 -0.0250000004 -0.00567005738 -0.0345376671 asynchronous_release_0
0.038134 -0.0250000004 -0.0340445519 -0.00812209877 asynchronous_release_0
0.102856 -0.0250000004 0.030673625 -0.0168561184 asynchronous_release_2
0.066802 -0.0250000004 -2.32813392e-05 -0.000999728953 asynchronous_release_0
0.115468 -0.0250000004 -0.0348858773 0.00282410381 asynchronous_release_0
0.125995 -0.0250000004 -0.0125121014 0.0326871124 asynchronous_release_0
0.121319 -0.0250000004 0.0286975076 0.0200362935 asynchronous_release_0
0.110433 -0.0250000004 0.0167839902 0.0307131515 asynchronous_release_0
0.111763 -0.0250000004 0.0305186923 -0.017135035 asynchronous_release_0
0.05928 -0.0250000004 0.0344923766 -0.00593935675 asynchronous_release_0
0.057366 -0.0250000004 -0.0192901229 0.0292043003 asynchronous_release_1
0.06998 -0.0250000004 0.0224126214 -0.0268826041 asynchronous_release_0
0.124873 -0.0250000004 -0.0224126214 0.0268826041 asynchronous_release_0
0.034983 -0.0250000004 -0.00401642727 0.0347687836 asynchronous_release_0
0.121077 -0.0250000004 0.0189801696 -0.0294066857 asynchronous_release_0
0.068105 -0.0250000004 -0.012658356 0.0326307527 asynchronous_release_0
0.123288 -0.0250000004 -0.0171414287 0.0305151015 asynchronous_release_0
0.037263 -0.0250000004 -0.0227971131 0.0265573274 asynchronous_release_0
0.124222 -0.0250000004 0.0145141978 0.0318486744 asynchronous_release_0
0.061272 -0.0250000004 0.0327050921 0.0124650292 asynchronous_release_0
0.06187 -0.0250000004 0.0348606449 -0.00312016601 asynchronous_release_0
0.029286 -0.0250000004 0.010308475 -0.0334475013 asynchronous_release_0
0.127988 -0.0250000004 0.00446647387 -0.0347138389 asynchronous_release_0
0.116775 -0.0250000004 0.00096618577 0.000257846965 asynchronous_release_0
0.125785 -0.0250000004 0.0233619278 0.0260618559 asynchronous_release_0
0.004549 -0.0250000004 0.00593449687 0.0344932131 asynchronous_release_0
0.106866 -0.0250000004 0.0251838731 0.0243058128 asynchronous_release_0
0.071191 -0.0250000004 0.000941765726 0.00033626971 asynchronous_release_0
0.048285 -0.0250000004 0.0348584938 -0.00314410726 asynchronous_release_0
0.068881 -0.0250000004 -0.0349745517 0.00133444212 asynchronous_release_0
0.011005 -0.0250000004 0.00279348963 0.0348883421 asynchronous_release_0
0.021114 -0.0250000004 -0.0193178163 0.0291859893 asynchronous_release_0
0.063755 -0.0250000004 -0.0349347163 -0.00213672502 asynchronous_release_0
0.124881 -0.0250000004 -0.0156169 -0.0313227143 asynchronous_release_0
0.096694 -0.0250000004 -0.0320941024 0.0139631153 asynchronous_release_0
0.110836 -0.0250000004 -0.016657039 -0.0307821872 asynchronous_release_0
0.116268 -0.0250000004 -0.0169900622 -0.030599637 asynchronous_release_0
0.111291 -0.0250000004 0.0313056128 -0.0156511536 asynchronous_release_0
0.082083 -0.0250000004 -0.0282707114 -0.0206341193 asynchronous_release_0
0.110664 -0.0250000004 0.0349419924 -0.00201424072 asynchronous_release_0
0.078004 -0.0250000004 -0.000984004445 -0.000178143911 asynchronous_release_0
0.122257 -0.0250000004 0.0267085312 0.0226197781 asynchronous_release_0
0.129252 -0.0250000004 0.0256961294 -0.0237636052 asynchronous_release_0
0.005715 -0.0250000004 0.0334279505 0.0103716983 asynchronous_release_2
0.123718 -0.0250000004 0.0265902723 -0.0227586779 asynchronous_release_0
0.105306 -0.0250000004 0.0272090749 -0.0220151367 asynchronous_release_0
0.013104 -0.0250000004 0.0348417891 0.00332411413 asynchronous_release_0
0.11729 -0.0250000004 -0.000670558008 -0.0007418571 asynchronous_release_2
0.025009 -0.0250000004 -0.0271102877 -0.0221366732 asynchronous_release_0
0.056727 -0.0250000004 -0.000786781654 0.000617231423 asynchronous_release_0
0.125005 -0.0250000004 0.0346496014 -0.00494015428 asynchronous_release_0
0.092554 -0.0250000004 -0.0187551474 0.0295507097 asynchronous_release_0
0.028702 -0.0250000004 -0.0141990019 -0.0319904415 asynchronous_release_0
0.05095 -0.0250000004 -0.0345059063 -0.00586024149 asynchronous_release_0
0.046813 -0.0250000004 0.0333050393 -0.0107598495 asynchronous_release_1
0.045666 -0.0250000004 -0.0141894947 0.0319946596 asynchronous_release_0
0.00419 -0.0250000004 0.0342696629 -0.00711267894 asynchronous_release_4
0.110902 -0.0250000004 -0.00750315663 0.0341862932 asynchronous_release_0
0.027009 -0.0250000004 0.0343508034 0.00670986615 asynchronous_release_0
0.1158 -0.0250000004 -0.0229863163 0.0263937353 asynchronous_release_0
0.125876 -0.0250000004 0.00489306814 0.034656282 asynchronous_release_0
0.113729 -0.0250000004 -0.0113707738 0.0331014426 asynchronous_release_0
0.11508 -0.0250000004 0.0577640922 0.0183931959 asynchronous_release_0
0.106706 -0.0250000004 0.000534955337 0.0349959115 asynchronous_release_0
0.107536 -0.0250000004 0.0138385478 0.0321480107 asynchronous_release_0
0.124002 -0.0250000004 -0.000284564547 0.000958656883 asynchronous_release_0
0.015205 -0.0250000004 0.0168980794 0.0306505287 asynchronous_release_0
0.109905 -0.0250000004 0.0169536388 0.0306198323 asynchronous_release_0
0.115852 -0.0250000004 0.0328901969 -0.0119680805 asynchronous_release_0
0.116285 -0.0250000004 0.025535747 -0.0239358649 asynchronous_release_0
0.126346 -0.0250000004 -0.0266672327 0.0226684517 asynchronous_release_0
0.108977 -0.0250000004 0.0259853485 -0.0234469969 asynchronous_release_0
0.027483 -0.0250000004 0.0326389077 -0.0126373139 asynchronous_release_0
0.108201 -0.0250000004 -0.015220504 -0.0315172375 asynchronous_release_0
0.122644 -0.0250000004 -0.000638186396 0.0349941812 asynchronous_release_0
0.004255 -0.0250000004 -0.00584805693 0.0345079734 asynchronous_release_1
0.023142 -0.0250000004 0.0340876902 0.00793910431 asynchronous_release_0
0.055417 -0.0250000004 -0.0349846761 0.00103558456 asynchronous_release_0
0.018935 -0.0250000004 0.0209897679 -0.0280076712 asynchronous_release_0
0.105477 -0.0250000004 -0.0303601619 -0.0174143782 asynchronous_release_0
0.129117 -0.0250000004 0.0337814268 -0.00915506446 asynchronous_release_0
0.118225 -0.0250000004 0.0257700683 -0.0236834031 asynchronous_release_0
0.043772 -0.0250000004 -0.000688969244 0.000724790577 asynchronous_release_0
0.126662 -0.0250000004 0.0348568214 0.00316259384 asynchronous_release_0
0.106282 -0.0250000004 0.0149600887 -0.0316416773 asynchronous_release_0
0.032061 -0.0250000004 0.00726008907 -0.0342387369 asynchronous_release_0
0.102304 -0.0250000004 0.0280918187 -0.0208770142 asynchronous_release_2
0.101693 -0.0250000004 0.0348029288 0.00370892834 asynchronous_release_0
0.054575 -0.0250000004 0.00361259428 -0.0348130602 asynchronous_release_0
0.029155 -0.0250000004 -0.034728512 0.00435091411 asynchronous_release_0
0.129893 -0.0250000004 0.00093685039 0.00034973039 asynchronous_release_0
0.088722 -0.0250000004 -0.0210078446 0.0279941148 asynchronous_release_0
0.07757 -0.0250000004 -0.000893181223 -0.0004496969 asynchronous_release_0
0.118933 -0.0250000004 -0.000918590641 0.000395210368 asynchronous_release_0
0.059299 -0.0250000004 0.0293253595 -0.0191055827 asynchronous_release_0
0.007973 -0.0250000004 0.0277926403 0.0212736726 asynchronous_release_0
0.042404 -0.0250000004 -0.00120677833 0.0349791893 asynchronous_release_0
