0.102653 -0.0250000004 0.0313931601 0.015474802 synchronous_release_1
0.003304 -0.0250000004 0.0307343806 -0.0167450844 synchronous_release_0
0.106898 -0.0250000004 0.000890018276 -0.034988682 synchronous_release_1
0.002374 -0.0250000004 0.0294037245 -0.0189847566 synchronous_release_0
0.004798 -0.0250000004 -0.00173941928 -0.0349567507 synchronous_release_0
0.002559 -0.0250000004 0.0337533463 0.00925805654 synchronous_release_0
0.104938 -0.0250000004 0.0248943853 -0.0246022271 synchronous_release_0
0.003231 -0.0250000004 -0.0222454171 0.0270211291 synchronous_release_0
0.006214 -0.0250000004 0.0345236928 0.0057545318 synchronous_release_0
0.003254 -0.0250000004 0.00391885416 0.0347799164 synchronous_release_0
0.104188 -0.0250000004 0.032279333 -0.0135293999 synchronous_release_1
0.006019 -0.0250000004 0.0314115438 0.0154374516 synchronous_release_0
0.004469 -0.0250000004 0.0142613214 -0.0319627081 synchronous_release_0
0.112554 -0.0250000004 0.00426687796 0.0347389371 synchronous_release_0
0.103265 -0.0250000004 0.00736916361 -0.0342154267 synchronous_release_0
0.10237 -0.0250000004 0.0275456239 0.021592559 synchronous_release_0
0.102252 -0.0250000004 0.023394584 0.0260325458 synchronous_release_0
0.10462 -0.0250000004 0.0236998581 -0.0257549359 synchronous_release_1
0.105176 -0.0250000004 0.0314132708 0.0154339371 synchronous_release_1
0.102926 -0.0250000004 0.0281078035 -0.0208554881 synchronous_release_0
0.003674 -0.0250000004 0.0298048977 -0.018348517 synchronous_release_0
0.108246 -0.0250000004 -0.00301041805 -0.0348702937 synchronous_release_0
0.102817 -0.0250000004 0.0315799107 0.0150900378 synchronous_release_0
0.103834 -0.0250000004 0.000993492172 0.000113900414 synchronous_release_0
0.10676 -0.0250000004 0.0321068883 -0.0139336902 synchronous_release_0
0.103253 -0.0250000004 -0.0123317057 -0.0327555955 synchronous_release_0
0.104563 -0.0250000004 0.00461564045 -0.0346943203 synchronous_release_0
0.102578 -0.0250000004 0.0346135924 -0.00518644602 synchronous_release_0
0.108047 -0.0250000004 -0.0217983902 -0.0273830273 synchronous_release_1
0.11 -0.0250000004 -0.0128152022 0.0325694733 synchronous_release_1
0.109849 -0.0250000004 -0.0323960345 0.0132475261 synchronous_release_0
0.104017 -0.0250000004 0.0276664887 0.0539403875 synchronous_release_0
0.017354 -0.0250000004 0.024917187 0.0245791333 synchronous_release_0
0.103893 -0.0250000004 0.0265304023 -0.0228284417 synchronous_release_0
0.102502 -0.0250000004 0.0303642128 0.017407314 synchronous_release_1
0.002677 -0.0250000004 0.0248034583 -0.0246938951 synchronous_release_0
0.102772 -0.0250000004 0.0337872696 0.00913347742 synchronous_release_0
0.109403 -0.0250000004 0.0206942754 -0.0282267066 synchronous_release_0
0.102922 -0.0250000004 -0.0125861711 0.0326586634 synchronous_release_0
0.002855 -0.0250000004 0.0345110108 0.00583010602 synchronous_release_0
0.002894 -0.0250000004 0.0279641413 -0.0210477267 synchronous_release_0
0.111005 -0.0250000004 -0.000280944099 0.000959724134 synchronous_release_1
0.003044 -0.0250000004 0.00199306039 0.0349432069 synchronous_release_0
0.111121 -0.0250000004 0.0235745902 -0.0258696482 synchronous_release_0
0.120036 -0.0250000004 0.0341910676 0.00748136984 synchronous_release_0
0.104815 -0.0250000004 0.0312273918 0.0158066442 synchronous_release_1
0.003384 -0.0250000004 0.0343043708 0.00694335232 synchronous_release_1
0.107937 -0.0250000004 0.0132321265 -0.0324023275 synchronous_release_0
0.111284 -0.0250000004 -0.034677302 0.00474180605 synchronous_release_1
0.00941 -0.0250000004 0.0339831779 -0.00837517875 synchronous_release_0
0.016965 -0.0250000004 0.0319605896 0.0142660686 synchronous_release_0
0.105403 -0.0250000004 -0.0283350726 0.0205456482 synchronous_release_0
0.024601 -0.0250000004 0.0201471906 0.0286197609 synchronous_release_0
0.004872 -0.0250000004 -0.0180837035 -0.0299663089 synchronous_release_0
0.018545 -0.0250000004 0.0180837035 0.0299663089 synchronous_release_0
0.111736 -0.0250000004 0.0349999957 1.72921856e-05 synchronous_release_0
0.002759 -0.0250000004 0.0285037845 -0.0203109396 synchronous_release_0
0.103281 -0.0250000004 0.0211467389 0.0278893427 synchronous_release_0
0.103194 -0.0250000004 -0.00872394631 -0.0338953206 synchronous_release_0
0.103063 -0.0250000004 0.0246812566 0.0248160346 synchronous_release_0
0.111338 -0.0250000004 0.0338319447 -0.00896657789 synchronous_release_0
0.118513 -0.0250000004 0.0280137892 0.0209816018 synchronous_release_0
0.002526 -0.0250000004 0.0349021779 -0.00261495216 synchronous_release_0
0.002728 -0.0250000004 0.0177292765 -0.030177355 synchronous_release_0
0.002611 -0.0250000004 0.0231681919 0.0262342312 synchronous_release_0
0.104184 -0.0250000004 0.0111354147 -0.0331813583 synchronous_release_0
0.104592 -0.0250000004 0.0210500211 -0.0279624142 synchronous_release_0
0.105621 -0.0250000004 0.0334486976 -0.0103045926 synchronous_release_0
0.1092 -0.0250000004 0.00780030988 -0.0341197181 synchronous_release_0
0.102856 -0.0250000004 0.0264696714 0.0228988317 synchronous_release_0
0.00464 -0.0250000004 0.0120852109 0.032847339 synchronous_release_0
0.1034 -0.0250000004 0.0271077367 -0.022139797 synchronous_release_0
0.10884 -0.0250000004 0.0282652003 -0.0206416678 synchronous_release_0
0.117603 -0.0250000004 -0.00374360851 -0.0347992154 synchronous_release_1
0.002374 -0.0250000004 0.0349119791 -0.00248066895 synchronous_release_0
0.103368 -0.0250000004 0.0502196463 -0.0339556642 synchronous_release_0
0.115732 -0.0250000004 0.0196043119 0.0289943263 synchronous_release_0
0.104276 -0.0250000004 0.0347943359 0.00378869273 synchronous_release_0
0.012513 -0.0250000004 -0.000850627257 0.000525769217 synchronous_release_0
0.108117 -0.0250000004 -0.0349842298 0.00105055545 synchronous_release_0
0.102516 -0.0250000004 -0.00738624105 0.0342117442 synchronous_release_0
0.10613 -0.0250000004 0.0259351191 0.0235025445 synchronous_release_0
0.107701 -0.0250000004 -0.000962831684 0.000270102106 synchronous_release_0
0.113492 -0.0250000004 0.0339110713 0.0086625195 synchronous_release_1
0.004277 -0.0250000004 0.0341650255 -0.00759940998 synchronous_release_0
0.007562 -0.0250000004 -0.000362368614 -0.000932034864 synchronous_release_0
0.103083 -0.0250000004 -0.027294325 -0.0219093547 synchronous_release_0
0.102794 -0.0250000004 0.000999265967 3.83083208e-05 synchronous_release_0
0.116946 -0.0250000004 0.0322998268 -0.051300304 synchronous_release_0
0.106446 -0.0250000004 -0.00970553145 -0.0336274093 synchronous_release_0
0.003697 -0.0250000004 0.014796669 0.0317184266 synchronous_release_0
0.117055 -0.0250000004 -0.000995412192 -9.56795105e-05 synchronous_release_1
0.122864 -0.0250000004 0.0496812913 -0.0493129729 synchronous_release_0
0.002672 -0.0250000004 0.00776057332 -0.0341287782 synchronous_release_0
0.104179 -0.0250000004 0.00979268583 -0.0336021324 synchronous_release_0
0.103226 -0.0250000004 0.0285183877 0.0202904304 synchronous_release_0
0.010248 -0.0250000004 0.000381062999 -0.000924549074 synchronous_release_0
0.103393 -0.0250000004 0.0323592176 0.013337205 synchronous_release_0
0.102745 -0.0250000004 -0.0129928824 -0.0324990001 synchronous_release_0
0.102821 -0.0250000004 0.0348405384 -0.00333719746 synchronous_release_0
0.10264 -0.0250000004 0.034996255 -0.000511988852 synchronous_release_1
0.102464 -0.0250000004 0.0531313919 0.0291899845 synchronous_release_0
0.104936 -0.0250000004 0.022864372 -0.0264994433 synchronous_release_0
0.111694 -0.0250000004 0.0321009897 -0.0139472743 synchronous_release_0
0.102956 -0.0250000004 -0.0106618822 -0.0333365305 synchronous_release_0
0.103644 -0.0250000004 0.0343940738 -0.00648441862 synchronous_release_1
0.103266 -0.0250000004 0.0218776507 -0.0273197438 synchronous_release_0
0.103062 -0.0250000004 0.0183283116 -0.0298173271 synchronous_release_0
0.00378 -0.0250000004 -0.0226072925 0.0267191004 synchronous_release_0
0.113825 -0.0250000004 0.0179218382 -0.030063395 synchronous_release_1
0.103448 -0.0250000004 0.0329233584 -0.0118765514 synchronous_release_0
0.110436 -0.0250000004 -0.0267470744 -0.022574189 synchronous_release_0
0.004951 -0.0250000004 0.022190518 -0.0270662319 synchronous_release_0
0.109869 -0.0250000004 0.0123447854 0.0327506683 synchronous_release_0
0.119262 -0.0250000004 -0.0123447854 -0.0327506683 synchronous_release_0
0.107501 -0.0250000004 -0.0343277945 0.00682660416 synchronous_release_0
0.017895 -0.0250000004 -0.00332268457 -0.0348419254 synchronous_release_0
0.002866 -0.0250000004 -0.0134344532 0.0323189645 synchronous_release_0
0.105367 -0.0250000004 0.0334073217 0.0104379526 synchronous_release_0
0.110933 -0.0250000004 0.0296077661 0.0186649453 synchronous_release_0
0.003864 -0.0250000004 0.026131614 -0.0232838732 synchronous_release_0
0.011895 -0.0250000004 -0.000682778095 -0.00073062581 synchronous_release_0
0.002563 -0.0250000004 0.0349124721 0.00247372037 synchronous_release_0
0.103959 -0.0250000004 0.0290967274 -0.0194520038 synchronous_release_0
0.102441 -0.0250000004 0.0597665044 0.0101471647 synchronous_release_0
0.102185 -0.0250000004 0.0186050957 -0.0296454113 synchronous_release_0
0.106074 -0.0250000004 0.0192463629 -0.0292331578 synchronous_release_0
0.102791 -0.0250000004 0.000878176192 0.0349889812 synchronous_release_1
0.103074 -0.0250000004 -0.0159832726 -0.0311373569 synchronous_release_0
0.10252 -0.0250000004 0.0324644214 -0.013079042 synchronous_release_1
0.004449 -0.0250000004 0.0303029888 0.0175136767 synchronous_release_0
0.103305 -0.0250000004 0.0303187833 -0.0174863198 synchronous_release_0
0.102656 -0.0250000004 0.0340159664 0.00824099693 synchronous_release_0
0.104975 -0.0250000004 -0.00150238642 0.0349677399 synchronous_release_2
0.105946 -0.0250000004 0.0224912803 0.0268168289 synchronous_release_0
0.107987 -0.0250000004 -0.0338084068 -0.0090549231 synchronous_release_0
0.002271 -0.0250000004 0.0349431715 0.00199368064 synchronous_release_0
0.01265 -0.0250000004 0.0289042883 0.0197368213 synchronous_release_0
0.102348 -0.0250000004 0.0315447328 -0.0151634373 synchronous_release_0
0.102616 -0.0250000004 0.0200383069 0.0286961018 synchronous_release_0
0.005748 -0.0250000004 0.0349993257 0.000217260294 synchronous_release_0
0.106119 -0.0250000004 0.0316967115 -0.014843129 synchronous_release_0
0.006788 -0.0250000004 -0.000302829978 -0.000953044597 synchronous_release_0
0.102478 -0.0250000004 -0.00270826636 -0.0348950612 synchronous_release_0
0.119078 -0.0250000004 0.026913116 0.0223759734 synchronous_release_0
0.104038 -0.0250000004 -0.00592160339 0.0344954289 synchronous_release_1
0.003187 -0.0250000004 0.0211534605 -0.0278842448 synchronous_release_0
0.10569 -0.0250000004 -0.0135717342 -0.0322615566 synchronous_release_0
0.104197 -0.0250000004 0.0266653871 -0.0226706227 synchronous_release_0
0.1024 -0.0250000004 0.0337544472 -0.00925404205 synchronous_release_0
0.007852 -0.0250000004 0.025352762 0.0241295972 synchronous_release_0
0.005019 -0.0250000004 0.000998114272 -6.13832196e-05 synchronous_release_0
0.108233 -0.0250000004 -0.00214841269 -0.0349339995 synchronous_release_0
0.003096 -0.0250000004 0.0187686827 0.0295421149 synchronous_release_0
0.111378 -0.0250000004 -0.0187686827 -0.0295421149 synchronous_release_0
0.10398 -0.0250000004 0.0144586522 0.0318739294 synchronous_release_0
0.102895 -0.0250000004 0.0239007402 -0.0255686257 synchronous_release_0
0.102991 -0.0250000004 -0.0311522368 0.0159542515 synchronous_release_1
0.004426 -0.0250000004 0.016601841 -0.0308119924 synchronous_release_0
0.106532 -0.0250000004 0.0341334628 0.00773994292 synchronous_release_1
0.102793 -0.0250000004 -0.0248187126 0.0246785637 synchronous_release_0
0.11395 -0.0250000004 0.0248187126 -0.0246785637 synchronous_release_0
0.005692 -0.0250000004 0.0263833909 0.0229981887 synchronous_release_0
0.005371 -0.0250000004 0.0222505997 -0.0270168616 synchronous_release_0
0.102542 -0.0250000004 0.024709951 0.0247874629 synchronous_release_0
0.004667 -0.0250000004 -0.0335062556 -0.0101158705 synchronous_release_0
0.104107 -0.0250000004 0.0303320252 0.01746334 synchronous_release_0
0.102345 -0.0250000004 -0.0284475559 -0.0203896191 synchronous_release_1
0.103336 -0.0250000004 0.0296936779 -0.0185279651 synchronous_release_1
0.10252 -0.0250000004 0.0319037498 -0.0143927324 synchronous_release_0
0.103066 -0.0250000004 0.0277846914 0.0212840532 synchronous_release_0
0.103161 -0.0250000004 0.0220856149 -0.0271518989 synchronous_release_0
0.104733 -0.0250000004 0.0345570417 0.00555075413 synchronous_release_0
0.107934 -0.0250000004 0.0189274326 0.0294406572 synchronous_release_0
0.00282 -0.0250000004 0.0203485609 0.0284769392 synchronous_release_0
0.104775 -0.0250000004 -0.0203485609 -0.0284769392 synchronous_release_0
0.113349 -0.0250000004 0.0348360333 -0.00338390108 synchronous_release_0
0.014799 -0.0250000004 0.0251149325 -0.0243770417 synchronous_release_0
0.105181 -0.0250000004 0.0336686037 0.00956164874 synchronous_release_0
0.113369 -0.0250000004 0.00855367112 0.0339386905 synchronous_release_0
0.003364 -0.0250000004 0.0305914802 -0.0170047446 synchronous_release_0
0.102523 -0.0250000004 0.000514017905 -0.000857779455 synchronous_release_0
0.118931 -0.0250000004 0.0311606795 -0.0520001159 synchronous_release_0
0.00479 -0.0250000004 -0.0321710347 -0.0137849384 synchronous_release_0
0.109813 -0.0250000004 0.00500646235 -0.0346400828 synchronous_release_0
0.00525 -0.0250000004 0.0302537657 -0.0175985698 synchronous_release_0
0.10873 -0.0250000004 -0.0337773959 0.00916992527 synchronous_release_1
0.013286 -0.0250000004 0.0333214245 0.0107089996 synchronous_release_0
0.003192 -0.0250000004 8.58899519e-06 0.000999963114 synchronous_release_0
0.102924 -0.0250000004 -0.0322641627 0.0135655375 synchronous_release_0
0.004548 -0.0250000004 -0.0345776734 -0.0054207472 synchronous_release_0
0.01672 -0.0250000004 -0.00510627126 0.0346255107 synchronous_release_0
0.106564 -0.0250000004 -0.002451164 0.034914063 synchronous_release_0
0.103756 -0.0250000004 0.0260881424 -0.0233325701 synchronous_release_0
0.103235 -0.0250000004 0.0345708868 -0.00546386189 synchronous_release_0
0.110783 -0.0250000004 0.0345460303 0.00561887804 synchronous_release_0
0.102813 -0.0250000004 0.012406924 0.0327271789 synchronous_release_1
0.014547 -0.0250000004 0.015525441 -0.0313681476 synchronous_release_0
0.007658 -0.0250000004 0.0342742496 0.00709054377 synchronous_release_0
0.003249 -0.0250000004 0.0109669995 0.0332374025 synchronous_release_0
0.006322 -0.0250000004 -0.0109669995 -0.0332374025 synchronous_release_0
0.102495 -0.0250000004 -0.000140315169 0.00099010689 synchronous_release_0
0.103061 -0.0250000004 0.00842475129 -0.0339709224 synchronous_release_0
0.102715 -0.0250000004 0.03480812 -0.00365988802 synchronous_release_0
0.103085 -0.0250000004 0.0563438804 -0.0223688879 synchronous_release_0
0.005181 -0.0250000004 0.0347105885 -0.0044916638 synchronous_release_0
0.104497 -0.0250000004 0.0256571204 -0.0238057173 synchronous_release_0
0.002784 -0.0250000004 0.0323182257 0.0134362303 synchronous_release_0
0.120623 -0.0250000004 -0.0277952297 0.0212702893 synchronous_release_1
0.002768 -0.0250000004 0.0336023641 -0.00979189101 synchronous_release_0
0.115734 -0.0250000004 0.0349844341 -0.00104372955 synchronous_release_1
0.10254 -0.0250000004 0.0341997984 -0.0074413566 synchronous_release_1
0.108798 -0.0250000004 0.0133794211 0.0323417855 synchronous_release_0
0.102676 -0.0250000004 0.0213190973 -0.0277578113 synchronous_release_1
0.002709 -0.0250000004 0.000980086686 0.000198570106 synchronous_release_0
0.016346 -0.0250000004 0.0331822758 -0.0111326805 synchronous_release_0
0.107306 -0.0250000004 0.0244585174 0.0250355932 synchronous_release_1
0.102922 -0.0250000004 0.0316852683 -0.0148675409 synchronous_release_0
0.112132 -0.0250000004 -0.000996400507 -8.47704574e-05 synchronous_release_0
0.003808 -0.0250000004 -0.0254349727 0.0240429234 synchronous_release_0
0.110597 -0.0250000004 0.0508699454 -0.0480858468 synchronous_release_0
0.104014 -0.0250000004 0.0229238467 -0.0264480104 synchronous_release_1
0.106605 -0.0250000004 0.0160341504 -0.031111188 synchronous_release_0
0.120391 -0.0250000004 0.018926004 0.0294415756 synchronous_release_0
0.10275 -0.0250000004 0.0349993694 0.000210092795 synchronous_release_0
0.104441 -0.0250000004 -0.0285322972 0.0202708662 synchronous_release_0
0.102861 -0.0250000004 0.0348700824 0.00301286517 synchronous_release_1
0.105821 -0.0250000004 0.0148258234 0.0317048097 synchronous_release_1
0.010023 -0.0250000004 0.0317924831 -0.0146368718 synchronous_release_0
0.104849 -0.0250000004 0.0343177253 0.00687704363 synchronous_release_1
0.004494 -0.0250000004 -0.030090767 -0.0178758425 synchronous_release_0
0.014539 -0.0250000004 0.0305263172 -0.0171214474 synchronous_release_0
0.103154 -0.0250000004 0.000435550194 -0.0349972898 synchronous_release_0
0.002935 -0.0250000004 0.0303130356 0.0174962817 synchronous_release_0
0.008107 -0.0250000004 -4.2933869e-06 -0.0349999997 synchronous_release_0
0.107068 -0.0250000004 -0.0192830406 -0.0292089772 synchronous_release_0
0.102944 -0.0250000004 0.0182904131 -0.0298405896 synchronous_release_0
0.107201 -0.0250000004 0.034990738 0.000805144358 synchronous_release_1
0.105881 -0.0250000004 -0.0349632235 0.00160405713 synchronous_release_1
0.109101 -0.0250000004 0.0189561929 0.0294221473 synchronous_release_0
0.102733 -0.0250000004 0.0279857214 -0.0210190246 synchronous_release_1
0.10494 -0.0250000004 -0.000181198472 -0.034999531 synchronous_release_0
0.008694 -0.0250000004 0.0273101305 0.0218896499 synchronous_release_0
0.008204 -0.0250000004 0.0133840155 0.0323398845 synchronous_release_0
0.102967 -0.0250000004 0.0346991693 0.00457904484 synchronous_release_0
0.008878 -0.0250000004 -0.0084009586 -0.0339768141 synchronous_release_0
0.10503 -0.0250000004 0.0252243048 -0.0242638506 synchronous_release_0
0.003242 -0.0250000004 0.0334687509 -0.0102392729 synchronous_release_1
0.102383 -0.0250000004 0.0256132658 0.0238528953 synchronous_release_0
0.102619 -0.0250000004 0.0503345502 -0.0337851011 synchronous_release_0
0.102181 -0.0250000004 0.0589161501 0.0142789096 synchronous_release_0
0.117532 -0.0250000004 0.0335800412 -0.00986817278 synchronous_release_0
0.125084 -0.0250000004 0.0253361089 0.0241470823 synchronous_release_0
0.103162 -0.0250000004 0.0254579907 -0.0240185493 synchronous_release_0
0.105037 -0.0250000004 0.0349460233 -0.00194305398 synchronous_release_0
0.010492 -0.0250000004 0.000863811922 0.000503814414 synchronous_release_1
0.103178 -0.0250000004 0.00614594414 0.0344561659 synchronous_release_0
0.108573 -0.0250000004 0.0267669429 -0.0225506267 synchronous_release_0
0.008242 -0.0250000004 -0.000702325417 0.000711856031 synchronous_release_0
0.102943 -0.0250000004 0.0295014669 0.0188325104 synchronous_release_1
0.007636 -0.0250000004 0.000338767236 -0.0349983605 synchronous_release_0
0.104005 -0.0250000004 -0.000338767236 0.0349983605 synchronous_release_2
0.002822 -0.0250000004 0.034965684 0.00154949856 synchronous_release_0
0.102407 -0.0250000004 0.0347069375 0.00451978843 synchronous_release_0
0.005825 -0.0250000004 -0.00452910101 -0.0347057235 synchronous_release_0
0.103938 -0.0250000004 0.0277914877 -0.0212751783 synchronous_release_1
0.111356 -0.0250000004 0.0324532153 -0.0131068234 synchronous_release_0
0.116053 -0.0250000004 0.0275774496 0.0215518972 synchronous_release_0
0.006821 -0.0250000004 0.0119895589 -0.0328823734 synchronous_release_0
0.103214 -0.0250000004 -0.0292553362 0.019212634 synchronous_release_1
0.107203 -0.0250000004 -0.00201096101 -0.0349421813 synchronous_release_1
0.003786 -0.0250000004 0.0344158904 0.00636761253 synchronous_release_0
0.105127 -0.0250000004 -0.000787112863 -0.000616808998 synchronous_release_1
0.102719 -0.0250000004 0.0347124278 -0.00447742757 synchronous_release_1
0.10645 -0.0250000004 -0.0308970034 -0.0164430892 synchronous_release_0
0.102818 -0.0250000004 0.0349793301 -0.00120269065 synchronous_release_0
0.107429 -0.0250000004 0.0345614502 0.00552323811 synchronous_release_0
0.014815 -0.0250000004 0.0329595447 -0.0117757554 synchronous_release_1
0.102797 -0.0250000004 -0.0135746017 -0.0322603501 synchronous_release_1
0.105171 -0.0250000004 0.0338872629 0.00875519331 synchronous_release_0
0.003012 -0.0250000004 -0.0307087591 0.0167920253 synchronous_release_0
0.10262 -0.0250000004 0.0207904947 -0.0281559111 synchronous_release_0
0.106449 -0.0250000004 0.0347789816 0.00392714101 synchronous_release_1
0.003396 -0.0250000004 0.0345810893 0.0053989129 synchronous_release_0
0.002864 -0.0250000004 0.0346779903 -0.00473677011 synchronous_release_0
0.007315 -0.0250000004 0.0132368319 -0.0324004056 synchronous_release_0
0.11147 -0.0250000004 0.0343215659 -0.00685785038 synchronous_release_1
0.017227 -0.0250000004 0.00239485175 -0.0349179708 synchronous_release_0
0.107071 -0.0250000004 0.00493996565 0.0346496283 synchronous_release_0
0.102712 -0.0250000004 0.0324774411 0.0130466784 synchronous_release_1
0.102946 -0.0250000004 0.0308772956 -0.0164800672 synchronous_release_0
0.102564 -0.0250000004 0.0311958154 -0.0158688722 synchronous_release_0
0.009071 -0.0250000004 0.0293407541 0.0190819325 synchronous_release_1
0.107654 -0.0250000004 0.0306842908 -0.0168366951 synchronous_release_0
0.014148 -0.0250000004 0.00798593028 -0.0340767504 synchronous_release_0
0.102699 -0.0250000004 0.0349724213 -0.00138915343 synchronous_release_0
0.112603 -0.0250000004 0.0186892528 0.0295924286 synchronous_release_0
0.108918 -0.0250000004 0.00299342906 0.0348717562 synchronous_release_0
0.102609 -0.0250000004 0.0506594461 -0.0483075617 synchronous_release_0
0.108796 -0.0250000004 0.0335826494 0.0098592932 synchronous_release_0
0.103051 -0.0250000004 0.0237336194 -0.0257238277 synchronous_release_0
0.102782 -0.0250000004 0.00749539965 -0.0341879947 synchronous_release_0
0.117497 -0.0250000004 0.0333553718 -0.0106027909 synchronous_release_0
0.103831 -0.0250000004 0.0314074559 0.0154457668 synchronous_release_0
0.002834 -0.0250000004 0.0244350026 -0.0250585444 synchronous_release_0
0.002718 -0.0250000004 -0.00849468796 -0.0339535017 synchronous_release_0
0.119209 -0.0250000004 0.0150746214 -0.0315872726 synchronous_release_0
0.103049 -0.0250000004 0.0134044732 -0.0323314104 synchronous_release_1
0.007269 -0.0250000004 0.000864187157 0.000503170505 synchronous_release_0
0.10252 -0.0250000004 0.0251780581 0.0243118364 synchronous_release_0
0.102794 -0.0250000004 -0.0212891649 -0.027780775 synchronous_release_1
0.105255 -0.0250000004 0.0349970067 -0.000457734003 synchronous_release_0
0.002316 -0.0250000004 0.0128003719 -0.0325753047 synchronous_release_0
0.104113 -0.0250000004 0.00901048362 0.0599484044 synchronous_release_0
0.115656 -0.0250000004 -0.0128003719 0.0325753047 synchronous_release_0
0.1031 -0.0250000004 0.034571151 -0.00546219005 synchronous_release_0
0.115519 -0.0250000004 0.0125551801 -0.03267059 synchronous_release_0
0.103751 -0.0250000004 -0.0278902088 0.0211455965 synchronous_release_0
0.002259 -0.0250000004 0.0205377493 0.0283407984 synchronous_release_0
0.102554 -0.0250000004 -0.0122546738 0.0327844928 synchronous_release_0
0.005859 -0.0250000004 0.0181177172 0.0299457564 synchronous_release_0
0.007352 -0.0250000004 0.0327446362 -0.0123607766 synchronous_release_0
0.007244 -0.0250000004 0.0251925479 -0.0242968214 synchronous_release_0
0.102902 -0.0250000004 -0.00844539064 -0.0339657972 synchronous_release_1
0.104337 -0.0250000004 0.00649020852 -0.0343929817 synchronous_release_0
0.007482 -0.0250000004 -0.00428472413 0.0347367405 synchronous_release_0
0.103887 -0.0250000004 0.00428472413 -0.0347367405 synchronous_release_0
0.114712 -0.0250000004 0.000564206775 0.000825633524 synchronous_release_0
0.00272 -0.0250000004 0.0170284233 0.030578306 synchronous_release_0
0.105205 -0.0250000004 0.0349958015 0.000542105802 synchronous_release_0
0.103521 -0.0250000004 0.00608085727 0.0344677121 synchronous_release_1
0.004553 -0.0250000004 0.0206481848 0.0282604399 synchronous_release_0
0.007498 -0.0250000004 -0.000914630644 -0.000404290472 synchronous_release_0
0.107061 -0.0250000004 0.0242176729 -0.025268643 synchronous_release_0
0.009633 -0.0250000004 0.0334442368 0.0103190612 synchronous_release_0
0.102525 -0.0250000004 0.0214151 0.0276838128 synchronous_release_0
0.102668 -0.0250000004 0.0287935355 -0.019898048 synchronous_release_0
0.111388 -0.0250000004 0.00283544727 0.0348849572 synchronous_release_0
0.008462 -0.0250000004 0.0219064212 -0.0272966795 synchronous_release_0
0.102477 -0.0250000004 0.00584053863 -0.0345092467 synchronous_release_0
0.102666 -0.0250000004 0.0321841111 -0.0137543808 synchronous_release_0
0.002574 -0.0250000004 0.000499997686 0.00086602674 synchronous_release_0
0.002455 -0.0250000004 0.0321741255 0.013777723 synchronous_release_0
0.102657 -0.0250000004 -0.00415520462 -0.0347524715 synchronous_release_1
0.103192 -0.0250000004 0.0115562891 -0.0330371334 synchronous_release_0
0.003457 -0.0250000004 0.00934950315 -0.0337281306 synchronous_release_0
0.002788 -0.0250000004 0.0121622237 -0.0328189018 synchronous_release_0
0.102685 -0.0250000004 0.0327401271 0.0123727151 synchronous_release_0
0.103664 -0.0250000004 0.0349999875 2.96012609e-05 synchronous_release_0
0.00423 -0.0250000004 0.0239139908 0.025556233 synchronous_release_0
0.104872 -0.0250000004 -0.0340893424 0.00793200702 synchronous_release_0
0.102275 -0.0250000004 0.032611867 -0.0127069325 synchronous_release_0
0.006387 -0.0250000004 0.034553126 -0.00557507695 synchronous_release_0
0.0026 -0.0250000004 0.0348291124 0.00345440769 synchronous_release_0
0.104205 -0.0250000004 0.0347884232 -0.00384260508 synchronous_release_1
0.004115 -0.0250000004 -0.020444424 -0.0284081947 synchronous_release_0
0.102872 -0.0250000004 0.0348244303 -0.00350129316 synchronous_release_0
0.107871 -0.0250000004 0.0143800063 -0.0319094879 synchronous_release_1
0.106641 -0.0250000004 0.0236364747 0.0258131181 synchronous_release_1
0.10232 -0.0250000004 0.033595852 -0.00981421039 synchronous_release_0
0.003417 -0.0250000004 0.0349850219 -0.00102383891 synchronous_release_0
0.105334 -0.0250000004 0.0349013507 -0.00262597055 synchronous_release_0
0.110416 -0.0250000004 0.0326141448 -0.0127010849 synchronous_release_0
0.003591 -0.0250000004 0.0317261293 0.0147801462 synchronous_release_0
0.11315 -0.0250000004 -0.0196892945 0.028936684 synchronous_release_0
0.106116 -0.0250000004 0.0385812518 0.0467598868 synchronous_release_1
0.104277 -0.0250000004 0.0333553859 -0.0106027464 synchronous_release_0
0.104588 -0.0250000004 0.0349465282 -0.00193395041 synchronous_release_0
0.006769 -0.0250000004 -0.0323450665 -0.0133714874 synchronous_release_0
0.012014 -0.0250000004 0.000991354084 -0.00013121387 synchronous_release_1
0.105008 -0.0250000004 0.0242147306 -0.0252714626 synchronous_release_0
0.009787 -0.0250000004 0.000974822143 0.00022298383 synchronous_release_0
0.002843 -0.0250000004 0.0274736975 -0.021684002 synchronous_release_0
0.102618 -0.0250000004 0.0562325242 -0.0226473668 synchronous_release_1
0.105606 -0.0250000004 0.0240965409 0.0253841824 synchronous_release_0
0.006226 -0.0250000004 0.0334789539 -0.0102058634 synchronous_release_0
0.012286 -0.0250000004 -0.00790093992 0.0340965563 synchronous_release_0
0.103915 -0.0250000004 0.0255780139 0.0238906928 synchronous_release_0
0.103497 -0.0250000004 0.0323911577 -0.0132594458 synchronous_release_1
0.020056 -0.0250000004 0.0326394554 -0.0126358993 synchronous_release_0
0.105831 -0.0250000004 0.0349921196 -0.000742676218 synchronous_release_0
0.004022 -0.0250000004 0.0313519584 0.0155581073 synchronous_release_0
0.004263 -0.0250000004 0.0203739718 -0.0284587644 synchronous_release_0
0.021606 -0.0250000004 0.0141053484 0.0320318458 synchronous_release_0
0.002609 -0.0250000004 0.0344861451 -0.00597543267 synchronous_release_0
0.105142 -0.0250000004 -0.0343803998 -0.00655653204 synchronous_release_0
0.105318 -0.0250000004 0.000295484035 0.000955347678 synchronous_release_0
0.107656 -0.0250000004 0.0293948745 -0.0189984566 synchronous_release_0
0.108955 -0.0250000004 0.0311505833 0.0159574797 synchronous_release_0
0.10361 -0.0250000004 -0.0151679544 0.0315425611 synchronous_release_0
0.002766 -0.0250000004 0.0319041987 0.0143917375 synchronous_release_0
0.106003 -0.0250000004 0.0186944652 -0.029589136 synchronous_release_0
0.113337 -0.0250000004 -0.000829496816 -0.000558511443 synchronous_release_0
0.108579 -0.0250000004 0.0344728003 -0.00605194492 synchronous_release_0
0.005873 -0.0250000004 0.0293610698 -0.0190506583 synchronous_release_0
0.104892 -0.0250000004 -0.0125727692 0.0326638252 synchronous_release_0
0.118358 -0.0250000004 0.0348042929 -0.00369610521 synchronous_release_0
0.104217 -0.0250000004 0.0348650615 0.00307042164 synchronous_release_0
0.111609 -0.0250000004 0.0248236675 0.0246735796 synchronous_release_0
0.10235 -0.0250000004 0.0684082461 0.014842906 synchronous_release_1
0.111548 -0.0250000004 -0.0280037865 -0.0209949504 synchronous_release_0
0.103453 -0.0250000004 0.0167115124 0.0307526479 synchronous_release_0
0.102381 -0.0250000004 0.0314920188 -0.0152726145 synchronous_release_0
0.01007 -0.0250000004 -0.0246046891 0.024891952 synchronous_release_0
0.003024 -0.0250000004 0.0296923899 -0.0185300293 synchronous_release_0
0.10262 -0.0250000004 0.0149134817 0.031663671 synchronous_release_0
0.004244 -0.0250000004 0.0345545488 0.00556625185 synchronous_release_0
0.103437 -0.0250000004 -0.0345545488 -0.00556625185 synchronous_release_1
0.103823 -0.0250000004 0.0456353479 -0.0399050752 synchronous_release_0
0.120559 -0.0250000004 0.0256795018 -0.0237815724 synchronous_release_0
0.103497 -0.0250000004 0.023097837 0.026296196 synchronous_release_0
0.005107 -0.0250000004 -0.0316032699 -0.0150410549 synchronous_release_0
0.028536 -0.0250000004 0.0130466822 -0.0324774396 synchronous_release_0
0.013144 -0.0250000004 0.00409153599 -0.0347600249 synchronous_release_0
0.103042 -0.0250000004 0.0348091583 0.00364999978 synchronous_release_0
0.005213 -0.0250000004 0.0324297776 0.0131647076 synchronous_release_0
0.105464 -0.0250000004 -0.0324297776 -0.0131647076 synchronous_release_0
0.11337 -0.0250000004 0.00481391761 0.034667365 synchronous_release_0
0.102862 -0.0250000004 0.0343401722 0.0067640649 synchronous_release_0
0.002301 -0.0250000004 0.0344139931 0.0063778584 synchronous_release_0
0.007253 -0.0250000004 0.0301876914 -0.0177116709 synchronous_release_0
0.002993 -0.0250000004 -0.0342609932 -0.00715432337 synchronous_release_0
0.103542 -0.0250000004 0.0130224664 0.032487157 synchronous_release_0
0.102245 -0.0250000004 0.0584771763 -0.0159818601 synchronous_release_1
0.102553 -0.0250000004 0.0313769022 0.0155077402 synchronous_release_0
0.002761 -0.0250000004 0.00422407189 -0.0347441681 synchronous_release_1
0.102917 -0.0250000004 0.0279783125 -0.0210288855 synchronous_release_0
0.11736 -0.0250000004 0.0294725409 -0.0634930652 synchronous_release_0
0.10362 -0.0250000004 -0.00234903511 -0.0349210829 synchronous_release_0
0.10236 -0.0250000004 0.0604850899 -0.00406864817 synchronous_release_1
0.102327 -0.0250000004 0.0349547633 0.00177890973 synchronous_release_0
0.002647 -0.0250000004 0.0349335168 -0.0021562478 synchronous_release_0
0.003174 -0.0250000004 0.0002844948 -0.000958677583 synchronous_release_0
0.102877 -0.0250000004 0.0335537154 0.00995731799 synchronous_release_0
0.002981 -0.0250000004 0.0289901035 0.0196105558 synchronous_release_0
0.005807 -0.0250000004 0.000861334903 0.0349893999 synchronous_release_0
0.102568 -0.0250000004 -0.000861334903 -0.0349893999 synchronous_release_0
0.127667 -0.0250000004 0.0307323766 0.016748762 synchronous_release_0
0.1023 -0.0250000004 0.0349984982 -0.000324229423 synchronous_release_2
0.00339 -0.0250000004 0.0131704253 -0.0324274559 synchronous_release_0
0.103584 -0.0250000004 0.0346682133 -0.00480780506 synchronous_release_0
0.102674 -0.0250000004 0.0344462253 0.00620141629 synchronous_release_0
0.011866 -0.0250000004 0.0348786677 0.00291179257 synchronous_release_0
0.002829 -0.0250000004 0.0342884044 -0.00702177481 synchronous_release_0
0.01266 -0.0250000004 0.0232252376 0.0261837419 synchronous_release_0
0.102525 -0.0250000004 -0.0152897306 -0.0314837123 synchronous_release_0
0.009511 -0.0250000004 0.0336666155 0.00956864688 synchronous_release_0
0.107514 -0.0250000004 0.0247908353 -0.0247065676 synchronous_release_0
0.105588 -0.0250000004 0.0304618149 0.0172359459 synchronous_release_0
0.004415 -0.0250000004 0.00958106625 0.0336630832 synchronous_release_0
0.004978 -0.0250000004 0.0220702644 0.027164378 synchronous_release_0
0.103036 -0.0250000004 0.0344429646 0.00621950093 synchronous_release_0
0.107323 -0.0250000004 0.000380468928 0.000924793704 synchronous_release_0
0.105758 -0.0250000004 0.000490698877 0.000871329222 synchronous_release_1
0.102389 -0.0250000004 0.0345302091 0.00571530047 synchronous_release_0
0.008939 -0.0250000004 0.0241778273 0.0253067712 synchronous_release_0
0.007328 -0.0250000004 0.00232334635 -0.0349228015 synchronous_release_0
0.102754 -0.0250000004 -0.0345566084 -0.00555345099 synchronous_release_0
0.00258 -0.0250000004 0.0349354338 -0.00212496188 synchronous_release_1
0.00409 -0.0250000004 0.0258792422 -0.0235640579 synchronous_release_0
0.102372 -0.0250000004 0.0349998002 0.000118248282 synchronous_release_0
0.003288 -0.0250000004 0.034324792 0.00684168499 synchronous_release_0
0.102293 -0.0250000004 0.0349872177 0.000945832789 synchronous_release_0
0.003425 -0.0250000004 0.00775694658 0.0341296027 synchronous_release_0
0.102705 -0.0250000004 0.0334355762 0.0103470886 synchronous_release_0
0.104097 -0.0250000004 0.0349533233 0.00180698373 synchronous_release_0
0.002755 -0.0250000004 0.0300869856 -0.0178822061 synchronous_release_0
0.115829 -0.0250000004 0.0333312763 0.0106782968 synchronous_release_0
0.0045 -0.0250000004 0.0346307918 0.00507033158 synchronous_release_0
0.10305 -0.0250000004 -0.0289718062 -0.0196375773 synchronous_release_0
0.111054 -0.0250000004 0.0025207377 -0.0349091089 synchronous_release_0
0.104536 -0.0250000004 0.00677976812 -0.0343370754 synchronous_release_1
0.003495 -0.0250000004 0.0128808931 -0.0325435492 synchronous_release_0
0.103968 -0.0250000004 0.0346239869 -0.00511659393 synchronous_release_0
0.120189 -0.0250000004 0.00371087847 -0.0348027209 synchronous_release_0
0.106114 -0.0250000004 0.0151028756 -0.0315737731 synchronous_release_0
0.10325 -0.0250000004 0.00650119662 -0.0343909064 synchronous_release_0
0.109858 -0.0250000004 0.0116361327 -0.033009096 synchronous_release_0
0.003261 -0.0250000004 0.0344960597 0.00591792726 synchronous_release_0
0.105081 -0.0250000004 -0.0555332175 0.042615276 synchronous_release_0
0.002808 -0.0250000004 -0.00390802372 -0.034781135 synchronous_release_0
0.012024 -0.0250000004 0.0319051561 -0.0143896147 synchronous_release_0
0.010503 -0.0250000004 0.0330313834 0.0115727142 synchronous_release_0
0.016723 -0.0250000004 0.000436807513 -0.000899554999 synchronous_release_0
0.003153 -0.0250000004 0.0253720187 -0.0241093481 synchronous_release_0
0.00471 -0.0250000004 0.00974784061 -0.0336151692 synchronous_release_0
0.103998 -0.0250000004 0.0339855108 -0.00836570702 synchronous_release_0
0.110898 -0.0250000004 -0.0199284915 -0.0671033176 synchronous_release_0
0.002862 -0.0250000004 0.0163477655 -0.0309475454 synchronous_release_0
0.002919 -0.0250000004 0.0151166009 0.0315672042 synchronous_release_1
0.102913 -0.0250000004 0.0349921736 -0.000740126208 synchronous_release_0
0.106274 -0.0250000004 -0.0181370549 -0.0299340482 synchronous_release_0
0.012199 -0.0250000004 0.0132772971 -0.0323838444 synchronous_release_0
0.112585 -0.0250000004 0.0214065834 0.0276903988 synchronous_release_0
0.102435 -0.0250000004 0.0261234819 0.0232929967 synchronous_release_0
0.108951 -0.0250000004 0.0332340678 -0.0109771006 synchronous_release_1
0.002811 -0.0250000004 0.0272212601 -0.0220000681 synchronous_release_0
0.109435 -0.0250000004 0.00289279162 -0.0348802488 synchronous_release_0
0.002947 -0.0250000004 0.032714558 -0.0124401645 synchronous_release_0
0.00305 -0.0250000004 -0.000953328609 -0.000301934701 synchronous_release_0
0.014435 -0.0250000004 0.034180095 -0.00753134142 synchronous_release_0
0.109699 -0.0250000004 0.02399391 0.0254812144 synchronous_release_0
0.103156 -0.0250000004 0.00539269074 0.0345820602 synchronous_release_0
0.109235 -0.0250000004 0.0346468473 -0.00495943232 synchronous_release_0
0.005348 -0.0250000004 0.0211246639 -0.027906067 synchronous_release_0
0.015249 -0.0250000004 -0.000921357974 0.000388715171 synchronous_release_0
0.108044 -0.0250000004 0.0100531646 0.0335251231 synchronous_release_0
0.103079 -0.0250000004 0.0349953485 0.000570598321 synchronous_release_0
0.003265 -0.0250000004 0.0181110236 -0.0299498051 synchronous_release_0
0.106649 -0.0250000004 0.0349928038 0.000709703986 synchronous_release_0
0.003219 -0.0250000004 0.00902480978 0.0338164577 synchronous_release_0
0.003273 -0.0250000004 0.018072036 -0.0299733467 synchronous_release_0
0.010947 -0.0250000004 0.0349936977 0.000664168925 synchronous_release_0
0.109066 -0.0250000004 -0.018072036 0.0299733467 synchronous_release_0
0.00479 -0.0250000004 -0.0297394649 0.0184543823 synchronous_release_0
0.104619 -0.0250000004 0.000602134348 -0.000798394781 synchronous_release_0
0.005739 -0.0250000004 0.00911191315 -0.0337930916 synchronous_release_0
0.10322 -0.0250000004 0.0247097192 0.0247876941 synchronous_release_0
0.107531 -0.0250000004 0.0217014172 0.0274599434 synchronous_release_0
0.105395 -0.0250000004 0.0278215673 0.021235828 synchronous_release_0
0.102831 -0.0250000004 0.0349647782 -0.00156980534 synchronous_release_0
0.005275 -0.0250000004 0.0338004762 0.0090844817 synchronous_release_0
0.10876 -0.0250000004 0.0550396225 0.0254094461 synchronous_release_0
0.104693 -0.0250000004 0.00909688189 0.033797141 synchronous_release_0
0.002398 -0.0250000004 0.0326638808 0.0125726248 synchronous_release_0
0.002576 -0.0250000004 0.0101590402 0.0334931919 synchronous_release_0
0.106003 -0.0250000004 -0.0347484084 -0.00418904714 synchronous_release_0
0.109519 -0.0250000004 0.0343349336 -0.00679060631 synchronous_release_0
0.002853 -0.0250000004 0.0313882483 -0.0154847625 synchronous_release_0
0.102615 -0.0250000004 0.0321605666 0.0138093431 synchronous_release_0
0.00303 -0.0250000004 0.0346772186 0.00474241573 synchronous_release_0
0.103717 -0.0250000004 0.0214456618 -0.0276601444 synchronous_release_1
0.004463 -0.0250000004 -0.00322157661 -0.0348514195 synchronous_release_0
0.002665 -0.0250000004 0.0343755109 0.00658211605 synchronous_release_0
0.106852 -0.0250000004 0.0228880352 -0.0264790077 synchronous_release_0
0.102599 -0.0250000004 0.033951716 -0.00850182215 synchronous_release_1
0.009368 -0.0250000004 0.00242467177 0.0349159128 synchronous_release_0
0.103165 -0.0250000004 0.031039166 -0.0161731313 synchronous_release_0
0.105697 -0.0250000004 -0.000536975446 0.000843597873 synchronous_release_0
0.102454 -0.0250000004 0.0317162249 -0.0148013876 synchronous_release_1
0.003113 -0.0250000004 0.028307048 -0.0205842424 synchronous_release_0
0.107658 -0.0250000004 0.0342923147 -0.00700265303 synchronous_release_0
0.110481 -0.0250000004 -0.011081682 0.0331993422 synchronous_release_1
0.012969 -0.0250000004 0.0227623451 0.026587133 synchronous_release_0
0.003029 -0.0250000004 0.0236184231 -0.0258296358 synchronous_release_0
0.102716 -0.0250000004 0.0337996877 0.00908741495 synchronous_release_0
0.003573 -0.0250000004 0.0144293141 -0.0318872215 synchronous_release_0
0.10323 -0.0250000004 0.0552302877 0.0249923052 synchronous_release_0
0.004104 -0.0250000004 0.0336665341 -0.009568933 synchronous_release_0
0.00668 -0.0250000004 -0.0231352201 0.0262633127 synchronous_release_1
0.10809 -0.0250000004 -0.000932190778 0.000361967337 synchronous_release_0
0.10257 -0.0250000004 0.0349427358 0.00200130302 synchronous_release_0
0.004719 -0.0250000004 -0.00762491939 -0.0341593414 synchronous_release_0
0.105895 -0.0250000004 0.0257703977 -0.0236830446 synchronous_release_0
0.120007 -0.0250000004 -0.0272272388 0.0219926684 synchronous_release_1
0.103391 -0.0250000004 0.000628361955 0.00077792111 synchronous_release_2
0.00241 -0.0250000004 0.0286116827 -0.0201586611 synchronous_release_0
0.008242 -0.0250000004 -0.0141286743 -0.032021564 synchronous_release_0
0.111385 -0.0250000004 0.0173152682 -0.0304167961 synchronous_release_0
0.009119 -0.0250000004 2.47011047e-05 -0.000999694881 synchronous_release_0
0.004121 -0.0250000004 -0.000697235712 -0.000716841937 synchronous_release_0
0.003801 -0.0250000004 0.0296145929 -0.0186541117 synchronous_release_0
0.005766 -0.0250000004 0.0309622311 0.0163199339 synchronous_release_0
0.102685 -0.0250000004 0.0335675665 -0.00991052359 synchronous_release_0
0.10207 -0.0250000004 -0.0276794517 0.0214207365 synchronous_release_0
0.102344 -0.0250000004 0.0276794517 -0.0214207365 synchronous_release_0
0.104602 -0.0250000004 -0.0349942114 0.000636528495 synchronous_release_0
0.120771 -0.0250000004 -0.0180483555 -0.0299876118 synchronous_release_1
0.102391 -0.0250000004 0.00341550016 0.0348329493 synchronous_release_0
0.102618 -0.0250000004 0.0310554752 0.0161417924 synchronous_release_0
0.102953 -0.0250000004 -0.0320779822 0.0140001093 synchronous_release_0
0.008257 -0.0250000004 -0.0346673191 0.00481424848 synchronous_release_0
0.102989 -0.0250000004 -0.0339289564 -0.00859220096 synchronous_release_0
0.103737 -0.0250000004 -0.0343584535 -0.00667058281 synchronous_release_0
0.102644 -0.0250000004 0.0068799786 0.034317137 synchronous_release_0
0.10257 -0.0250000004 0.0213910383 0.0277024093 synchronous_release_0
0.016699 -0.0250000004 0.0305004512 0.0171674832 synchronous_release_0
0.105054 -0.0250000004 0.0606181533 -0.000662940806 synchronous_release_1
0.106491 -0.0250000004 0.0215733131 0.0275606996 synchronous_release_0
0.009932 -0.0250000004 0.0264339146 -0.0229400994 synchronous_release_0
0.108823 -0.0250000004 0.0345854106 0.00537116105 synchronous_release_0
0.103393 -0.0250000004 0.0298496412 0.0182756374 synchronous_release_0
0.002394 -0.0250000004 0.0307021199 0.0168041613 synchronous_release_0
0.005235 -0.0250000004 0.0231897958 0.0262151363 synchronous_release_0
0.006798 -0.0250000004 0.0162941198 -0.0309758238 synchronous_release_0
0.102427 -0.0250000004 0.0186787904 0.0295990336 synchronous_release_0
0.008714 -0.0250000004 0.000401326541 -0.034997699 synchronous_release_0
0.002507 -0.0250000004 0.012630162 0.0326416759 synchronous_release_0
0.104437 -0.0250000004 -0.012630162 -0.0326416759 synchronous_release_0
0.010978 -0.0250000004 0.0155611207 -0.0313504629 synchronous_release_0
0.002259 -0.0250000004 0.0239499039 0.0255225802 synchronous_release_0
0.104104 -0.0250000004 0.0340781548 -0.00797993512 synchronous_release_1
0.010024 -0.0250000004 0.00714329603 0.0342632941 synchronous_release_0
0.126754 -0.0250000004 0.0297511529 0.0184355336 synchronous_release_0
0.020348 -0.0250000004 -0.0132292245 -0.0324035124 synchronous_release_0
0.111886 -0.0250000004 -0.000766377373 0.000642390631 synchronous_release_0
0.008725 -0.0250000004 0.030823876 0.0165797668 synchronous_release_0
0.010227 -0.0250000004 0.0248656507 0.0246312691 synchronous_release_0
0.105099 -0.0250000004 0.0337641301 -0.0092186506 synchronous_release_0
0.113572 -0.0250000004 -0.00889847944 0.0338499197 synchronous_release_0
0.005678 -0.0250000004 0.0345566699 0.00555306827 synchronous_release_0
0.103716 -0.0250000004 0.056644103 -0.0215973516 synchronous_release_0
0.00837 -0.0250000004 0.0346449646 0.00497256786 synchronous_release_0
0.108144 -0.0250000004 0.0143939457 0.0319032025 synchronous_release_0
0.102158 -0.0250000004 0.0349907708 -0.000803713488 synchronous_release_0
0.003086 -0.0250000004 0.0346764276 0.00474819617 synchronous_release_0
0.111393 -0.0250000004 0.0346773212 0.0047416661 synchronous_release_0
0.105717 -0.0250000004 0.034800593 -0.00373078144 synchronous_release_0
0.008719 -0.0250000004 0.0349964514 0.000498386028 synchronous_release_0
0.112767 -0.0250000004 -0.0529262921 0.0295602369 synchronous_release_0
0.102401 -0.0250000004 0.0341547051 -0.00764565998 synchronous_release_0
0.003234 -0.0250000004 0.017343557 0.0304006748 synchronous_release_0
0.104145 -0.0250000004 0.026019506 0.023409086 synchronous_release_0
0.102867 -0.0250000004 -0.00987534488 -0.0335779327 synchronous_release_0
0.028708 -0.0250000004 0.0122856974 0.0327728796 synchronous_release_1
0.104303 -0.0250000004 0.0268291773 -0.0224765488 synchronous_release_1
0.106706 -0.0250000004 -0.000558956958 -0.000829196671 synchronous_release_0
0.114733 -0.0250000004 0.0290218835 -0.0195634935 synchronous_release_0
0.115199 -0.0250000004 0.000275529385 -0.00096129265 synchronous_release_0
0.102425 -0.0250000004 -0.00333165518 0.0348410688 synchronous_release_0
0.104509 -0.0250000004 0.0318390782 -0.0145352364 synchronous_release_0
0.104966 -0.0250000004 0.0340625206 0.00804640835 synchronous_release_0
0.009755 -0.0250000004 0.0277263874 0.0213599495 synchronous_release_0
0.103873 -0.0250000004 -0.00159624734 0.034963581 synchronous_release_0
0.125283 -0.0250000004 -0.031077473 0.0160993997 synchronous_release_0
0.125835 -0.0250000004 0.031077473 -0.0160993997 synchronous_release_0
0.126749 -0.0250000004 0.000998959456 4.5607067e-05 synchronous_release_0
0.102879 -0.0250000004 -0.00099425878 -0.000107002238 synchronous_release_0
0.123248 -0.0250000004 0.000338773158 -0.0349983604 synchronous_release_1
0.104047 -0.0250000004 0.0250212126 0.0244732287 synchronous_release_0
0.00223 -0.0250000004 0.0335231837 0.0100596301 synchronous_release_0
0.019975 -0.0250000004 0.00804969661 0.0340617437 synchronous_release_0
0.102955 -0.0250000004 0.025473487 -0.0240021136 synchronous_release_0
0.116103 -0.0250000004 -0.0335231837 -0.0100596301 synchronous_release_0
0.104055 -0.0250000004 0.0229131856 -0.0264572472 synchronous_release_0
0.107321 -0.0250000004 0.0264882428 -0.0228773467 synchronous_release_0
0.102625 -0.0250000004 0.0134529532 -0.0323112682 synchronous_release_1
0.106834 -0.0250000004 0.0212559025 0.0278062333 synchronous_release_1
0.105125 -0.0250000004 0.0288610574 0.0197999839 synchronous_release_1
0.103542 -0.0250000004 -0.000649398605 0.000760448192 synchronous_release_1
0.11139 -0.0250000004 0.0329171559 -0.0118937316 synchronous_release_0
0.002798 -0.0250000004 0.0294847662 0.0188586469 synchronous_release_0
0.111979 -0.0250000004 0.0166727332 -0.0307736895 synchronous_release_0
0.103881 -0.0250000004 0.000594168115 -0.00080434088 synchronous_release_0
0.003171 -0.0250000004 0.0338512201 0.00889353139 synchronous_release_0
0.103391 -0.0250000004 0.0246680379 0.0248291745 synchronous_release_0
0.002726 -0.0250000004 0.0330497635 -0.0115201187 synchronous_release_0
0.010109 -0.0250000004 0.0241292991 -0.0253530456 synchronous_release_0
0.005539 -0.0250000004 -0.031773651 -0.0146777076 synchronous_release_0
0.103577 -0.0250000004 -1.73179615e-05 0.000999850033 synchronous_release_0
0.108926 -0.0250000004 0.0229181614 -0.026452937 synchronous_release_0
0.008935 -0.0250000004 0.0214374318 -0.0276665234 synchronous_release_0
0.102714 -0.0250000004 0.034678628 0.00473209888 synchronous_release_0
0.013306 -0.0250000004 -0.030257243 -0.0175925906 synchronous_release_0
0.031848 -0.0250000004 0.0337306431 0.00934043433 synchronous_release_0
0.115728 -0.0250000004 -0.0337306431 -0.00934043433 synchronous_release_0
0.103551 -0.0250000004 0.0589545935 -0.014119345 synchronous_release_0
0.003174 -0.0250000004 -0.0349905134 0.000814846872 synchronous_release_0
0.002712 -0.0250000004 0.025350515 0.0241319578 synchronous_release_0
0.103311 -0.0250000004 0.0349618849 -0.00163297492 synchronous_release_0
0.103291 -0.0250000004 0.0343357317 -0.00678656986 synchronous_release_0
0.102705 -0.0250000004 0.0328505443 0.0120764953 synchronous_release_0
0.104529 -0.0250000004 0.0321459908 -0.0138432393 synchronous_release_0
0.102234 -0.0250000004 0.0313783007 0.0155049103 synchronous_release_0
0.104201 -0.0250000004 -0.031816089 -0.0145854886 synchronous_release_0
0.109814 -0.0250000004 0.0285394482 -0.020260797 synchronous_release_0
0.115263 -0.0250000004 -0.00327664084 -0.0348462857 synchronous_release_0
0.103212 -0.0250000004 0.0297741621 -0.0183983497 synchronous_release_0
0.103123 -0.0250000004 0.0312188784 0.0158234519 synchronous_release_0
0.102744 -0.0250000004 0.0327225632 -0.0124190925 synchronous_release_0
0.10309 -0.0250000004 0.0182063743 -0.0298919376 synchronous_release_0
0.103292 -0.0250000004 -0.000617184496 -0.000786818466 synchronous_release_1
0.007557 -0.0250000004 6.42280051e-05 -0.00099793525 synchronous_release_0
0.002365 -0.0250000004 0.0349277338 0.00224798018 synchronous_release_1
0.00307 -0.0250000004 0.0339786704 -0.00839344735 synchronous_release_0
0.105871 -0.0250000004 -0.0287046756 -0.020026023 synchronous_release_0
0.017921 -0.0250000004 -0.000777343798 -0.000629076005 synchronous_release_0
0.106587 -0.0250000004 0.0242939304 0.0251953358 synchronous_release_0
0.103158 -0.0250000004 -0.021427174 -0.0276744686 synchronous_release_0
0.10406 -0.0250000004 0.021427174 0.0276744686 synchronous_release_0
0.014293 -0.0250000004 0.0132532058 -0.0323937114 synchronous_release_1
0.103142 -0.0250000004 0.027941439 0.0210778553 synchronous_release_0
0.007698 -0.0250000004 -0.014832815 0.0317015394 synchronous_release_0
0.103312 -0.0250000004 0.0549086769 0.0256911892 synchronous_release_0
0.003199 -0.0250000004 0.0322472917 0.0136055936 synchronous_release_0
0.105795 -0.0250000004 0.00597236447 0.0344866766 synchronous_release_0
0.104085 -0.0250000004 0.000917051746 -0.000398768222 synchronous_release_0
0.105825 -0.0250000004 0.0336484083 -0.00963247728 synchronous_release_0
0.115924 -0.0250000004 0.0421306424 -0.0435890923 synchronous_release_0
0.103721 -0.0250000004 0.0336021346 -0.00979267855 synchronous_release_0
0.00287 -0.0250000004 0.0124095639 -0.032726178 synchronous_release_0
0.102628 -0.0250000004 0.0200925995 0.0286581131 synchronous_release_0
0.108282 -0.0250000004 0.0153437441 0.0314574239 synchronous_release_1
0.013236 -0.0250000004 0.0284384033 0.0204023826 synchronous_release_0
0.002832 -0.0250000004 0.0347780872 0.00393505451 synchronous_release_0
0.107202 -0.0250000004 0.0207969008 -0.0281511797 synchronous_release_0
0.114137 -0.0250000004 -0.0207969008 0.0281511797 synchronous_release_0
0.110565 -0.0250000004 0.00829807025 -0.0340020886 synchronous_release_0
0.002817 -0.0250000004 0.0324529797 0.0131074067 synchronous_release_0
0.10412 -0.0250000004 0.0281024362 0.0208627198 synchronous_release_0
0.11466 -0.0250000004 0.0292455515 0.019227525 synchronous_release_0
0.125172 -0.0250000004 -0.0292455515 -0.019227525 synchronous_release_0
0.112757 -0.0250000004 0.0340976919 0.0078960376 synchronous_release_0
0.006356 -0.0250000004 -0.0204121802 -0.0284313717 synchronous_release_0
0.107655 -0.0250000004 0.0348283803 -0.00346178077 synchronous_release_0
0.104932 -0.0250000004 0.0306214289 0.016950755 synchronous_release_0
0.106776 -0.0250000004 0.00306462358 -0.0348655716 synchronous_release_0
0.102724 -0.0250000004 0.0267470481 -0.0225742203 synchronous_release_0
0.104825 -0.0250000004 -0.0112537267 0.0331414187 synchronous_release_1
0.003077 -0.0250000004 0.0167233204 -0.0307462283 synchronous_release_0
0.104121 -0.0250000004 -0.00034680982 0.000937935471 synchronous_release_1
0.106882 -0.0250000004 0.0346116171 -0.0051996114 synchronous_release_0
0.103128 -0.0250000004 0.012802813 -0.0325743454 synchronous_release_1
0.104329 -0.0250000004 0.012658356 -0.0326307527 synchronous_release_0
0.102657 -0.0250000004 0.0287120592 0.0200154354 synchronous_release_0
0.105354 -0.0250000004 0.0207837926 -0.0281608588 synchronous_release_0
0.103285 -0.0250000004 0.0128804722 0.0592376015 synchronous_release_0
0.102357 -0.0250000004 0.0178561388 0.0301024635 synchronous_release_0
0.112268 -0.0250000004 0.0687957533 0.0129284307 synchronous_release_0
0.013866 -0.0250000004 -0.0322908617 0.013501861 synchronous_release_0
0.004784 -0.0250000004 0.0349710792 -0.0014225392 synchronous_release_0
0.104885 -0.0250000004 -0.0311698389 -0.015919835 synchronous_release_0
0.103327 -0.0250000004 0.025979281 0.0234537195 synchronous_release_0
0.115575 -0.0250000004 0.0592804384 0.012681862 synchronous_release_0
0.108828 -0.0250000004 0.014185336 -0.0319965036 synchronous_release_0
0.005385 -0.0250000004 -0.000543772478 -0.00083923268 synchronous_release_0
0.105362 -0.0250000004 0.0311687992 0.0159218704 synchronous_release_0
0.105285 -0.0250000004 0.0207812421 -0.028162741 synchronous_release_1
0.007911 -0.0250000004 0.000699379547 -0.000714750481 synchronous_release_0
0.10777 -0.0250000004 -0.0327050921 -0.0124650292 synchronous_release_0
0.126743 -0.0250000004 0.0345916105 0.00533108648 synchronous_release_0
0.115395 -0.0250000004 0.0311317525 -0.015994186 synchronous_release_0
0.106743 -0.0250000004 0.0305496292 -0.0170798171 synchronous_release_0
0.102862 -0.0250000004 -0.00315990494 -0.0348570653 synchronous_release_0
0.006007 -0.0250000004 0.00315990494 0.0348570653 synchronous_release_1
0.103845 -0.0250000004 0.0317670565 0.0146919747 synchronous_release_1
0.00989 -0.0250000004 0.0348561818 -0.00316963605 synchronous_release_0
0.111734 -0.0250000004 -0.00090774734 -0.000419517301 synchronous_release_0
0.10656 -0.0250000004 0.0201730762 0.0286015209 synchronous_release_1
0.103142 -0.0250000004 -0.000991218577 -0.000132233632 synchronous_release_0
0.005784 -0.0250000004 0.0308320739 -0.0165645168 synchronous_release_0
0.108786 -0.0250000004 -0.000880194685 -0.000474612807 synchronous_release_0
0.11939 -0.0250000004 0.057666096 0.0186981649 synchronous_release_0
0.002919 -0.0250000004 0.0295738945 -0.0187185674 synchronous_release_0
0.102378 -0.0250000004 0.00354557822 -0.0348199494 synchronous_release_0
0.10534 -0.0250000004 -0.0276212769 -0.0214956987 synchronous_release_0
0.110427 -0.0250000004 -0.0340203315 0.00822295819 synchronous_release_0
0.103766 -0.0250000004 0.0292024175 -0.0192929732 synchronous_release_0
0.107122 -0.0250000004 0.0171467917 0.0305120883 synchronous_release_0
0.004066 -0.0250000004 0.0113487604 0.0331089963 synchronous_release_0
0.110284 -0.0250000004 0.00562892316 -0.034544395 synchronous_release_0
0.128945 -0.0250000004 -0.0348584938 0.00314410726 synchronous_release_1
0.10271 -0.0250000004 0.0262541593 -0.0231456069 synchronous_release_0
0.108108 -0.0250000004 0.0306674093 0.0168674243 synchronous_release_0
0.102601 -0.0250000004 0.00234539495 -0.0349213276 synchronous_release_0
0.103467 -0.0250000004 0.0347818481 -0.00390167157 synchronous_release_0
0.10267 -0.0250000004 0.000582515602 -0.000812819521 synchronous_release_0
0.103244 -0.0250000004 0.034664156 -0.00483697092 synchronous_release_0
0.113161 -0.0250000004 0.000926815005 0.000375518238 synchronous_release_0
0.104953 -0.0250000004 0.0173537998 -0.030394829 synchronous_release_1
0.003498 -0.0250000004 0.0338562212 -0.00887447366 synchronous_release_0
0.105109 -0.0250000004 0.0163979867 0.0309209643 synchronous_release_0
0.120585 -0.0250000004 0.0579880288 0.0176745159 synchronous_release_0
0.109291 -0.0250000004 0.0156169 0.0313227143 synchronous_release_0
0.103318 -0.0250000004 -0.0114719021 0.0330665309 synchronous_release_0
0.005929 -0.0250000004 0.00986961741 -0.0335796166 synchronous_release_0
0.102596 -0.0250000004 0.0349866756 0.000965674678 synchronous_release_0
0.003035 -0.0250000004 0.033196407 -0.0110904716 synchronous_release_1
0.016589 -0.0250000004 0.0280699261 0.0209064403 synchronous_release_0
0.1029 -0.0250000004 -0.00153496785 -0.0349663249 synchronous_release_0
0.107668 -0.0250000004 -4.25107075e-05 0.000999096011 synchronous_release_0
0.00431 -0.0250000004 0.0161956429 0.0310274258 synchronous_release_1
0.102534 -0.0250000004 0.000978273296 0.00020731946 synchronous_release_0
0.016005 -0.0250000004 0.0274538619 -0.0217091102 synchronous_release_1
0.103817 -0.0250000004 0.0103088652 -0.0334473811 synchronous_release_0
0.111743 -0.0250000004 0.0341207143 -0.00779595141 synchronous_release_0
0.109886 -0.0250000004 0.0238118491 0.0256514296 synchronous_release_1
0.108179 -0.0250000004 0.0348503901 -0.00323269339 synchronous_release_0
0.116449 -0.0250000004 0.0166130973 -0.0308059247 synchronous_release_0
0.103085 -0.0250000004 -0.0312430819 0.0157756088 synchronous_release_0
0.10271 -0.0250000004 0.0270936019 0.0221570923 synchronous_release_0
0.102381 -0.0250000004 0.0117447518 0.0329706052 synchronous_release_0
0.113145 -0.0250000004 0.0226810058 -0.026656556 synchronous_release_1
0.102902 -0.0250000004 0.0078200569 -0.0341151976 synchronous_release_0
0.112941 -0.0250000004 0.000974719933 0.000223430197 synchronous_release_0
0.102558 -0.0250000004 0.0096267078 -0.0336500594 synchronous_release_0
0.102673 -0.0250000004 0.0349944643 -0.000622469572 synchronous_release_0
0.10276 -0.0250000004 0.0228080268 0.026547955 synchronous_release_0
0.002462 -0.0250000004 -0.00616319032 0.0344530853 synchronous_release_0
0.002094 -0.0250000004 0.017533448 0.0302915533 synchronous_release_0
0.102457 -0.0250000004 0.000866645415 0.000498924567 synchronous_release_0
0.104244 -0.0250000004 -0.0273576638 0.0218302138 synchronous_release_0
0.104234 -0.0250000004 0.0112071029 -0.0331572141 synchronous_release_0
0.10363 -0.0250000004 0.000454511895 -0.000890740668 synchronous_release_0
0.105116 -0.0250000004 0.0313022146 -0.0156579489 synchronous_release_0
0.112825 -0.0250000004 -0.000998213927 -5.97407367e-05 synchronous_release_0
0.103215 -0.0250000004 -0.00065024794 -0.000759722065 synchronous_release_0
0.103705 -0.0250000004 -0.0202996618 0.0285118174 synchronous_release_0
0.128272 -0.0250000004 0.0202996618 -0.0285118174 synchronous_release_0
0.104094 -0.0250000004 -0.0199859925 0.0287325618 synchronous_release_0
0.109579 -0.0250000004 -0.020168473 -0.028604767 synchronous_release_0
0.002669 -0.0250000004 0.00734271019 0.0342211135 synchronous_release_0
0.103411 -0.0250000004 0.0333077087 0.0107515832 synchronous_release_0
0.102495 -0.0250000004 0.0684852858 -0.0144832881 synchronous_release_0
0.11022 -0.0250000004 0.000206904116 0.000978361225 synchronous_release_0
0.010699 -0.0250000004 0.0319251749 -0.0143451458 synchronous_release_0
0.105219 -0.0250000004 0.0283858481 0.0204754396 synchronous_release_0
0.103669 -0.0250000004 0.0101505992 0.033495751 synchronous_release_0
0.103517 -0.0250000004 0.032618252 -0.0126905334 synchronous_release_1
0.011021 -0.0250000004 0.0113660037 -0.0331030808 synchronous_release_0
0.002593 -0.0250000004 0.0225045391 0.0268057032 synchronous_release_0
0.112027 -0.0250000004 -2.19107579e-05 0.000999759931 synchronous_release_1
0.103228 -0.0250000004 0.0330684915 0.0114662493 synchronous_release_0
0.007872 -0.0250000004 0.0343056728 -0.00693691664 synchronous_release_0
0.104939 -0.0250000004 0.0343061306 0.00693465246 synchronous_release_0
0.005687 -0.0250000004 0.0106751006 -0.0333323001 synchronous_release_0
0.105736 -0.0250000004 0.0328509166 0.0120754826 synchronous_release_0
0.01452 -0.0250000004 -0.000914012614 0.000405685768 synchronous_release_0
0.104652 -0.0250000004 0.056222557 -0.0226720992 synchronous_release_0
0.00578 -0.0250000004 0.0322340616 -0.0136369084 synchronous_release_0
0.102264 -0.0250000004 0.0302666321 0.0175764326 synchronous_release_0
0.007501 -0.0250000004 0.0335822688 -0.00986058919 synchronous_release_0
0.0059 -0.0250000004 0.0291895154 -0.019312488 synchronous_release_0
0.014862 -0.0250000004 0.0247045286 0.0247928672 synchronous_release_0
0.1025 -0.0250000004 0.00519618906 0.0346121311 synchronous_release_0
0.003284 -0.0250000004 0.0299881656 -0.0180474354 synchronous_release_0
0.005176 -0.0250000004 0.0306236203 0.0169467956 synchronous_release_0
0.103043 -0.0250000004 -0.0306236203 -0.0169467956 synchronous_release_0
0.005867 -0.0250000004 0.00177426267 -0.0349549995 synchronous_release_0
0.111099 -0.0250000004 0.0311590489 -0.0159409432 synchronous_release_1
0.110548 -0.0250000004 -0.0206134406 -0.0282857926 synchronous_release_0
0.009025 -0.0250000004 0.0344983702 0.00590444334 synchronous_release_0
0.106611 -0.0250000004 0.022362583 -0.0269242433 synchronous_release_0
0.103069 -0.0250000004 0.0340533736 0.00808503218 synchronous_release_0
0.013636 -0.0250000004 0.000888244095 0.000459371774 synchronous_release_0
0.117899 -0.0250000004 -0.0188844622 -0.0294682386 synchronous_release_0
0.102502 -0.0250000004 0.0160780121 -0.0310885433 synchronous_release_1
0.002974 -0.0250000004 0.0349691047 -0.00147027857 synchronous_release_0
0.102987 -0.0250000004 0.00514238239 0.0346201661 synchronous_release_0
0.103243 -0.0250000004 0.0274208074 -0.0217508465 synchronous_release_0
0.102914 -0.0250000004 0.0310389007 -0.0161736405 synchronous_release_0
0.004182 -0.0250000004 -0.012947783 -0.0325169943 synchronous_release_0
0.129058 -0.0250000004 -0.0433733032 0.0549432122 synchronous_release_0
0.015899 -0.0250000004 0.0308344335 -0.0165601241 synchronous_release_0
0.102883 -0.0250000004 -0.0303041547 0.0175116591 synchronous_release_0
0.008425 -0.0250000004 -0.000500333118 -0.000865832993 synchronous_release_1
0.103385 -0.0250000004 -0.0346261474 -0.00510195244 synchronous_release_0
0.003919 -0.0250000004 0.0333577767 -0.0105952223 synchronous_release_0
0.00248 -0.0250000004 0.00436824992 -0.0347263357 synchronous_release_0
0.015421 -0.0250000004 0.000999656993 -2.61896377e-05 synchronous_release_1
0.106495 -0.0250000004 0.0298421736 -0.0182878286 synchronous_release_1
0.11781 -0.0250000004 0.0304182072 0.0173127892 synchronous_release_1
0.004066 -0.0250000004 0.0267393198 0.0225833739 synchronous_release_0
0.104453 -0.0250000004 0.0279987395 -0.0210016806 synchronous_release_0
0.103007 -0.0250000004 -0.0275666866 0.0215656623 synchronous_release_0
0.112717 -0.0250000004 -0.000962363258 -0.000271766369 synchronous_release_0
0.109582 -0.0250000004 -0.000972082151 -0.00023464077 synchronous_release_0
0.003916 -0.0250000004 -0.0349408919 0.0020332426 synchronous_release_0
0.013047 -0.0250000004 0.0157096062 -0.0312763213 synchronous_release_0
0.102709 -0.0250000004 0.0311760165 -0.0159077338 synchronous_release_0
0.112023 -0.0250000004 0.0330065597 0.0116433249 synchronous_release_0
0.103055 -0.0250000004 -0.00641986471 -0.0344061817 synchronous_release_1
0.11083 -0.0250000004 -0.00458259632 -0.0346987004 synchronous_release_0
0.127855 -0.0250000004 0.0323412542 0.0133807054 synchronous_release_0
0.002942 -0.0250000004 0.0277586579 -0.021317995 synchronous_release_1
0.1029 -0.0250000004 0.0341917044 -0.00747845915 synchronous_release_0
0.103878 -0.0250000004 0.000599517517 -0.000800361635 synchronous_release_0
0.107347 -0.0250000004 0.00416558037 -0.0347512293 synchronous_release_0
0.128572 -0.0250000004 -0.0321782376 0.0137681162 synchronous_release_0
0.107868 -0.0250000004 -0.00331855665 0.0348423188 synchronous_release_0
0.10369 -0.0250000004 0.014008183 -0.0320744573 synchronous_release_2
0.108538 -0.0250000004 -0.0149988936 -0.0316233014 synchronous_release_0
0.002792 -0.0250000004 0.0347077115 -0.00451384113 synchronous_release_0
0.002299 -0.0250000004 0.0271407831 -0.0220992736 synchronous_release_0
0.005 -0.0250000004 0.0222798925 -0.0269927099 synchronous_release_0
0.105593 -0.0250000004 0.0347602679 0.0040894714 synchronous_release_0
0.102601 -0.0250000004 0.0335529909 0.00995975913 synchronous_release_0
0.103162 -0.0250000004 0.0345934693 0.00531901138 synchronous_release_0
0.116882 -0.0250000004 0.0219031336 -0.0272993175 synchronous_release_0
0.104411 -0.0250000004 0.0318295827 0.0145560182 synchronous_release_0
0.002873 -0.0250000004 0.0296564955 0.0185874225 synchronous_release_0
0.102352 -0.0250000004 0.000983119222 -0.000182966106 synchronous_release_1
0.104028 -0.0250000004 0.0187442695 -0.0295576109 synchronous_release_0
0.11651 -0.0250000004 0.0349697766 0.00145420807 synchronous_release_0
0.0061 -0.0250000004 0.0349931762 0.000691098314 synchronous_release_0
0.105825 -0.0250000004 0.0182541267 0.0298628006 synchronous_release_0
0.004321 -0.0250000004 0.0259471405 -0.023489272 synchronous_release_0
0.103319 -0.0250000004 -0.0127999829 -0.0325754576 synchronous_release_0
0.108767 -0.0250000004 0.0346111653 0.00520261847 synchronous_release_0
0.105456 -0.0250000004 0.0349943721 0.000627634219 synchronous_release_0
0.106483 -0.0250000004 0.0180407332 -0.0299921981 synchronous_release_0
0.003362 -0.0250000004 0.0268097602 0.0224997058 synchronous_release_0
0.003034 -0.0250000004 0.00628531075 0.0344310161 synchronous_release_0
0.106828 -0.0250000004 -0.000647392766 -0.00076215655 synchronous_release_1
0.105815 -0.0250000004 0.0349470658 -0.0019242113 synchronous_release_0
0.004408 -0.0250000004 0.0341020611 -0.00787714605 synchronous_release_0
0.103547 -0.0250000004 -0.015771052 -0.0312453824 synchronous_release_0
0.102943 -0.0250000004 0.00292296204 -0.0348777335 synchronous_release_1
0.102836 -0.0250000004 0.0197497782 0.0288954367 synchronous_release_0
0.110915 -0.0250000004 -0.0197497782 -0.0288954367 synchronous_release_0
0.113363 -0.0250000004 0.0349239016 -0.0023067505 synchronous_release_0
0.112784 -0.0250000004 0.0154642463 -0.0313983612 synchronous_release_1
0.005527 -0.0250000004 -0.000687129912 -0.000726534572 synchronous_release_0
0.102438 -0.0250000004 0.02542871 -0.0240495469 synchronous_release_0
0.112763 -0.0250000004 0.00811316359 0.0340466823 synchronous_release_0
0.10227 -0.0250000004 0.0134767806 -0.0323013372 synchronous_release_1
0.002447 -0.0250000004 0.0324750549 -0.013052617 synchronous_release_0
0.006427 -0.0250000004 0.017839946 -0.0301120628 synchronous_release_0
0.102679 -0.0250000004 0.0171578384 0.0305058778 synchronous_release_0
0.106789 -0.0250000004 -0.000984360817 0.000176164078 synchronous_release_0
0.006273 -0.0250000004 0.0133320098 -0.0323613583 synchronous_release_1
0.003652 -0.0250000004 -0.0322830912 0.0135204299 synchronous_release_0
0.103719 -0.0250000004 0.00443250979 -0.034718192 synchronous_release_0
0.103191 -0.0250000004 -7.36364475e-05 0.000997285152 synchronous_release_0
0.107955 -0.0250000004 0.0269607532 0.0223185526 synchronous_release_0
0.002543 -0.0250000004 0.0349618455 -0.00163381752 synchronous_release_0
0.102612 -0.0250000004 0.00185788667 0.0349506546 synchronous_release_0
0.11317 -0.0250000004 0.0293392114 -0.0190843044 synchronous_release_0
0.01884 -0.0250000004 0.0239193111 -0.0255512535 synchronous_release_0
0.103127 -0.0250000004 0.000850852171 -0.00052540516 synchronous_release_0
0.104442 -0.0250000004 0.0245088947 -0.0249862779 synchronous_release_0
0.105491 -0.0250000004 0.0305082985 0.0171535337 synchronous_release_0
0.10325 -0.0250000004 -0.000903101904 0.000429426304 synchronous_release_0
0.102875 -0.0250000004 0.0314246726 0.015410709 synchronous_release_0
0.002464 -0.0250000004 0.000995756403 9.20281844e-05 synchronous_release_0
0.111196 -0.0250000004 0.00322098645 -0.0348514741 synchronous_release_0
0.104916 -0.0250000004 0.023739964 0.0257179725 synchronous_release_0
0.008809 -0.0250000004 0.0241861266 -0.0252988395 synchronous_release_0
0.103267 -0.0250000004 0.00819943526 -0.0340260086 synchronous_release_0
0.102692 -0.0250000004 0.0287460585 0.0199665751 synchronous_release_0
0.102981 -0.0250000004 -0.0335966621 0.0098114369 synchronous_release_0
0.003026 -0.0250000004 -0.000543598472 -0.000839345401 synchronous_release_0
0.004749 -0.0250000004 0.029377089 -0.0190259465 synchronous_release_0
0.103528 -0.0250000004 0.0349703176 0.00144114021 synchronous_release_0
0.102709 -0.0250000004 0.0524540421 -0.0463527072 synchronous_release_0
0.008325 -0.0250000004 0.0120121749 -0.0328741183 synchronous_release_0
0.105188 -0.0250000004 0.034475909 -0.00603421051 synchronous_release_0
0.110078 -0.0250000004 -0.0063820802 0.0344132104 synchronous_release_0
0.002649 -0.0250000004 0.0266116744 0.0227336488 synchronous_release_1
0.004781 -0.0250000004 -0.00881461964 -0.0338718538 synchronous_release_0
0.102495 -0.0250000004 0.023396736 0.0260306116 synchronous_release_0
0.113878 -0.0250000004 0.0108448029 -0.0332774736 synchronous_release_0
0.103778 -0.0250000004 0.0200623966 0.028679265 synchronous_release_0
0.002609 -0.0250000004 0.0280521428 0.0209302958 synchronous_release_1
0.110441 -0.0250000004 0.0206134905 -0.0282857563 synchronous_release_1
0.006588 -0.0250000004 0.00321630148 -0.0348519068 synchronous_release_0
0.103152 -0.0250000004 0.0317907874 -0.0146405546 synchronous_release_1
0.004236 -0.0250000004 -0.000802110345 -0.0349908076 synchronous_release_0
0.005673 -0.0250000004 0.0349963525 0.000505284191 synchronous_release_0
0.102838 -0.0250000004 0.0321144909 0.0139161587 synchronous_release_0
0.112164 -0.0250000004 -0.0281089924 0.0208538856 synchronous_release_1
0.111822 -0.0250000004 0.0278340035 -0.0212195253 synchronous_release_0
0.102755 -0.0250000004 0.0277578761 -0.021319013 synchronous_release_0
0.004532 -0.0250000004 -0.000871433616 -0.000490513459 synchronous_release_0
0.004381 -0.0250000004 -0.0327320395 -0.0123940949 synchronous_release_0
0.11174 -0.0250000004 0.00563241873 0.0345438252 synchronous_release_0
0.007676 -0.0250000004 -0.0211322581 -0.0279003166 synchronous_release_0
0.002836 -0.0250000004 0.0348913342 0.0027558655 synchronous_release_0
0.108158 -0.0250000004 0.0327356945 0.0123844381 synchronous_release_0
0.102747 -0.0250000004 -0.0311819088 -0.0158961807 synchronous_release_0
0.102627 -0.0250000004 0.0348469945 0.00326909404 synchronous_release_0
0.004979 -0.0250000004 0.0322606028 -0.0135740012 synchronous_release_0
0.007635 -0.0250000004 0.030645736 -0.0169067698 synchronous_release_0
0.041515 -0.0250000004 0.000681175866 -0.0349933708 synchronous_release_0
0.004407 -0.0250000004 0.0222764865 0.0269955209 synchronous_release_0
0.007593 -0.0250000004 0.0340558246 -0.00807470191 synchronous_release_0
0.011507 -0.0250000004 0.0100350153 -0.0335305602 synchronous_release_0
0.004884 -0.0250000004 0.0321549703 0.013822369 synchronous_release_0
0.106782 -0.0250000004 0.0346812609 -0.00471276404 synchronous_release_0
0.103305 -0.0250000004 0.0349428128 -0.00199995852 synchronous_release_0
0.11451 -0.0250000004 0.0223864075 0.0269044376 synchronous_release_0
0.004609 -0.0250000004 -0.017499121 0.0303113966 synchronous_release_0
0.003503 -0.0250000004 -0.0182324044 0.0298760679 synchronous_release_0
0.002893 -0.0250000004 0.0336724353 0.00954814639 synchronous_release_0
0.103517 -0.0250000004 0.00994138104 -0.0335584407 synchronous_release_0
0.004956 -0.0250000004 -0.0119092473 -0.0329115455 synchronous_release_0
0.103102 -0.0250000004 0.0344568581 0.00614206207 synchronous_release_0
0.103246 -0.0250000004 -0.0303923227 0.0173581889 synchronous_release_0
0.112295 -0.0250000004 0.0259693015 0.0234647689 synchronous_release_1
0.106404 -0.0250000004 0.0348408041 -0.00333442193 synchronous_release_0
0.102796 -0.0250000004 0.0315427393 -0.0151675838 synchronous_release_0
0.006861 -0.0250000004 0.0324325721 0.0131578215 synchronous_release_0
0.014407 -0.0250000004 0.00734408357 -0.0342208188 synchronous_release_0
0.114177 -0.0250000004 -0.034721198 0.00440890127 synchronous_release_1
0.11465 -0.0250000004 0.0332580089 -0.0109043498 synchronous_release_0
0.003433 -0.0250000004 0.0312085997 0.0158437149 synchronous_release_0
0.00606 -0.0250000004 0.0330326995 0.011568957 synchronous_release_0
0.10355 -0.0250000004 0.0340696695 -0.00801608503 synchronous_release_1
0.118434 -0.0250000004 -0.00274008795 -0.0348925768 synchronous_release_0
0.102362 -0.0250000004 0.0237832879 0.025677913 synchronous_release_0
0.107417 -0.0250000004 0.0274125474 -0.0217612555 synchronous_release_0
0.012161 -0.0250000004 -0.010432739 0.0334089503 synchronous_release_0
0.105137 -0.0250000004 -0.0185297145 0.0296925863 synchronous_release_0
0.009935 -0.0250000004 0.010229872 -0.0334716256 synchronous_release_0
0.102547 -0.0250000004 -0.0136424701 -0.0590667674 synchronous_release_0
0.111306 -0.0250000004 0.0238723421 0.0255951418 synchronous_release_0
0.111735 -0.0250000004 0.0311102218 -0.016036025 synchronous_release_1
0.009024 -0.0250000004 0.0133010546 -0.0323740937 synchronous_release_0
0.108759 -0.0250000004 -0.0133010546 0.0323740937 synchronous_release_0
