0.00000	9.18000
0.00005	22.03200
0.00010	33.04800
0.00015	12.85200
0.00020	11.01600
0.00025	29.37600
0.00030	9.18000
0.00035	27.54000
0.00040	29.37600
0.00045	0.00000
0.00050	22.03200
0.00055	25.70400
0.00060	5.50800
0.00065	5.50800
0.00070	1.83600
0.00075	7.34400
0.00080	18.36000
0.00085	44.06400
0.00090	3.67200
0.00095	31.21200
0.00100	36.72000
0.00105	49.57200
0.00110	47.73600
0.00115	67.93200
0.00120	25.70400
0.00125	88.12800
0.00130	117.50400
0.00135	91.80000
0.00140	179.92800
0.00145	207.46800
0.00150	183.60000
0.00155	297.43200
0.00160	409.42800
0.00165	350.67600
0.00170	763.77600
0.00175	969.40800
0.00180	949.21200
0.00185	1136.48400
0.00190	1498.17600
0.00195	1692.79200
0.00200	2036.12400
0.00205	2526.33600
0.00210	2614.46400
0.00215	2965.14000
0.00220	2478.60000
0.00225	2381.29200
0.00230	2478.60000
0.00235	2333.55600
0.00240	2258.28000
0.00245	1922.29200
0.00250	1733.18400
0.00255	1472.47200
0.00260	1061.20800
0.00265	1209.92400
0.00270	772.95600
0.00275	905.14800
0.00280	640.76400
0.00285	741.74400
0.00290	501.22800
0.00295	547.12800
0.00300	350.67600
0.00305	354.34800
0.00310	358.02000
0.00315	255.20400
0.00320	334.15200
0.00325	302.94000
0.00330	161.56800
0.00335	288.25200
0.00340	273.56400
0.00345	242.35200
0.00350	214.81200
0.00355	209.30400
0.00360	273.56400
0.00365	198.28800
0.00370	273.56400
0.00375	310.28400
0.00380	211.14000
0.00385	123.01200
0.00390	212.97600
0.00395	207.46800
0.00400	194.61600
0.00405	110.16000
0.00410	167.07600
0.00415	159.73200
0.00420	207.46800
0.00425	126.68400
0.00430	102.81600
0.00435	132.19200
0.00440	146.88000
0.00445	172.58400
0.00450	143.20800
0.00455	211.14000
0.00460	189.10800
0.00465	132.19200
0.00470	143.20800
0.00475	179.92800
0.00480	189.10800
0.00485	137.70000
0.00490	110.16000
0.00495	56.91600
0.00500	34.88400
0.00505	111.99600
0.00510	134.02800
0.00515	126.68400
0.00520	258.87600
0.00525	167.07600
0.00530	110.16000
0.00535	113.83200
0.00540	154.22400
0.00545	80.78400
0.00550	211.14000
0.00555	159.73200
0.00560	132.19200
0.00565	128.52000
0.00570	159.73200
0.00575	77.11200
0.00580	161.56800
0.00585	56.91600
0.00590	111.99600
0.00595	78.94800
0.00600	95.47200
0.00605	165.24000
0.00610	95.47200
0.00615	82.62000
0.00620	55.08000
0.00625	150.55200
0.00630	99.14400
0.00635	123.01200
0.00640	178.09200
0.00645	95.47200
0.00650	91.80000
0.00655	89.96400
0.00660	84.45600
0.00665	148.71600
0.00670	82.62000
0.00675	134.02800
0.00680	119.34000
0.00685	95.47200
0.00690	80.78400
0.00695	99.14400
0.00700	71.60400
0.00705	62.42400
0.00710	84.45600
0.00715	143.20800
0.00720	60.58800
0.00725	106.48800
0.00730	53.24400
0.00735	38.55600
0.00740	119.34000
0.00745	163.40400
0.00750	100.98000
0.00755	77.11200
0.00760	124.84800
0.00765	93.63600
0.00770	47.73600
0.00775	102.81600
0.00780	66.09600
0.00785	75.27600
0.00790	168.91200
0.00795	69.76800
0.00800	49.57200
0.00805	106.48800
0.00810	88.12800
0.00815	119.34000
0.00820	51.40800
0.00825	157.89600
0.00830	126.68400
0.00835	161.56800
0.00840	71.60400
0.00845	121.17600
0.00850	77.11200
0.00855	56.91600
0.00860	91.80000
0.00865	102.81600
0.00870	95.47200
0.00875	45.90000
0.00880	115.66800
0.00885	104.65200
0.00890	77.11200
0.00895	71.60400
0.00900	49.57200
0.00905	75.27600
0.00910	86.29200
0.00915	84.45600
0.00920	123.01200
0.00925	88.12800
0.00930	45.90000
0.00935	51.40800
0.00940	119.34000
0.00945	60.58800
0.00950	47.73600
0.00955	38.55600
0.00960	69.76800
0.00965	84.45600
0.00970	66.09600
0.00975	104.65200
0.00980	91.80000
0.00985	91.80000
0.00990	86.29200
0.00995	56.91600
0.01000	135.86400
0.01005	49.57200
0.01010	53.24400
0.01015	66.09600
0.01020	58.75200
0.01025	62.42400
0.01030	69.76800
0.01035	58.75200
0.01040	123.01200
0.01045	49.57200
0.01050	80.78400
0.01055	66.09600
0.01060	66.09600
0.01065	110.16000
0.01070	95.47200
0.01075	82.62000
0.01080	99.14400
0.01085	60.58800
0.01090	69.76800
0.01095	56.91600
0.01100	42.22800
0.01105	58.75200
0.01110	71.60400
0.01115	58.75200
0.01120	86.29200
0.01125	51.40800
0.01130	55.08000
0.01135	67.93200
0.01140	104.65200
0.01145	82.62000
0.01150	69.76800
0.01155	29.37600
0.01160	45.90000
0.01165	91.80000
0.01170	62.42400
0.01175	33.04800
0.01180	29.37600
0.01185	77.11200
0.01190	44.06400
0.01195	33.04800
0.01200	64.26000
0.01205	55.08000
0.01210	88.12800
0.01215	150.55200
0.01220	82.62000
0.01225	89.96400
0.01230	77.11200
0.01235	97.30800
0.01240	55.08000
0.01245	58.75200
0.01250	75.27600
0.01255	31.21200
0.01260	45.90000
0.01265	42.22800
0.01270	80.78400
0.01275	93.63600
0.01280	78.94800
0.01285	100.98000
0.01290	115.66800
0.01295	53.24400
0.01300	25.70400
0.01305	38.55600
0.01310	56.91600
0.01315	86.29200
0.01320	62.42400
0.01325	148.71600
0.01330	45.90000
0.01335	75.27600
0.01340	44.06400
0.01345	67.93200
0.01350	53.24400
0.01355	47.73600
0.01360	18.36000
0.01365	18.36000
0.01370	71.60400
0.01375	51.40800
0.01380	9.18000
0.01385	82.62000
0.01390	47.73600
0.01395	27.54000
0.01400	139.53600
0.01405	47.73600
0.01410	80.78400
0.01415	33.04800
0.01420	45.90000
0.01425	93.63600
0.01430	25.70400
0.01435	53.24400
0.01440	78.94800
0.01445	56.91600
0.01450	60.58800
0.01455	91.80000
0.01460	31.21200
0.01465	42.22800
0.01470	16.52400
0.01475	95.47200
0.01480	51.40800
0.01485	47.73600
0.01490	66.09600
0.01495	38.55600
0.01500	67.93200
0.01505	104.65200
0.01510	55.08000
0.01515	18.36000
0.01520	82.62000
0.01525	119.34000
0.01530	25.70400
0.01535	55.08000
0.01540	53.24400
0.01545	67.93200
0.01550	12.85200
0.01555	53.24400
0.01560	49.57200
0.01565	12.85200
0.01570	93.63600
0.01575	86.29200
0.01580	40.39200
0.01585	44.06400
0.01590	55.08000
0.01595	73.44000
0.01600	95.47200
0.01605	58.75200
0.01610	64.26000
0.01615	33.04800
0.01620	9.18000
0.01625	60.58800
0.01630	36.72000
0.01635	73.44000
0.01640	31.21200
0.01645	86.29200
0.01650	93.63600
0.01655	58.75200
0.01660	36.72000
0.01665	44.06400
0.01670	130.35600
0.01675	66.09600
0.01680	64.26000
0.01685	7.34400
0.01690	36.72000
0.01695	80.78400
0.01700	78.94800
0.01705	71.60400
0.01710	40.39200
0.01715	62.42400
0.01720	33.04800
0.01725	62.42400
0.01730	40.39200
0.01735	34.88400
0.01740	29.37600
0.01745	89.96400
0.01750	84.45600
0.01755	53.24400
0.01760	33.04800
0.01765	53.24400
0.01770	23.86800
0.01775	69.76800
0.01780	67.93200
0.01785	69.76800
0.01790	62.42400
0.01795	44.06400
0.01800	99.14400
0.01805	40.39200
0.01810	51.40800
0.01815	55.08000
0.01820	91.80000
0.01825	67.93200
0.01830	58.75200
0.01835	45.90000
0.01840	51.40800
0.01845	45.90000
0.01850	31.21200
0.01855	33.04800
0.01860	42.22800
0.01865	62.42400
0.01870	45.90000
0.01875	82.62000
0.01880	99.14400
0.01885	80.78400
0.01890	53.24400
0.01895	34.88400
0.01900	88.12800
0.01905	51.40800
0.01910	49.57200
0.01915	56.91600
0.01920	73.44000
0.01925	69.76800
0.01930	66.09600
0.01935	20.19600
0.01940	27.54000
0.01945	71.60400
0.01950	23.86800
0.01955	62.42400
0.01960	55.08000
0.01965	53.24400
0.01970	64.26000
0.01975	91.80000
0.01980	130.35600
0.01985	104.65200
0.01990	11.01600
0.01995	51.40800
0.02000	25.70400
0.02005	69.76800
0.02010	25.70400
0.02015	33.04800
0.02020	60.58800
0.02025	56.91600
0.02030	124.84800
0.02035	44.06400
0.02040	49.57200
0.02045	38.55600
0.02050	27.54000
0.02055	110.16000
0.02060	38.55600
0.02065	14.68800
0.02070	33.04800
0.02075	64.26000
0.02080	86.29200
0.02085	45.90000
0.02090	7.34400
0.02095	77.11200
0.02100	22.03200
0.02105	27.54000
0.02110	20.19600
0.02115	47.73600
0.02120	31.21200
0.02125	34.88400
0.02130	42.22800
0.02135	56.91600
0.02140	62.42400
0.02145	58.75200
0.02150	62.42400
0.02155	27.54000
0.02160	66.09600
0.02165	69.76800
0.02170	51.40800
0.02175	60.58800
0.02180	55.08000
0.02185	75.27600
0.02190	60.58800
0.02195	58.75200
0.02200	71.60400
0.02205	69.76800
0.02210	31.21200
0.02215	53.24400
0.02220	16.52400
0.02225	47.73600
0.02230	67.93200
0.02235	49.57200
0.02240	29.37600
0.02245	22.03200
0.02250	53.24400
0.02255	29.37600
0.02260	49.57200
0.02265	38.55600
0.02270	44.06400
0.02275	88.12800
0.02280	45.90000
0.02285	67.93200
0.02290	44.06400
0.02295	106.48800
0.02300	71.60400
0.02305	33.04800
0.02310	84.45600
0.02315	36.72000
0.02320	64.26000
0.02325	64.26000
0.02330	38.55600
0.02335	27.54000
0.02340	40.39200
0.02345	60.58800
0.02350	29.37600
0.02355	64.26000
0.02360	82.62000
0.02365	42.22800
0.02370	55.08000
0.02375	53.24400
0.02380	27.54000
0.02385	56.91600
0.02390	45.90000
0.02395	53.24400
0.02400	40.39200
0.02405	31.21200
0.02410	73.44000
0.02415	27.54000
0.02420	22.03200
0.02425	49.57200
0.02430	47.73600
0.02435	47.73600
0.02440	55.08000
0.02445	42.22800
0.02450	40.39200
0.02455	38.55600
0.02460	20.19600
0.02465	36.72000
0.02470	27.54000
0.02475	33.04800
0.02480	55.08000
0.02485	34.88400
0.02490	82.62000
0.02495	64.26000
0.02500	45.90000
0.02505	36.72000
0.02510	62.42400
0.02515	47.73600
0.02520	67.93200
0.02525	23.86800
0.02530	47.73600
0.02535	51.40800
0.02540	69.76800
0.02545	22.03200
0.02550	14.68800
0.02555	80.78400
0.02560	89.96400
0.02565	49.57200
0.02570	44.06400
0.02575	40.39200
0.02580	110.16000
0.02585	49.57200
0.02590	51.40800
0.02595	51.40800
0.02600	88.12800
0.02605	58.75200
0.02610	34.88400
0.02615	22.03200
0.02620	55.08000
0.02625	31.21200
0.02630	45.90000
0.02635	64.26000
0.02640	38.55600
0.02645	91.80000
0.02650	111.99600
0.02655	33.04800
0.02660	25.70400
0.02665	55.08000
0.02670	100.98000
0.02675	20.19600
0.02680	45.90000
0.02685	53.24400
0.02690	60.58800
0.02695	27.54000
0.02700	38.55600
0.02705	38.55600
0.02710	93.63600
0.02715	84.45600
0.02720	27.54000
0.02725	29.37600
0.02730	56.91600
0.02735	45.90000
0.02740	36.72000
0.02745	56.91600
0.02750	104.65200
0.02755	95.47200
0.02760	29.37600
0.02765	71.60400
0.02770	47.73600
0.02775	45.90000
0.02780	27.54000
0.02785	38.55600
0.02790	7.34400
0.02795	33.04800
0.02800	88.12800
0.02805	80.78400
0.02810	55.08000
0.02815	44.06400
0.02820	33.04800
0.02825	102.81600
0.02830	67.93200
0.02835	100.98000
0.02840	34.88400
0.02845	20.19600
0.02850	47.73600
0.02855	104.65200
0.02860	49.57200
0.02865	82.62000
0.02870	31.21200
0.02875	78.94800
0.02880	110.16000
0.02885	47.73600
0.02890	27.54000
0.02895	38.55600
0.02900	93.63600
0.02905	34.88400
0.02910	20.19600
0.02915	66.09600
0.02920	33.04800
0.02925	47.73600
0.02930	55.08000
0.02935	38.55600
0.02940	55.08000
0.02945	60.58800
0.02950	33.04800
0.02955	86.29200
0.02960	55.08000
0.02965	58.75200
0.02970	16.52400
0.02975	33.04800
0.02980	16.52400
0.02985	22.03200
0.02990	75.27600
0.02995	64.26000
0.03000	102.81600
0.03005	27.54000
0.03010	22.03200
0.03015	132.19200
0.03020	45.90000
0.03025	93.63600
0.03030	55.08000
0.03035	67.93200
0.03040	36.72000
0.03045	67.93200
0.03050	36.72000
0.03055	45.90000
0.03060	67.93200
0.03065	42.22800
0.03070	16.52400
0.03075	11.01600
0.03080	40.39200
0.03085	69.76800
0.03090	53.24400
0.03095	78.94800
0.03100	44.06400
0.03105	40.39200
0.03110	31.21200
0.03115	71.60400
0.03120	22.03200
0.03125	47.73600
0.03130	9.18000
0.03135	36.72000
0.03140	93.63600
0.03145	56.91600
0.03150	16.52400
0.03155	64.26000
0.03160	11.01600
0.03165	62.42400
0.03170	5.50800
0.03175	9.18000
0.03180	49.57200
0.03185	44.06400
0.03190	22.03200
0.03195	34.88400
0.03200	55.08000
0.03205	75.27600
0.03210	80.78400
0.03215	18.36000
0.03220	40.39200
0.03225	77.11200
0.03230	71.60400
0.03235	34.88400
0.03240	110.16000
0.03245	75.27600
0.03250	58.75200
0.03255	75.27600
0.03260	16.52400
0.03265	31.21200
0.03270	16.52400
0.03275	42.22800
0.03280	53.24400
0.03285	38.55600
0.03290	38.55600
0.03295	45.90000
0.03300	66.09600
0.03305	34.88400
0.03310	20.19600
0.03315	45.90000
0.03320	60.58800
0.03325	29.37600
0.03330	51.40800
0.03335	73.44000
0.03340	38.55600
0.03345	64.26000
0.03350	3.67200
0.03355	7.34400
0.03360	31.21200
0.03365	31.21200
0.03370	44.06400
0.03375	33.04800
0.03380	16.52400
0.03385	45.90000
0.03390	12.85200
0.03395	77.11200
0.03400	60.58800
0.03405	36.72000
0.03410	45.90000
0.03415	29.37600
0.03420	25.70400
0.03425	49.57200
0.03430	40.39200
0.03435	49.57200
0.03440	62.42400
0.03445	56.91600
0.03450	34.88400
0.03455	36.72000
0.03460	82.62000
0.03465	36.72000
0.03470	56.91600
0.03475	45.90000
0.03480	38.55600
0.03485	44.06400
0.03490	29.37600
0.03495	34.88400
0.03500	31.21200
0.03505	27.54000
0.03510	0.00000
0.03515	44.06400
0.03520	75.27600
0.03525	56.91600
0.03530	88.12800
0.03535	67.93200
0.03540	67.93200
0.03545	62.42400
0.03550	69.76800
0.03555	67.93200
0.03560	38.55600
0.03565	36.72000
0.03570	34.88400
0.03575	49.57200
0.03580	36.72000
0.03585	42.22800
0.03590	56.91600
0.03595	38.55600
0.03600	95.47200
0.03605	66.09600
0.03610	36.72000
0.03615	18.36000
0.03620	33.04800
0.03625	22.03200
0.03630	29.37600
0.03635	22.03200
0.03640	18.36000
0.03645	31.21200
0.03650	16.52400
0.03655	11.01600
0.03660	38.55600
0.03665	31.21200
0.03670	25.70400
0.03675	88.12800
0.03680	66.09600
0.03685	25.70400
0.03690	23.86800
0.03695	20.19600
0.03700	1.83600
0.03705	51.40800
0.03710	49.57200
0.03715	34.88400
0.03720	73.44000
0.03725	14.68800
0.03730	27.54000
0.03735	44.06400
0.03740	27.54000
0.03745	49.57200
0.03750	27.54000
0.03755	45.90000
0.03760	34.88400
0.03765	18.36000
0.03770	5.50800
0.03775	29.37600
0.03780	31.21200
0.03785	45.90000
0.03790	62.42400
0.03795	12.85200
0.03800	42.22800
0.03805	44.06400
0.03810	42.22800
0.03815	49.57200
0.03820	23.86800
0.03825	62.42400
0.03830	22.03200
0.03835	47.73600
0.03840	40.39200
0.03845	60.58800
0.03850	22.03200
0.03855	12.85200
0.03860	22.03200
0.03865	73.44000
0.03870	36.72000
0.03875	40.39200
0.03880	62.42400
0.03885	45.90000
0.03890	55.08000
0.03895	64.26000
0.03900	18.36000
0.03905	80.78400
0.03910	66.09600
0.03915	31.21200
0.03920	33.04800
0.03925	33.04800
0.03930	22.03200
0.03935	51.40800
0.03940	38.55600
0.03945	56.91600
0.03950	27.54000
0.03955	69.76800
0.03960	84.45600
0.03965	29.37600
0.03970	16.52400
0.03975	40.39200
0.03980	40.39200
0.03985	126.68400
0.03990	22.03200
0.03995	60.58800
0.04000	49.57200
0.04005	49.57200
0.04010	53.24400
0.04015	29.37600
0.04020	44.06400
0.04025	82.62000
0.04030	58.75200
0.04035	31.21200
0.04040	29.37600
0.04045	60.58800
0.04050	53.24400
0.04055	66.09600
0.04060	29.37600
0.04065	36.72000
0.04070	75.27600
0.04075	29.37600
0.04080	40.39200
0.04085	53.24400
0.04090	14.68800
0.04095	33.04800
0.04100	55.08000
0.04105	36.72000
0.04110	29.37600
0.04115	73.44000
0.04120	29.37600
0.04125	38.55600
0.04130	77.11200
0.04135	31.21200
0.04140	34.88400
0.04145	31.21200
0.04150	16.52400
0.04155	14.68800
0.04160	84.45600
0.04165	22.03200
0.04170	23.86800
0.04175	9.18000
0.04180	51.40800
0.04185	27.54000
0.04190	27.54000
0.04195	40.39200
0.04200	62.42400
0.04205	66.09600
0.04210	51.40800
0.04215	33.04800
0.04220	25.70400
0.04225	64.26000
0.04230	44.06400
0.04235	49.57200
0.04240	97.30800
0.04245	53.24400
0.04250	51.40800
0.04255	55.08000
0.04260	38.55600
0.04265	34.88400
0.04270	25.70400
0.04275	102.81600
0.04280	64.26000
0.04285	60.58800
0.04290	60.58800
0.04295	27.54000
0.04300	64.26000
0.04305	55.08000
0.04310	77.11200
0.04315	45.90000
0.04320	53.24400
0.04325	34.88400
0.04330	55.08000
0.04335	38.55600
0.04340	7.34400
0.04345	60.58800
0.04350	42.22800
0.04355	20.19600
0.04360	31.21200
0.04365	67.93200
0.04370	128.52000
0.04375	25.70400
0.04380	58.75200
0.04385	34.88400
0.04390	20.19600
0.04395	34.88400
0.04400	45.90000
0.04405	16.52400
0.04410	25.70400
0.04415	1.83600
0.04420	55.08000
0.04425	33.04800
0.04430	14.68800
0.04435	47.73600
0.04440	75.27600
0.04445	20.19600
0.04450	25.70400
0.04455	86.29200
0.04460	44.06400
0.04465	36.72000
0.04470	25.70400
0.04475	69.76800
0.04480	31.21200
0.04485	47.73600
0.04490	29.37600
0.04495	95.47200
0.04500	27.54000
0.04505	34.88400
0.04510	51.40800
0.04515	40.39200
0.04520	23.86800
0.04525	60.58800
0.04530	34.88400
0.04535	16.52400
0.04540	25.70400
0.04545	40.39200
0.04550	34.88400
0.04555	100.98000
0.04560	102.81600
0.04565	22.03200
0.04570	11.01600
0.04575	42.22800
0.04580	25.70400
0.04585	16.52400
0.04590	55.08000
0.04595	3.67200
0.04600	36.72000
0.04605	49.57200
0.04610	45.90000
0.04615	44.06400
0.04620	34.88400
0.04625	38.55600
0.04630	5.50800
0.04635	11.01600
0.04640	29.37600
0.04645	47.73600
0.04650	14.68800
0.04655	23.86800
0.04660	58.75200
0.04665	36.72000
0.04670	67.93200
0.04675	58.75200
0.04680	47.73600
0.04685	51.40800
0.04690	23.86800
0.04695	5.50800
0.04700	42.22800
0.04705	11.01600
0.04710	33.04800
0.04715	31.21200
0.04720	66.09600
0.04725	29.37600
0.04730	51.40800
0.04735	67.93200
0.04740	20.19600
0.04745	33.04800
0.04750	31.21200
0.04755	44.06400
0.04760	62.42400
0.04765	40.39200
0.04770	42.22800
0.04775	55.08000
0.04780	36.72000
0.04785	67.93200
0.04790	34.88400
0.04795	38.55600
0.04800	40.39200
0.04805	38.55600
0.04810	73.44000
0.04815	34.88400
0.04820	27.54000
0.04825	34.88400
0.04830	29.37600
0.04835	27.54000
0.04840	31.21200
0.04845	31.21200
0.04850	34.88400
0.04855	29.37600
0.04860	5.50800
0.04865	25.70400
0.04870	100.98000
0.04875	88.12800
0.04880	36.72000
0.04885	42.22800
0.04890	40.39200
0.04895	53.24400
0.04900	49.57200
0.04905	45.90000
0.04910	22.03200
0.04915	23.86800
0.04920	42.22800
0.04925	22.03200
0.04930	99.14400
0.04935	40.39200
0.04940	60.58800
0.04945	71.60400
0.04950	66.09600
0.04955	22.03200
0.04960	27.54000
0.04965	47.73600
0.04970	60.58800
0.04975	12.85200
0.04980	56.91600
0.04985	69.76800
0.04990	22.03200
0.04995	62.42400
0.05000	40.39200
0.05005	3.67200
0.05010	23.86800
0.05015	38.55600
0.05020	55.08000
0.05025	34.88400
0.05030	64.26000
0.05035	42.22800
0.05040	78.94800
0.05045	51.40800
0.05050	45.90000
0.05055	38.55600
0.05060	66.09600
0.05065	36.72000
0.05070	44.06400
0.05075	66.09600
0.05080	45.90000
0.05085	25.70400
0.05090	12.85200
0.05095	44.06400
0.05100	34.88400
0.05105	34.88400
0.05110	73.44000
0.05115	23.86800
0.05120	64.26000
0.05125	58.75200
0.05130	53.24400
0.05135	42.22800
0.05140	38.55600
0.05145	47.73600
0.05150	16.52400
0.05155	29.37600
0.05160	22.03200
0.05165	33.04800
0.05170	16.52400
0.05175	12.85200
0.05180	33.04800
0.05185	20.19600
0.05190	25.70400
0.05195	29.37600
0.05200	75.27600
0.05205	31.21200
0.05210	23.86800
0.05215	25.70400
0.05220	44.06400
0.05225	29.37600
0.05230	11.01600
0.05235	27.54000
0.05240	42.22800
0.05245	34.88400
0.05250	67.93200
0.05255	14.68800
0.05260	16.52400
0.05265	12.85200
0.05270	34.88400
0.05275	9.18000
0.05280	23.86800
0.05285	20.19600
0.05290	23.86800
0.05295	25.70400
0.05300	47.73600
0.05305	18.36000
0.05310	84.45600
0.05315	33.04800
0.05320	20.19600
0.05325	40.39200
0.05330	45.90000
0.05335	40.39200
0.05340	14.68800
0.05345	27.54000
0.05350	56.91600
0.05355	27.54000
0.05360	23.86800
0.05365	55.08000
0.05370	51.40800
0.05375	9.18000
0.05380	34.88400
0.05385	23.86800
0.05390	12.85200
0.05395	86.29200
0.05400	60.58800
0.05405	9.18000
0.05410	56.91600
0.05415	20.19600
0.05420	33.04800
0.05425	55.08000
0.05430	62.42400
0.05435	71.60400
0.05440	14.68800
0.05445	38.55600
0.05450	23.86800
0.05455	56.91600
0.05460	11.01600
0.05465	69.76800
0.05470	69.76800
0.05475	31.21200
0.05480	27.54000
0.05485	23.86800
0.05490	45.90000
0.05495	40.39200
0.05500	36.72000
0.05505	25.70400
0.05510	45.90000
0.05515	25.70400
0.05520	11.01600
0.05525	29.37600
0.05530	42.22800
0.05535	75.27600
0.05540	31.21200
0.05545	22.03200
0.05550	5.50800
0.05555	22.03200
0.05560	16.52400
0.05565	27.54000
0.05570	34.88400
0.05575	33.04800
0.05580	25.70400
0.05585	34.88400
0.05590	29.37600
0.05595	22.03200
0.05600	40.39200
0.05605	53.24400
0.05610	56.91600
0.05615	36.72000
0.05620	66.09600
0.05625	40.39200
0.05630	29.37600
0.05635	40.39200
0.05640	22.03200
0.05645	14.68800
0.05650	18.36000
0.05655	25.70400
0.05660	49.57200
0.05665	75.27600
0.05670	53.24400
0.05675	27.54000
0.05680	29.37600
0.05685	38.55600
0.05690	7.34400
0.05695	23.86800
0.05700	47.73600
0.05705	7.34400
0.05710	36.72000
0.05715	34.88400
0.05720	20.19600
0.05725	9.18000
0.05730	100.98000
0.05735	78.94800
0.05740	91.80000
0.05745	7.34400
0.05750	3.67200
0.05755	34.88400
0.05760	9.18000
0.05765	49.57200
0.05770	56.91600
0.05775	95.47200
0.05780	12.85200
0.05785	3.67200
0.05790	44.06400
0.05795	44.06400
0.05800	67.93200
0.05805	49.57200
0.05810	51.40800
0.05815	25.70400
0.05820	22.03200
0.05825	14.68800
0.05830	45.90000
0.05835	33.04800
0.05840	45.90000
0.05845	20.19600
0.05850	58.75200
0.05855	86.29200
0.05860	25.70400
0.05865	49.57200
0.05870	25.70400
0.05875	44.06400
0.05880	20.19600
0.05885	23.86800
0.05890	55.08000
0.05895	71.60400
0.05900	42.22800
0.05905	60.58800
0.05910	38.55600
0.05915	31.21200
0.05920	5.50800
0.05925	36.72000
0.05930	45.90000
0.05935	7.34400
0.05940	36.72000
0.05945	23.86800
0.05950	23.86800
0.05955	84.45600
0.05960	25.70400
0.05965	80.78400
0.05970	29.37600
0.05975	25.70400
0.05980	18.36000
0.05985	40.39200
0.05990	27.54000
0.05995	20.19600
0.06000	31.21200
0.06005	20.19600
0.06010	53.24400
0.06015	29.37600
0.06020	44.06400
0.06025	75.27600
0.06030	16.52400
0.06035	36.72000
0.06040	20.19600
0.06045	45.90000
0.06050	47.73600
0.06055	20.19600
0.06060	34.88400
0.06065	56.91600
0.06070	27.54000
0.06075	5.50800
0.06080	22.03200
0.06085	66.09600
0.06090	25.70400
0.06095	56.91600
0.06100	42.22800
0.06105	56.91600
0.06110	121.17600
0.06115	89.96400
0.06120	108.32400
0.06125	104.65200
0.06130	108.32400
0.06135	192.78000
0.06140	179.92800
0.06145	211.14000
0.06150	414.93600
0.06155	413.10000
0.06160	541.62000
0.06165	616.89600
0.06170	809.67600
0.06175	1187.89200
0.06180	1345.78800
0.06185	1571.61600
0.06190	1949.83200
0.06195	2091.20400
0.06200	2429.02800
0.06205	2809.08000
0.06210	2735.64000
0.06215	2840.29200
0.06220	2858.65200
0.06225	3020.22000
0.06230	2816.42400
0.06235	2676.88800
0.06240	2858.65200
0.06245	2208.70800
0.06250	1887.40800
0.06255	1650.56400
0.06260	1626.69600
0.06265	1417.39200
0.06270	1130.97600
0.06275	1224.61200
0.06280	1085.07600
0.06285	851.90400
0.06290	837.21600
0.06295	624.24000
0.06300	703.18800
0.06305	615.06000
0.06310	627.91200
0.06315	646.27200
0.06320	468.18000
0.06325	536.11200
0.06330	378.21600
0.06335	376.38000
0.06340	409.42800
0.06345	425.95200
0.06350	207.46800
0.06355	312.12000
0.06360	348.84000
0.06365	490.21200
0.06370	363.52800
0.06375	271.72800
0.06380	179.92800
0.06385	275.40000
0.06390	288.25200
0.06395	229.50000
0.06400	222.15600
0.06405	249.69600
0.06410	235.00800
0.06415	242.35200
0.06420	231.33600
0.06425	220.32000
0.06430	176.25600
0.06435	297.43200
0.06440	209.30400
0.06445	194.61600
0.06450	291.92400
0.06455	280.90800
0.06460	207.46800
0.06465	194.61600
0.06470	181.76400
0.06475	253.36800
0.06480	227.66400
0.06485	174.42000
0.06490	220.32000
0.06495	170.74800
0.06500	225.82800
0.06505	233.17200
0.06510	163.40400
0.06515	113.83200
0.06520	227.66400
0.06525	238.68000
0.06530	145.04400
0.06535	291.92400
0.06540	156.06000
0.06545	187.27200
0.06550	130.35600
0.06555	190.94400
0.06560	102.81600
0.06565	238.68000
0.06570	178.09200
0.06575	225.82800
0.06580	295.59600
0.06585	178.09200
0.06590	196.45200
0.06595	269.89200
0.06600	238.68000
0.06605	115.66800
0.06610	187.27200
0.06615	139.53600
0.06620	163.40400
0.06625	277.23600
0.06630	198.28800
0.06635	161.56800
0.06640	135.86400
0.06645	178.09200
0.06650	187.27200
0.06655	214.81200
0.06660	108.32400
0.06665	163.40400
0.06670	84.45600
0.06675	196.45200
0.06680	176.25600
0.06685	163.40400
0.06690	152.38800
0.06695	156.06000
0.06700	62.42400
0.06705	69.76800
0.06710	69.76800
0.06715	126.68400
0.06720	161.56800
0.06725	159.73200
0.06730	119.34000
0.06735	178.09200
0.06740	192.78000
0.06745	165.24000
0.06750	95.47200
0.06755	260.71200
0.06760	148.71600
0.06765	110.16000
0.06770	64.26000
0.06775	132.19200
0.06780	146.88000
0.06785	216.64800
0.06790	192.78000
0.06795	148.71600
0.06800	130.35600
0.06805	38.55600
0.06810	159.73200
0.06815	99.14400
0.06820	157.89600
0.06825	168.91200
0.06830	203.79600
0.06835	128.52000
0.06840	157.89600
0.06845	176.25600
0.06850	66.09600
0.06855	137.70000
0.06860	73.44000
0.06865	139.53600
0.06870	145.04400
0.06875	130.35600
0.06880	121.17600
0.06885	73.44000
0.06890	100.98000
0.06895	143.20800
0.06900	100.98000
0.06905	126.68400
0.06910	141.37200
0.06915	104.65200
0.06920	80.78400
0.06925	143.20800
0.06930	135.86400
0.06935	78.94800
0.06940	192.78000
0.06945	150.55200
0.06950	36.72000
0.06955	141.37200
0.06960	95.47200
0.06965	89.96400
0.06970	104.65200
0.06975	71.60400
0.06980	128.52000
0.06985	185.43600
0.06990	88.12800
0.06995	113.83200
0.07000	93.63600
0.07005	121.17600
0.07010	111.99600
0.07015	113.83200
0.07020	110.16000
0.07025	73.44000
0.07030	165.24000
0.07035	102.81600
0.07040	77.11200
0.07045	157.89600
0.07050	77.11200
0.07055	205.63200
0.07060	100.98000
0.07065	62.42400
0.07070	172.58400
0.07075	62.42400
0.07080	137.70000
0.07085	123.01200
0.07090	95.47200
0.07095	115.66800
0.07100	108.32400
0.07105	67.93200
0.07110	86.29200
0.07115	56.91600
0.07120	95.47200
0.07125	82.62000
0.07130	119.34000
0.07135	117.50400
0.07140	100.98000
0.07145	78.94800
0.07150	104.65200
0.07155	97.30800
0.07160	139.53600
0.07165	99.14400
0.07170	77.11200
0.07175	89.96400
0.07180	172.58400
0.07185	113.83200
0.07190	106.48800
0.07195	139.53600
0.07200	141.37200
0.07205	106.48800
0.07210	141.37200
0.07215	106.48800
0.07220	214.81200
0.07225	148.71600
0.07230	102.81600
0.07235	47.73600
0.07240	110.16000
0.07245	179.92800
0.07250	84.45600
0.07255	97.30800
0.07260	58.75200
0.07265	91.80000
0.07270	132.19200
0.07275	111.99600
0.07280	78.94800
0.07285	95.47200
0.07290	86.29200
0.07295	102.81600
0.07300	108.32400
0.07305	123.01200
0.07310	146.88000
0.07315	71.60400
0.07320	110.16000
0.07325	66.09600
0.07330	56.91600
0.07335	111.99600
0.07340	97.30800
0.07345	56.91600
0.07350	123.01200
0.07355	130.35600
0.07360	102.81600
0.07365	89.96400
0.07370	143.20800
0.07375	157.89600
0.07380	111.99600
0.07385	104.65200
0.07390	100.98000
0.07395	86.29200
0.07400	128.52000
0.07405	55.08000
0.07410	67.93200
0.07415	86.29200
0.07420	106.48800
0.07425	82.62000
0.07430	93.63600
0.07435	106.48800
0.07440	121.17600
0.07445	84.45600
0.07450	82.62000
0.07455	25.70400
0.07460	49.57200
0.07465	75.27600
0.07470	126.68400
0.07475	137.70000
0.07480	91.80000
0.07485	100.98000
0.07490	102.81600
0.07495	99.14400
0.07500	71.60400
0.07505	77.11200
0.07510	75.27600
0.07515	124.84800
0.07520	137.70000
0.07525	100.98000
0.07530	64.26000
0.07535	71.60400
0.07540	69.76800
0.07545	73.44000
0.07550	146.88000
0.07555	80.78400
0.07560	66.09600
0.07565	110.16000
0.07570	42.22800
0.07575	55.08000
0.07580	113.83200
0.07585	86.29200
0.07590	67.93200
0.07595	117.50400
0.07600	111.99600
0.07605	130.35600
0.07610	102.81600
0.07615	38.55600
0.07620	67.93200
0.07625	66.09600
0.07630	111.99600
0.07635	82.62000
0.07640	66.09600
0.07645	95.47200
0.07650	102.81600
0.07655	77.11200
0.07660	99.14400
0.07665	75.27600
0.07670	97.30800
0.07675	66.09600
0.07680	95.47200
0.07685	71.60400
0.07690	56.91600
0.07695	16.52400
0.07700	115.66800
0.07705	53.24400
0.07710	124.84800
0.07715	62.42400
0.07720	78.94800
0.07725	69.76800
0.07730	86.29200
0.07735	45.90000
0.07740	42.22800
0.07745	49.57200
0.07750	123.01200
0.07755	78.94800
0.07760	99.14400
0.07765	88.12800
0.07770	33.04800
0.07775	115.66800
0.07780	36.72000
0.07785	93.63600
0.07790	93.63600
0.07795	71.60400
0.07800	80.78400
0.07805	111.99600
0.07810	86.29200
0.07815	58.75200
0.07820	55.08000
0.07825	66.09600
0.07830	64.26000
0.07835	67.93200
0.07840	78.94800
0.07845	123.01200
0.07850	36.72000
0.07855	56.91600
0.07860	89.96400
0.07865	44.06400
0.07870	77.11200
0.07875	62.42400
0.07880	34.88400
0.07885	66.09600
0.07890	84.45600
0.07895	80.78400
0.07900	64.26000
0.07905	38.55600
0.07910	29.37600
0.07915	49.57200
0.07920	78.94800
0.07925	62.42400
0.07930	97.30800
0.07935	88.12800
0.07940	47.73600
0.07945	97.30800
0.07950	143.20800
0.07955	93.63600
0.07960	115.66800
0.07965	100.98000
0.07970	64.26000
0.07975	73.44000
0.07980	58.75200
0.07985	73.44000
0.07990	106.48800
0.07995	71.60400
0.08000	126.68400
0.08005	110.16000
0.08010	58.75200
0.08015	97.30800
0.08020	33.04800
0.08025	141.37200
0.08030	150.55200
0.08035	51.40800
0.08040	89.96400
0.08045	60.58800
0.08050	73.44000
0.08055	40.39200
0.08060	95.47200
0.08065	45.90000
0.08070	117.50400
0.08075	78.94800
0.08080	77.11200
0.08085	73.44000
0.08090	49.57200
0.08095	56.91600
0.08100	58.75200
0.08105	69.76800
0.08110	86.29200
0.08115	60.58800
0.08120	60.58800
0.08125	82.62000
0.08130	95.47200
0.08135	73.44000
0.08140	88.12800
0.08145	119.34000
0.08150	86.29200
0.08155	64.26000
0.08160	66.09600
0.08165	64.26000
0.08170	137.70000
0.08175	58.75200
0.08180	84.45600
0.08185	38.55600
0.08190	67.93200
0.08195	62.42400
0.08200	56.91600
0.08205	104.65200
0.08210	99.14400
0.08215	56.91600
0.08220	73.44000
0.08225	139.53600
0.08230	44.06400
0.08235	18.36000
0.08240	89.96400
0.08245	27.54000
0.08250	40.39200
0.08255	77.11200
0.08260	77.11200
0.08265	73.44000
0.08270	84.45600
0.08275	66.09600
0.08280	44.06400
0.08285	36.72000
0.08290	34.88400
0.08295	62.42400
0.08300	58.75200
0.08305	36.72000
0.08310	42.22800
0.08315	77.11200
0.08320	53.24400
0.08325	88.12800
0.08330	47.73600
0.08335	58.75200
0.08340	53.24400
0.08345	102.81600
0.08350	45.90000
0.08355	100.98000
0.08360	53.24400
0.08365	67.93200
0.08370	69.76800
0.08375	102.81600
0.08380	45.90000
0.08385	121.17600
0.08390	33.04800
0.08395	73.44000
0.08400	93.63600
0.08405	44.06400
0.08410	91.80000
0.08415	66.09600
0.08420	93.63600
0.08425	77.11200
0.08430	100.98000
0.08435	55.08000
0.08440	60.58800
0.08445	93.63600
0.08450	53.24400
0.08455	55.08000
0.08460	106.48800
0.08465	45.90000
0.08470	117.50400
0.08475	156.06000
0.08480	44.06400
0.08485	60.58800
0.08490	100.98000
0.08495	73.44000
0.08500	97.30800
0.08505	77.11200
0.08510	27.54000
0.08515	77.11200
0.08520	25.70400
0.08525	64.26000
0.08530	119.34000
0.08535	113.83200
0.08540	78.94800
0.08545	97.30800
0.08550	71.60400
0.08555	106.48800
0.08560	143.20800
0.08565	73.44000
0.08570	88.12800
0.08575	117.50400
0.08580	60.58800
0.08585	44.06400
0.08590	134.02800
0.08595	134.02800
0.08600	23.86800
0.08605	49.57200
0.08610	150.55200
0.08615	97.30800
0.08620	56.91600
0.08625	91.80000
0.08630	7.34400
0.08635	73.44000
0.08640	56.91600
0.08645	34.88400
0.08650	108.32400
0.08655	71.60400
0.08660	47.73600
0.08665	31.21200
0.08670	66.09600
0.08675	16.52400
0.08680	22.03200
0.08685	38.55600
0.08690	45.90000
0.08695	66.09600
0.08700	44.06400
0.08705	45.90000
0.08710	75.27600
0.08715	49.57200
0.08720	45.90000
0.08725	69.76800
0.08730	45.90000
0.08735	78.94800
0.08740	66.09600
0.08745	91.80000
0.08750	55.08000
0.08755	145.04400
0.08760	20.19600
0.08765	23.86800
0.08770	71.60400
0.08775	40.39200
0.08780	20.19600
0.08785	80.78400
0.08790	75.27600
0.08795	53.24400
0.08800	124.84800
0.08805	167.07600
0.08810	78.94800
0.08815	102.81600
0.08820	45.90000
0.08825	29.37600
0.08830	51.40800
0.08835	99.14400
0.08840	134.02800
0.08845	99.14400
0.08850	123.01200
0.08855	97.30800
0.08860	89.96400
0.08865	44.06400
0.08870	95.47200
0.08875	36.72000
0.08880	82.62000
0.08885	97.30800
0.08890	62.42400
0.08895	95.47200
0.08900	69.76800
0.08905	51.40800
0.08910	29.37600
0.08915	135.86400
0.08920	36.72000
0.08925	110.16000
0.08930	111.99600
0.08935	58.75200
0.08940	121.17600
0.08945	161.56800
0.08950	78.94800
0.08955	110.16000
0.08960	62.42400
0.08965	45.90000
0.08970	66.09600
0.08975	60.58800
0.08980	88.12800
0.08985	40.39200
0.08990	45.90000
