0.043829 -0.0250000004 0.0349744528 -0.00133703099 asynchronous_release_0
0.040906 -0.0250000004 -0.0104938584 0.0333898029 asynchronous_release_0
0.065187 -0.0250000004 -0.0175156203 0.0303018654 asynchronous_release_0
0.064367 -0.0250000004 -0.0304381955 0.017277623 asynchronous_release_0
0.069208 -0.0250000004 -0.000411564474 0.000911380647 asynchronous_release_1
0.067657 -0.0250000004 -0.0101393554 0.0334991563 asynchronous_release_1
0.069401 -0.0250000004 -0.0277145788 -0.021375269 asynchronous_release_0
0.014455 -0.0250000004 0.025470085 -0.0240057237 asynchronous_release_0
0.065599 -0.0250000004 -0.034998868 0.000281492845 asynchronous_release_0
0.060435 -0.0250000004 0.0329347647 0.0118448838 asynchronous_release_0
0.061922 -0.0250000004 0.000312276691 0.000949991194 asynchronous_release_0
0.062774 -0.0250000004 0.0265706031 -0.0227816384 asynchronous_release_0
0.038198 -0.0250000004 0.00711246311 -0.0342697077 asynchronous_release_0
0.063491 -0.0250000004 0.00149686663 -0.0349679766 asynchronous_release_0
0.068315 -0.0250000004 0.00232952934 0.0349223896 asynchronous_release_0
0.051702 -0.0250000004 -0.0189788215 0.0294075557 asynchronous_release_4
0.052877 -0.0250000004 0.0243780222 0.0251139808 asynchronous_release_0
0.05322 -0.0250000004 -0.0267763951 0.0225394026 asynchronous_release_0
0.053747 -0.0250000004 0.0297809392 -0.0183873778 asynchronous_release_0
0.06983 -0.0250000004 0.0159477208 0.0311555806 asynchronous_release_0
0.028964 -0.0250000004 -0.0170627566 -0.0305591613 asynchronous_release_0
0.061129 -0.0250000004 -0.0348999122 0.00264501896 asynchronous_release_0
0.050053 -0.0250000004 0.00208892727 0.034937607 asynchronous_release_4
0.065491 -0.0250000004 0.0339727904 0.00841721529 asynchronous_release_0
0.042096 -0.0250000004 -0.0169928227 0.0305981041 asynchronous_release_1
0.057772 -0.0250000004 0.00610282065 0.03446383 asynchronous_release_0
0.063554 -0.0250000004 0.0320022795 0.0141723006 asynchronous_release_0
0.019463 -0.0250000004 0.0121512846 -0.0328229536 asynchronous_release_0
0.062102 -0.0250000004 1.1618879e-05 -0.000999932499 asynchronous_release_0
0.061687 -0.0250000004 0.00781767715 0.0341157431 asynchronous_release_0
0.016135 -0.0250000004 0.00132410867 -0.0349749444 asynchronous_release_0
0.005579 -0.0250000004 -0.00423676983 0.034742622 asynchronous_release_1
0.06447 -0.0250000004 0.000383663657 -0.000923472901 asynchronous_release_0
0.053824 -0.0250000004 -0.0320271362 -0.0141160387 asynchronous_release_0
0.056452 -0.0250000004 0.0282384162 -0.0206782942 asynchronous_release_0
0.05559 -0.0250000004 0.0349677374 0.00150244397 asynchronous_release_0
0.051569 -0.0250000004 -0.0281472466 -0.0208022237 asynchronous_release_0
0.046763 -0.0250000004 -0.0280253497 0.0209661578 asynchronous_release_0
0.051355 -0.0250000004 -0.00096281909 0.000270146998 asynchronous_release_0
0.057009 -0.0250000004 0.0207122342 0.0282135314 asynchronous_release_0
0.034801 -0.0250000004 0.0145292612 0.0318418054 asynchronous_release_0
0.04827 -0.0250000004 0.0340036952 -0.00829148437 asynchronous_release_0
0.058022 -0.0250000004 -0.0098212115 0.033593806 asynchronous_release_0
0.067275 -0.0250000004 -0.0325439579 0.0128798605 asynchronous_release_0
0.024126 -0.0250000004 0.0323346564 0.0133966412 asynchronous_release_0
0.062436 -0.0250000004 -0.0323346564 -0.0133966412 asynchronous_release_0
0.041839 -0.0250000004 -0.0108127474 0.0332879031 asynchronous_release_0
0.02413 -0.0250000004 -0.032406395 0.0132221618 asynchronous_release_0
0.043822 -0.0250000004 0.00850082224 -0.0339519664 asynchronous_release_4
0.064261 -0.0250000004 0.0345605819 0.00552866874 asynchronous_release_0
0.051604 -0.0250000004 0.00789836717 0.0340971523 asynchronous_release_0
0.061371 -0.0250000004 0.0317556749 0.0147165591 asynchronous_release_0
0.065534 -0.0250000004 0.0221801847 0.0270747005 asynchronous_release_1
0.057304 -0.0250000004 0.0118742449 -0.0329241903 asynchronous_release_0
0.043711 -0.0250000004 -0.028059402 0.020920563 asynchronous_release_3
0.055469 -0.0250000004 -0.00600008114 -0.0344818652 asynchronous_release_0
0.029876 -0.0250000004 -0.00624336651 -0.0344386465 asynchronous_release_0
0.046203 -0.0250000004 0.0342831399 0.00704743348 asynchronous_release_0
0.060461 -0.0250000004 0.000925219355 -0.000379432663 asynchronous_release_2
0.061028 -0.0250000004 0.0218905109 0.0273094403 asynchronous_release_0
0.068719 -0.0250000004 -0.0323221808 0.0134267132 asynchronous_release_0
0.055487 -0.0250000004 0.0302640922 0.0175808056 asynchronous_release_0
0.059745 -0.0250000004 0.00757391393 0.0341706867 asynchronous_release_0
0.063998 -0.0250000004 0.00615552317 -0.0344544559 asynchronous_release_0
0.056186 -0.0250000004 0.000817039619 -0.000576581531 asynchronous_release_1
0.045015 -0.0250000004 -0.000891782931 -0.000452463484 asynchronous_release_3
0.049225 -0.0250000004 0.000933493112 -0.000358595329 asynchronous_release_0
0.06745 -0.0250000004 -0.000702441273 -0.000711741707 asynchronous_release_0
0.056534 -0.0250000004 -0.0346708643 -0.00478864994 asynchronous_release_0
0.068474 -0.0250000004 0.0330147355 -0.0116201223 asynchronous_release_1
0.050772 -0.0250000004 0.00436718749 0.0347264693 asynchronous_release_1
0.04829 -0.0250000004 -0.033795786 0.00910191473 asynchronous_release_0
0.013934 -0.0250000004 0.0188624808 0.0294823137 asynchronous_release_0
0.056196 -0.0250000004 -0.000153964249 -0.000988076419 asynchronous_release_0
0.065671 -0.0250000004 -0.0322392131 -0.0136247253 asynchronous_release_0
0.058023 -0.0250000004 -0.0188867028 0.0294668026 asynchronous_release_0
0.044461 -0.0250000004 -0.000884730551 -0.000466102835 asynchronous_release_0
0.043713 -0.0250000004 0.0107940068 0.0332939847 asynchronous_release_4
0.023634 -0.0250000004 0.0137578472 0.0321826295 asynchronous_release_0
0.064808 -0.0250000004 -0.0341304131 -0.0077533798 asynchronous_release_0
0.043287 -0.0250000004 0.0133776462 0.0323425197 asynchronous_release_2
0.023892 -0.0250000004 -0.0201105738 -0.0286455026 asynchronous_release_0
0.045706 -0.0250000004 0.0120570523 -0.0328576854 asynchronous_release_0
0.038056 -0.0250000004 0.00575956694 -0.0345228531 asynchronous_release_0
0.054262 -0.0250000004 -0.000986367232 -0.000164559055 asynchronous_release_1
0.040678 -0.0250000004 -0.0331897816 0.0111102834 asynchronous_release_0
0.061069 -0.0250000004 0.00334720587 -0.0348395783 asynchronous_release_0
0.064585 -0.0250000004 -0.0071340382 -0.0342652229 asynchronous_release_0
0.053537 -0.0250000004 -0.000381359927 -0.000924426637 asynchronous_release_0
0.058762 -0.0250000004 0.00326756147 -0.0348471382 asynchronous_release_0
0.063115 -0.0250000004 0.0349738429 0.00135289136 asynchronous_release_0
0.015815 -0.0250000004 0.0164285168 0.0309047542 asynchronous_release_0
0.054895 -0.0250000004 -0.00093414019 0.000356906299 asynchronous_release_0
0.050993 -0.0250000004 -0.00921970886 0.0337638411 asynchronous_release_0
0.067348 -0.0250000004 -0.0300822621 0.0178901512 asynchronous_release_0
0.057655 -0.0250000004 0.0172479939 0.0304549948 asynchronous_release_1
0.053932 -0.0250000004 0.000762444848 0.000647053207 asynchronous_release_0
0.040872 -0.0250000004 0.0345410573 0.00564936802 asynchronous_release_0
0.06628 -0.0250000004 -0.0349911824 0.000785590763 asynchronous_release_0
0.05563 -0.0250000004 0.0279792513 0.0210276365 asynchronous_release_0
0.026086 -0.0250000004 0.000230859863 -0.000972987011 asynchronous_release_0
0.019878 -0.0250000004 -0.032901369 0.011937333 asynchronous_release_0
0.063442 -0.0250000004 -0.000662170066 0.00074935359 asynchronous_release_0
0.064056 -0.0250000004 0.0325943309 -0.0127518465 asynchronous_release_0
0.058766 -0.0250000004 0.0331251863 0.0113014172 asynchronous_release_0
0.052012 -0.0250000004 0.0337074418 0.00942381921 asynchronous_release_0
0.054951 -0.0250000004 0.0349090013 -0.0025222273 asynchronous_release_0
0.06471 -0.0250000004 0.0111144488 -0.033188387 asynchronous_release_1
0.065972 -0.0250000004 0.0270122533 -0.0222561941 asynchronous_release_0
0.05929 -0.0250000004 -0.0130028355 -0.0324950191 asynchronous_release_0
0.025499 -0.0250000004 -0.000661432982 -0.000750004273 asynchronous_release_0
0.045298 -0.0250000004 0.000548334058 -0.000836259386 asynchronous_release_0
0.058218 -0.0250000004 0.025565247 -0.0239043541 asynchronous_release_0
0.042454 -0.0250000004 0.0348893848 0.00278043643 asynchronous_release_3
0.063915 -0.0250000004 -0.0075450609 -0.0341770692 asynchronous_release_0
0.0547 -0.0250000004 0.0299811057 -0.0180591611 asynchronous_release_2
0.028996 -0.0250000004 0.0248219432 0.0246753143 asynchronous_release_1
0.047603 -0.0250000004 -0.00150782761 -0.0349675057 asynchronous_release_0
0.03079 -0.0250000004 0.0345730978 0.00544985376 asynchronous_release_0
0.053416 -0.0250000004 0.0135975093 -0.0322507014 asynchronous_release_0
0.065216 -0.0250000004 -0.0135975093 0.0322507014 asynchronous_release_0
0.055146 -0.0250000004 0.0313167377 0.0156288816 asynchronous_release_0
0.050012 -0.0250000004 -0.0344168824 0.00636224841 asynchronous_release_0
0.051485 -0.0250000004 -0.000676613914 -0.000736337974 asynchronous_release_0
0.046221 -0.0250000004 -0.0235977068 0.0258485635 asynchronous_release_0
0.060522 -0.0250000004 0.0131752541 0.0324254943 asynchronous_release_2
0.062112 -0.0250000004 0.000869000058 -0.000494811984 asynchronous_release_0
0.015452 -0.0250000004 0.000104189131 -0.000994557502 asynchronous_release_0
0.045878 -0.0250000004 -0.0244212728 -0.0250719253 asynchronous_release_2
0.059724 -0.0250000004 0.000737878503 -0.000674933564 asynchronous_release_1
0.058656 -0.0250000004 0.0286559454 0.0200956909 asynchronous_release_0
0.024499 -0.0250000004 0.0337898312 -0.00912399631 asynchronous_release_0
0.065348 -0.0250000004 0.017570655 0.0302699865 asynchronous_release_0
0.05869 -0.0250000004 -0.00985981388 0.0335824965 asynchronous_release_0
0.069098 -0.0250000004 -0.0347927189 -0.0038035127 asynchronous_release_0
0.050379 -0.0250000004 0.0313674835 -0.0155267826 asynchronous_release_0
0.064673 -0.0250000004 0.0335472979 0.00997891802 asynchronous_release_0
0.06834 -0.0250000004 0.0125498375 -0.0326726427 asynchronous_release_0
0.062557 -0.0250000004 0.0321598211 -0.0138110792 asynchronous_release_0
0.025236 -0.0250000004 -0.0107246746 0.0333163827 asynchronous_release_0
0.029435 -0.0250000004 0.000741315199 -0.000671157042 asynchronous_release_0
0.045359 -0.0250000004 -0.0201886048 -0.028590562 asynchronous_release_1
0.052518 -0.0250000004 0.000796000231 0.000605296318 asynchronous_release_0
0.060723 -0.0250000004 5.56518174e-05 -0.000998450237 asynchronous_release_0
0.016558 -0.0250000004 0.000577499272 -0.0008163912 asynchronous_release_0
0.016518 -0.0250000004 -0.000631861294 0.000775081483 asynchronous_release_0
0.024765 -0.0250000004 0.0283970526 0.0204598974 asynchronous_release_0
0.032366 -0.0250000004 -0.0243631614 -0.0251283976 asynchronous_release_0
0.055431 -0.0250000004 -0.0330206779 0.0116032249 asynchronous_release_0
0.017568 -0.0250000004 -0.00429248612 -0.0347357822 asynchronous_release_0
0.028211 -0.0250000004 0.0279358267 -0.0210852931 asynchronous_release_0
0.058769 -0.0250000004 0.000390013973 -0.000920808938 asynchronous_release_0
0.031043 -0.0250000004 -0.0207556458 -0.0281816105 asynchronous_release_0
0.055394 -0.0250000004 0.0108518782 -0.033275167 asynchronous_release_0
0.039252 -0.0250000004 -0.000971395118 -0.000237468999 asynchronous_release_0
0.048473 -0.0250000004 0.0293670827 -0.0190413879 asynchronous_release_4
0.067521 -0.0250000004 -0.0078197533 0.0341152672 asynchronous_release_0
0.035112 -0.0250000004 0.0307548188 0.0167075169 asynchronous_release_0
0.065095 -0.0250000004 0.0206040754 -0.0282926152 asynchronous_release_0
0.041169 -0.0250000004 0.0276442796 0.0214661083 asynchronous_release_0
0.019722 -0.0250000004 0.0320246983 -0.0141215686 asynchronous_release_0
0.049921 -0.0250000004 -0.0349079982 -0.00253607225 asynchronous_release_4
0.044049 -0.0250000004 0.00314387005 -0.0348585152 asynchronous_release_1
0.067069 -0.0250000004 -0.00985492549 0.0335839313 asynchronous_release_0
0.022261 -0.0250000004 -0.0134866344 0.0322972242 asynchronous_release_0
0.069438 -0.0250000004 -5.2991753e-05 0.00099859495 asynchronous_release_0
0.01087 -0.0250000004 -0.000658894482 0.000752235376 asynchronous_release_0
0.030048 -0.0250000004 -0.0284976534 0.0203195411 asynchronous_release_0
0.06517 -0.0250000004 0.00334841205 0.0348394623 asynchronous_release_0
0.054175 -0.0250000004 -0.00484243219 0.0346633935 asynchronous_release_0
0.050998 -0.0250000004 0.0348269659 0.00347598091 asynchronous_release_4
0.052714 -0.0250000004 -0.0159253375 0.0311670279 asynchronous_release_0
0.046437 -0.0250000004 0.0282698033 0.0536266559 asynchronous_release_4
0.063073 -0.0250000004 0.0196896822 0.0289364202 asynchronous_release_0
0.046516 -0.0250000004 0.0345049893 0.00586563833 asynchronous_release_0
0.067908 -0.0250000004 -0.000436121115 -0.000899887978 asynchronous_release_0
0.046227 -0.0250000004 0.0343174174 -0.00687858009 asynchronous_release_4
0.057267 -0.0250000004 -0.0171604023 -0.0305044356 asynchronous_release_0
0.016567 -0.0250000004 -0.0303186024 0.0174866334 asynchronous_release_0
0.026808 -0.0250000004 -0.0322431476 -0.0136154116 asynchronous_release_0
0.056198 -0.0250000004 0.0332692288 0.0108700697 asynchronous_release_0
0.069333 -0.0250000004 0.000415491998 -0.000909596833 asynchronous_release_0
0.057129 -0.0250000004 0.0347645388 0.004053004 asynchronous_release_2
0.026931 -0.0250000004 -0.0203141877 -0.0285014697 asynchronous_release_0
0.046907 -0.0250000004 0.000805437133 0.000592681216 asynchronous_release_0
0.055976 -0.0250000004 0.00112282067 -0.034981985 asynchronous_release_0
0.040658 -0.0250000004 0.0152670219 0.0314947304 asynchronous_release_0
0.060175 -0.0250000004 -0.023289037 -0.026127012 asynchronous_release_0
0.039251 -0.0250000004 -0.00447887996 0.0347122404 asynchronous_release_0
0.05638 -0.0250000004 -0.000299245183 -0.000954176252 asynchronous_release_1
0.064 -0.0250000004 -0.0578184461 -0.0182216161 asynchronous_release_0
0.059133 -0.0250000004 0.0296300696 0.0186295189 asynchronous_release_0
0.054992 -0.0250000004 -0.0336139203 0.00975214666 asynchronous_release_0
0.064353 -0.0250000004 0.000854365732 0.000519672201 asynchronous_release_0
0.051651 -0.0250000004 0.0287030657 -0.0200283304 asynchronous_release_0
0.067376 -0.0250000004 6.29128773e-05 -0.0349999435 asynchronous_release_0
0.057868 -0.0250000004 -0.000435001691 0.0349972967 asynchronous_release_0
0.013722 -0.0250000004 -0.000999206049 -3.98405832e-05 asynchronous_release_3
0.032675 -0.0250000004 0.000990271169 0.000139151039 asynchronous_release_0
0.054763 -0.0250000004 -0.0181720953 0.0299127891 asynchronous_release_0
0.069698 -0.0250000004 -0.00191778017 0.0349474194 asynchronous_release_0
0.006542 -0.0250000004 -0.0170292548 0.030577843 asynchronous_release_0
0.061975 -0.0250000004 0.0180231736 0.0300027534 asynchronous_release_0
0.047393 -0.0250000004 0.0129228344 0.0325269173 asynchronous_release_4
0.0563 -0.0250000004 -0.0515882537 0.0318379032 asynchronous_release_0
0.054313 -0.0250000004 -0.034569793 0.00547077819 asynchronous_release_0
0.060985 -0.0250000004 -0.0344676544 0.00608118428 asynchronous_release_1
0.060258 -0.0250000004 -0.0283762308 -0.0204887659 asynchronous_release_0
0.029666 -0.0250000004 0.0339585977 -0.00847429293 asynchronous_release_0
0.067564 -0.0250000004 0.0312560788 0.0157498425 asynchronous_release_0
0.00609 -0.0250000004 0.00579923908 -0.0345162111 asynchronous_release_0
0.069244 -0.0250000004 0.00949735056 0.0336867976 asynchronous_release_0
0.01747 -0.0250000004 0.0285809647 -0.0202021894 asynchronous_release_0
0.058585 -0.0250000004 0.000995798177 -9.15750552e-05 asynchronous_release_0
0.063882 -0.0250000004 0.0302435628 -0.0176160981 asynchronous_release_4
0.016475 -0.0250000004 0.000265544222 0.000964098681 asynchronous_release_0
0.04445 -0.0250000004 0.0147480845 0.031741046 asynchronous_release_0
0.042804 -0.0250000004 0.00121525935 0.0349788957 asynchronous_release_2
0.065077 -0.0250000004 0.0315527309 0.0151467876 asynchronous_release_0
0.066413 -0.0250000004 -0.00027728174 0.000960788654 asynchronous_release_0
0.013998 -0.0250000004 -0.0165138023 -0.0308592666 asynchronous_release_0
0.054151 -0.0250000004 -0.0277282634 -0.0213575141 asynchronous_release_0
0.047548 -0.0250000004 0.0318713455 -0.0144643471 asynchronous_release_0
0.068509 -0.0250000004 0.00613081565 0.034458861 asynchronous_release_0
0.059814 -0.0250000004 0.000315063698 0.000949070527 asynchronous_release_0
0.06158 -0.0250000004 -0.00341271176 0.0348332226 asynchronous_release_0
0.0105 -0.0250000004 0.00157156306 -0.0349646992 asynchronous_release_0
0.058297 -0.0250000004 0.0307580944 0.0167014858 asynchronous_release_0
0.042145 -0.0250000004 -0.0309585884 0.016326843 asynchronous_release_0
0.053088 -0.0250000004 -0.00833472348 0.0339931226 asynchronous_release_0
0.068669 -0.0250000004 0.0306471743 -0.0169041624 asynchronous_release_0
0.043624 -0.0250000004 0.0272223534 -0.0219987153 asynchronous_release_2
0.032729 -0.0250000004 -0.0340866551 -0.00794354729 asynchronous_release_0
0.003978 -0.0250000004 0.0318461577 -0.014519719 asynchronous_release_1
0.0477 -0.0250000004 -0.000204744305 0.000978815493 asynchronous_release_0
0.031019 -0.0250000004 0.00502833957 0.0346369139 asynchronous_release_0
0.056228 -0.0250000004 -0.00553358435 -0.0345597952 asynchronous_release_4
0.053746 -0.0250000004 0.00035494071 -0.000934888813 asynchronous_release_0
0.049999 -0.0250000004 0.000924914324 -0.000380175608 asynchronous_release_0
0.026885 -0.0250000004 0.0121239977 -0.0328330425 asynchronous_release_0
0.060903 -0.0250000004 -0.0306979186 -0.016811835 asynchronous_release_0
0.061139 -0.0250000004 -0.000158780151 0.0349996398 asynchronous_release_0
0.053208 -0.0250000004 -0.00621453539 -0.0344438608 asynchronous_release_0
0.051801 -0.0250000004 -0.0344859467 -0.00597657752 asynchronous_release_0
0.041916 -0.0250000004 0.034099732 -0.00788722243 asynchronous_release_0
0.067911 -0.0250000004 0.0321403274 0.0138563831 asynchronous_release_0
0.03764 -0.0250000004 0.0349672585 0.00151354965 asynchronous_release_0
0.008317 -0.0250000004 0.0327737415 0.0122833981 asynchronous_release_0
0.047909 -0.0250000004 0.0057491359 0.0345245918 asynchronous_release_1
0.053665 -0.0250000004 -0.025839211 0.0236079473 asynchronous_release_0
0.064034 -0.0250000004 0.000974562184 0.000224117267 asynchronous_release_0
0.032576 -0.0250000004 -0.000170361484 0.0349995854 asynchronous_release_0
0.069941 -0.0250000004 0.000190144154 -0.000981756182 asynchronous_release_1
0.059288 -0.0250000004 0.00659055479 -0.034373894 asynchronous_release_0
0.054968 -0.0250000004 -0.0183358522 0.0298126907 asynchronous_release_0
0.021367 -0.0250000004 0.0209548116 0.0280338344 asynchronous_release_0
0.039544 -0.0250000004 -0.0138006069 0.0321643164 asynchronous_release_0
0.048274 -0.0250000004 0.0106140846 -0.0333517797 asynchronous_release_0
0.051401 -0.0250000004 0.0349818387 0.00112737036 asynchronous_release_0
0.067346 -0.0250000004 0.0103179415 -0.0334445823 asynchronous_release_0
0.06167 -0.0250000004 0.0070058498 -0.0342916618 asynchronous_release_2
0.066996 -0.0250000004 0.00492694971 0.0346514814 asynchronous_release_2
0.05343 -0.0250000004 0.00956319677 -0.033668164 asynchronous_release_0
0.062978 -0.0250000004 -0.0299793262 -0.018062115 asynchronous_release_0
0.064307 -0.0250000004 0.0220437495 -0.0271858991 asynchronous_release_0
0.061018 -0.0250000004 0.027793872 -0.0212720634 asynchronous_release_0
