0.000000 0.091542
0.000050 0.077956
0.000100 0.113450
0.000150 0.106104
0.000200 0.114548
0.000250 0.079060
0.000300 0.100351
0.000350 0.096197
0.000400 0.100839
0.000450 0.094353
0.000500 0.103171
0.000550 0.111977
0.000600 0.107215
0.000650 0.116747
0.000700 0.106110
0.000750 0.082476
0.000800 0.099502
0.000850 0.096440
0.000900 0.115775
0.000950 0.092767
0.001000 0.112467
0.001050 0.142575
0.001100 0.119200
0.001150 0.158978
0.001200 0.144525
0.001250 0.176585
0.001300 0.257617
0.001350 0.266925
0.001400 0.336408
0.001450 0.477420
0.001500 0.557577
0.001550 0.794247
0.001600 1.125192
0.001650 1.605900
0.001700 2.148784
0.001750 2.828360
0.001800 3.800546
0.001850 4.889294
0.001900 6.001223
0.001950 7.240837
0.002000 8.435179
0.002050 9.736051
0.002100 10.525597
0.002150 11.222881
0.002200 11.476837
0.002250 11.596915
0.002300 11.368540
0.002350 10.605688
0.002400 9.858260
0.002450 8.986712
0.002500 8.045624
0.002550 6.869176
0.002600 6.246134
0.002650 5.499552
0.002700 4.917784
0.002750 4.476742
0.002800 4.185454
0.002850 3.820396
0.002900 3.631298
0.002950 3.149280
0.003000 3.025619
0.003050 2.809039
0.003100 2.710404
0.003150 2.494974
0.003200 2.483894
0.003250 2.328442
0.003300 2.272231
0.003350 2.111977
0.003400 2.059132
0.003450 2.096398
0.003500 1.926665
0.003550 1.956069
0.003600 1.801295
0.003650 1.715181
0.003700 1.724365
0.003750 1.597227
0.003800 1.473107
0.003850 1.548757
0.003900 1.588828
0.003950 1.444896
0.004000 1.399946
0.004050 1.432338
0.004100 1.374963
0.004150 1.386921
0.004200 1.347877
0.004250 1.324323
0.004300 1.243907
0.004350 1.250957
0.004400 1.263369
0.004450 1.280869
0.004500 1.287233
0.004550 1.183733
0.004600 1.205105
0.004650 1.149175
0.004700 1.206949
0.004750 1.152079
0.004800 1.153286
0.004850 1.158426
0.004900 1.104259
0.004950 1.070645
0.005000 1.048437
0.005050 1.071241
0.005100 1.058310
0.005150 0.957652
0.005200 0.962330
0.005250 1.060960
0.005300 1.052787
0.005350 1.007987
0.005400 1.032549
0.005450 0.881097
0.005500 0.970977
0.005550 0.882945
0.005600 1.007615
0.005650 0.970789
0.005700 0.917539
0.005750 0.941149
0.005800 0.945781
0.005850 0.879649
0.005900 0.873490
0.005950 0.840436
0.006000 0.884724
0.006050 0.899484
0.006100 0.855525
0.006150 0.819231
0.006200 0.898491
0.006250 0.869457
0.006300 0.846723
0.006350 0.809757
0.006400 0.886857
0.006450 0.812601
0.006500 0.830637
0.006550 0.838353
0.006600 0.837803
0.006650 0.797765
0.006700 0.836927
0.006750 0.817433
0.006800 0.869861
0.006850 0.814289
0.006900 0.775143
0.006950 0.814099
0.007000 0.792401
0.007050 0.839501
0.007100 0.741266
0.007150 0.742136
0.007200 0.705421
0.007250 0.789943
0.007300 0.772801
0.007350 0.803907
0.007400 0.744803
0.007450 0.731941
0.007500 0.708895
0.007550 0.761577
0.007600 0.736535
0.007650 0.736729
0.007700 0.752589
0.007750 0.734747
0.007800 0.675886
0.007850 0.715740
0.007900 0.716909
0.007950 0.753273
0.008000 0.672432
0.008050 0.770988
0.008100 0.649650
0.008150 0.713134
0.008200 0.778226
0.008250 0.712296
0.008300 0.731924
0.008350 0.665134
0.008400 0.706063
0.008450 0.682863
0.008500 0.724304
0.008550 0.687250
0.008600 0.691299
0.008650 0.742631
0.008700 0.697601
0.008750 0.693725
0.008800 0.689825
0.008850 0.643177
0.008900 0.644644
0.008950 0.679294
0.009000 0.733922
0.009050 0.658802
0.009100 0.652541
0.009150 0.660915
0.009200 0.615975
0.009250 0.617373
0.009300 0.630213
0.009350 0.631047
0.009400 0.633975
0.009450 0.658607
0.009500 0.651724
0.009550 0.633774
0.009600 0.623632
0.009650 0.635624
0.009700 0.660261
0.009750 0.639779
0.009800 0.621117
0.009850 0.633421
0.009900 0.632544
0.009950 0.591214
0.010000 0.635249
0.010050 0.613443
0.010100 0.628615
0.010150 0.618461
0.010200 0.659967
0.010250 0.670093
0.010300 0.616544
0.010350 0.605828
0.010400 0.625405
0.010450 0.663045
0.010500 0.585099
0.010550 0.632103
0.010600 0.606639
0.010650 0.647929
0.010700 0.611025
0.010750 0.613043
0.010800 0.638002
0.010850 0.613510
0.010900 0.650341
0.010950 0.596059
0.011000 0.639056
0.011050 0.561324
0.011100 0.598616
0.011150 0.598004
0.011200 0.608975
0.011250 0.595347
0.011300 0.531029
0.011350 0.612349
0.011400 0.581273
0.011450 0.571747
0.011500 0.563361
0.011550 0.557759
0.011600 0.613006
0.011650 0.556284
0.011700 0.579305
0.011750 0.591397
0.011800 0.594264
0.011850 0.576084
0.011900 0.608440
0.011950 0.536420
0.012000 0.614218
0.012050 0.649282
0.012100 0.602494
0.012150 0.615970
0.012200 0.548116
0.012250 0.568816
0.012300 0.537497
0.012350 0.618231
0.012400 0.553372
0.012450 0.548314
0.012500 0.621846
0.012550 0.623012
0.012600 0.618958
0.012650 0.589026
0.012700 0.555248
0.012750 0.557504
0.012800 0.522603
0.012850 0.542071
0.012900 0.532063
0.012950 0.556599
0.013000 0.534779
0.013050 0.575141
0.013100 0.571070
0.013150 0.539834
0.013200 0.495861
0.013250 0.500409
0.013300 0.599604
0.013350 0.509174
0.013400 0.519750
0.013450 0.503788
0.013500 0.571460
0.013550 0.539586
0.013600 0.572128
0.013650 0.519334
0.013700 0.541927
0.013750 0.554623
0.013800 0.545640
0.013850 0.520222
0.013900 0.493478
0.013950 0.526152
0.014000 0.550813
0.014050 0.543653
0.014100 0.540723
0.014150 0.506015
0.014200 0.521731
0.014250 0.515081
0.014300 0.477426
0.014350 0.509998
0.014400 0.527077
0.014450 0.580063
0.014500 0.560323
0.014550 0.502765
0.014600 0.533156
0.014650 0.522756
0.014700 0.513190
0.014750 0.465694
0.014800 0.489349
0.014850 0.522539
0.014900 0.512764
0.014950 0.530844
0.015000 0.472403
0.015050 0.523963
0.015100 0.495492
0.015150 0.484422
0.015200 0.486410
0.015250 0.484798
0.015300 0.555674
0.015350 0.541670
0.015400 0.527576
0.015450 0.553692
0.015500 0.539989
0.015550 0.443519
0.015600 0.534593
0.015650 0.463625
0.015700 0.528104
0.015750 0.465582
0.015800 0.494124
0.015850 0.503586
0.015900 0.487025
0.015950 0.483793
0.016000 0.423438
0.016050 0.529360
0.016100 0.474817
0.016150 0.460633
0.016200 0.548737
0.016250 0.487739
0.016300 0.486714
0.016350 0.502778
0.016400 0.487447
0.016450 0.471357
0.016500 0.442915
0.016550 0.522157
0.016600 0.480613
0.016650 0.496515
0.016700 0.461010
0.016750 0.456474
0.016800 0.493052
0.016850 0.489098
0.016900 0.504470
0.016950 0.483296
0.017000 0.447309
0.017050 0.433957
0.017100 0.502504
0.017150 0.455762
0.017200 0.483858
0.017250 0.444074
0.017300 0.470952
0.017350 0.450772
0.017400 0.469193
0.017450 0.450359
0.017500 0.500546
0.017550 0.438206
0.017600 0.469619
0.017650 0.478679
0.017700 0.458740
0.017750 0.457890
0.017800 0.514901
0.017850 0.492233
0.017900 0.497049
0.017950 0.476377
0.018000 0.412244
0.018050 0.536574
0.018100 0.453244
0.018150 0.510122
0.018200 0.455811
0.018250 0.519667
0.018300 0.492695
0.018350 0.483195
0.018400 0.412393
0.018450 0.436505
0.018500 0.479024
0.018550 0.442682
0.018600 0.460161
0.018650 0.441159
0.018700 0.468909
0.018750 0.467583
0.018800 0.494173
0.018850 0.443891
0.018900 0.433032
0.018950 0.467336
0.019000 0.466888
0.019050 0.434758
0.019100 0.531857
0.019150 0.437361
0.019200 0.480751
0.019250 0.467379
0.019300 0.459347
0.019350 0.474947
0.019400 0.402391
0.019450 0.538341
0.019500 0.456405
0.019550 0.421295
0.019600 0.417775
0.019650 0.402829
0.019700 0.510641
0.019750 0.410211
0.019800 0.437671
0.019850 0.456211
0.019900 0.442198
0.019950 0.479704
0.020000 0.402830
0.020050 0.431130
0.020100 0.420979
0.020150 0.431381
0.020200 0.396120
0.020250 0.413402
0.020300 0.461362
0.020350 0.432588
0.020400 0.428983
0.020450 0.468015
0.020500 0.455981
0.020550 0.452121
0.020600 0.440408
0.020650 0.433600
0.020700 0.457890
0.020750 0.434122
0.020800 0.446066
0.020850 0.502426
0.020900 0.429322
0.020950 0.473734
0.021000 0.399342
0.021050 0.470874
0.021100 0.415614
0.021150 0.460470
0.021200 0.404940
0.021250 0.392916
0.021300 0.353928
0.021350 0.430248
0.021400 0.400734
0.021450 0.450154
0.021500 0.461581
0.021550 0.434659
0.021600 0.436147
0.021650 0.442005
0.021700 0.373538
0.021750 0.412310
0.021800 0.393249
0.021850 0.418315
0.021900 0.411526
0.021950 0.433750
0.022000 0.412486
0.022050 0.429108
0.022100 0.393145
0.022150 0.394697
0.022200 0.428764
0.022250 0.435874
0.022300 0.437686
0.022350 0.467752
0.022400 0.441912
0.022450 0.455966
0.022500 0.404285
0.022550 0.415105
0.022600 0.440964
0.022650 0.427968
0.022700 0.486338
0.022750 0.445246
0.022800 0.404813
0.022850 0.431457
0.022900 0.379804
0.022950 0.432710
0.023000 0.434808
0.023050 0.399976
0.023100 0.423735
0.023150 0.405441
0.023200 0.414945
0.023250 0.431983
0.023300 0.441675
0.023350 0.431789
0.023400 0.376831
0.023450 0.411777
0.023500 0.478049
0.023550 0.431007
0.023600 0.461725
0.023650 0.413969
0.023700 0.396800
0.023750 0.435230
0.023800 0.431465
0.023850 0.361249
0.023900 0.390239
0.023950 0.428547
0.024000 0.388226
0.024050 0.464312
0.024100 0.388259
0.024150 0.366439
0.024200 0.388149
0.024250 0.430907
0.024300 0.425731
0.024350 0.392721
0.024400 0.421625
0.024450 0.416421
0.024500 0.347860
0.024550 0.420098
0.024600 0.379895
0.024650 0.377005
0.024700 0.346392
0.024750 0.376616
0.024800 0.397595
0.024850 0.416225
0.024900 0.412526
0.024950 0.376818
0.025000 0.433093
0.025050 0.404881
0.025100 0.397136
0.025150 0.357102
0.025200 0.415823
0.025250 0.423295
0.025300 0.395841
0.025350 0.396177
0.025400 0.391947
0.025450 0.383625
0.025500 0.437609
0.025550 0.422803
0.025600 0.386889
0.025650 0.399607
0.025700 0.351127
0.025750 0.411769
0.025800 0.376615
0.025850 0.374939
0.025900 0.384684
0.025950 0.393978
0.026000 0.404380
0.026050 0.458180
0.026100 0.431759
0.026150 0.384237
0.026200 0.373729
0.026250 0.406831
0.026300 0.444350
0.026350 0.440382
0.026400 0.428996
0.026450 0.395826
0.026500 0.398587
0.026550 0.369987
0.026600 0.445705
0.026650 0.362729
0.026700 0.416257
0.026750 0.378977
0.026800 0.403791
0.026850 0.358815
0.026900 0.407385
0.026950 0.419517
0.027000 0.367889
0.027050 0.372353
0.027100 0.350246
0.027150 0.367196
0.027200 0.443656
0.027250 0.351834
0.027300 0.391891
0.027350 0.394915
0.027400 0.334282
0.027450 0.362428
0.027500 0.368699
0.027550 0.402063
0.027600 0.400227
0.027650 0.382325
0.027700 0.353236
0.027750 0.358472
0.027800 0.377115
0.027850 0.393637
0.027900 0.329203
0.027950 0.375873
0.028000 0.370631
0.028050 0.374363
0.028100 0.399519
0.028150 0.384211
0.028200 0.394256
0.028250 0.409458
0.028300 0.362947
0.028350 0.380951
0.028400 0.385973
0.028450 0.396161
0.028500 0.359019
0.028550 0.365735
0.028600 0.378799
0.028650 0.397107
0.028700 0.381595
0.028750 0.363131
0.028800 0.367083
0.028850 0.369331
0.028900 0.392444
0.028950 0.372766
0.029000 0.400056
0.029050 0.365222
0.029100 0.368695
0.029150 0.379787
0.029200 0.405570
0.029250 0.382270
0.029300 0.431647
0.029350 0.365449
0.029400 0.369012
0.029450 0.390892
0.029500 0.358520
0.029550 0.375720
0.029600 0.353285
0.029650 0.385393
0.029700 0.370072
0.029750 0.405342
0.029800 0.402590
0.029850 0.404616
0.029900 0.379705
0.029950 0.379277
0.030000 0.343997
0.030050 0.374769
0.030100 0.341785
0.030150 0.366629
0.030200 0.338970
0.030250 0.370570
0.030300 0.336172
0.030350 0.387340
0.030400 0.333412
0.030450 0.371946
0.030500 0.312918
0.030550 0.372336
0.030600 0.387305
0.030650 0.376567
0.030700 0.381774
0.030750 0.358678
0.030800 0.382986
0.030850 0.358598
0.030900 0.332242
0.030950 0.383886
0.031000 0.384245
0.031050 0.380881
0.031100 0.313962
0.031150 0.361544
0.031200 0.361863
0.031250 0.350923
0.031300 0.289151
0.031350 0.418003
0.031400 0.360037
0.031450 0.364801
0.031500 0.396728
0.031550 0.351710
0.031600 0.379280
0.031650 0.363242
0.031700 0.359200
0.031750 0.348786
0.031800 0.395023
0.031850 0.373219
0.031900 0.366655
0.031950 0.343427
0.032000 0.342532
0.032050 0.346134
0.032100 0.338829
0.032150 0.387525
0.032200 0.355185
0.032250 0.360169
0.032300 0.373594
0.032350 0.323584
0.032400 0.346037
0.032450 0.382901
0.032500 0.367211
0.032550 0.319507
0.032600 0.364969
0.032650 0.421111
0.032700 0.353067
0.032750 0.333917
0.032800 0.355420
0.032850 0.392820
0.032900 0.367133
0.032950 0.345955
0.033000 0.333280
0.033050 0.327836
0.033100 0.370773
0.033150 0.379383
0.033200 0.350798
0.033250 0.349396
0.033300 0.349328
0.033350 0.313862
0.033400 0.344474
0.033450 0.371210
0.033500 0.334998
0.033550 0.338950
0.033600 0.323409
0.033650 0.332069
0.033700 0.347524
0.033750 0.338718
0.033800 0.359667
0.033850 0.380037
0.033900 0.311554
0.033950 0.340694
0.034000 0.366564
0.034050 0.354362
0.034100 0.359187
0.034150 0.370195
0.034200 0.350432
0.034250 0.344308
0.034300 0.353277
0.034350 0.339587
0.034400 0.336178
0.034450 0.394860
0.034500 0.352917
0.034550 0.303185
0.034600 0.335017
0.034650 0.396835
0.034700 0.330351
0.034750 0.319265
0.034800 0.387595
0.034850 0.327793
0.034900 0.317368
0.034950 0.409804
0.035000 0.372957
0.035050 0.326129
0.035100 0.352218
0.035150 0.327032
0.035200 0.363079
0.035250 0.361161
0.035300 0.344393
0.035350 0.333931
0.035400 0.345409
0.035450 0.339191
0.035500 0.352149
0.035550 0.338823
0.035600 0.337567
0.035650 0.348449
0.035700 0.337932
0.035750 0.307328
0.035800 0.340414
0.035850 0.365028
0.035900 0.363866
0.035950 0.320224
0.036000 0.328317
0.036050 0.334283
0.036100 0.275932
0.036150 0.318704
0.036200 0.329759
0.036250 0.366275
0.036300 0.325158
0.036350 0.342844
0.036400 0.354776
0.036450 0.351432
0.036500 0.311529
0.036550 0.353451
0.036600 0.388953
0.036650 0.325515
0.036700 0.336057
0.036750 0.349591
0.036800 0.334442
0.036850 0.334734
0.036900 0.366809
0.036950 0.343519
0.037000 0.342369
0.037050 0.312281
0.037100 0.346717
0.037150 0.339633
0.037200 0.331035
0.037250 0.306741
0.037300 0.296547
0.037350 0.343913
0.037400 0.374247
0.037450 0.366457
0.037500 0.325596
0.037550 0.333456
0.037600 0.339846
0.037650 0.312336
0.037700 0.337571
0.037750 0.314527
0.037800 0.335302
0.037850 0.365260
0.037900 0.320200
0.037950 0.302326
0.038000 0.304172
0.038050 0.328128
0.038100 0.362865
0.038150 0.316759
0.038200 0.315611
0.038250 0.309867
0.038300 0.312542
0.038350 0.341344
0.038400 0.331813
0.038450 0.357669
0.038500 0.340454
0.038550 0.333212
0.038600 0.292707
0.038650 0.338737
0.038700 0.330700
0.038750 0.368420
0.038800 0.307611
0.038850 0.310367
0.038900 0.351309
0.038950 0.326113
0.039000 0.348465
0.039050 0.306001
0.039100 0.329933
0.039150 0.326521
0.039200 0.319175
0.039250 0.309447
0.039300 0.346119
0.039350 0.335655
0.039400 0.299907
0.039450 0.273507
0.039500 0.315037
0.039550 0.355145
0.039600 0.308972
0.039650 0.298358
0.039700 0.320303
0.039750 0.341539
0.039800 0.378799
0.039850 0.322837
0.039900 0.348965
0.039950 0.331195
0.040000 0.351810
0.040050 0.344436
0.040100 0.314554
0.040150 0.328784
0.040200 0.301211
0.040250 0.310615
0.040300 0.294234
0.040350 0.273756
0.040400 0.306600
0.040450 0.329040
0.040500 0.324804
0.040550 0.366840
0.040600 0.313914
0.040650 0.294984
0.040700 0.348523
0.040750 0.347591
0.040800 0.298456
0.040850 0.308858
0.040900 0.307836
0.040950 0.369134
0.041000 0.383042
0.041050 0.396182
0.041100 0.430771
0.041150 0.483617
0.041200 0.554808
0.041250 0.590742
0.041300 0.712816
0.041350 0.736802
0.041400 0.910095
0.041450 1.075715
0.041500 1.554388
0.041550 1.978210
0.041600 2.649288
0.041650 3.623846
0.041700 4.555133
0.041750 5.620157
0.041800 7.178615
0.041850 8.498759
0.041900 10.149106
0.041950 11.764968
0.042000 13.020686
0.042050 14.371726
0.042100 15.462774
0.042150 16.102674
0.042200 16.121960
0.042250 16.365376
0.042300 15.787937
0.042350 15.124371
0.042400 13.628860
0.042450 12.552946
0.042500 11.461215
0.042550 10.196843
0.042600 9.262308
0.042650 8.513144
0.042700 7.770685
0.042750 7.034119
0.042800 6.355763
0.042850 6.042207
0.042900 5.274818
0.042950 5.256348
0.043000 4.970008
0.043050 4.682636
0.043100 4.258741
0.043150 4.374207
0.043200 3.913093
0.043250 3.626151
0.043300 3.626036
0.043350 3.443620
0.043400 3.227531
0.043450 2.991537
0.043500 2.917589
0.043550 3.014283
0.043600 2.842411
0.043650 2.780057
0.043700 2.538100
0.043750 2.515176
0.043800 2.464975
0.043850 2.423371
0.043900 2.272618
0.043950 2.216380
0.044000 2.263899
0.044050 2.244539
0.044100 2.219806
0.044150 2.050888
0.044200 2.048653
0.044250 2.006533
0.044300 2.023692
0.044350 1.887278
0.044400 1.921084
0.044450 1.852648
0.044500 1.876639
0.044550 1.817749
0.044600 1.697038
0.044650 1.760080
0.044700 1.791109
0.044750 1.737117
0.044800 1.725995
0.044850 1.616949
0.044900 1.627101
0.044950 1.687683
0.045000 1.636739
0.045050 1.629819
0.045100 1.611133
0.045150 1.594189
0.045200 1.569040
0.045250 1.437802
0.045300 1.566435
0.045350 1.543855
0.045400 1.522106
0.045450 1.524852
0.045500 1.444703
0.045550 1.456399
0.045600 1.408786
0.045650 1.476178
0.045700 1.430329
0.045750 1.419135
0.045800 1.373973
0.045850 1.348857
0.045900 1.348470
0.045950 1.432720
0.046000 1.378172
0.046050 1.293018
0.046100 1.417106
0.046150 1.353100
0.046200 1.426709
0.046250 1.332023
0.046300 1.275962
0.046350 1.285606
0.046400 1.338014
0.046450 1.278060
0.046500 1.290529
0.046550 1.320745
0.046600 1.293211
0.046650 1.217953
0.046700 1.236887
0.046750 1.345737
0.046800 1.225370
0.046850 1.270642
0.046900 1.266291
0.046950 1.229025
0.047000 1.189757
0.047050 1.230433
0.047100 1.259922
0.047150 1.239472
0.047200 1.170761
0.047250 1.190755
0.047300 1.173879
0.047350 1.280189
0.047400 1.241638
0.047450 1.224814
0.047500 1.187014
0.047550 1.188126
0.047600 1.194006
0.047650 1.198950
0.047700 1.166664
0.047750 1.157220
0.047800 1.222392
0.047850 1.125866
0.047900 1.157543
0.047950 1.172999
0.048000 1.172166
0.048050 1.262720
0.048100 1.080064
0.048150 1.156154
0.048200 1.134051
0.048250 1.155349
0.048300 1.125462
0.048350 1.176794
0.048400 1.126540
0.048450 1.080980
0.048500 1.111017
0.048550 1.115875
0.048600 1.050692
0.048650 1.135304
0.048700 1.160702
0.048750 1.152994
0.048800 1.085665
0.048850 1.104193
0.048900 1.074807
0.048950 1.048271
0.049000 1.107982
0.049050 1.054946
0.049100 1.079405
0.049150 1.089179
0.049200 1.062538
0.049250 1.076242
0.049300 1.044586
0.049350 1.047414
0.049400 1.106624
0.049450 1.069984
0.049500 1.073864
0.049550 1.023196
0.049600 0.991242
0.049650 1.005910
0.049700 1.075348
0.049750 1.056352
0.049800 1.085155
0.049850 1.042189
0.049900 0.957136
0.049950 1.001828
0.050000 1.070679
0.050050 1.014487
0.050100 1.060433
0.050150 0.979009
0.050200 1.011912
0.050250 1.036866
0.050300 1.001475
0.050350 0.985131
0.050400 0.985892
0.050450 1.039176
0.050500 1.012750
0.050550 0.902250
0.050600 1.038595
0.050650 0.894467
0.050700 0.964078
0.050750 0.948552
0.050800 0.961457
0.050850 0.956077
0.050900 0.951701
0.050950 0.952413
0.051000 0.978653
0.051050 0.947739
0.051100 0.960724
0.051150 0.957364
0.051200 1.039070
0.051250 0.963012
0.051300 1.003810
0.051350 0.977908
0.051400 0.975598
0.051450 0.966072
0.051500 0.968891
0.051550 0.974815
0.051600 0.914645
0.051650 0.992857
0.051700 0.979182
0.051750 0.952000
0.051800 0.901926
0.051850 0.867278
0.051900 0.963445
0.051950 0.982931
0.052000 0.937932
0.052050 0.914686
0.052100 0.932051
0.052150 0.919191
0.052200 0.947050
0.052250 0.909092
0.052300 0.893013
0.052350 0.974353
0.052400 0.962566
0.052450 0.906646
0.052500 0.855822
0.052550 0.813270
0.052600 0.940131
0.052650 0.938767
0.052700 0.884650
0.052750 0.869452
0.052800 0.894378
0.052850 0.851664
0.052900 0.869193
0.052950 0.912213
0.053000 0.912916
0.053050 0.914684
0.053100 0.920710
0.053150 0.983146
0.053200 0.883879
0.053250 0.880273
0.053300 0.950281
0.053350 0.906211
0.053400 0.912261
0.053450 0.863759
0.053500 0.870814
0.053550 0.899330
0.053600 0.845306
0.053650 0.941492
0.053700 0.915398
0.053750 0.858028
0.053800 0.885582
0.053850 0.878718
0.053900 0.815728
0.053950 0.911324
0.054000 0.895844
0.054050 0.843534
0.054100 0.893965
0.054150 0.902261
0.054200 0.894306
0.054250 0.897190
0.054300 0.850081
0.054350 0.876827
0.054400 0.862266
0.054450 0.865106
0.054500 0.958508
0.054550 0.871988
0.054600 0.899996
0.054650 0.837280
0.054700 0.859803
0.054750 0.865949
0.054800 0.800808
0.054850 0.914464
0.054900 0.827315
0.054950 0.841129
0.055000 0.824154
0.055050 0.824766
0.055100 0.745965
0.055150 0.842487
0.055200 0.744793
0.055250 0.819371
0.055300 0.803379
0.055350 0.853825
0.055400 0.801272
0.055450 0.804078
0.055500 0.816892
0.055550 0.803054
0.055600 0.783615
0.055650 0.824281
0.055700 0.805963
0.055750 0.814381
0.055800 0.842929
0.055850 0.783233
0.055900 0.796113
0.055950 0.824709
0.056000 0.779397
0.056050 0.811383
0.056100 0.854686
0.056150 0.809310
0.056200 0.814439
0.056250 0.781299
0.056300 0.773993
0.056350 0.821941
0.056400 0.777440
0.056450 0.813052
0.056500 0.793341
0.056550 0.818859
0.056600 0.837648
0.056650 0.891642
0.056700 0.824335
0.056750 0.731859
0.056800 0.752840
0.056850 0.755670
0.056900 0.789262
0.056950 0.794444
0.057000 0.815615
0.057050 0.753477
0.057100 0.856912
0.057150 0.776436
0.057200 0.755290
0.057250 0.751280
0.057300 0.810346
0.057350 0.822500
0.057400 0.777237
0.057450 0.737607
0.057500 0.812975
0.057550 0.752605
0.057600 0.801614
0.057650 0.793052
0.057700 0.793709
0.057750 0.803617
0.057800 0.739504
0.057850 0.758602
0.057900 0.771956
0.057950 0.789986
0.058000 0.798776
0.058050 0.799456
0.058100 0.758271
0.058150 0.769361
0.058200 0.785141
0.058250 0.732169
0.058300 0.712905
0.058350 0.764841
0.058400 0.850813
0.058450 0.807137
0.058500 0.828926
0.058550 0.789828
0.058600 0.710749
0.058650 0.714823
0.058700 0.751809
0.058750 0.757139
0.058800 0.761307
0.058850 0.829099
0.058900 0.772091
0.058950 0.738539
0.059000 0.773401
0.059050 0.731523
0.059100 0.688357
0.059150 0.720859
0.059200 0.706045
0.059250 0.706613
0.059300 0.759412
0.059350 0.736314
0.059400 0.684623
0.059450 0.668503
0.059500 0.715467
0.059550 0.820959
0.059600 0.714364
0.059650 0.710186
0.059700 0.701219
0.059750 0.799871
0.059800 0.774284
0.059850 0.677952
0.059900 0.764827
0.059950 0.730721
0.060000 0.672511
0.060050 0.698297
0.060100 0.744600
0.060150 0.689884
0.060200 0.780838
0.060250 0.688708
0.060300 0.691703
0.060350 0.794971
0.060400 0.741327
0.060450 0.760151
0.060500 0.740271
0.060550 0.734887
0.060600 0.701592
0.060650 0.716776
0.060700 0.711344
0.060750 0.707116
0.060800 0.655416
0.060850 0.659618
0.060900 0.716249
0.060950 0.694941
0.061000 0.718759
0.061050 0.699867
0.061100 0.661362
0.061150 0.669276
0.061200 0.715186
0.061250 0.719526
0.061300 0.781547
0.061350 0.752849
0.061400 0.780616
0.061450 0.708822
0.061500 0.741489
0.061550 0.702781
0.061600 0.693572
0.061650 0.704086
0.061700 0.728212
0.061750 0.704194
0.061800 0.709807
0.061850 0.703055
0.061900 0.740892
0.061950 0.690782
0.062000 0.638070
0.062050 0.678382
0.062100 0.649185
0.062150 0.720683
0.062200 0.697735
0.062250 0.648567
0.062300 0.705277
0.062350 0.643565
0.062400 0.741578
0.062450 0.694828
0.062500 0.676740
0.062550 0.721210
0.062600 0.744487
0.062650 0.696343
0.062700 0.699540
0.062750 0.697722
0.062800 0.655677
0.062850 0.705367
0.062900 0.679637
0.062950 0.665187
0.063000 0.720059
0.063050 0.705653
0.063100 0.678584
0.063150 0.677996
0.063200 0.738128
0.063250 0.717380
0.063300 0.678846
0.063350 0.723910
0.063400 0.597767
0.063450 0.748187
0.063500 0.638409
0.063550 0.729349
0.063600 0.740306
0.063650 0.729632
0.063700 0.605459
0.063750 0.674947
0.063800 0.632224
0.063850 0.735094
0.063900 0.693680
0.063950 0.627850
0.064000 0.659223
0.064050 0.630417
0.064100 0.679808
0.064150 0.572668
0.064200 0.664454
0.064250 0.644574
0.064300 0.667120
0.064350 0.615016
0.064400 0.638843
0.064450 0.724647
0.064500 0.646695
0.064550 0.731355
0.064600 0.679155
0.064650 0.613895
0.064700 0.645610
0.064750 0.663144
0.064800 0.608088
0.064850 0.635978
0.064900 0.649645
0.064950 0.668545
0.065000 0.591216
0.065050 0.642608
0.065100 0.655030
0.065150 0.630970
0.065200 0.673411
0.065250 0.615389
0.065300 0.631734
0.065350 0.623266
0.065400 0.652741
0.065450 0.684905
0.065500 0.688302
0.065550 0.660220
0.065600 0.702977
0.065650 0.652539
0.065700 0.651957
0.065750 0.638215
0.065800 0.648149
0.065850 0.721371
0.065900 0.633843
0.065950 0.633237
0.066000 0.657730
0.066050 0.692856
0.066100 0.642068
0.066150 0.624266
0.066200 0.587875
0.066250 0.662787
0.066300 0.668866
0.066350 0.637776
0.066400 0.704963
0.066450 0.644623
0.066500 0.626740
0.066550 0.627466
0.066600 0.653522
0.066650 0.599598
0.066700 0.717769
0.066750 0.635807
0.066800 0.569706
0.066850 0.697468
0.066900 0.635380
0.066950 0.612014
0.067000 0.634191
0.067050 0.629579
0.067100 0.607499
0.067150 0.702299
0.067200 0.641292
0.067250 0.644758
0.067300 0.632069
0.067350 0.657097
0.067400 0.639014
0.067450 0.680292
0.067500 0.614934
0.067550 0.592696
0.067600 0.609647
0.067650 0.590079
0.067700 0.609764
0.067750 0.580678
0.067800 0.658732
0.067850 0.621530
0.067900 0.591042
0.067950 0.658408
0.068000 0.610239
0.068050 0.604187
0.068100 0.581767
0.068150 0.628863
0.068200 0.592799
0.068250 0.631787
0.068300 0.633953
0.068350 0.623813
0.068400 0.609545
0.068450 0.554147
0.068500 0.637100
0.068550 0.572060
0.068600 0.568664
0.068650 0.679304
0.068700 0.583937
0.068750 0.664491
0.068800 0.615784
0.068850 0.606934
0.068900 0.551180
0.068950 0.642966
0.069000 0.628616
0.069050 0.623910
0.069100 0.628876
0.069150 0.660150
0.069200 0.594543
0.069250 0.621657
0.069300 0.576707
0.069350 0.657969
0.069400 0.608842
0.069450 0.602700
0.069500 0.663314
0.069550 0.609916
0.069600 0.612124
0.069650 0.611550
0.069700 0.597026
0.069750 0.579680
0.069800 0.646118
0.069850 0.582686
0.069900 0.591867
