0.044306 -0.0250000004 0.0204596614 0.0283972227 asynchronous_release_0
0.049425 -0.0250000004 -0.0264197364 0.0229564268 asynchronous_release_1
0.038898 -0.0250000004 0.0139119995 -0.0321162929 asynchronous_release_0
0.043379 -0.0250000004 0.0169567591 -0.0306181045 asynchronous_release_0
0.016503 -0.0250000004 0.0251624328 0.024328008 asynchronous_release_0
0.01362 -0.0250000004 0.0219766989 -0.0272401304 asynchronous_release_0
0.031362 -0.0250000004 0.000640526151 0.000767936358 asynchronous_release_0
0.026917 -0.0250000004 -0.0124936787 -0.0326941584 asynchronous_release_0
0.012548 -0.0250000004 0.0200231017 0.0287067135 asynchronous_release_0
0.048424 -0.0250000004 0.0133701029 -0.0323456388 asynchronous_release_0
0.036223 -0.0250000004 0.000896576999 -0.000442887891 asynchronous_release_0
0.044406 -0.0250000004 0.0214845077 -0.0276299824 asynchronous_release_0
0.015849 -0.0250000004 -0.00804800603 0.0340621432 asynchronous_release_0
0.028554 -0.0250000004 0.00293841468 -0.034876435 asynchronous_release_0
0.018806 -0.0250000004 0.0347017502 -0.00455944467 asynchronous_release_0
0.023071 -0.0250000004 0.0175612987 0.0302754156 asynchronous_release_3
0.044862 -0.0250000004 -0.0160164099 0.0311203248 asynchronous_release_0
0.042042 -0.0250000004 -0.00617162464 0.0344515754 asynchronous_release_0
0.043112 -0.0250000004 -0.0177193144 -0.0301832055 asynchronous_release_0
0.046289 -0.0250000004 0.0276605395 0.0214451523 asynchronous_release_0
0.04721 -0.0250000004 0.0119230892 0.0329065335 asynchronous_release_0
0.025432 -0.0250000004 0.0282160867 0.0207087531 asynchronous_release_2
0.03749 -0.0250000004 -0.000939126125 0.000343572585 asynchronous_release_0
0.032293 -0.0250000004 0.0150044321 -0.0316206739 asynchronous_release_0
0.045948 -0.0250000004 -0.000424785573 -0.000905293995 asynchronous_release_0
0.025621 -0.0250000004 0.00296701648 -0.0348740134 asynchronous_release_3
0.025387 -0.0250000004 0.0181687472 0.0299148228 asynchronous_release_4
0.026185 -0.0250000004 -0.0146654974 -0.0317792886 asynchronous_release_0
0.046086 -0.0250000004 -0.024665463 -0.0248317324 asynchronous_release_0
0.037723 -0.0250000004 0.00917217956 -0.0337767838 asynchronous_release_1
0.046619 -0.0250000004 0.000916854605 0.000399221285 asynchronous_release_0
0.012774 -0.0250000004 0.0159375814 -0.0311607686 asynchronous_release_4
0.044013 -0.0250000004 -0.0331381829 0.0112632515 asynchronous_release_1
0.007111 -0.0250000004 -0.0347359808 0.0042908786 asynchronous_release_0
0.024574 -0.0250000004 0.000989744509 0.000142848895 asynchronous_release_3
0.037461 -0.0250000004 0.000860809003 -0.000508928149 asynchronous_release_0
0.036547 -0.0250000004 0.0238880979 -0.0255804374 asynchronous_release_0
0.0325 -0.0250000004 0.0348482774 0.00325538981 asynchronous_release_0
0.041336 -0.0250000004 0.0318893582 -0.0144245912 asynchronous_release_0
0.041313 -0.0250000004 -0.00018945181 -0.00098189002 asynchronous_release_0
0.025834 -0.0250000004 -0.017191163 -0.0304871106 asynchronous_release_0
0.023994 -0.0250000004 0.0274110291 0.021763168 asynchronous_release_4
0.049263 -0.0250000004 -0.0169030198 -0.0306478045 asynchronous_release_0
0.038262 -0.0250000004 -0.0222228116 -0.0270397234 asynchronous_release_0
0.03596 -0.0250000004 0.0131688141 -0.0324281103 asynchronous_release_4
0.03545 -0.0250000004 -0.0168291611 0.0306884235 asynchronous_release_0
0.015338 -0.0250000004 -0.00376595545 0.0347968042 asynchronous_release_0
0.046507 -0.0250000004 6.47294973e-05 0.0349999401 asynchronous_release_0
0.016122 -0.0250000004 -0.0100698054 0.0335201286 asynchronous_release_1
0.015626 -0.0250000004 -0.000246814406 0.000969062768 asynchronous_release_1
0.039144 -0.0250000004 0.0161859337 -0.0310324918 asynchronous_release_0
0.024298 -0.0250000004 -0.0326672982 0.0125637425 asynchronous_release_3
0.043943 -0.0250000004 0.0234129639 -0.0260160167 asynchronous_release_4
0.006945 -0.0250000004 0.0335933451 -0.009822788 asynchronous_release_4
0.027747 -0.0250000004 0.022963156 0.0264138878 asynchronous_release_4
0.049535 -0.0250000004 -0.0184736814 0.0297274805 asynchronous_release_0
0.035892 -0.0250000004 0.0250210153 -0.0244734304 asynchronous_release_0
0.026767 -0.0250000004 0.000996976975 -7.76975662e-05 asynchronous_release_4
0.021049 -0.0250000004 0.0116069497 0.0330193689 asynchronous_release_0
0.01129 -0.0250000004 -0.0278098021 -0.0212512331 asynchronous_release_0
0.037877 -0.0250000004 -0.00081978021 -0.000572678276 asynchronous_release_0
0.048826 -0.0250000004 0.013845541 -0.0321449995 asynchronous_release_0
0.03137 -0.0250000004 -0.0156970227 -0.0312826386 asynchronous_release_0
0.04381 -0.0250000004 0.0335321477 0.0100297096 asynchronous_release_0
0.018501 -0.0250000004 0.0321871595 0.0137472457 asynchronous_release_0
0.043162 -0.0250000004 -0.0344450544 0.00620791671 asynchronous_release_0
0.016576 -0.0250000004 0.015451553 -0.0314046097 asynchronous_release_0
0.020065 -0.0250000004 0.0244754109 -0.025019078 asynchronous_release_0
0.033242 -0.0250000004 0.0209219179 -0.0280583918 asynchronous_release_0
0.040592 -0.0250000004 0.0013829025 0.0349726691 asynchronous_release_0
0.044614 -0.0250000004 0.000954559784 -0.000298019495 asynchronous_release_0
0.049776 -0.0250000004 0.0349735095 -0.0013614816 asynchronous_release_0
0.025962 -0.0250000004 -0.000433679677 -0.00090106711 asynchronous_release_1
0.042604 -0.0250000004 0.0144873262 0.0318609068 asynchronous_release_0
0.032705 -0.0250000004 -0.0164705317 -0.0308823831 asynchronous_release_0
0.037153 -0.0250000004 -0.00456219792 0.0347013883 asynchronous_release_0
0.046942 -0.0250000004 0.0300404831 0.0179602165 asynchronous_release_0
0.038402 -0.0250000004 0.0337987792 -0.00909079323 asynchronous_release_0
0.041329 -0.0250000004 0.0177312433 0.0301761994 asynchronous_release_0
0.037575 -0.0250000004 -0.0255683044 -0.0239010839 asynchronous_release_1
0.048316 -0.0250000004 0.0333040348 -0.0107629581 asynchronous_release_0
0.049001 -0.0250000004 0.0302425469 -0.017617842 asynchronous_release_0
0.046762 -0.0250000004 0.019997816 -0.0287243338 asynchronous_release_0
0.043221 -0.0250000004 -0.00641180905 -0.0344076838 asynchronous_release_0
0.030335 -0.0250000004 0.0230174086 -0.0263666247 asynchronous_release_0
0.045755 -0.0250000004 0.0210628888 0.0279527229 asynchronous_release_0
0.038785 -0.0250000004 -0.0224022165 0.0268912755 asynchronous_release_0
0.022727 -0.0250000004 8.30940001e-05 -0.0349999014 asynchronous_release_3
0.035811 -0.0250000004 0.0347279127 -0.00435569471 asynchronous_release_1
0.034449 -0.0250000004 -0.0204778588 -0.0283841029 asynchronous_release_0
0.041581 -0.0250000004 0.0152947458 -0.0314812762 asynchronous_release_0
0.038504 -0.0250000004 -0.00939693838 0.0337149455 asynchronous_release_0
0.00315 -0.0250000004 -0.000493871852 -0.000869534699 asynchronous_release_0
0.016621 -0.0250000004 -0.000229678045 0.000973266662 asynchronous_release_0
0.020925 -0.0250000004 0.0301767016 -0.0177303886 asynchronous_release_0
0.03442 -0.0250000004 0.0143837486 -0.0319078012 asynchronous_release_0
0.009421 -0.0250000004 -0.0349978599 -0.000387045944 asynchronous_release_0
0.008534 -0.0250000004 0.0323658699 0.0133210534 asynchronous_release_0
0.037554 -0.0250000004 0.0240986991 0.0253821335 asynchronous_release_4
0.037739 -0.0250000004 0.0054887323 0.0345669469 asynchronous_release_1
0.036869 -0.0250000004 0.0276061907 -0.02151507 asynchronous_release_0
0.033295 -0.0250000004 0.00564948619 0.034541038 asynchronous_release_3
