0.000000 0.063639
0.000050 0.096925
0.000100 0.084935
0.000150 0.106225
0.000200 0.101091
0.000250 0.116261
0.000300 0.105738
0.000350 0.116018
0.000400 0.093985
0.000450 0.109163
0.000500 0.092523
0.000550 0.121645
0.000600 0.097416
0.000650 0.111376
0.000700 0.087860
0.000750 0.083712
0.000800 0.094964
0.000850 0.113572
0.000900 0.117734
0.000950 0.110878
0.001000 0.105000
0.001050 0.103550
0.001100 0.117724
0.001150 0.173778
0.001200 0.194338
0.001250 0.237918
0.001300 0.299825
0.001350 0.375487
0.001400 0.460621
0.001450 0.598939
0.001500 0.816294
0.001550 1.181714
0.001600 1.646767
0.001650 2.298843
0.001700 3.418597
0.001750 4.076525
0.001800 5.789142
0.001850 7.221038
0.001900 9.149257
0.001950 11.000903
0.002000 13.036834
0.002050 14.798154
0.002100 16.263561
0.002150 16.937615
0.002200 17.971036
0.002250 17.862602
0.002300 17.171870
0.002350 16.588376
0.002400 15.407843
0.002450 13.877889
0.002500 12.535777
0.002550 11.162467
0.002600 9.990255
0.002650 8.867297
0.002700 8.237749
0.002750 7.323811
0.002800 6.872491
0.002850 5.915207
0.002900 5.691252
0.002950 5.021554
0.003000 4.909950
0.003050 4.850468
0.003100 4.154407
0.003150 4.143327
0.003200 3.958803
0.003250 3.215445
0.003300 3.417152
0.003350 3.337836
0.003400 3.262249
0.003450 3.002753
0.003500 2.801538
0.003550 2.720080
0.003600 2.606247
0.003650 2.452777
0.003700 2.523758
0.003750 2.430470
0.003800 2.437112
0.003850 2.090000
0.003900 2.251874
0.003950 2.100034
0.004000 1.923657
0.004050 1.931381
0.004100 2.052635
0.004150 1.957859
0.004200 1.956138
0.004250 1.969356
0.004300 1.789491
0.004350 1.779883
0.004400 1.753024
0.004450 1.898146
0.004500 1.896614
0.004550 1.559896
0.004600 1.755918
0.004650 1.638214
0.004700 1.665143
0.004750 1.549125
0.004800 1.677823
0.004850 1.616885
0.004900 1.465956
0.004950 1.470316
0.005000 1.454097
0.005050 1.406117
0.005100 1.440967
0.005150 1.399103
0.005200 1.493256
0.005250 1.423534
0.005300 1.434837
0.005350 1.378049
0.005400 1.317080
0.005450 1.305800
0.005500 1.381442
0.005550 1.415394
0.005600 1.325709
0.005650 1.188765
0.005700 1.375895
0.005750 1.206867
0.005800 1.283560
0.005850 1.296008
0.005900 1.248595
0.005950 1.186785
0.006000 1.191055
0.006050 1.240673
0.006100 1.188876
0.006150 1.226728
0.006200 1.321008
0.006250 1.135406
0.006300 1.310543
0.006350 1.230055
0.006400 1.139154
0.006450 1.083312
0.006500 1.189147
0.006550 1.089899
0.006600 1.131839
0.006650 0.996587
0.006700 1.071113
0.006750 1.179461
0.006800 1.124727
0.006850 1.126861
0.006900 1.099262
0.006950 1.226974
0.007000 1.058439
0.007050 1.154719
0.007100 1.084062
0.007150 1.082924
0.007200 0.985641
0.007250 1.048841
0.007300 1.057342
0.007350 0.979708
0.007400 1.011463
0.007450 0.990271
0.007500 0.990037
0.007550 0.980001
0.007600 1.125284
0.007650 1.105306
0.007700 1.072857
0.007750 0.993137
0.007800 1.002627
0.007850 1.054647
0.007900 0.960252
0.007950 0.953322
0.008000 1.079869
0.008050 0.961691
0.008100 1.038807
0.008150 0.957713
0.008200 1.023715
0.008250 1.049173
0.008300 0.938716
0.008350 0.924940
0.008400 1.030465
0.008450 0.929331
0.008500 0.909545
0.008550 0.890483
0.008600 0.865068
0.008650 0.930070
0.008700 1.039794
0.008750 0.929820
0.008800 1.075305
0.008850 0.967459
0.008900 0.822486
0.008950 1.045850
0.009000 0.923412
0.009050 0.947030
0.009100 0.960376
0.009150 0.960266
0.009200 0.954351
0.009250 0.931153
0.009300 0.876832
0.009350 0.920444
0.009400 0.803832
0.009450 0.753484
0.009500 0.844936
0.009550 0.924112
0.009600 1.019670
0.009650 0.840724
0.009700 0.781718
0.009750 0.901220
0.009800 0.915463
0.009850 0.880479
0.009900 0.894366
0.009950 0.865112
0.010000 0.871642
0.010050 0.890432
0.010100 0.810677
0.010150 0.884609
0.010200 0.808170
0.010250 0.942814
0.010300 0.811589
0.010350 0.862547
0.010400 0.859501
0.010450 0.839199
0.010500 0.886553
0.010550 0.868863
0.010600 0.819178
0.010650 0.791896
0.010700 0.811095
0.010750 0.807011
0.010800 0.818915
0.010850 0.772543
0.010900 0.842676
0.010950 0.835430
0.011000 0.843965
0.011050 0.781985
0.011100 0.764174
0.011150 0.777448
0.011200 0.766563
0.011250 0.724529
0.011300 0.817412
0.011350 0.725432
0.011400 0.849506
0.011450 0.752976
0.011500 0.721186
0.011550 0.852252
0.011600 0.815097
0.011650 0.761007
0.011700 0.780643
0.011750 0.767653
0.011800 0.719107
0.011850 0.815285
0.011900 0.754380
0.011950 0.783100
0.012000 0.723163
0.012050 0.868571
0.012100 0.782169
0.012150 0.739977
0.012200 0.856415
0.012250 0.805177
0.012300 0.767032
0.012350 0.759064
0.012400 0.736447
0.012450 0.802195
0.012500 0.835989
0.012550 0.778841
0.012600 0.783376
0.012650 0.813240
0.012700 0.820124
0.012750 0.822348
0.012800 0.732199
0.012850 0.837197
0.012900 0.727536
0.012950 0.749840
0.013000 0.710929
0.013050 0.722519
0.013100 0.751722
0.013150 0.836818
0.013200 0.752602
0.013250 0.696268
0.013300 0.724852
0.013350 0.661414
0.013400 0.787562
0.013450 0.797244
0.013500 0.741557
0.013550 0.699773
0.013600 0.708140
0.013650 0.792880
0.013700 0.724655
0.013750 0.696633
0.013800 0.717162
0.013850 0.769710
0.013900 0.838830
0.013950 0.722310
0.014000 0.667295
0.014050 0.769711
0.014100 0.725592
0.014150 0.802082
0.014200 0.689665
0.014250 0.693127
0.014300 0.682371
0.014350 0.673613
0.014400 0.666881
0.014450 0.591733
0.014500 0.666057
0.014550 0.720513
0.014600 0.754231
0.014650 0.654611
0.014700 0.745218
0.014750 0.624012
0.014800 0.708075
0.014850 0.713511
0.014900 0.730148
0.014950 0.741034
0.015000 0.682879
0.015050 0.718749
0.015100 0.665066
0.015150 0.655314
0.015200 0.689772
0.015250 0.784014
0.015300 0.670805
0.015350 0.673601
0.015400 0.671249
0.015450 0.652831
0.015500 0.650172
0.015550 0.698108
0.015600 0.599471
0.015650 0.673603
0.015700 0.671031
0.015750 0.664399
0.015800 0.597229
0.015850 0.605815
0.015900 0.799896
0.015950 0.637476
0.016000 0.712098
0.016050 0.619726
0.016100 0.735540
0.016150 0.643196
0.016200 0.595235
0.016250 0.708595
0.016300 0.620328
0.016350 0.622170
0.016400 0.710952
0.016450 0.644850
0.016500 0.682804
0.016550 0.628206
0.016600 0.588827
0.016650 0.691441
0.016700 0.555182
0.016750 0.640866
0.016800 0.573372
0.016850 0.752078
0.016900 0.680218
0.016950 0.654696
0.017000 0.649807
0.017050 0.718463
0.017100 0.650922
0.017150 0.618276
0.017200 0.614727
0.017250 0.687325
0.017300 0.729033
0.017350 0.788555
0.017400 0.624234
0.017450 0.646848
0.017500 0.611094
0.017550 0.662384
0.017600 0.638624
0.017650 0.652238
0.017700 0.632650
0.017750 0.737548
0.017800 0.620257
0.017850 0.650239
0.017900 0.646419
0.017950 0.656297
0.018000 0.619738
0.018050 0.604282
0.018100 0.578221
0.018150 0.572743
0.018200 0.601581
0.018250 0.643883
0.018300 0.657955
0.018350 0.580189
0.018400 0.657184
0.018450 0.645314
0.018500 0.572549
0.018550 0.594845
0.018600 0.658026
0.018650 0.624522
0.018700 0.679293
0.018750 0.623251
0.018800 0.619961
0.018850 0.589851
0.018900 0.635725
0.018950 0.677827
0.019000 0.652486
0.019050 0.553642
0.019100 0.606497
0.019150 0.631779
0.019200 0.584536
0.019250 0.599112
0.019300 0.616553
0.019350 0.578687
0.019400 0.612923
0.019450 0.536705
0.019500 0.593272
0.019550 0.655804
0.019600 0.538468
0.019650 0.576692
0.019700 0.617619
0.019750 0.681073
0.019800 0.642620
0.019850 0.643712
0.019900 0.661208
0.019950 0.549672
0.020000 0.524352
0.020050 0.700686
0.020100 0.565648
0.020150 0.628406
0.020200 0.634158
0.020250 0.653792
0.020300 0.668722
0.020350 0.568740
0.020400 0.587484
0.020450 0.531372
0.020500 0.596541
0.020550 0.623907
0.020600 0.614337
0.020650 0.565401
0.020700 0.510749
0.020750 0.581369
0.020800 0.572471
0.020850 0.591549
0.020900 0.634262
0.020950 0.670594
0.021000 0.707217
0.021050 0.711215
0.021100 0.893353
0.021150 0.946219
0.021200 1.106156
0.021250 1.202490
0.021300 1.401997
0.021350 1.586653
0.021400 1.909888
0.021450 2.334712
0.021500 3.020657
0.021550 3.989991
0.021600 5.201128
0.021650 6.707886
0.021700 8.479418
0.021750 10.512396
0.021800 12.349821
0.021850 14.797011
0.021900 17.612265
0.021950 19.367907
0.022000 21.738312
0.022050 23.246042
0.022100 24.373550
0.022150 25.320224
0.022200 25.999377
0.022250 25.284633
0.022300 24.804840
0.022350 23.273702
0.022400 22.313982
0.022450 20.537218
0.022500 19.046572
0.022550 17.384556
0.022600 15.943856
0.022650 14.283424
0.022700 13.335982
0.022750 12.362338
0.022800 11.183633
0.022850 10.666499
0.022900 10.032812
0.022950 9.401648
0.023000 8.749556
0.023050 8.551328
0.023100 7.848818
0.023150 7.309554
0.023200 7.237699
0.023250 6.348815
0.023300 6.088731
0.023350 6.133411
0.023400 5.879058
0.023450 5.721680
0.023500 5.407306
0.023550 5.231972
0.023600 4.977402
0.023650 4.841542
0.023700 4.635408
0.023750 4.331284
0.023800 4.489787
0.023850 4.172675
0.023900 3.844901
0.023950 4.051193
0.024000 3.888853
0.024050 3.638221
0.024100 3.603829
0.024150 3.819425
0.024200 3.625537
0.024250 3.393483
0.024300 3.440970
0.024350 3.352578
0.024400 3.411300
0.024450 2.920094
0.024500 3.156960
0.024550 2.889490
0.024600 2.990619
0.024650 2.914517
0.024700 3.007729
0.024750 2.674939
0.024800 2.749655
0.024850 2.593749
0.024900 2.961849
0.024950 2.750663
0.025000 2.733091
0.025050 2.488005
0.025100 2.639325
0.025150 2.516871
0.025200 2.452773
0.025250 2.494557
0.025300 2.595912
0.025350 2.393070
0.025400 2.454729
0.025450 2.538687
0.025500 2.467799
0.025550 2.541905
0.025600 2.624657
0.025650 2.310059
0.025700 2.383995
0.025750 2.217397
0.025800 2.205453
0.025850 2.080007
0.025900 2.287042
0.025950 2.406886
0.026000 2.286727
0.026050 2.213905
0.026100 2.257824
0.026150 2.039480
0.026200 2.155369
0.026250 2.233535
0.026300 2.070791
0.026350 2.078729
0.026400 2.145443
0.026450 2.109727
0.026500 2.030808
0.026550 2.135526
0.026600 2.062292
0.026650 1.999336
0.026700 2.036618
0.026750 1.989970
0.026800 1.846950
0.026850 2.077054
0.026900 1.995298
0.026950 1.928758
0.027000 2.118836
0.027050 2.087220
0.027100 2.002225
0.027150 1.945059
0.027200 1.851620
0.027250 1.947688
0.027300 1.837533
0.027350 2.009555
0.027400 1.891564
0.027450 2.008890
0.027500 1.876165
0.027550 1.802897
0.027600 1.998003
0.027650 1.876741
0.027700 1.927994
0.027750 1.967306
0.027800 1.810222
0.027850 1.869924
0.027900 1.921018
0.027950 1.752320
0.028000 1.850889
0.028050 1.694291
0.028100 1.799792
0.028150 1.719188
0.028200 1.787895
0.028250 1.883585
0.028300 1.797223
0.028350 1.805841
0.028400 1.827037
0.028450 1.910489
0.028500 1.686054
0.028550 1.714992
0.028600 1.820880
0.028650 1.771210
0.028700 1.754644
0.028750 1.784086
0.028800 1.633672
0.028850 1.807326
0.028900 1.682555
0.028950 1.597751
0.029000 1.746667
0.029050 1.576269
0.029100 1.716912
0.029150 1.577976
0.029200 1.742541
0.029250 1.626101
0.029300 1.695745
0.029350 1.726365
0.029400 1.647013
0.029450 1.596181
0.029500 1.551607
0.029550 1.552999
0.029600 1.589402
0.029650 1.731738
0.029700 1.658824
0.029750 1.610588
0.029800 1.605108
0.029850 1.566726
0.029900 1.676719
0.029950 1.526879
0.030000 1.608891
0.030050 1.628119
0.030100 1.619117
0.030150 1.646929
0.030200 1.571439
0.030250 1.527707
0.030300 1.589392
0.030350 1.790630
0.030400 1.562313
0.030450 1.548213
0.030500 1.662980
0.030550 1.663882
0.030600 1.681353
0.030650 1.627085
0.030700 1.538125
0.030750 1.442585
0.030800 1.563162
0.030850 1.495852
0.030900 1.535936
0.030950 1.638230
0.031000 1.515611
0.031050 1.478871
0.031100 1.561585
0.031150 1.597289
0.031200 1.588179
0.031250 1.382475
0.031300 1.479267
0.031350 1.386883
0.031400 1.644426
0.031450 1.462214
0.031500 1.529023
0.031550 1.450173
0.031600 1.564028
0.031650 1.545932
0.031700 1.575389
0.031750 1.420559
0.031800 1.447194
0.031850 1.294692
0.031900 1.371528
0.031950 1.408422
0.032000 1.501272
0.032050 1.514322
0.032100 1.402705
0.032150 1.404569
0.032200 1.519977
0.032250 1.368493
0.032300 1.405243
0.032350 1.441531
0.032400 1.427380
0.032450 1.248728
0.032500 1.473537
0.032550 1.641371
0.032600 1.452147
0.032650 1.451725
0.032700 1.437560
0.032750 1.433184
0.032800 1.390039
0.032850 1.321707
0.032900 1.508770
0.032950 1.492100
0.033000 1.362336
0.033050 1.299520
0.033100 1.368371
0.033150 1.362517
0.033200 1.534206
0.033250 1.312412
0.033300 1.455814
0.033350 1.460932
0.033400 1.195810
0.033450 1.317442
0.033500 1.328249
0.033550 1.465455
0.033600 1.282940
0.033650 1.241838
0.033700 1.329493
0.033750 1.217457
0.033800 1.460363
0.033850 1.302985
0.033900 1.372388
0.033950 1.316312
0.034000 1.297457
0.034050 1.262847
0.034100 1.203511
0.034150 1.245161
0.034200 1.217824
0.034250 1.289166
0.034300 1.294883
0.034350 1.262111
0.034400 1.249880
0.034450 1.247270
0.034500 1.279213
0.034550 1.383277
0.034600 1.335346
0.034650 1.235170
0.034700 1.312494
0.034750 1.282982
0.034800 1.284024
0.034850 1.217378
0.034900 1.269289
0.034950 1.289937
0.035000 1.285451
0.035050 1.287979
0.035100 1.365049
0.035150 1.499485
0.035200 1.239001
0.035250 1.279587
0.035300 1.223500
0.035350 1.419944
0.035400 1.174818
0.035450 1.343306
0.035500 1.179772
0.035550 1.366576
0.035600 1.189838
0.035650 1.257984
0.035700 1.174135
0.035750 1.283267
0.035800 1.272414
0.035850 1.343380
0.035900 1.189608
0.035950 1.216646
0.036000 1.232995
0.036050 1.193831
0.036100 1.295502
0.036150 1.289732
0.036200 1.225225
0.036250 1.259199
0.036300 1.118846
0.036350 1.164294
0.036400 1.252225
0.036450 1.200371
0.036500 1.192907
0.036550 1.237397
0.036600 1.252029
0.036650 1.235905
0.036700 1.208702
0.036750 1.179928
0.036800 1.296238
0.036850 1.230010
0.036900 1.118445
0.036950 1.272099
0.037000 1.215204
0.037050 1.142508
0.037100 1.244878
0.037150 1.076114
0.037200 1.292591
0.037250 1.201109
0.037300 1.117487
0.037350 1.231761
0.037400 1.190714
0.037450 1.247764
0.037500 1.179637
0.037550 1.224801
0.037600 1.242296
0.037650 1.060816
0.037700 1.159485
0.037750 1.088459
0.037800 1.087564
0.037850 1.120030
0.037900 1.167058
0.037950 1.281164
0.038000 1.180369
0.038050 1.079187
0.038100 1.182102
0.038150 1.199866
0.038200 1.065476
0.038250 1.109814
0.038300 1.143600
0.038350 1.042362
0.038400 1.159136
0.038450 1.069248
0.038500 1.201840
0.038550 1.149680
0.038600 1.184677
0.038650 1.223691
0.038700 1.214817
0.038750 1.240063
0.038800 1.178393
0.038850 1.146059
0.038900 1.260842
0.038950 1.121798
0.039000 1.139991
0.039050 1.143407
0.039100 1.206355
0.039150 1.063363
0.039200 1.096459
0.039250 1.247593
0.039300 1.025490
0.039350 1.038162
0.039400 1.028013
0.039450 0.990187
0.039500 1.249645
0.039550 1.050739
0.039600 1.142913
0.039650 0.998041
0.039700 1.188122
0.039750 1.074860
0.039800 1.048054
0.039850 1.077018
0.039900 1.126077
0.039950 1.084131
0.040000 1.283139
0.040050 1.071477
0.040100 1.100735
0.040150 1.155037
0.040200 1.067067
0.040250 1.065827
0.040300 1.029892
0.040350 1.092410
0.040400 1.114721
0.040450 1.158995
0.040500 1.167759
0.040550 1.086433
0.040600 1.096685
0.040650 0.949069
0.040700 1.217384
0.040750 1.134186
0.040800 1.113600
0.040850 1.133030
0.040900 1.199224
0.040950 1.031150
0.041000 1.066078
0.041050 1.087170
0.041100 1.079544
0.041150 1.038116
0.041200 1.048522
0.041250 1.097798
0.041300 1.052158
0.041350 1.035342
0.041400 0.950497
0.041450 1.048785
0.041500 1.056860
0.041550 1.072462
0.041600 1.060641
0.041650 0.992075
0.041700 1.054367
0.041750 1.167053
0.041800 1.109405
0.041850 0.914127
0.041900 0.937977
0.041950 1.048443
0.042000 1.076055
0.042050 1.065885
0.042100 0.991620
0.042150 1.092652
0.042200 1.149268
0.042250 1.124878
0.042300 1.089399
0.042350 1.037691
0.042400 0.958641
0.042450 0.916721
0.042500 1.085711
0.042550 0.945179
0.042600 1.059208
0.042650 1.063482
0.042700 1.017335
0.042750 1.049787
0.042800 0.929816
0.042850 1.079704
0.042900 1.016235
0.042950 1.036833
0.043000 0.994659
0.043050 1.008377
0.043100 1.079973
0.043150 1.091347
0.043200 0.973019
0.043250 1.032685
0.043300 1.017138
0.043350 0.941654
0.043400 1.014517
0.043450 0.989331
0.043500 0.974519
0.043550 0.970129
0.043600 0.924702
0.043650 0.998866
0.043700 0.955169
0.043750 0.998931
0.043800 0.957783
0.043850 0.952501
0.043900 0.992039
0.043950 1.081001
0.044000 1.063674
0.044050 1.035712
0.044100 0.992652
0.044150 1.034318
0.044200 0.939844
0.044250 0.990362
0.044300 0.950586
0.044350 0.893812
0.044400 0.861747
0.044450 0.888323
0.044500 0.923908
0.044550 0.898074
0.044600 0.940030
0.044650 0.955316
0.044700 0.927702
0.044750 0.853412
0.044800 0.996853
0.044850 0.991715
0.044900 0.944315
0.044950 0.988565
0.045000 0.959089
0.045050 0.936739
0.045100 0.951346
0.045150 0.987706
0.045200 0.957225
0.045250 0.964703
0.045300 0.933213
0.045350 1.041459
0.045400 0.871917
0.045450 0.893833
0.045500 0.835662
0.045550 0.877628
0.045600 0.876830
0.045650 1.102710
0.045700 0.988045
0.045750 1.020487
0.045800 1.046624
0.045850 0.919548
0.045900 0.996082
0.045950 1.048034
0.046000 0.950040
0.046050 0.884926
0.046100 1.020822
0.046150 0.940952
0.046200 0.953330
0.046250 0.848154
0.046300 0.928045
0.046350 0.881067
0.046400 0.996520
0.046450 0.907754
0.046500 0.891327
0.046550 1.011859
0.046600 0.918197
0.046650 0.915773
0.046700 0.981604
0.046750 0.958734
0.046800 0.948916
0.046850 0.892174
0.046900 0.993010
0.046950 0.868576
0.047000 0.921601
0.047050 0.979513
0.047100 0.958405
0.047150 0.988213
0.047200 0.899998
0.047250 0.889082
0.047300 0.963369
0.047350 0.955423
0.047400 0.937969
0.047450 0.935667
0.047500 0.889619
0.047550 0.855809
0.047600 0.918153
0.047650 0.883393
0.047700 0.925886
0.047750 0.965652
0.047800 0.966313
0.047850 0.918125
0.047900 0.941718
0.047950 0.922192
0.048000 0.980453
0.048050 0.930197
0.048100 0.940460
0.048150 0.950762
0.048200 1.015143
0.048250 0.870109
0.048300 0.829067
0.048350 0.821785
0.048400 0.964683
0.048450 0.911121
0.048500 0.994311
0.048550 0.930993
0.048600 0.886946
0.048650 0.890496
0.048700 0.952564
0.048750 0.863550
0.048800 0.900302
0.048850 0.864802
0.048900 0.896751
0.048950 0.783765
0.049000 0.796008
0.049050 0.886856
0.049100 0.898366
0.049150 0.823326
0.049200 0.842624
0.049250 0.914246
0.049300 0.956483
0.049350 0.836823
0.049400 0.892848
0.049450 0.887670
0.049500 1.037079
0.049550 0.857603
0.049600 0.966553
0.049650 0.991349
0.049700 0.886876
0.049750 0.907590
0.049800 0.893478
0.049850 0.863362
0.049900 0.785210
