0.00000	1.83600
0.00005	6.73200
0.00010	2.44800
0.00015	1.83600
0.00020	2.44800
0.00025	9.79200
0.00030	3.06000
0.00035	4.89600
0.00040	12.85200
0.00045	12.24000
0.00050	2.44800
0.00055	9.79200
0.00060	6.12000
0.00065	8.56800
0.00070	1.83600
0.00075	11.01600
0.00080	1.83600
0.00085	7.34400
0.00090	12.24000
0.00095	1.22400
0.00100	4.28400
0.00105	-0.00000
0.00110	8.56800
0.00115	11.62800
0.00120	12.85200
0.00125	8.56800
0.00130	15.30000
0.00135	11.01600
0.00140	29.98800
0.00145	26.31600
0.00150	53.85600
0.00155	56.30400
0.00160	75.88800
0.00165	66.09600
0.00170	124.23600
0.00175	141.37200
0.00180	157.89600
0.00185	229.50000
0.00190	192.16800
0.00195	263.16000
0.00200	343.33200
0.00205	294.98400
0.00210	369.03600
0.00215	357.40800
0.00220	410.65200
0.00225	404.53200
0.00230	360.46800
0.00235	307.22400
0.00240	299.26800
0.00245	263.77200
0.00250	191.55600
0.00255	164.01600
0.00260	143.20800
0.00265	140.14800
0.00270	127.90800
0.00275	107.10000
0.00280	104.65200
0.00285	74.66400
0.00290	66.09600
0.00295	60.58800
0.00300	66.09600
0.00305	55.69200
0.00310	77.72400
0.00315	63.03600
0.00320	50.18400
0.00325	69.15600
0.00330	70.99200
0.00335	40.39200
0.00340	66.09600
0.00345	19.58400
0.00350	25.70400
0.00355	37.33200
0.00360	26.31600
0.00365	26.92800
0.00370	40.39200
0.00375	39.16800
0.00380	37.33200
0.00385	38.55600
0.00390	47.12400
0.00395	22.64400
0.00400	30.60000
0.00405	26.92800
0.00410	46.51200
0.00415	56.30400
0.00420	33.04800
0.00425	22.64400
0.00430	34.88400
0.00435	26.31600
0.00440	31.21200
0.00445	36.10800
0.00450	29.98800
0.00455	42.84000
0.00460	35.49600
0.00465	29.37600
0.00470	29.37600
0.00475	33.04800
0.00480	20.80800
0.00485	29.37600
0.00490	25.09200
0.00495	28.76400
0.00500	15.30000
0.00505	30.60000
0.00510	33.66000
0.00515	31.82400
0.00520	25.70400
0.00525	29.37600
0.00530	31.82400
0.00535	20.19600
0.00540	37.94400
0.00545	29.37600
0.00550	28.76400
0.00555	31.21200
0.00560	21.42000
0.00565	12.85200
0.00570	11.01600
0.00575	23.86800
0.00580	25.70400
0.00585	30.60000
0.00590	23.25600
0.00595	31.82400
0.00600	40.39200
0.00605	20.80800
0.00610	46.51200
0.00615	12.24000
0.00620	28.76400
0.00625	32.43600
0.00630	45.90000
0.00635	25.70400
0.00640	29.98800
0.00645	31.21200
0.00650	34.88400
0.00655	9.79200
0.00660	4.28400
0.00665	29.37600
0.00670	20.80800
0.00675	29.37600
0.00680	11.62800
0.00685	36.10800
0.00690	10.40400
0.00695	22.64400
0.00700	30.60000
0.00705	7.95600
0.00710	8.56800
0.00715	15.30000
0.00720	14.68800
0.00725	18.97200
0.00730	25.70400
0.00735	3.06000
0.00740	30.60000
0.00745	15.91200
0.00750	12.85200
0.00755	8.56800
0.00760	19.58400
0.00765	33.04800
0.00770	22.64400
0.00775	23.86800
0.00780	20.80800
0.00785	10.40400
0.00790	21.42000
0.00795	17.13600
0.00800	29.98800
0.00805	23.86800
0.00810	23.25600
0.00815	34.88400
0.00820	18.97200
0.00825	18.97200
0.00830	26.31600
0.00835	10.40400
0.00840	20.19600
0.00845	8.56800
0.00850	35.49600
0.00855	17.74800
0.00860	27.54000
0.00865	15.30000
0.00870	23.25600
0.00875	19.58400
0.00880	10.40400
0.00885	11.01600
0.00890	15.30000
0.00895	18.36000
0.00900	22.64400
0.00905	12.24000
0.00910	16.52400
0.00915	8.56800
0.00920	3.06000
0.00925	17.13600
0.00930	27.54000
0.00935	19.58400
0.00940	18.97200
0.00945	9.79200
0.00950	11.01600
0.00955	18.97200
0.00960	28.15200
0.00965	7.95600
0.00970	11.62800
0.00975	14.07600
0.00980	12.24000
0.00985	16.52400
0.00990	18.36000
0.00995	15.30000
0.01000	17.74800
0.01005	23.86800
0.01010	20.19600
0.01015	25.70400
0.01020	18.97200
0.01025	15.30000
0.01030	36.10800
0.01035	20.19600
0.01040	25.70400
0.01045	9.18000
0.01050	18.36000
0.01055	20.19600
0.01060	7.34400
0.01065	35.49600
0.01070	5.50800
0.01075	11.01600
0.01080	11.62800
0.01085	18.36000
0.01090	40.39200
0.01095	9.79200
0.01100	22.64400
0.01105	27.54000
0.01110	8.56800
0.01115	23.86800
0.01120	21.42000
0.01125	12.85200
0.01130	15.30000
0.01135	18.97200
0.01140	21.42000
0.01145	12.85200
0.01150	17.13600
0.01155	20.19600
0.01160	22.64400
0.01165	28.76400
0.01170	30.60000
0.01175	10.40400
0.01180	15.30000
0.01185	16.52400
0.01190	33.04800
0.01195	11.01600
0.01200	17.74800
0.01205	17.13600
0.01210	22.64400
0.01215	17.74800
0.01220	4.89600
0.01225	7.34400
0.01230	12.85200
0.01235	22.64400
0.01240	11.62800
0.01245	22.64400
0.01250	14.68800
0.01255	7.34400
0.01260	11.01600
0.01265	22.03200
0.01270	18.36000
0.01275	3.67200
0.01280	10.40400
0.01285	13.46400
0.01290	12.24000
0.01295	6.73200
0.01300	18.97200
0.01305	12.85200
0.01310	19.58400
0.01315	26.31600
0.01320	29.37600
0.01325	15.30000
0.01330	15.30000
0.01335	12.24000
0.01340	23.25600
0.01345	15.91200
0.01350	11.01600
0.01355	19.58400
0.01360	19.58400
0.01365	16.52400
0.01370	28.76400
0.01375	9.79200
0.01380	22.64400
0.01385	24.48000
0.01390	3.06000
0.01395	16.52400
0.01400	7.95600
0.01405	6.12000
0.01410	8.56800
0.01415	4.28400
0.01420	15.91200
0.01425	23.25600
0.01430	11.01600
0.01435	20.80800
0.01440	10.40400
0.01445	16.52400
0.01450	10.40400
0.01455	16.52400
0.01460	11.62800
0.01465	4.28400
0.01470	4.89600
0.01475	11.01600
0.01480	28.15200
0.01485	12.85200
0.01490	26.31600
0.01495	10.40400
0.01500	30.60000
0.01505	5.50800
0.01510	13.46400
0.01515	11.62800
0.01520	15.30000
0.01525	6.73200
0.01530	19.58400
0.01535	11.62800
0.01540	14.07600
0.01545	11.62800
0.01550	17.74800
0.01555	14.07600
0.01560	13.46400
0.01565	27.54000
0.01570	16.52400
0.01575	13.46400
0.01580	7.95600
0.01585	15.30000
0.01590	9.18000
0.01595	9.18000
0.01600	5.50800
0.01605	18.36000
0.01610	11.01600
0.01615	12.85200
0.01620	17.13600
0.01625	10.40400
0.01630	7.34400
0.01635	15.30000
0.01640	17.74800
0.01645	20.19600
0.01650	15.30000
0.01655	10.40400
0.01660	12.85200
0.01665	12.85200
0.01670	20.80800
0.01675	11.62800
0.01680	6.73200
0.01685	27.54000
0.01690	17.74800
0.01695	20.80800
0.01700	7.34400
0.01705	22.64400
0.01710	18.36000
0.01715	20.80800
0.01720	17.13600
0.01725	18.97200
0.01730	29.98800
0.01735	2.44800
0.01740	14.07600
0.01745	22.64400
0.01750	22.64400
0.01755	17.13600
0.01760	12.85200
0.01765	16.52400
0.01770	6.73200
0.01775	23.86800
0.01780	8.56800
0.01785	3.67200
0.01790	10.40400
0.01795	9.79200
0.01800	12.24000
0.01805	7.95600
0.01810	26.92800
0.01815	16.52400
0.01820	19.58400
0.01825	34.27200
0.01830	7.34400
0.01835	10.40400
0.01840	14.07600
0.01845	12.24000
0.01850	3.06000
0.01855	6.12000
0.01860	15.30000
0.01865	12.85200
0.01870	34.88400
0.01875	12.24000
0.01880	7.34400
0.01885	2.44800
0.01890	17.74800
0.01895	6.12000
0.01900	17.13600
0.01905	11.62800
0.01910	8.56800
0.01915	6.12000
0.01920	9.18000
0.01925	18.97200
0.01930	11.62800
0.01935	18.97200
0.01940	7.34400
0.01945	4.28400
0.01950	9.79200
0.01955	4.28400
0.01960	18.36000
0.01965	20.80800
0.01970	14.68800
0.01975	15.91200
0.01980	7.95600
0.01985	12.24000
0.01990	7.34400
0.01995	10.40400
0.02000	11.62800
0.02005	11.62800
0.02010	33.66000
0.02015	15.91200
0.02020	27.54000
0.02025	5.50800
0.02030	13.46400
0.02035	22.03200
0.02040	18.36000
0.02045	14.07600
0.02050	29.98800
0.02055	18.97200
0.02060	11.62800
0.02065	39.78000
0.02070	17.74800
0.02075	19.58400
0.02080	10.40400
0.02085	9.79200
0.02090	24.48000
0.02095	15.30000
0.02100	14.68800
0.02105	23.25600
0.02110	7.34400
0.02115	13.46400
0.02120	4.28400
0.02125	15.91200
0.02130	13.46400
0.02135	3.67200
0.02140	19.58400
0.02145	9.18000
0.02150	5.50800
0.02155	36.72000
0.02160	9.79200
0.02165	3.67200
0.02170	17.13600
0.02175	14.07600
0.02180	8.56800
0.02185	15.91200
0.02190	10.40400
0.02195	9.79200
0.02200	15.30000
0.02205	14.07600
0.02210	15.91200
0.02215	8.56800
0.02220	7.34400
0.02225	6.73200
0.02230	17.13600
0.02235	0.61200
0.02240	6.12000
0.02245	5.50800
0.02250	41.00400
0.02255	11.01600
0.02260	15.91200
0.02265	6.12000
0.02270	23.86800
0.02275	10.40400
0.02280	26.92800
0.02285	3.06000
0.02290	9.18000
0.02295	21.42000
0.02300	12.24000
0.02305	25.70400
0.02310	21.42000
0.02315	14.07600
0.02320	2.44800
0.02325	11.01600
0.02330	11.62800
0.02335	7.34400
0.02340	4.89600
0.02345	12.24000
0.02350	4.89600
0.02355	7.34400
0.02360	14.07600
0.02365	25.70400
0.02370	11.01600
0.02375	21.42000
0.02380	17.13600
0.02385	14.07600
0.02390	6.73200
0.02395	9.18000
0.02400	12.85200
0.02405	11.01600
0.02410	5.50800
0.02415	6.73200
0.02420	4.28400
0.02425	9.18000
0.02430	15.91200
0.02435	18.36000
0.02440	14.07600
0.02445	4.89600
0.02450	11.62800
0.02455	1.22400
0.02460	11.01600
0.02465	1.83600
0.02470	8.56800
0.02475	9.79200
0.02480	5.50800
0.02485	12.85200
0.02490	4.28400
0.02495	7.95600
0.02500	17.74800
0.02505	23.25600
0.02510	7.34400
0.02515	17.13600
0.02520	16.52400
0.02525	22.03200
0.02530	14.68800
0.02535	6.12000
0.02540	4.89600
0.02545	7.34400
0.02550	28.76400
0.02555	12.24000
0.02560	18.97200
0.02565	22.64400
0.02570	6.73200
0.02575	14.07600
0.02580	2.44800
0.02585	9.18000
0.02590	12.24000
0.02595	17.13600
0.02600	3.67200
0.02605	2.44800
0.02610	17.74800
0.02615	5.50800
0.02620	9.79200
0.02625	17.74800
0.02630	19.58400
0.02635	5.50800
0.02640	13.46400
0.02645	11.01600
0.02650	45.28800
0.02655	20.19600
0.02660	17.13600
0.02665	7.95600
0.02670	11.01600
0.02675	25.09200
0.02680	6.12000
0.02685	7.95600
0.02690	37.94400
0.02695	20.19600
0.02700	4.28400
0.02705	10.40400
0.02710	12.85200
0.02715	11.62800
0.02720	9.79200
0.02725	9.18000
0.02730	2.44800
0.02735	13.46400
0.02740	8.56800
0.02745	11.01600
0.02750	6.73200
0.02755	6.12000
0.02760	18.36000
0.02765	4.89600
0.02770	6.73200
0.02775	7.95600
0.02780	11.62800
0.02785	17.74800
0.02790	12.85200
0.02795	3.06000
0.02800	1.22400
0.02805	14.07600
0.02810	12.24000
0.02815	17.74800
0.02820	10.40400
0.02825	6.73200
0.02830	11.62800
0.02835	11.62800
0.02840	26.31600
0.02845	4.89600
0.02850	3.06000
0.02855	9.18000
0.02860	7.34400
0.02865	9.18000
0.02870	23.86800
0.02875	6.12000
0.02880	7.95600
0.02885	4.89600
0.02890	2.44800
0.02895	19.58400
0.02900	19.58400
0.02905	7.95600
0.02910	2.44800
0.02915	4.28400
0.02920	10.40400
0.02925	12.24000
0.02930	20.80800
0.02935	5.50800
0.02940	4.28400
0.02945	12.24000
0.02950	3.67200
0.02955	20.80800
0.02960	4.28400
0.02965	12.85200
0.02970	7.95600
0.02975	17.74800
0.02980	7.95600
0.02985	13.46400
0.02990	11.62800
0.02995	9.18000
0.03000	4.89600
0.03005	9.18000
0.03010	10.40400
0.03015	3.06000
0.03020	7.95600
0.03025	12.24000
0.03030	20.19600
0.03035	12.24000
0.03040	4.89600
0.03045	17.13600
0.03050	7.95600
0.03055	15.91200
0.03060	6.12000
0.03065	5.50800
0.03070	5.50800
0.03075	1.83600
0.03080	9.18000
0.03085	7.95600
0.03090	24.48000
0.03095	13.46400
0.03100	36.10800
0.03105	12.24000
0.03110	11.62800
0.03115	2.44800
0.03120	8.56800
0.03125	4.28400
0.03130	12.85200
0.03135	5.50800
0.03140	23.25600
0.03145	15.91200
0.03150	22.64400
0.03155	5.50800
0.03160	12.24000
0.03165	12.85200
0.03170	9.79200
0.03175	9.18000
0.03180	30.60000
0.03185	18.97200
0.03190	9.18000
0.03195	12.85200
0.03200	0.61200
0.03205	19.58400
0.03210	6.12000
0.03215	17.13600
0.03220	10.40400
0.03225	19.58400
0.03230	36.72000
0.03235	33.66000
0.03240	7.95600
0.03245	7.95600
0.03250	14.07600
0.03255	12.85200
0.03260	14.68800
0.03265	14.68800
0.03270	11.62800
0.03275	12.24000
0.03280	8.56800
0.03285	15.30000
0.03290	13.46400
0.03295	9.18000
0.03300	6.73200
0.03305	10.40400
0.03310	22.03200
0.03315	11.62800
0.03320	11.62800
0.03325	3.67200
0.03330	9.79200
0.03335	12.24000
0.03340	9.79200
0.03345	4.89600
0.03350	8.56800
0.03355	5.50800
0.03360	5.50800
0.03365	10.40400
0.03370	16.52400
0.03375	11.62800
0.03380	14.68800
0.03385	14.07600
0.03390	7.34400
0.03395	11.01600
0.03400	5.50800
0.03405	3.67200
0.03410	18.97200
0.03415	6.73200
0.03420	1.22400
0.03425	7.95600
0.03430	7.95600
0.03435	9.18000
0.03440	22.64400
0.03445	11.01600
0.03450	25.70400
0.03455	8.56800
0.03460	18.36000
0.03465	19.58400
0.03470	31.82400
0.03475	13.46400
0.03480	4.28400
0.03485	3.06000
0.03490	13.46400
0.03495	9.79200
0.03500	12.24000
0.03505	18.97200
0.03510	9.18000
0.03515	15.91200
0.03520	2.44800
0.03525	10.40400
0.03530	6.73200
0.03535	7.34400
0.03540	23.86800
0.03545	22.64400
0.03550	20.19600
0.03555	22.64400
0.03560	12.24000
0.03565	8.56800
0.03570	22.64400
0.03575	17.13600
0.03580	15.30000
0.03585	15.91200
0.03590	16.52400
0.03595	6.12000
0.03600	3.67200
0.03605	13.46400
0.03610	9.18000
0.03615	3.06000
0.03620	14.07600
0.03625	5.50800
0.03630	10.40400
0.03635	7.95600
0.03640	31.21200
0.03645	8.56800
0.03650	4.28400
0.03655	9.79200
0.03660	17.74800
0.03665	23.25600
0.03670	1.22400
0.03675	19.58400
0.03680	22.64400
0.03685	17.13600
0.03690	20.19600
0.03695	13.46400
0.03700	5.50800
0.03705	13.46400
0.03710	4.89600
0.03715	5.50800
0.03720	15.30000
0.03725	15.91200
0.03730	9.18000
0.03735	11.01600
0.03740	12.85200
0.03745	6.73200
0.03750	3.06000
0.03755	19.58400
0.03760	22.03200
0.03765	9.79200
0.03770	9.18000
0.03775	18.36000
0.03780	7.34400
0.03785	5.50800
0.03790	24.48000
0.03795	13.46400
0.03800	10.40400
0.03805	9.18000
0.03810	18.97200
0.03815	8.56800
0.03820	3.67200
0.03825	7.34400
0.03830	13.46400
0.03835	22.03200
0.03840	17.74800
0.03845	16.52400
0.03850	11.62800
0.03855	7.95600
0.03860	6.12000
0.03865	6.73200
0.03870	22.64400
0.03875	7.95600
0.03880	5.50800
0.03885	26.31600
0.03890	14.07600
0.03895	18.97200
0.03900	11.01600
0.03905	11.62800
0.03910	5.50800
0.03915	-0.00000
0.03920	1.22400
0.03925	13.46400
0.03930	8.56800
0.03935	15.30000
0.03940	3.06000
0.03945	3.67200
0.03950	8.56800
0.03955	6.73200
0.03960	8.56800
0.03965	9.79200
0.03970	29.98800
0.03975	14.07600
0.03980	8.56800
0.03985	40.39200
0.03990	15.91200
0.03995	24.48000
0.04000	26.92800
0.04005	4.28400
0.04010	7.34400
0.04015	7.34400
0.04020	4.89600
0.04025	6.73200
0.04030	9.18000
0.04035	18.97200
0.04040	7.95600
0.04045	2.44800
0.04050	14.68800
0.04055	4.28400
0.04060	7.34400
0.04065	10.40400
0.04070	17.13600
0.04075	3.06000
0.04080	12.85200
0.04085	17.13600
0.04090	7.34400
0.04095	9.18000
0.04100	25.70400
0.04105	9.18000
0.04110	10.40400
0.04115	0.61200
0.04120	4.28400
0.04125	4.89600
0.04130	17.74800
0.04135	17.74800
0.04140	3.67200
0.04145	14.07600
0.04150	16.52400
0.04155	11.01600
0.04160	16.52400
0.04165	10.40400
0.04170	12.85200
0.04175	14.07600
0.04180	11.62800
0.04185	12.85200
0.04190	27.54000
0.04195	10.40400
0.04200	11.01600
0.04205	4.28400
0.04210	0.61200
0.04215	6.73200
0.04220	26.31600
0.04225	12.85200
0.04230	20.19600
0.04235	3.06000
0.04240	7.34400
0.04245	11.62800
0.04250	13.46400
0.04255	7.34400
0.04260	1.83600
0.04265	20.80800
0.04270	3.67200
0.04275	4.28400
0.04280	5.50800
0.04285	1.83600
0.04290	10.40400
0.04295	6.12000
0.04300	1.83600
0.04305	3.67200
0.04310	22.03200
0.04315	4.89600
0.04320	11.01600
0.04325	7.34400
0.04330	17.74800
0.04335	3.06000
0.04340	20.80800
0.04345	9.18000
0.04350	5.50800
0.04355	8.56800
0.04360	8.56800
0.04365	11.01600
0.04370	4.89600
0.04375	20.80800
0.04380	24.48000
0.04385	8.56800
0.04390	5.50800
0.04395	16.52400
0.04400	15.91200
0.04405	10.40400
0.04410	13.46400
0.04415	12.85200
0.04420	6.73200
0.04425	9.79200
0.04430	14.07600
0.04435	10.40400
0.04440	10.40400
0.04445	10.40400
0.04450	14.68800
0.04455	2.44800
0.04460	6.12000
0.04465	7.95600
0.04470	3.06000
0.04475	15.91200
0.04480	19.58400
0.04485	4.28400
0.04490	13.46400
0.04495	20.80800
0.04500	6.73200
0.04505	6.12000
0.04510	5.50800
0.04515	11.62800
0.04520	10.40400
0.04525	0.61200
0.04530	14.07600
0.04535	8.56800
0.04540	4.89600
0.04545	11.62800
0.04550	18.97200
0.04555	2.44800
0.04560	12.24000
0.04565	1.83600
0.04570	7.34400
0.04575	16.52400
0.04580	12.24000
0.04585	11.01600
0.04590	11.62800
0.04595	4.28400
0.04600	15.91200
0.04605	6.12000
0.04610	5.50800
0.04615	9.18000
0.04620	7.95600
0.04625	6.73200
0.04630	4.28400
0.04635	6.12000
0.04640	3.06000
0.04645	9.18000
0.04650	9.18000
0.04655	2.44800
0.04660	6.12000
0.04665	24.48000
0.04670	30.60000
0.04675	27.54000
0.04680	11.01600
0.04685	5.50800
0.04690	12.85200
0.04695	3.67200
0.04700	3.67200
0.04705	4.89600
0.04710	11.01600
0.04715	18.36000
0.04720	8.56800
0.04725	2.44800
0.04730	6.73200
0.04735	27.54000
0.04740	11.01600
0.04745	7.34400
0.04750	19.58400
0.04755	5.50800
0.04760	13.46400
0.04765	15.91200
0.04770	6.73200
0.04775	6.73200
0.04780	11.01600
0.04785	2.44800
0.04790	14.07600
0.04795	16.52400
0.04800	12.24000
0.04805	11.01600
0.04810	3.67200
0.04815	4.28400
0.04820	3.67200
0.04825	14.68800
0.04830	4.89600
0.04835	1.83600
0.04840	15.30000
0.04845	5.50800
0.04850	1.22400
0.04855	5.50800
0.04860	4.89600
0.04865	6.73200
0.04870	3.67200
0.04875	7.95600
0.04880	3.67200
0.04885	7.95600
0.04890	14.07600
0.04895	29.37600
0.04900	13.46400
0.04905	18.97200
0.04910	9.18000
0.04915	14.07600
0.04920	-0.00000
0.04925	9.79200
0.04930	6.73200
0.04935	15.30000
0.04940	9.79200
0.04945	11.62800
0.04950	14.68800
0.04955	11.01600
0.04960	16.52400
0.04965	12.24000
0.04970	14.07600
0.04975	11.01600
0.04980	6.12000
0.04985	10.40400
0.04990	20.19600
0.04995	7.95600
0.05000	6.12000
0.05005	9.18000
0.05010	9.79200
0.05015	7.34400
0.05020	14.07600
0.05025	20.80800
0.05030	20.19600
0.05035	11.62800
0.05040	20.80800
0.05045	22.64400
0.05050	6.12000
0.05055	1.22400
0.05060	15.30000
0.05065	6.12000
0.05070	3.06000
0.05075	4.89600
0.05080	1.83600
0.05085	9.18000
0.05090	15.91200
0.05095	3.06000
0.05100	17.13600
0.05105	6.73200
0.05110	14.68800
0.05115	12.24000
0.05120	5.50800
0.05125	4.28400
0.05130	7.34400
0.05135	14.68800
0.05140	9.79200
0.05145	14.07600
0.05150	9.79200
0.05155	9.79200
0.05160	2.44800
0.05165	17.74800
0.05170	4.28400
0.05175	2.44800
0.05180	4.28400
0.05185	22.03200
0.05190	12.85200
0.05195	11.62800
0.05200	3.06000
0.05205	12.24000
0.05210	15.30000
0.05215	1.83600
0.05220	26.31600
0.05225	7.95600
0.05230	3.67200
0.05235	3.67200
0.05240	7.95600
0.05245	15.30000
0.05250	9.79200
0.05255	5.50800
0.05260	9.18000
0.05265	3.67200
0.05270	14.68800
0.05275	16.52400
0.05280	15.91200
0.05285	10.40400
0.05290	17.13600
0.05295	10.40400
0.05300	24.48000
0.05305	5.50800
0.05310	8.56800
0.05315	6.73200
0.05320	4.28400
0.05325	8.56800
0.05330	6.12000
0.05335	6.12000
0.05340	4.28400
0.05345	7.95600
0.05350	8.56800
0.05355	7.34400
0.05360	4.28400
0.05365	10.40400
0.05370	8.56800
0.05375	14.07600
0.05380	10.40400
0.05385	11.01600
0.05390	5.50800
0.05395	19.58400
0.05400	10.40400
0.05405	11.01600
0.05410	14.07600
0.05415	14.68800
0.05420	7.34400
0.05425	4.28400
0.05430	7.95600
0.05435	12.85200
0.05440	8.56800
0.05445	6.73200
0.05450	33.04800
0.05455	7.34400
0.05460	7.95600
0.05465	3.06000
0.05470	1.22400
0.05475	1.22400
0.05480	9.18000
0.05485	1.22400
0.05490	6.73200
0.05495	1.22400
0.05500	15.91200
0.05505	9.79200
0.05510	6.12000
0.05515	10.40400
0.05520	18.97200
0.05525	4.89600
0.05530	11.01600
0.05535	7.95600
0.05540	11.62800
0.05545	15.91200
0.05550	7.34400
0.05555	7.95600
0.05560	13.46400
0.05565	12.24000
0.05570	2.44800
0.05575	27.54000
0.05580	7.34400
0.05585	13.46400
0.05590	11.62800
0.05595	10.40400
0.05600	11.62800
0.05605	2.44800
0.05610	6.73200
0.05615	8.56800
0.05620	5.50800
0.05625	2.44800
0.05630	12.24000
0.05635	12.24000
0.05640	3.06000
0.05645	4.28400
0.05650	-0.00000
0.05655	1.22400
0.05660	6.73200
0.05665	12.24000
0.05670	6.12000
0.05675	14.07600
0.05680	12.24000
0.05685	16.52400
0.05690	4.28400
0.05695	4.89600
0.05700	15.91200
0.05705	6.12000
0.05710	11.01600
0.05715	11.62800
0.05720	8.56800
0.05725	8.56800
0.05730	12.85200
0.05735	20.80800
0.05740	7.95600
0.05745	25.70400
0.05750	11.01600
0.05755	11.62800
0.05760	9.79200
0.05765	10.40400
0.05770	7.95600
0.05775	12.24000
0.05780	7.34400
0.05785	9.18000
0.05790	7.34400
0.05795	6.73200
0.05800	14.68800
0.05805	5.50800
0.05810	0.00000
0.05815	3.67200
0.05820	0.61200
0.05825	7.95600
0.05830	1.22400
0.05835	31.82400
0.05840	20.19600
0.05845	2.44800
0.05850	6.73200
0.05855	7.34400
0.05860	26.92800
0.05865	7.95600
0.05870	5.50800
0.05875	7.34400
0.05880	14.68800
0.05885	25.70400
0.05890	1.83600
0.05895	4.28400
0.05900	9.79200
0.05905	-0.00000
0.05910	5.50800
0.05915	3.06000
0.05920	28.76400
0.05925	5.50800
0.05930	13.46400
0.05935	12.24000
0.05940	6.12000
0.05945	12.85200
0.05950	1.22400
0.05955	6.12000
0.05960	10.40400
0.05965	4.89600
0.05970	4.28400
0.05975	7.34400
0.05980	4.89600
0.05985	11.01600
0.05990	18.36000
0.05995	25.09200
0.06000	11.62800
0.06005	11.62800
0.06010	6.73200
0.06015	14.68800
0.06020	11.62800
0.06025	13.46400
0.06030	6.73200
0.06035	11.62800
0.06040	20.80800
0.06045	29.37600
0.06050	6.73200
0.06055	0.61200
0.06060	17.13600
0.06065	0.61200
0.06070	7.95600
0.06075	4.28400
0.06080	0.61200
0.06085	5.50800
0.06090	13.46400
0.06095	11.62800
0.06100	20.19600
0.06105	12.85200
0.06110	12.85200
0.06115	25.09200
0.06120	9.79200
0.06125	28.15200
0.06130	23.25600
0.06135	39.16800
0.06140	61.20000
0.06145	69.15600
0.06150	57.52800
0.06155	61.20000
0.06160	94.24800
0.06165	90.57600
0.06170	149.94000
0.06175	182.37600
0.06180	203.79600
0.06185	291.31200
0.06190	252.14400
0.06195	370.87200
0.06200	368.42400
0.06205	436.35600
0.06210	418.60800
0.06215	488.98800
0.06220	460.22400
0.06225	405.14400
0.06230	406.98000
0.06235	427.78800
0.06240	363.52800
0.06245	367.81200
0.06250	342.10800
0.06255	250.30800
0.06260	228.27600
0.06265	209.91600
0.06270	176.25600
0.06275	113.83200
0.06280	163.40400
0.06285	119.95200
0.06290	100.36800
0.06295	91.18800
0.06300	80.17200
0.06305	53.85600
0.06310	86.90400
0.06315	69.76800
0.06320	48.96000
0.06325	44.67600
0.06330	50.79600
0.06335	60.58800
0.06340	32.43600
0.06345	41.00400
0.06350	51.40800
0.06355	49.57200
0.06360	64.26000
0.06365	36.72000
0.06370	42.84000
0.06375	83.84400
0.06380	64.87200
0.06385	58.14000
0.06390	44.06400
0.06395	53.24400
0.06400	36.72000
0.06405	62.42400
0.06410	31.21200
0.06415	36.72000
0.06420	41.61600
0.06425	80.78400
0.06430	64.87200
0.06435	34.27200
0.06440	86.29200
0.06445	36.10800
0.06450	40.39200
0.06455	23.86800
0.06460	29.37600
0.06465	45.90000
0.06470	59.36400
0.06475	70.38000
0.06480	50.18400
0.06485	26.31600
0.06490	25.09200
0.06495	27.54000
0.06500	49.57200
0.06505	25.09200
0.06510	29.37600
0.06515	23.25600
0.06520	36.10800
0.06525	36.10800
0.06530	17.13600
0.06535	50.18400
0.06540	33.66000
0.06545	64.26000
0.06550	56.30400
0.06555	35.49600
0.06560	53.24400
0.06565	52.02000
0.06570	41.61600
0.06575	29.37600
0.06580	39.16800
0.06585	33.66000
0.06590	34.27200
0.06595	31.21200
0.06600	19.58400
0.06605	36.10800
0.06610	46.51200
0.06615	25.70400
0.06620	20.19600
0.06625	18.36000
0.06630	41.61600
0.06635	22.64400
0.06640	38.55600
0.06645	35.49600
0.06650	28.15200
0.06655	22.03200
0.06660	11.62800
0.06665	20.80800
0.06670	24.48000
0.06675	34.88400
0.06680	19.58400
0.06685	49.57200
0.06690	24.48000
0.06695	20.19600
0.06700	42.22800
0.06705	32.43600
0.06710	29.98800
0.06715	23.25600
0.06720	25.09200
0.06725	47.73600
0.06730	26.92800
0.06735	43.45200
0.06740	34.27200
0.06745	37.33200
0.06750	17.74800
0.06755	17.13600
0.06760	44.06400
0.06765	30.60000
0.06770	36.72000
0.06775	23.86800
0.06780	28.76400
0.06785	25.70400
0.06790	20.19600
0.06795	28.15200
0.06800	34.27200
0.06805	24.48000
0.06810	22.03200
0.06815	24.48000
0.06820	31.21200
0.06825	26.92800
0.06830	18.97200
0.06835	33.04800
0.06840	17.13600
0.06845	20.19600
0.06850	30.60000
0.06855	33.66000
0.06860	26.92800
0.06865	31.82400
0.06870	20.80800
0.06875	38.55600
0.06880	29.37600
0.06885	27.54000
0.06890	14.68800
0.06895	23.86800
0.06900	26.31600
0.06905	31.82400
0.06910	22.03200
0.06915	18.36000
0.06920	48.34800
0.06925	22.03200
0.06930	38.55600
0.06935	26.92800
0.06940	35.49600
0.06945	23.86800
0.06950	9.79200
0.06955	31.21200
0.06960	39.16800
0.06965	22.64400
0.06970	28.76400
0.06975	20.80800
0.06980	22.64400
0.06985	9.79200
0.06990	12.85200
0.06995	26.92800
0.07000	21.42000
0.07005	26.31600
0.07010	29.37600
0.07015	44.67600
0.07020	39.78000
0.07025	37.33200
0.07030	26.31600
0.07035	22.64400
0.07040	32.43600
0.07045	18.97200
0.07050	15.91200
0.07055	33.04800
0.07060	24.48000
0.07065	3.06000
0.07070	26.92800
0.07075	22.03200
0.07080	8.56800
0.07085	25.70400
0.07090	19.58400
0.07095	24.48000
0.07100	7.95600
0.07105	43.45200
0.07110	9.18000
0.07115	32.43600
0.07120	27.54000
0.07125	20.80800
0.07130	14.07600
0.07135	22.64400
0.07140	8.56800
0.07145	15.91200
0.07150	22.64400
0.07155	16.52400
0.07160	7.34400
0.07165	43.45200
0.07170	16.52400
0.07175	20.19600
0.07180	25.09200
0.07185	14.07600
0.07190	18.97200
0.07195	32.43600
0.07200	17.13600
0.07205	42.84000
0.07210	25.70400
0.07215	41.61600
0.07220	28.15200
0.07225	20.19600
0.07230	25.70400
0.07235	52.63200
0.07240	49.57200
0.07245	39.16800
0.07250	28.76400
0.07255	22.64400
0.07260	17.74800
0.07265	16.52400
0.07270	15.30000
0.07275	16.52400
0.07280	21.42000
0.07285	18.36000
0.07290	17.74800
0.07295	20.19600
0.07300	31.82400
0.07305	11.01600
0.07310	28.15200
0.07315	7.34400
0.07320	25.09200
0.07325	19.58400
0.07330	15.30000
0.07335	15.91200
0.07340	32.43600
0.07345	10.40400
0.07350	23.25600
0.07355	7.95600
0.07360	20.19600
0.07365	20.80800
0.07370	23.25600
0.07375	12.85200
0.07380	19.58400
0.07385	36.72000
0.07390	24.48000
0.07395	20.19600
0.07400	53.24400
0.07405	24.48000
0.07410	41.00400
0.07415	29.98800
0.07420	52.02000
0.07425	36.72000
0.07430	11.62800
0.07435	10.40400
0.07440	21.42000
0.07445	18.97200
0.07450	19.58400
0.07455	18.97200
0.07460	29.37600
0.07465	16.52400
0.07470	22.64400
0.07475	12.85200
0.07480	41.00400
0.07485	21.42000
0.07490	19.58400
0.07495	12.24000
0.07500	23.25600
0.07505	18.97200
0.07510	20.19600
0.07515	29.98800
0.07520	9.18000
0.07525	29.37600
0.07530	16.52400
0.07535	18.97200
0.07540	29.98800
0.07545	14.68800
0.07550	36.10800
0.07555	23.25600
0.07560	32.43600
0.07565	16.52400
0.07570	15.91200
0.07575	17.13600
0.07580	17.74800
0.07585	13.46400
0.07590	6.73200
0.07595	14.68800
0.07600	37.94400
0.07605	12.24000
0.07610	18.97200
0.07615	7.95600
0.07620	27.54000
0.07625	20.80800
0.07630	20.19600
0.07635	18.97200
0.07640	12.85200
0.07645	14.07600
0.07650	29.98800
0.07655	20.80800
0.07660	8.56800
0.07665	7.34400
0.07670	20.80800
0.07675	7.34400
0.07680	15.91200
0.07685	26.31600
0.07690	28.15200
0.07695	43.45200
0.07700	15.30000
0.07705	11.01600
0.07710	19.58400
0.07715	9.79200
0.07720	23.86800
0.07725	12.24000
0.07730	22.03200
0.07735	16.52400
0.07740	18.36000
0.07745	9.18000
0.07750	28.76400
0.07755	11.01600
0.07760	8.56800
0.07765	17.13600
0.07770	2.44800
0.07775	20.80800
0.07780	28.76400
0.07785	18.97200
0.07790	22.64400
0.07795	28.15200
0.07800	9.18000
0.07805	23.86800
0.07810	13.46400
0.07815	4.28400
0.07820	37.33200
0.07825	23.86800
0.07830	23.25600
0.07835	13.46400
0.07840	23.86800
0.07845	9.79200
0.07850	13.46400
0.07855	25.09200
0.07860	12.24000
0.07865	26.92800
0.07870	13.46400
0.07875	26.31600
0.07880	20.19600
0.07885	21.42000
0.07890	37.33200
0.07895	12.85200
0.07900	18.97200
0.07905	28.15200
0.07910	23.25600
0.07915	26.92800
0.07920	9.79200
0.07925	13.46400
0.07930	29.37600
0.07935	30.60000
0.07940	36.10800
0.07945	22.64400
0.07950	14.68800
0.07955	20.19600
0.07960	25.09200
0.07965	19.58400
0.07970	31.21200
0.07975	17.13600
0.07980	15.91200
0.07985	12.24000
0.07990	8.56800
0.07995	36.10800
0.08000	22.03200
0.08005	18.36000
0.08010	15.30000
0.08015	14.68800
0.08020	19.58400
0.08025	33.04800
0.08030	15.30000
0.08035	4.89600
0.08040	12.85200
0.08045	19.58400
0.08050	9.79200
0.08055	43.45200
0.08060	33.04800
0.08065	15.91200
0.08070	26.31600
0.08075	26.31600
0.08080	21.42000
0.08085	9.18000
0.08090	9.18000
0.08095	3.67200
0.08100	13.46400
0.08105	15.30000
0.08110	14.68800
0.08115	13.46400
0.08120	19.58400
0.08125	26.92800
0.08130	25.09200
0.08135	9.79200
0.08140	20.80800
0.08145	18.36000
0.08150	29.98800
0.08155	10.40400
0.08160	37.33200
0.08165	9.18000
0.08170	36.72000
0.08175	1.83600
0.08180	7.34400
0.08185	21.42000
0.08190	11.01600
0.08195	20.19600
0.08200	3.06000
0.08205	22.64400
0.08210	12.24000
0.08215	11.01600
0.08220	23.86800
0.08225	14.68800
0.08230	20.19600
0.08235	12.85200
0.08240	18.97200
0.08245	12.85200
0.08250	18.97200
0.08255	23.25600
0.08260	8.56800
0.08265	22.64400
0.08270	29.98800
0.08275	21.42000
0.08280	12.85200
0.08285	18.97200
0.08290	11.62800
0.08295	12.85200
0.08300	14.68800
0.08305	1.83600
0.08310	13.46400
0.08315	31.21200
0.08320	12.85200
0.08325	28.15200
0.08330	11.01600
0.08335	16.52400
0.08340	20.19600
0.08345	13.46400
0.08350	20.19600
0.08355	15.91200
0.08360	18.36000
0.08365	12.85200
0.08370	14.68800
0.08375	15.30000
0.08380	22.64400
0.08385	17.74800
0.08390	11.01600
0.08395	17.74800
0.08400	39.78000
0.08405	30.60000
0.08410	20.19600
0.08415	18.36000
0.08420	11.01600
0.08425	19.58400
0.08430	15.91200
0.08435	22.03200
0.08440	28.76400
0.08445	17.74800
0.08450	26.31600
0.08455	22.64400
0.08460	23.86800
0.08465	19.58400
0.08470	3.06000
0.08475	20.19600
0.08480	10.40400
0.08485	17.74800
0.08490	24.48000
0.08495	12.85200
0.08500	12.24000
0.08505	12.24000
0.08510	7.34400
0.08515	27.54000
0.08520	8.56800
0.08525	20.80800
0.08530	7.95600
0.08535	12.85200
0.08540	24.48000
0.08545	6.73200
0.08550	23.86800
0.08555	12.24000
0.08560	15.91200
0.08565	4.89600
0.08570	9.18000
0.08575	9.79200
0.08580	11.01600
0.08585	22.64400
0.08590	4.28400
0.08595	35.49600
0.08600	7.95600
0.08605	12.24000
0.08610	6.73200
0.08615	14.68800
0.08620	15.91200
0.08625	13.46400
0.08630	18.97200
0.08635	13.46400
0.08640	15.30000
0.08645	11.62800
0.08650	28.15200
0.08655	19.58400
0.08660	5.50800
0.08665	14.68800
0.08670	4.89600
0.08675	10.40400
0.08680	17.74800
0.08685	19.58400
0.08690	7.95600
0.08695	15.30000
0.08700	14.68800
0.08705	12.85200
0.08710	26.31600
0.08715	11.01600
0.08720	13.46400
0.08725	26.92800
0.08730	18.36000
0.08735	9.79200
0.08740	9.18000
0.08745	17.74800
0.08750	16.52400
0.08755	10.40400
0.08760	14.68800
0.08765	22.64400
0.08770	22.03200
0.08775	20.80800
0.08780	14.07600
0.08785	26.92800
0.08790	4.28400
0.08795	10.40400
0.08800	20.80800
0.08805	7.34400
0.08810	9.79200
0.08815	32.43600
0.08820	6.12000
0.08825	21.42000
0.08830	13.46400
0.08835	12.85200
0.08840	12.24000
0.08845	15.30000
0.08850	6.12000
0.08855	8.56800
0.08860	14.07600
0.08865	20.80800
0.08870	6.73200
0.08875	29.98800
0.08880	15.30000
0.08885	26.31600
0.08890	17.13600
0.08895	13.46400
0.08900	19.58400
0.08905	29.37600
0.08910	17.13600
0.08915	9.18000
0.08920	22.64400
0.08925	31.21200
0.08930	23.25600
0.08935	11.62800
0.08940	14.68800
0.08945	9.79200
0.08950	6.12000
0.08955	9.18000
0.08960	25.70400
0.08965	30.60000
0.08970	16.52400
0.08975	22.03200
0.08980	24.48000
0.08985	2.44800
0.08990	6.73200
