0.00000	0.64974
0.00005	0.53508
0.00010	0.57330
0.00015	0.15288
0.00020	0.11466
0.00025	0.49686
0.00030	0.49686
0.00035	0.19110
0.00040	0.15288
0.00045	0.26754
0.00050	-0.00000
0.00055	0.57330
0.00060	0.19110
0.00065	0.03822
0.00070	0.26754
0.00075	0.68796
0.00080	0.00000
0.00085	0.68796
0.00090	0.30576
0.00095	0.07644
0.00100	1.71990
0.00105	1.83456
0.00110	0.87906
0.00115	1.10838
0.00120	1.37592
0.00125	2.71362
0.00130	2.44608
0.00135	2.82828
0.00140	3.32514
0.00145	6.65028
0.00150	9.36390
0.00155	9.82254
0.00160	9.24924
0.00165	20.94456
0.00170	24.53724
0.00175	30.11736
0.00180	36.04146
0.00185	44.10588
0.00190	51.29124
0.00195	57.59754
0.00200	62.71902
0.00205	76.09602
0.00210	74.14680
0.00215	83.58714
0.00220	88.09710
0.00225	94.40340
0.00230	80.18556
0.00235	81.48504
0.00240	77.51016
0.00245	68.75778
0.00250	56.45094
0.00255	49.72422
0.00260	40.36032
0.00265	34.16868
0.00270	31.56972
0.00275	31.91370
0.00280	26.29536
0.00285	20.75346
0.00290	18.84246
0.00295	19.22466
0.00300	17.96340
0.00305	14.02674
0.00310	14.25606
0.00315	14.56182
0.00320	11.88642
0.00325	10.05186
0.00330	14.17962
0.00335	10.35762
0.00340	11.35134
0.00345	9.36390
0.00350	7.98798
0.00355	5.54190
0.00360	5.15970
0.00365	6.91782
0.00370	6.99426
0.00375	10.62516
0.00380	6.91782
0.00385	6.57384
0.00390	4.12776
0.00395	4.01310
0.00400	6.22986
0.00405	7.07070
0.00410	5.58012
0.00415	5.50368
0.00420	2.52252
0.00425	4.24242
0.00430	6.72672
0.00435	4.08954
0.00440	4.24242
0.00445	5.23614
0.00450	4.39530
0.00455	5.04504
0.00460	4.77750
0.00465	4.20420
0.00470	4.39530
0.00475	4.81572
0.00480	6.42096
0.00485	4.05132
0.00490	6.00054
0.00495	3.89844
0.00500	4.43352
0.00505	4.01310
0.00510	3.59268
0.00515	3.17226
0.00520	3.36336
0.00525	3.89844
0.00530	4.01310
0.00535	3.55446
0.00540	3.55446
0.00545	2.79006
0.00550	3.40158
0.00555	3.36336
0.00560	2.63718
0.00565	3.17226
0.00570	3.13404
0.00575	3.78378
0.00580	3.13404
0.00585	3.47802
0.00590	2.71362
0.00595	5.31258
0.00600	2.94294
0.00605	3.32514
0.00610	2.48430
0.00615	3.05760
0.00620	2.63718
0.00625	2.67540
0.00630	4.05132
0.00635	2.56074
0.00640	3.59268
0.00645	3.43980
0.00650	3.32514
0.00655	2.67540
0.00660	2.06388
0.00665	0.99372
0.00670	3.28692
0.00675	1.94922
0.00680	2.56074
0.00685	1.33770
0.00690	2.67540
0.00695	1.79634
0.00700	2.56074
0.00705	2.67540
0.00710	2.06388
0.00715	2.33142
0.00720	2.75184
0.00725	1.75812
0.00730	2.63718
0.00735	3.24870
0.00740	2.33142
0.00745	4.73928
0.00750	3.74556
0.00755	3.32514
0.00760	3.09582
0.00765	3.93666
0.00770	4.08954
0.00775	4.54818
0.00780	2.86650
0.00785	1.37592
0.00790	2.33142
0.00795	4.01310
0.00800	4.77750
0.00805	3.36336
0.00810	2.17854
0.00815	2.56074
0.00820	3.09582
0.00825	2.25498
0.00830	2.56074
0.00835	3.36336
0.00840	3.51624
0.00845	2.79006
0.00850	2.75184
0.00855	2.71362
0.00860	3.09582
0.00865	1.87278
0.00870	2.33142
0.00875	1.98744
0.00880	2.10210
0.00885	2.98116
0.00890	2.33142
0.00895	2.94294
0.00900	2.06388
0.00905	2.71362
0.00910	3.40158
0.00915	2.17854
0.00920	3.86022
0.00925	2.29320
0.00930	1.98744
0.00935	1.33770
0.00940	3.05760
0.00945	1.98744
0.00950	3.17226
0.00955	2.06388
0.00960	2.86650
0.00965	2.14032
0.00970	1.98744
0.00975	1.68168
0.00980	1.98744
0.00985	1.10838
0.00990	2.29320
0.00995	2.29320
0.01000	2.33142
0.01005	2.48430
0.01010	3.13404
0.01015	1.79634
0.01020	2.36964
0.01025	1.45236
0.01030	1.64346
0.01035	0.99372
0.01040	1.60524
0.01045	1.75812
0.01050	0.64974
0.01055	4.70106
0.01060	2.56074
0.01065	1.91100
0.01070	1.56702
0.01075	2.90472
0.01080	2.17854
0.01085	2.29320
0.01090	1.98744
0.01095	2.10210
0.01100	3.28692
0.01105	1.45236
0.01110	1.60524
0.01115	1.79634
0.01120	1.22304
0.01125	1.37592
0.01130	2.10210
0.01135	2.17854
0.01140	1.87278
0.01145	1.45236
0.01150	3.21048
0.01155	1.75812
0.01160	0.99372
0.01165	1.56702
0.01170	2.36964
0.01175	2.36964
0.01180	2.25498
0.01185	1.26126
0.01190	2.90472
0.01195	2.36964
0.01200	2.75184
0.01205	3.47802
0.01210	2.44608
0.01215	3.55446
0.01220	3.70734
0.01225	3.40158
0.01230	2.29320
0.01235	1.07016
0.01240	2.10210
0.01245	2.59896
0.01250	1.52880
0.01255	1.98744
0.01260	2.52252
0.01265	1.64346
0.01270	1.41414
0.01275	1.45236
0.01280	3.13404
0.01285	2.75184
0.01290	1.49058
0.01295	2.29320
0.01300	3.74556
0.01305	2.86650
0.01310	4.12776
0.01315	2.67540
0.01320	0.84084
0.01325	2.63718
0.01330	1.94922
0.01335	2.67540
0.01340	2.06388
0.01345	2.29320
0.01350	2.75184
0.01355	1.71990
0.01360	1.71990
0.01365	2.44608
0.01370	1.87278
0.01375	0.84084
0.01380	2.82828
0.01385	2.82828
0.01390	1.52880
0.01395	3.63090
0.01400	0.80262
0.01405	2.86650
0.01410	2.75184
0.01415	0.95550
0.01420	2.29320
0.01425	2.94294
0.01430	2.52252
0.01435	1.26126
0.01440	2.90472
0.01445	1.10838
0.01450	1.22304
0.01455	2.10210
0.01460	3.24870
0.01465	1.71990
0.01470	1.22304
0.01475	1.91100
0.01480	1.18482
0.01485	1.83456
0.01490	1.52880
0.01495	2.33142
0.01500	2.33142
0.01505	2.06388
0.01510	3.28692
0.01515	1.29948
0.01520	1.14660
0.01525	0.99372
0.01530	0.68796
0.01535	1.52880
0.01540	2.06388
0.01545	2.56074
0.01550	1.41414
0.01555	2.56074
0.01560	1.56702
0.01565	2.29320
0.01570	1.52880
0.01575	1.75812
0.01580	1.91100
0.01585	2.67540
0.01590	2.63718
0.01595	2.71362
0.01600	1.75812
0.01605	0.84084
0.01610	1.45236
0.01615	1.60524
0.01620	1.37592
0.01625	2.14032
0.01630	2.06388
0.01635	1.79634
0.01640	1.10838
0.01645	2.52252
0.01650	1.60524
0.01655	1.52880
0.01660	2.71362
0.01665	1.41414
0.01670	1.37592
0.01675	1.87278
0.01680	1.83456
0.01685	3.36336
0.01690	1.83456
0.01695	2.63718
0.01700	0.80262
0.01705	1.37592
0.01710	0.91728
0.01715	1.29948
0.01720	2.25498
0.01725	2.14032
0.01730	1.75812
0.01735	1.60524
0.01740	1.49058
0.01745	1.60524
0.01750	1.49058
0.01755	1.64346
0.01760	0.99372
0.01765	1.56702
0.01770	1.83456
0.01775	0.72618
0.01780	2.10210
0.01785	0.87906
0.01790	0.80262
0.01795	0.84084
0.01800	1.41414
0.01805	1.98744
0.01810	1.07016
0.01815	1.10838
0.01820	0.99372
0.01825	1.37592
0.01830	1.60524
0.01835	2.52252
0.01840	0.15288
0.01845	0.95550
0.01850	2.14032
0.01855	1.37592
0.01860	1.26126
0.01865	1.33770
0.01870	2.02566
0.01875	1.22304
0.01880	1.64346
0.01885	1.07016
0.01890	1.26126
0.01895	1.49058
0.01900	1.10838
0.01905	0.57330
0.01910	1.37592
0.01915	1.22304
0.01920	1.56702
0.01925	2.06388
0.01930	1.98744
0.01935	2.48430
0.01940	1.83456
0.01945	1.49058
0.01950	1.60524
0.01955	0.91728
0.01960	3.21048
0.01965	3.40158
0.01970	1.33770
0.01975	1.49058
0.01980	1.37592
0.01985	1.03194
0.01990	2.48430
0.01995	0.38220
0.02000	0.84084
0.02005	1.79634
0.02010	1.64346
0.02015	0.91728
0.02020	0.61152
0.02025	1.14660
0.02030	1.64346
0.02035	1.41414
0.02040	2.06388
0.02045	2.48430
0.02050	2.21676
0.02055	1.60524
0.02060	0.42042
0.02065	1.22304
0.02070	1.87278
0.02075	1.64346
0.02080	2.44608
0.02085	2.82828
0.02090	1.07016
0.02095	0.95550
0.02100	2.17854
0.02105	2.75184
0.02110	2.21676
0.02115	1.56702
0.02120	0.80262
0.02125	1.45236
0.02130	0.76440
0.02135	2.02566
0.02140	1.29948
0.02145	1.64346
0.02150	1.56702
0.02155	2.02566
0.02160	1.83456
0.02165	1.14660
0.02170	1.60524
0.02175	1.07016
0.02180	1.26126
0.02185	1.52880
0.02190	1.45236
0.02195	0.68796
0.02200	1.91100
0.02205	2.36964
0.02210	0.80262
0.02215	1.71990
0.02220	1.71990
0.02225	1.26126
0.02230	1.37592
0.02235	1.87278
0.02240	3.09582
0.02245	1.52880
0.02250	0.64974
0.02255	0.34398
0.02260	1.10838
0.02265	1.79634
0.02270	1.71990
0.02275	1.91100
0.02280	2.17854
0.02285	1.68168
0.02290	2.06388
0.02295	1.64346
0.02300	1.60524
0.02305	1.26126
0.02310	2.71362
0.02315	1.71990
0.02320	0.95550
0.02325	1.56702
0.02330	1.33770
0.02335	1.83456
0.02340	1.49058
0.02345	1.37592
0.02350	1.91100
0.02355	1.14660
0.02360	1.26126
0.02365	2.36964
0.02370	2.36964
0.02375	0.68796
0.02380	0.68796
0.02385	1.10838
0.02390	1.75812
0.02395	2.52252
0.02400	1.33770
0.02405	0.64974
0.02410	1.41414
0.02415	0.95550
0.02420	1.41414
0.02425	0.87906
0.02430	2.48430
0.02435	1.03194
0.02440	1.22304
0.02445	2.33142
0.02450	1.41414
0.02455	1.37592
0.02460	1.33770
0.02465	1.75812
0.02470	0.76440
0.02475	0.38220
0.02480	1.18482
0.02485	1.87278
0.02490	2.36964
0.02495	2.14032
0.02500	2.36964
0.02505	0.95550
0.02510	2.02566
0.02515	0.87906
0.02520	2.14032
0.02525	2.63718
0.02530	1.94922
0.02535	2.21676
0.02540	1.26126
0.02545	1.79634
0.02550	3.01938
0.02555	2.59896
0.02560	0.68796
0.02565	2.56074
0.02570	1.52880
0.02575	1.87278
0.02580	0.91728
0.02585	1.64346
0.02590	1.91100
0.02595	0.53508
0.02600	2.67540
0.02605	1.75812
0.02610	1.52880
0.02615	1.91100
0.02620	0.87906
0.02625	1.18482
0.02630	0.42042
0.02635	2.02566
0.02640	1.41414
0.02645	1.52880
0.02650	0.68796
0.02655	1.07016
0.02660	0.87906
0.02665	3.24870
0.02670	1.83456
0.02675	0.87906
0.02680	1.87278
0.02685	1.03194
0.02690	1.52880
0.02695	1.07016
0.02700	1.71990
0.02705	1.37592
0.02710	1.49058
0.02715	1.07016
0.02720	1.29948
0.02725	2.25498
0.02730	1.03194
0.02735	0.80262
0.02740	1.37592
0.02745	1.10838
0.02750	1.79634
0.02755	1.87278
0.02760	2.06388
0.02765	0.95550
0.02770	0.87906
0.02775	1.49058
0.02780	1.22304
0.02785	1.52880
0.02790	2.06388
0.02795	1.98744
0.02800	1.18482
0.02805	2.33142
0.02810	1.91100
0.02815	0.87906
0.02820	1.29948
0.02825	0.91728
0.02830	1.52880
0.02835	1.03194
0.02840	2.10210
0.02845	0.99372
0.02850	1.71990
0.02855	1.37592
0.02860	1.18482
0.02865	1.03194
0.02870	1.10838
0.02875	0.87906
0.02880	1.03194
0.02885	1.37592
0.02890	1.45236
0.02895	1.26126
0.02900	1.14660
0.02905	0.87906
0.02910	0.45864
0.02915	1.33770
0.02920	0.95550
0.02925	1.37592
0.02930	2.02566
0.02935	0.95550
0.02940	0.68796
0.02945	2.29320
0.02950	2.10210
0.02955	1.87278
0.02960	1.26126
0.02965	1.68168
0.02970	1.26126
0.02975	1.14660
0.02980	2.14032
0.02985	1.68168
0.02990	2.10210
0.02995	0.87906
0.03000	1.07016
0.03005	0.72618
0.03010	1.60524
0.03015	1.07016
0.03020	2.40786
0.03025	1.71990
0.03030	0.84084
0.03035	0.95550
0.03040	1.14660
0.03045	0.91728
0.03050	0.95550
0.03055	1.22304
0.03060	1.22304
0.03065	1.49058
0.03070	0.91728
0.03075	1.45236
0.03080	1.75812
0.03085	1.07016
0.03090	1.03194
0.03095	1.10838
0.03100	1.03194
0.03105	1.37592
0.03110	0.95550
0.03115	1.33770
0.03120	1.03194
0.03125	0.84084
0.03130	1.26126
0.03135	1.37592
0.03140	0.53508
0.03145	0.68796
0.03150	1.03194
0.03155	0.64974
0.03160	1.29948
0.03165	0.84084
0.03170	1.37592
0.03175	1.07016
0.03180	2.10210
0.03185	1.26126
0.03190	1.60524
0.03195	1.18482
0.03200	1.22304
0.03205	0.68796
0.03210	1.22304
0.03215	0.53508
0.03220	0.53508
0.03225	1.71990
0.03230	1.49058
0.03235	1.41414
0.03240	2.17854
0.03245	0.91728
0.03250	0.45864
0.03255	2.59896
0.03260	1.10838
0.03265	1.56702
0.03270	1.18482
0.03275	1.94922
0.03280	1.26126
0.03285	1.52880
0.03290	1.07016
0.03295	1.14660
0.03300	0.45864
0.03305	1.29948
0.03310	1.71990
0.03315	1.14660
0.03320	1.10838
0.03325	1.75812
0.03330	0.87906
0.03335	0.76440
0.03340	0.68796
0.03345	1.71990
0.03350	2.10210
0.03355	0.72618
0.03360	1.26126
0.03365	0.30576
0.03370	0.95550
0.03375	1.26126
0.03380	0.61152
0.03385	0.80262
0.03390	1.07016
0.03395	1.03194
0.03400	0.72618
0.03405	1.18482
0.03410	1.29948
0.03415	1.22304
0.03420	1.60524
0.03425	1.07016
0.03430	0.76440
0.03435	1.10838
0.03440	1.07016
0.03445	0.38220
0.03450	1.26126
0.03455	1.91100
0.03460	1.49058
0.03465	1.71990
0.03470	0.61152
0.03475	2.29320
0.03480	1.18482
0.03485	0.91728
0.03490	0.76440
0.03495	2.29320
0.03500	1.14660
0.03505	0.76440
0.03510	1.07016
0.03515	1.22304
0.03520	0.61152
0.03525	0.34398
0.03530	0.68796
0.03535	0.87906
0.03540	1.33770
0.03545	0.87906
0.03550	2.40786
0.03555	0.87906
0.03560	0.53508
0.03565	0.45864
0.03570	0.49686
0.03575	1.49058
0.03580	1.33770
0.03585	0.95550
0.03590	0.99372
0.03595	0.99372
0.03600	0.84084
0.03605	1.18482
0.03610	0.80262
0.03615	0.72618
0.03620	0.49686
0.03625	2.79006
0.03630	1.79634
0.03635	1.64346
0.03640	1.41414
0.03645	1.75812
0.03650	0.49686
0.03655	1.52880
0.03660	0.68796
0.03665	0.84084
0.03670	1.68168
0.03675	1.10838
0.03680	0.42042
0.03685	1.14660
0.03690	0.87906
0.03695	2.36964
0.03700	1.68168
0.03705	1.37592
0.03710	1.22304
0.03715	1.22304
0.03720	0.42042
0.03725	1.29948
0.03730	1.18482
0.03735	1.75812
0.03740	1.14660
0.03745	0.80262
0.03750	0.76440
0.03755	0.95550
0.03760	1.98744
0.03765	2.14032
0.03770	0.84084
0.03775	0.76440
0.03780	1.03194
0.03785	0.84084
0.03790	0.87906
0.03795	1.52880
0.03800	0.87906
0.03805	0.42042
0.03810	0.68796
0.03815	1.52880
0.03820	1.52880
0.03825	0.22932
0.03830	1.41414
0.03835	0.42042
0.03840	1.18482
0.03845	0.91728
0.03850	0.80262
0.03855	1.14660
0.03860	1.33770
0.03865	0.38220
0.03870	1.41414
0.03875	0.99372
0.03880	0.38220
0.03885	1.91100
0.03890	1.18482
0.03895	0.57330
0.03900	1.37592
0.03905	2.52252
0.03910	1.45236
0.03915	1.56702
0.03920	1.29948
0.03925	0.84084
0.03930	1.33770
0.03935	0.15288
0.03940	1.07016
0.03945	0.68796
0.03950	2.17854
0.03955	0.72618
0.03960	1.52880
0.03965	2.10210
0.03970	1.45236
0.03975	1.79634
0.03980	1.29948
0.03985	0.72618
0.03990	0.64974
0.03995	0.38220
0.04000	1.07016
0.04005	0.64974
0.04010	0.30576
0.04015	2.17854
0.04020	1.29948
0.04025	0.84084
0.04030	1.07016
0.04035	1.52880
0.04040	0.30576
0.04045	1.49058
0.04050	2.02566
0.04055	1.03194
0.04060	0.57330
0.04065	0.87906
0.04070	0.49686
0.04075	0.91728
0.04080	1.22304
0.04085	1.07016
0.04090	0.76440
0.04095	0.84084
0.04100	0.49686
0.04105	1.64346
0.04110	1.03194
0.04115	1.26126
0.04120	1.83456
0.04125	0.76440
0.04130	0.72618
0.04135	0.64974
0.04140	1.83456
0.04145	1.52880
0.04150	1.33770
0.04155	0.49686
0.04160	1.68168
0.04165	1.75812
0.04170	0.91728
0.04175	0.45864
0.04180	0.84084
0.04185	1.14660
0.04190	1.45236
0.04195	0.53508
0.04200	0.99372
0.04205	0.80262
0.04210	1.22304
0.04215	1.22304
0.04220	1.29948
0.04225	1.22304
0.04230	1.49058
0.04235	0.61152
0.04240	0.64974
0.04245	0.42042
0.04250	0.61152
0.04255	1.64346
0.04260	1.60524
0.04265	0.84084
0.04270	1.33770
0.04275	1.18482
0.04280	1.10838
0.04285	0.91728
0.04290	0.45864
0.04295	1.10838
0.04300	1.18482
0.04305	0.64974
0.04310	1.03194
0.04315	0.95550
0.04320	1.14660
0.04325	1.10838
0.04330	1.03194
0.04335	0.80262
0.04340	1.07016
0.04345	0.84084
0.04350	0.68796
0.04355	0.76440
0.04360	1.18482
0.04365	1.87278
0.04370	1.41414
0.04375	0.42042
0.04380	1.26126
0.04385	1.10838
0.04390	0.72618
0.04395	0.03822
0.04400	1.33770
0.04405	0.91728
0.04410	0.95550
0.04415	0.76440
0.04420	0.49686
0.04425	1.75812
0.04430	1.64346
0.04435	0.87906
0.04440	1.03194
0.04445	0.91728
0.04450	0.53508
0.04455	0.72618
0.04460	0.61152
0.04465	1.37592
0.04470	1.14660
0.04475	1.94922
0.04480	1.22304
0.04485	2.52252
0.04490	2.48430
0.04495	1.68168
0.04500	1.37592
0.04505	1.68168
0.04510	1.75812
0.04515	1.49058
0.04520	1.71990
0.04525	0.61152
0.04530	1.91100
0.04535	0.22932
0.04540	0.34398
0.04545	0.68796
0.04550	0.99372
0.04555	0.72618
0.04560	1.45236
0.04565	1.49058
0.04570	1.07016
0.04575	0.61152
0.04580	0.68796
0.04585	0.72618
0.04590	1.10838
0.04595	1.26126
0.04600	1.68168
0.04605	0.53508
0.04610	0.95550
0.04615	1.64346
0.04620	0.72618
0.04625	0.57330
0.04630	0.87906
0.04635	1.14660
0.04640	1.37592
0.04645	1.45236
0.04650	0.91728
0.04655	1.60524
0.04660	0.42042
0.04665	0.84084
0.04670	0.95550
0.04675	0.76440
0.04680	0.76440
0.04685	0.45864
0.04690	0.53508
0.04695	1.18482
0.04700	1.22304
0.04705	0.72618
0.04710	1.22304
0.04715	0.68796
0.04720	0.64974
0.04725	0.72618
0.04730	0.84084
0.04735	0.72618
0.04740	1.07016
0.04745	1.45236
0.04750	0.30576
0.04755	0.87906
0.04760	1.49058
0.04765	0.42042
0.04770	0.72618
0.04775	1.18482
0.04780	0.38220
0.04785	1.10838
0.04790	0.76440
0.04795	1.60524
0.04800	1.56702
0.04805	1.71990
0.04810	1.33770
0.04815	1.56702
0.04820	0.76440
0.04825	1.03194
0.04830	1.60524
0.04835	1.33770
0.04840	1.10838
0.04845	0.84084
0.04850	1.37592
0.04855	0.95550
0.04860	0.49686
0.04865	1.68168
0.04870	1.71990
0.04875	0.91728
0.04880	1.18482
0.04885	2.02566
0.04890	0.61152
0.04895	1.37592
0.04900	0.49686
0.04905	0.95550
0.04910	0.91728
0.04915	0.80262
0.04920	0.80262
0.04925	0.57330
0.04930	1.03194
0.04935	1.26126
0.04940	0.57330
0.04945	0.19110
0.04950	1.56702
0.04955	1.79634
0.04960	1.37592
0.04965	0.87906
0.04970	0.30576
0.04975	0.38220
0.04980	1.03194
0.04985	0.45864
0.04990	0.22932
0.04995	1.68168
0.05000	0.38220
0.05005	0.95550
0.05010	1.71990
0.05015	0.80262
0.05020	0.80262
0.05025	1.10838
0.05030	0.95550
0.05035	0.53508
0.05040	0.68796
0.05045	1.18482
0.05050	0.91728
0.05055	0.99372
0.05060	1.07016
0.05065	0.45864
0.05070	1.56702
0.05075	1.71990
0.05080	1.41414
0.05085	0.64974
0.05090	0.64974
0.05095	0.91728
0.05100	1.10838
0.05105	1.60524
0.05110	1.18482
0.05115	0.99372
0.05120	0.68796
0.05125	1.33770
0.05130	1.68168
0.05135	0.99372
0.05140	1.68168
0.05145	1.52880
0.05150	1.10838
0.05155	1.26126
0.05160	0.26754
0.05165	0.57330
0.05170	1.64346
0.05175	0.72618
0.05180	0.53508
0.05185	0.42042
0.05190	1.37592
0.05195	0.68796
0.05200	0.68796
0.05205	1.07016
0.05210	1.03194
0.05215	0.95550
0.05220	1.10838
0.05225	1.10838
0.05230	1.14660
0.05235	0.38220
0.05240	1.68168
0.05245	0.87906
0.05250	1.18482
0.05255	0.68796
0.05260	1.33770
0.05265	1.03194
0.05270	0.53508
0.05275	0.84084
0.05280	1.41414
0.05285	1.37592
0.05290	0.53508
0.05295	1.14660
0.05300	0.76440
0.05305	1.29948
0.05310	1.10838
0.05315	1.22304
0.05320	0.61152
0.05325	0.45864
0.05330	1.49058
0.05335	0.95550
0.05340	1.03194
0.05345	0.49686
0.05350	1.18482
0.05355	0.57330
0.05360	0.68796
0.05365	1.18482
0.05370	0.91728
0.05375	0.91728
0.05380	1.14660
0.05385	0.49686
0.05390	1.14660
0.05395	1.10838
0.05400	0.95550
0.05405	1.26126
0.05410	0.64974
0.05415	1.03194
0.05420	0.68796
0.05425	1.07016
0.05430	1.45236
0.05435	0.38220
0.05440	1.33770
0.05445	2.02566
0.05450	1.22304
0.05455	0.99372
0.05460	1.18482
0.05465	0.80262
0.05470	0.57330
0.05475	1.64346
0.05480	1.71990
0.05485	0.95550
0.05490	1.18482
0.05495	1.49058
0.05500	0.61152
0.05505	1.07016
0.05510	1.07016
0.05515	1.52880
0.05520	1.71990
0.05525	0.91728
0.05530	0.72618
0.05535	1.14660
0.05540	1.03194
0.05545	0.30576
0.05550	1.41414
0.05555	1.91100
0.05560	1.52880
0.05565	1.29948
0.05570	1.71990
0.05575	0.72618
0.05580	0.42042
0.05585	0.84084
0.05590	2.14032
0.05595	0.57330
0.05600	0.11466
0.05605	0.42042
0.05610	1.56702
0.05615	0.84084
0.05620	0.95550
0.05625	1.26126
0.05630	0.84084
0.05635	0.95550
0.05640	0.64974
0.05645	0.64974
0.05650	0.91728
0.05655	0.53508
0.05660	0.91728
0.05665	1.22304
0.05670	1.98744
0.05675	1.14660
0.05680	0.84084
0.05685	1.33770
0.05690	1.75812
0.05695	0.99372
0.05700	1.26126
0.05705	0.87906
0.05710	0.99372
0.05715	1.29948
0.05720	0.95550
0.05725	0.45864
0.05730	0.61152
0.05735	0.53508
0.05740	1.29948
0.05745	0.64974
0.05750	0.99372
0.05755	1.14660
0.05760	1.87278
0.05765	0.30576
0.05770	0.30576
0.05775	0.61152
0.05780	0.61152
0.05785	1.07016
0.05790	0.57330
0.05795	1.68168
0.05800	0.64974
0.05805	0.49686
0.05810	1.10838
0.05815	1.37592
0.05820	0.38220
0.05825	0.38220
0.05830	0.19110
0.05835	0.34398
0.05840	0.42042
0.05845	0.42042
0.05850	0.87906
0.05855	0.95550
0.05860	1.03194
0.05865	0.91728
0.05870	0.68796
0.05875	0.68796
0.05880	0.22932
0.05885	0.95550
0.05890	0.57330
0.05895	1.10838
0.05900	0.64974
0.05905	0.34398
0.05910	0.64974
0.05915	0.57330
0.05920	0.84084
0.05925	0.95550
0.05930	1.10838
0.05935	1.33770
0.05940	0.53508
0.05945	0.91728
0.05950	0.95550
0.05955	1.03194
0.05960	1.26126
0.05965	0.61152
0.05970	0.95550
0.05975	0.95550
0.05980	0.99372
0.05985	0.49686
0.05990	0.38220
0.05995	0.87906
0.06000	0.30576
0.06005	0.53508
0.06010	0.72618
0.06015	0.45864
0.06020	1.37592
0.06025	1.14660
0.06030	1.07016
0.06035	0.38220
0.06040	0.38220
0.06045	0.34398
0.06050	0.49686
0.06055	0.91728
0.06060	0.64974
0.06065	0.53508
0.06070	1.68168
0.06075	1.10838
0.06080	0.22932
0.06085	0.42042
0.06090	0.61152
0.06095	0.64974
0.06100	1.75812
0.06105	1.22304
0.06110	0.11466
0.06115	1.07016
0.06120	0.57330
0.06125	0.72618
0.06130	0.84084
0.06135	0.57330
0.06140	0.15288
0.06145	0.76440
0.06150	1.45236
0.06155	0.80262
0.06160	1.07016
0.06165	1.49058
0.06170	0.72618
0.06175	0.68796
0.06180	1.26126
0.06185	0.80262
0.06190	0.87906
0.06195	0.68796
0.06200	0.57330
0.06205	1.29948
0.06210	1.22304
0.06215	1.33770
0.06220	0.42042
0.06225	0.30576
0.06230	0.84084
0.06235	0.72618
0.06240	1.83456
0.06245	1.41414
0.06250	1.03194
0.06255	1.26126
0.06260	0.68796
0.06265	0.22932
0.06270	0.61152
0.06275	0.72618
0.06280	0.45864
0.06285	0.99372
0.06290	0.61152
0.06295	1.83456
0.06300	1.10838
0.06305	0.68796
0.06310	0.99372
0.06315	1.29948
0.06320	0.87906
0.06325	0.45864
0.06330	0.26754
0.06335	0.64974
0.06340	1.41414
0.06345	1.07016
0.06350	1.14660
0.06355	1.22304
0.06360	0.49686
0.06365	0.57330
0.06370	0.53508
0.06375	0.49686
0.06380	1.29948
0.06385	1.22304
0.06390	0.11466
0.06395	0.19110
0.06400	1.03194
0.06405	1.22304
0.06410	1.64346
0.06415	1.60524
0.06420	0.72618
0.06425	0.64974
0.06430	0.76440
0.06435	0.49686
0.06440	1.10838
0.06445	1.14660
0.06450	0.38220
0.06455	0.53508
0.06460	0.80262
0.06465	0.42042
0.06470	0.53508
0.06475	1.45236
0.06480	0.80262
0.06485	1.10838
0.06490	0.34398
0.06495	0.53508
0.06500	0.87906
0.06505	0.53508
0.06510	0.57330
0.06515	1.98744
0.06520	0.64974
0.06525	0.99372
0.06530	1.14660
0.06535	1.07016
0.06540	1.56702
0.06545	0.95550
0.06550	1.26126
0.06555	0.26754
0.06560	0.42042
0.06565	1.22304
0.06570	1.83456
0.06575	1.26126
0.06580	0.38220
0.06585	0.80262
0.06590	1.94922
0.06595	0.76440
0.06600	0.76440
0.06605	0.30576
0.06610	0.45864
0.06615	0.61152
0.06620	0.19110
0.06625	0.99372
0.06630	1.83456
0.06635	0.49686
0.06640	0.80262
0.06645	1.33770
0.06650	0.72618
0.06655	0.61152
0.06660	1.37592
0.06665	1.33770
0.06670	0.76440
0.06675	1.60524
0.06680	0.57330
0.06685	0.84084
0.06690	0.84084
0.06695	1.18482
0.06700	0.64974
0.06705	1.33770
0.06710	0.72618
0.06715	0.76440
0.06720	0.45864
0.06725	1.18482
0.06730	1.22304
0.06735	0.95550
0.06740	1.10838
0.06745	1.33770
0.06750	0.49686
0.06755	0.45864
0.06760	0.57330
0.06765	0.57330
0.06770	0.61152
0.06775	1.07016
0.06780	1.64346
0.06785	1.07016
0.06790	0.61152
0.06795	1.37592
0.06800	0.49686
0.06805	2.02566
0.06810	0.57330
0.06815	0.57330
0.06820	0.72618
0.06825	0.80262
0.06830	1.10838
0.06835	1.33770
0.06840	0.64974
0.06845	1.03194
0.06850	1.33770
0.06855	0.57330
0.06860	1.18482
0.06865	0.38220
0.06870	0.80262
0.06875	1.03194
0.06880	0.76440
0.06885	0.30576
0.06890	0.19110
0.06895	1.26126
0.06900	1.03194
0.06905	0.99372
0.06910	1.14660
0.06915	0.99372
0.06920	1.18482
0.06925	0.42042
0.06930	0.38220
0.06935	1.03194
0.06940	0.61152
0.06945	1.49058
0.06950	0.99372
0.06955	0.53508
0.06960	0.99372
0.06965	0.42042
0.06970	0.87906
0.06975	0.49686
0.06980	0.80262
0.06985	0.84084
0.06990	1.03194
0.06995	0.57330
0.07000	1.29948
0.07005	0.26754
0.07010	0.80262
0.07015	2.21676
0.07020	0.30576
0.07025	0.38220
0.07030	0.99372
0.07035	1.26126
0.07040	1.03194
0.07045	1.29948
0.07050	1.18482
0.07055	0.64974
0.07060	0.80262
0.07065	0.38220
0.07070	0.84084
0.07075	0.61152
0.07080	0.38220
0.07085	0.80262
0.07090	0.26754
0.07095	0.11466
0.07100	0.99372
0.07105	0.45864
0.07110	0.45864
0.07115	0.72618
0.07120	0.53508
0.07125	0.38220
0.07130	0.68796
0.07135	1.49058
0.07140	0.72618
0.07145	1.22304
0.07150	1.33770
0.07155	0.91728
0.07160	0.76440
0.07165	0.64974
0.07170	0.38220
0.07175	0.11466
0.07180	0.87906
0.07185	1.07016
0.07190	1.03194
0.07195	0.95550
0.07200	1.64346
0.07205	0.99372
0.07210	1.60524
0.07215	1.52880
0.07220	0.22932
0.07225	0.99372
0.07230	0.42042
0.07235	0.76440
0.07240	1.18482
0.07245	0.49686
0.07250	0.42042
0.07255	0.91728
0.07260	0.42042
0.07265	1.26126
0.07270	0.26754
0.07275	1.14660
0.07280	1.03194
0.07285	0.42042
0.07290	1.14660
0.07295	0.49686
0.07300	0.76440
0.07305	1.14660
0.07310	0.38220
0.07315	0.72618
0.07320	0.87906
0.07325	1.03194
0.07330	0.76440
0.07335	1.18482
0.07340	2.10210
0.07345	1.07016
0.07350	1.07016
0.07355	1.14660
0.07360	1.37592
0.07365	0.45864
0.07370	0.76440
0.07375	1.26126
0.07380	2.29320
0.07385	0.49686
0.07390	0.30576
0.07395	1.41414
0.07400	1.49058
0.07405	0.80262
0.07410	0.87906
0.07415	0.45864
0.07420	0.80262
0.07425	0.45864
0.07430	1.18482
0.07435	0.72618
0.07440	1.45236
0.07445	0.80262
0.07450	0.76440
0.07455	1.33770
0.07460	2.02566
0.07465	0.80262
0.07470	0.91728
0.07475	0.87906
0.07480	0.15288
0.07485	0.99372
0.07490	0.76440
0.07495	0.57330
0.07500	0.95550
0.07505	1.10838
0.07510	0.53508
0.07515	0.34398
0.07520	0.30576
0.07525	0.26754
0.07530	0.84084
0.07535	0.49686
0.07540	1.33770
0.07545	0.30576
0.07550	0.84084
0.07555	1.22304
0.07560	0.95550
0.07565	0.91728
0.07570	0.45864
0.07575	0.45864
0.07580	0.87906
0.07585	0.19110
0.07590	0.68796
0.07595	0.80262
0.07600	0.07644
0.07605	0.34398
0.07610	0.80262
0.07615	0.42042
0.07620	0.76440
0.07625	0.61152
0.07630	1.07016
0.07635	0.07644
0.07640	0.95550
0.07645	0.72618
0.07650	1.37592
0.07655	0.99372
0.07660	0.53508
0.07665	0.84084
0.07670	0.38220
0.07675	0.61152
0.07680	1.52880
0.07685	1.45236
0.07690	0.61152
0.07695	1.87278
0.07700	1.29948
0.07705	0.30576
0.07710	0.57330
0.07715	0.61152
0.07720	1.60524
0.07725	0.11466
0.07730	0.76440
0.07735	0.80262
0.07740	1.41414
0.07745	0.49686
0.07750	0.57330
0.07755	0.26754
0.07760	0.80262
0.07765	0.64974
0.07770	0.45864
0.07775	0.45864
0.07780	0.80262
0.07785	0.34398
0.07790	1.03194
0.07795	0.22932
0.07800	0.42042
0.07805	1.18482
0.07810	1.22304
0.07815	0.34398
0.07820	0.91728
0.07825	0.87906
0.07830	0.87906
0.07835	0.64974
0.07840	1.56702
0.07845	0.49686
0.07850	0.61152
0.07855	0.26754
0.07860	0.38220
0.07865	1.45236
0.07870	1.14660
0.07875	0.80262
0.07880	0.87906
0.07885	0.22932
0.07890	0.99372
0.07895	0.42042
0.07900	0.91728
0.07905	1.52880
0.07910	0.49686
0.07915	0.19110
0.07920	1.52880
0.07925	0.22932
0.07930	0.30576
0.07935	1.79634
0.07940	0.87906
0.07945	0.49686
0.07950	0.49686
0.07955	0.80262
0.07960	1.60524
0.07965	0.57330
0.07970	0.61152
0.07975	0.49686
0.07980	0.76440
0.07985	0.80262
0.07990	0.49686
0.07995	1.45236
0.08000	0.49686
0.08005	2.14032
0.08010	0.95550
0.08015	2.06388
0.08020	0.95550
0.08025	0.72618
0.08030	0.84084
0.08035	0.84084
0.08040	0.38220
0.08045	1.75812
0.08050	1.18482
0.08055	0.57330
0.08060	1.33770
0.08065	0.57330
0.08070	0.38220
0.08075	0.84084
0.08080	0.49686
0.08085	1.07016
0.08090	0.57330
0.08095	1.33770
0.08100	0.22932
0.08105	0.11466
0.08110	0.34398
0.08115	0.87906
0.08120	0.76440
0.08125	0.76440
0.08130	0.76440
0.08135	0.72618
0.08140	1.29948
0.08145	0.53508
0.08150	1.56702
0.08155	0.91728
0.08160	0.34398
0.08165	1.14660
0.08170	0.99372
0.08175	0.34398
0.08180	1.03194
0.08185	0.42042
0.08190	0.22932
0.08195	1.64346
0.08200	0.76440
0.08205	0.45864
0.08210	0.76440
0.08215	0.07644
0.08220	0.68796
0.08225	0.49686
0.08230	0.84084
0.08235	0.95550
0.08240	0.72618
0.08245	1.10838
0.08250	1.29948
0.08255	2.33142
0.08260	0.64974
0.08265	1.18482
0.08270	0.34398
0.08275	0.76440
0.08280	0.87906
0.08285	0.38220
0.08290	1.22304
0.08295	0.53508
0.08300	0.64974
0.08305	0.61152
0.08310	0.87906
0.08315	1.49058
0.08320	0.91728
0.08325	1.60524
0.08330	1.87278
0.08335	0.72618
0.08340	1.29948
0.08345	1.60524
0.08350	0.80262
0.08355	0.42042
0.08360	-0.00000
0.08365	0.91728
0.08370	0.53508
0.08375	0.45864
0.08380	0.26754
0.08385	1.45236
0.08390	1.33770
0.08395	0.95550
0.08400	0.68796
0.08405	0.45864
0.08410	0.22932
0.08415	0.72618
0.08420	0.42042
0.08425	1.41414
0.08430	1.03194
0.08435	1.18482
0.08440	1.14660
0.08445	1.37592
0.08450	0.84084
0.08455	1.56702
0.08460	1.03194
0.08465	1.49058
0.08470	1.71990
0.08475	0.64974
0.08480	0.64974
0.08485	0.87906
0.08490	0.22932
0.08495	1.10838
0.08500	1.07016
0.08505	1.56702
0.08510	0.68796
0.08515	0.64974
0.08520	0.38220
0.08525	0.91728
0.08530	0.80262
0.08535	0.76440
0.08540	0.61152
0.08545	0.64974
0.08550	0.84084
0.08555	0.95550
0.08560	0.64974
0.08565	0.99372
0.08570	0.42042
0.08575	0.99372
0.08580	0.61152
0.08585	0.45864
0.08590	0.76440
0.08595	0.87906
0.08600	0.49686
0.08605	0.38220
0.08610	1.41414
0.08615	1.56702
0.08620	1.07016
0.08625	1.49058
0.08630	0.91728
0.08635	0.38220
0.08640	0.26754
0.08645	0.53508
0.08650	1.14660
0.08655	1.03194
0.08660	1.37592
0.08665	0.11466
0.08670	0.91728
0.08675	0.49686
0.08680	0.64974
0.08685	1.64346
0.08690	1.10838
0.08695	1.22304
0.08700	0.91728
0.08705	0.64974
0.08710	0.30576
0.08715	0.22932
0.08720	0.68796
0.08725	1.60524
0.08730	0.95550
0.08735	0.07644
0.08740	0.76440
0.08745	0.95550
0.08750	0.42042
0.08755	1.14660
0.08760	0.42042
0.08765	0.42042
0.08770	1.03194
0.08775	1.18482
0.08780	0.91728
0.08785	0.49686
0.08790	0.99372
0.08795	0.45864
0.08800	0.61152
0.08805	1.10838
0.08810	0.34398
0.08815	0.42042
0.08820	0.53508
0.08825	0.53508
0.08830	0.91728
0.08835	0.57330
0.08840	0.45864
0.08845	0.11466
0.08850	0.03822
0.08855	0.30576
0.08860	0.76440
0.08865	0.68796
0.08870	0.53508
0.08875	0.64974
0.08880	1.07016
0.08885	0.07644
0.08890	0.72618
0.08895	1.03194
0.08900	0.15288
0.08905	1.14660
0.08910	0.91728
0.08915	0.42042
0.08920	0.91728
0.08925	0.76440
0.08930	0.19110
0.08935	1.07016
0.08940	1.03194
0.08945	1.71990
0.08950	0.30576
0.08955	0.45864
0.08960	0.95550
0.08965	0.99372
0.08970	0.80262
0.08975	0.49686
0.08980	1.37592
0.08985	1.41414
0.08990	0.53508
0.08995	0.53508
0.09000	0.42042
0.09005	0.91728
0.09010	0.99372
0.09015	0.72618
0.09020	1.41414
0.09025	1.03194
0.09030	0.22932
0.09035	1.18482
0.09040	0.15288
0.09045	0.87906
0.09050	0.30576
0.09055	1.07016
0.09060	0.72618
0.09065	1.33770
0.09070	1.07016
0.09075	0.95550
0.09080	0.45864
0.09085	1.18482
0.09090	0.38220
0.09095	1.33770
0.09100	0.22932
0.09105	0.95550
0.09110	0.34398
0.09115	0.26754
0.09120	1.22304
0.09125	1.10838
0.09130	1.07016
0.09135	0.61152
0.09140	1.64346
0.09145	1.10838
0.09150	0.15288
0.09155	0.61152
0.09160	0.49686
0.09165	1.37592
0.09170	1.03194
0.09175	0.72618
0.09180	0.84084
0.09185	1.07016
0.09190	0.30576
0.09195	0.49686
0.09200	0.61152
0.09205	1.60524
0.09210	0.22932
0.09215	0.53508
0.09220	0.95550
0.09225	0.64974
0.09230	0.34398
0.09235	1.22304
0.09240	0.57330
0.09245	0.99372
0.09250	0.61152
0.09255	1.03194
0.09260	0.91728
0.09265	0.53508
0.09270	1.37592
0.09275	0.84084
0.09280	0.91728
0.09285	1.68168
0.09290	0.26754
0.09295	0.84084
0.09300	0.95550
0.09305	0.30576
0.09310	1.10838
0.09315	1.94922
0.09320	0.57330
0.09325	0.91728
0.09330	0.30576
0.09335	0.45864
0.09340	0.80262
0.09345	1.07016
0.09350	1.22304
0.09355	1.07016
0.09360	0.49686
0.09365	0.38220
0.09370	0.84084
0.09375	0.72618
0.09380	0.53508
0.09385	1.18482
0.09390	0.11466
0.09395	0.87906
0.09400	0.49686
0.09405	0.80262
0.09410	0.57330
0.09415	0.84084
0.09420	1.18482
0.09425	0.87906
0.09430	0.64974
0.09435	0.99372
0.09440	0.64974
0.09445	0.68796
0.09450	1.22304
0.09455	0.68796
0.09460	1.18482
0.09465	1.03194
0.09470	1.83456
0.09475	0.03822
0.09480	0.91728
0.09485	1.10838
0.09490	0.53508
0.09495	1.07016
0.09500	0.80262
0.09505	1.03194
0.09510	0.72618
0.09515	0.42042
0.09520	0.22932
0.09525	0.61152
0.09530	0.61152
0.09535	0.80262
0.09540	0.76440
0.09545	0.87906
0.09550	1.26126
0.09555	0.30576
0.09560	1.07016
0.09565	1.45236
0.09570	0.72618
0.09575	0.49686
0.09580	0.30576
0.09585	0.38220
0.09590	1.10838
0.09595	0.45864
0.09600	1.33770
0.09605	0.49686
0.09610	0.53508
0.09615	1.52880
0.09620	1.45236
0.09625	1.37592
0.09630	1.07016
0.09635	1.14660
0.09640	0.61152
0.09645	0.38220
0.09650	0.26754
0.09655	0.57330
0.09660	1.22304
0.09665	0.49686
0.09670	0.03822
0.09675	-0.00000
0.09680	0.53508
0.09685	0.84084
0.09690	0.68796
0.09695	0.34398
0.09700	0.42042
0.09705	0.49686
0.09710	0.91728
0.09715	1.18482
0.09720	0.80262
0.09725	0.68796
0.09730	0.49686
0.09735	0.19110
0.09740	0.99372
0.09745	1.03194
0.09750	0.95550
0.09755	0.72618
0.09760	1.33770
0.09765	1.14660
0.09770	1.07016
0.09775	0.49686
0.09780	0.64974
0.09785	0.30576
0.09790	0.45864
0.09795	0.57330
0.09800	0.99372
0.09805	0.30576
0.09810	0.68796
0.09815	1.33770
0.09820	0.57330
0.09825	0.84084
0.09830	0.68796
0.09835	1.33770
0.09840	1.83456
0.09845	0.30576
0.09850	0.61152
0.09855	0.87906
0.09860	1.26126
0.09865	0.61152
0.09870	0.53508
0.09875	0.84084
0.09880	0.30576
0.09885	1.18482
0.09890	0.34398
0.09895	1.45236
0.09900	0.19110
0.09905	1.49058
0.09910	0.80262
0.09915	1.07016
0.09920	0.61152
0.09925	1.07016
0.09930	0.49686
0.09935	0.64974
0.09940	0.87906
0.09945	0.68796
0.09950	0.22932
0.09955	1.22304
0.09960	0.57330
0.09965	0.49686
0.09970	0.80262
0.09975	1.87278
0.09980	0.45864
0.09985	0.68796
0.09990	1.75812
0.09995	1.18482
0.10000	1.03194
0.10005	1.14660
0.10010	0.64974
0.10015	0.57330
0.10020	0.91728
0.10025	1.41414
0.10030	0.80262
0.10035	0.42042
0.10040	0.57330
0.10045	1.18482
0.10050	0.84084
0.10055	0.64974
0.10060	1.10838
0.10065	0.99372
0.10070	0.68796
0.10075	0.57330
0.10080	0.99372
0.10085	1.71990
0.10090	0.68796
0.10095	0.22932
0.10100	0.42042
0.10105	1.64346
0.10110	1.37592
0.10115	1.07016
0.10120	0.15288
0.10125	0.03822
0.10130	0.53508
0.10135	0.64974
0.10140	0.80262
0.10145	1.26126
0.10150	1.56702
0.10155	0.38220
0.10160	0.61152
0.10165	1.33770
0.10170	0.19110
0.10175	0.61152
0.10180	0.76440
0.10185	1.03194
0.10190	0.22932
0.10195	0.72618
0.10200	0.49686
0.10205	0.26754
0.10210	0.30576
0.10215	0.76440
0.10220	0.64974
0.10225	0.57330
0.10230	1.41414
0.10235	0.80262
0.10240	0.42042
0.10245	0.72618
0.10250	0.42042
0.10255	0.15288
0.10260	0.22932
0.10265	0.64974
0.10270	0.87906
0.10275	0.61152
0.10280	0.76440
0.10285	1.45236
0.10290	1.10838
0.10295	0.38220
0.10300	0.49686
0.10305	0.26754
0.10310	0.57330
0.10315	0.72618
0.10320	0.91728
0.10325	0.80262
0.10330	0.57330
0.10335	0.80262
0.10340	0.76440
0.10345	0.34398
0.10350	0.22932
0.10355	0.61152
0.10360	0.80262
0.10365	0.99372
0.10370	1.14660
0.10375	0.15288
0.10380	0.26754
0.10385	0.80262
0.10390	0.87906
0.10395	0.19110
0.10400	0.34398
0.10405	0.84084
0.10410	1.14660
0.10415	1.68168
0.10420	0.34398
0.10425	0.91728
0.10430	0.72618
0.10435	1.87278
0.10440	0.38220
0.10445	0.53508
0.10450	0.91728
0.10455	2.44608
0.10460	0.99372
0.10465	0.64974
0.10470	0.87906
0.10475	0.80262
0.10480	0.53508
0.10485	0.15288
0.10490	0.80262
0.10495	1.56702
0.10500	1.68168
0.10505	0.42042
0.10510	1.45236
0.10515	0.61152
0.10520	0.34398
0.10525	0.76440
0.10530	0.68796
0.10535	0.38220
0.10540	0.30576
0.10545	0.64974
0.10550	0.64974
0.10555	0.45864
0.10560	0.26754
0.10565	0.72618
0.10570	0.91728
0.10575	1.83456
0.10580	1.03194
0.10585	0.80262
0.10590	0.95550
0.10595	0.61152
0.10600	1.29948
0.10605	0.72618
0.10610	0.53508
0.10615	0.72618
0.10620	1.10838
0.10625	1.18482
0.10630	0.91728
0.10635	2.25498
0.10640	0.76440
0.10645	0.80262
0.10650	0.45864
0.10655	0.76440
0.10660	0.38220
0.10665	0.99372
0.10670	0.80262
0.10675	1.29948
0.10680	1.26126
0.10685	0.64974
0.10690	0.99372
0.10695	0.19110
0.10700	1.45236
0.10705	0.64974
0.10710	0.99372
0.10715	1.60524
0.10720	0.57330
0.10725	0.64974
0.10730	0.72618
0.10735	0.15288
0.10740	0.87906
0.10745	1.29948
0.10750	0.61152
0.10755	0.84084
0.10760	2.82828
0.10765	0.68796
0.10770	0.49686
0.10775	0.30576
0.10780	0.19110
0.10785	0.64974
0.10790	0.68796
0.10795	0.26754
0.10800	0.11466
0.10805	0.45864
0.10810	1.37592
0.10815	1.14660
0.10820	0.76440
0.10825	0.26754
0.10830	0.34398
0.10835	0.72618
0.10840	0.76440
0.10845	0.80262
0.10850	0.72618
0.10855	0.26754
0.10860	0.57330
0.10865	0.49686
0.10870	0.99372
0.10875	0.53508
0.10880	0.72618
0.10885	0.53508
0.10890	0.87906
0.10895	0.22932
0.10900	0.64974
0.10905	0.68796
0.10910	1.07016
0.10915	1.22304
0.10920	1.26126
0.10925	1.29948
0.10930	1.03194
0.10935	0.61152
0.10940	0.95550
0.10945	0.53508
0.10950	1.29948
0.10955	0.34398
0.10960	0.64974
0.10965	0.57330
0.10970	0.42042
0.10975	0.61152
0.10980	0.38220
0.10985	1.10838
0.10990	1.03194
0.10995	0.61152
0.11000	0.68796
0.11005	0.84084
0.11010	1.49058
0.11015	0.30576
0.11020	1.10838
0.11025	0.76440
0.11030	1.37592
0.11035	1.26126
0.11040	0.72618
0.11045	0.61152
0.11050	0.30576
0.11055	0.38220
0.11060	1.26126
0.11065	0.49686
0.11070	0.99372
0.11075	1.60524
0.11080	0.42042
0.11085	0.15288
0.11090	1.75812
0.11095	0.53508
0.11100	1.03194
0.11105	0.99372
0.11110	0.53508
0.11115	1.03194
0.11120	0.49686
0.11125	0.95550
0.11130	0.11466
0.11135	0.87906
0.11140	1.10838
0.11145	0.45864
0.11150	1.03194
0.11155	0.91728
0.11160	0.19110
0.11165	0.26754
0.11170	0.68796
0.11175	0.22932
0.11180	0.76440
0.11185	0.53508
0.11190	1.33770
0.11195	0.80262
0.11200	0.45864
0.11205	1.10838
0.11210	0.68796
0.11215	0.42042
0.11220	0.49686
0.11225	0.49686
0.11230	0.68796
0.11235	0.80262
0.11240	0.49686
0.11245	0.57330
0.11250	1.14660
0.11255	0.42042
0.11260	0.84084
0.11265	-0.00000
0.11270	1.10838
0.11275	1.18482
0.11280	0.26754
0.11285	0.95550
0.11290	0.19110
0.11295	0.61152
0.11300	0.84084
0.11305	0.07644
0.11310	0.19110
0.11315	0.72618
0.11320	0.76440
0.11325	1.75812
0.11330	0.87906
0.11335	1.45236
0.11340	1.07016
0.11345	0.95550
0.11350	0.72618
0.11355	0.53508
0.11360	0.53508
0.11365	1.07016
0.11370	0.30576
0.11375	1.10838
0.11380	0.72618
0.11385	0.84084
0.11390	0.49686
0.11395	0.57330
0.11400	1.10838
0.11405	0.91728
0.11410	1.03194
0.11415	0.91728
0.11420	0.72618
0.11425	1.26126
0.11430	0.30576
0.11435	0.38220
0.11440	0.76440
0.11445	0.53508
0.11450	0.80262
0.11455	1.07016
0.11460	1.03194
0.11465	0.38220
0.11470	0.49686
0.11475	0.49686
0.11480	1.18482
0.11485	0.80262
0.11490	0.57330
0.11495	1.07016
0.11500	1.07016
0.11505	0.07644
0.11510	1.03194
0.11515	0.38220
0.11520	0.42042
0.11525	1.22304
0.11530	0.49686
0.11535	1.03194
0.11540	1.45236
0.11545	0.68796
0.11550	0.53508
0.11555	1.71990
0.11560	0.76440
0.11565	0.80262
0.11570	1.22304
0.11575	1.26126
0.11580	1.14660
0.11585	0.87906
0.11590	1.07016
0.11595	0.61152
0.11600	0.84084
0.11605	2.17854
0.11610	0.30576
0.11615	0.53508
0.11620	1.26126
0.11625	1.52880
0.11630	0.49686
0.11635	0.26754
0.11640	0.68796
0.11645	0.72618
0.11650	1.22304
0.11655	0.42042
0.11660	0.53508
0.11665	0.19110
0.11670	0.91728
0.11675	0.76440
0.11680	0.22932
0.11685	1.71990
0.11690	0.61152
0.11695	0.07644
0.11700	0.45864
0.11705	0.57330
0.11710	0.42042
0.11715	1.10838
0.11720	1.52880
0.11725	0.22932
0.11730	1.49058
0.11735	0.57330
0.11740	1.18482
0.11745	1.26126
0.11750	1.18482
0.11755	1.71990
0.11760	1.22304
0.11765	0.95550
0.11770	0.38220
0.11775	0.53508
0.11780	1.33770
0.11785	0.84084
0.11790	0.72618
0.11795	1.68168
0.11800	0.64974
0.11805	0.84084
0.11810	0.61152
0.11815	0.91728
0.11820	0.72618
0.11825	0.42042
0.11830	0.42042
0.11835	0.76440
0.11840	0.45864
0.11845	0.26754
0.11850	1.03194
0.11855	1.22304
0.11860	0.68796
0.11865	1.45236
0.11870	0.11466
0.11875	1.10838
0.11880	0.49686
0.11885	0.45864
0.11890	0.64974
0.11895	1.14660
0.11900	0.68796
0.11905	0.38220
0.11910	2.25498
0.11915	0.49686
0.11920	0.80262
0.11925	1.87278
0.11930	0.49686
0.11935	1.33770
0.11940	0.45864
0.11945	0.61152
0.11950	1.18482
0.11955	0.49686
0.11960	0.68796
0.11965	0.68796
0.11970	0.03822
0.11975	1.03194
0.11980	0.72618
0.11985	0.99372
0.11990	0.87906
0.11995	1.07016
0.12000	0.64974
0.12005	1.22304
0.12010	0.76440
0.12015	0.19110
0.12020	0.22932
0.12025	0.95550
0.12030	0.80262
0.12035	0.91728
0.12040	0.38220
0.12045	0.11466
0.12050	0.80262
0.12055	0.15288
0.12060	0.30576
0.12065	1.10838
0.12070	0.87906
0.12075	0.19110
0.12080	1.49058
0.12085	0.72618
0.12090	0.53508
0.12095	0.49686
0.12100	0.80262
0.12105	0.61152
0.12110	0.95550
0.12115	0.68796
0.12120	0.42042
0.12125	0.72618
0.12130	1.56702
0.12135	1.64346
0.12140	0.95550
0.12145	1.26126
0.12150	0.87906
0.12155	0.64974
0.12160	0.30576
0.12165	2.02566
0.12170	0.68796
0.12175	1.41414
0.12180	1.29948
0.12185	1.07016
0.12190	0.68796
0.12195	1.03194
0.12200	0.22932
0.12205	0.80262
0.12210	0.80262
0.12215	0.57330
0.12220	2.71362
0.12225	1.26126
0.12230	0.84084
0.12235	0.91728
0.12240	0.95550
0.12245	0.19110
0.12250	0.68796
0.12255	0.68796
0.12260	0.80262
0.12265	1.03194
0.12270	0.49686
0.12275	0.76440
0.12280	0.99372
0.12285	1.37592
0.12290	0.80262
0.12295	0.95550
0.12300	0.87906
0.12305	1.18482
0.12310	0.49686
0.12315	0.76440
0.12320	0.84084
0.12325	1.33770
0.12330	0.53508
0.12335	1.29948
0.12340	0.91728
0.12345	1.07016
0.12350	1.29948
0.12355	1.10838
0.12360	1.37592
0.12365	0.42042
0.12370	0.49686
0.12375	0.76440
0.12380	0.99372
0.12385	1.22304
0.12390	0.80262
0.12395	0.19110
0.12400	0.42042
0.12405	1.91100
0.12410	0.84084
0.12415	0.34398
0.12420	0.53508
0.12425	0.72618
0.12430	0.99372
0.12435	1.10838
0.12440	0.72618
0.12445	1.07016
0.12450	0.30576
0.12455	0.91728
0.12460	0.72618
0.12465	0.34398
0.12470	0.11466
0.12475	0.99372
0.12480	0.57330
0.12485	0.49686
0.12490	0.53508
0.12495	0.64974
0.12500	0.53508
0.12505	0.07644
0.12510	1.10838
0.12515	0.68796
0.12520	0.87906
0.12525	2.06388
0.12530	0.61152
0.12535	0.45864
0.12540	1.18482
0.12545	0.45864
0.12550	0.49686
0.12555	0.30576
0.12560	0.38220
0.12565	0.42042
0.12570	0.07644
0.12575	0.38220
0.12580	0.72618
0.12585	0.22932
0.12590	0.22932
0.12595	0.53508
0.12600	0.72618
0.12605	0.72618
0.12610	0.76440
0.12615	1.14660
0.12620	0.07644
0.12625	0.61152
0.12630	1.14660
0.12635	1.07016
0.12640	0.53508
0.12645	0.80262
0.12650	1.22304
0.12655	0.49686
0.12660	0.34398
0.12665	0.76440
0.12670	1.07016
0.12675	0.42042
0.12680	0.38220
0.12685	0.84084
0.12690	0.42042
0.12695	0.00000
0.12700	1.07016
0.12705	1.10838
0.12710	0.95550
0.12715	0.91728
0.12720	0.34398
0.12725	1.07016
0.12730	1.03194
0.12735	0.30576
0.12740	1.33770
0.12745	0.30576
0.12750	0.68796
0.12755	0.22932
0.12760	0.57330
0.12765	0.68796
0.12770	0.80262
0.12775	1.45236
0.12780	0.91728
0.12785	1.14660
0.12790	0.38220
0.12795	1.26126
0.12800	0.68796
0.12805	0.26754
0.12810	0.72618
0.12815	0.49686
0.12820	0.91728
0.12825	0.42042
0.12830	1.52880
0.12835	1.33770
0.12840	0.03822
0.12845	0.30576
0.12850	0.22932
0.12855	0.19110
0.12860	0.91728
0.12865	1.14660
0.12870	0.95550
0.12875	0.57330
0.12880	0.49686
0.12885	0.91728
0.12890	0.26754
0.12895	0.99372
0.12900	0.91728
0.12905	1.49058
0.12910	0.19110
0.12915	0.11466
0.12920	1.75812
0.12925	0.49686
0.12930	0.72618
0.12935	0.76440
0.12940	0.53508
0.12945	0.45864
0.12950	0.68796
0.12955	0.76440
0.12960	0.76440
0.12965	0.38220
0.12970	0.57330
0.12975	1.07016
0.12980	0.68796
0.12985	0.49686
0.12990	0.15288
0.12995	0.30576
0.13000	0.03822
0.13005	0.34398
0.13010	0.22932
0.13015	0.72618
0.13020	0.80262
0.13025	0.15288
0.13030	0.61152
0.13035	0.34398
0.13040	0.61152
0.13045	1.07016
0.13050	0.99372
0.13055	1.45236
0.13060	0.80262
0.13065	0.42042
0.13070	0.26754
0.13075	1.45236
0.13080	0.38220
0.13085	1.49058
0.13090	0.87906
0.13095	0.80262
0.13100	0.61152
0.13105	0.76440
0.13110	0.99372
0.13115	1.29948
0.13120	0.84084
0.13125	1.18482
0.13130	1.03194
0.13135	0.45864
0.13140	0.68796
0.13145	0.68796
0.13150	0.30576
0.13155	0.38220
0.13160	0.99372
0.13165	0.57330
0.13170	0.61152
0.13175	0.26754
0.13180	0.61152
0.13185	1.10838
0.13190	0.19110
0.13195	0.53508
0.13200	0.19110
0.13205	1.41414
0.13210	1.03194
0.13215	1.75812
0.13220	0.87906
0.13225	0.26754
0.13230	1.03194
0.13235	0.15288
0.13240	0.64974
0.13245	0.34398
0.13250	0.42042
0.13255	1.03194
0.13260	1.26126
0.13265	1.14660
0.13270	1.60524
0.13275	1.56702
0.13280	0.34398
0.13285	0.61152
0.13290	0.99372
0.13295	0.57330
0.13300	1.10838
0.13305	0.38220
0.13310	0.53508
0.13315	0.64974
0.13320	0.68796
0.13325	0.95550
0.13330	1.07016
0.13335	0.95550
0.13340	0.80262
0.13345	0.38220
0.13350	1.22304
0.13355	1.10838
0.13360	1.45236
0.13365	0.68796
0.13370	0.57330
0.13375	0.15288
0.13380	0.00000
0.13385	1.98744
0.13390	0.61152
0.13395	0.76440
0.13400	1.10838
0.13405	0.22932
0.13410	0.30576
0.13415	0.64974
0.13420	1.41414
0.13425	0.57330
0.13430	0.53508
0.13435	0.68796
0.13440	0.95550
0.13445	0.22932
0.13450	1.07016
0.13455	0.64974
0.13460	-0.00000
0.13465	0.42042
0.13470	0.34398
0.13475	0.22932
0.13480	0.76440
0.13485	0.61152
0.13490	0.72618
0.13495	0.45864
0.13500	0.26754
0.13505	0.61152
0.13510	0.68796
0.13515	0.68796
0.13520	0.42042
0.13525	1.22304
0.13530	0.95550
0.13535	0.15288
0.13540	1.29948
0.13545	0.91728
0.13550	0.30576
0.13555	0.42042
0.13560	1.07016
0.13565	1.52880
0.13570	1.14660
0.13575	1.07016
0.13580	0.64974
0.13585	0.15288
0.13590	0.26754
0.13595	0.57330
0.13600	0.15288
0.13605	0.91728
0.13610	0.57330
0.13615	0.72618
0.13620	1.87278
0.13625	0.38220
0.13630	0.42042
0.13635	0.53508
0.13640	1.98744
0.13645	0.34398
0.13650	1.56702
0.13655	0.53508
0.13660	0.30576
0.13665	0.57330
0.13670	0.45864
0.13675	0.03822
0.13680	0.53508
0.13685	0.34398
0.13690	0.30576
0.13695	1.33770
0.13700	0.64974
0.13705	0.49686
0.13710	0.87906
0.13715	0.95550
0.13720	1.03194
0.13725	0.57330
0.13730	1.07016
0.13735	0.30576
0.13740	1.14660
0.13745	0.80262
0.13750	0.45864
0.13755	0.53508
0.13760	0.84084
0.13765	1.56702
0.13770	0.42042
0.13775	0.72618
0.13780	0.53508
0.13785	0.15288
0.13790	0.11466
0.13795	0.30576
0.13800	0.49686
0.13805	0.87906
0.13810	0.30576
0.13815	0.76440
0.13820	0.53508
0.13825	1.37592
0.13830	0.80262
0.13835	0.87906
0.13840	0.42042
0.13845	1.33770
0.13850	1.18482
0.13855	1.83456
0.13860	1.33770
0.13865	1.41414
0.13870	1.14660
0.13875	1.10838
0.13880	0.45864
0.13885	0.72618
0.13890	1.64346
0.13895	0.76440
0.13900	0.57330
0.13905	0.19110
0.13910	0.30576
0.13915	0.57330
0.13920	0.22932
0.13925	1.14660
0.13930	0.42042
0.13935	1.10838
0.13940	0.95550
0.13945	1.41414
0.13950	0.76440
0.13955	0.61152
0.13960	0.76440
0.13965	1.52880
0.13970	0.30576
0.13975	1.18482
0.13980	1.56702
0.13985	0.45864
0.13990	0.61152
0.13995	0.42042
0.14000	0.72618
0.14005	1.07016
0.14010	0.26754
0.14015	0.34398
0.14020	1.07016
0.14025	0.68796
0.14030	0.11466
0.14035	0.91728
0.14040	0.72618
0.14045	0.64974
0.14050	0.76440
0.14055	0.11466
0.14060	0.53508
0.14065	0.19110
0.14070	1.18482
0.14075	0.57330
0.14080	0.84084
0.14085	1.10838
0.14090	0.26754
0.14095	1.29948
0.14100	0.87906
0.14105	2.14032
0.14110	1.26126
0.14115	2.75184
0.14120	2.33142
0.14125	2.33142
0.14130	4.28064
0.14135	5.08326
0.14140	6.30630
0.14145	6.11520
0.14150	7.41468
0.14155	13.26234
0.14160	15.89952
0.14165	25.30164
0.14170	31.64616
0.14175	32.29590
0.14180	44.14410
0.14185	44.06766
0.14190	60.15828
0.14195	69.02532
0.14200	76.55466
0.14205	86.41542
0.14210	81.71436
0.14215	93.29502
0.14220	93.48612
0.14225	90.92538
0.14230	94.97670
0.14235	85.61280
0.14240	81.21750
0.14245	70.24836
0.14250	69.44574
0.14255	57.02424
0.14260	48.27186
0.14265	51.97920
0.14270	38.37288
0.14275	28.01526
0.14280	26.67756
0.14285	33.97758
0.14290	29.65872
0.14295	22.43514
0.14300	22.58802
0.14305	28.20636
0.14310	19.75974
0.14315	17.54298
0.14320	15.67020
0.14325	16.09062
0.14330	12.95658
0.14335	13.79742
0.14340	11.04558
0.14345	7.94976
0.14350	9.66966
0.14355	9.55500
0.14360	11.88642
0.14365	10.54872
0.14370	8.02620
0.14375	7.30002
0.14380	9.44034
0.14385	10.24296
0.14390	7.75866
0.14395	8.21730
0.14400	7.18536
0.14405	5.42724
0.14410	6.57384
0.14415	4.58640
0.14420	7.10892
0.14425	5.50368
0.14430	5.35080
0.14435	5.46546
0.14440	10.16652
0.14445	7.52934
0.14450	8.17908
0.14455	6.68850
0.14460	5.92410
0.14465	5.80944
0.14470	5.04504
0.14475	4.01310
0.14480	5.88588
0.14485	4.20420
0.14490	5.46546
0.14495	5.31258
0.14500	5.84766
0.14505	6.19164
0.14510	5.42724
0.14515	4.93038
0.14520	6.61206
0.14525	4.66284
0.14530	5.96232
0.14535	4.39530
0.14540	6.80316
0.14545	3.21048
0.14550	5.92410
0.14555	5.00682
0.14560	4.39530
0.14565	4.50996
0.14570	7.07070
0.14575	4.77750
0.14580	4.89216
0.14585	4.73928
0.14590	3.82200
0.14595	5.23614
0.14600	4.12776
0.14605	3.97488
0.14610	3.40158
0.14615	3.97488
0.14620	3.05760
0.14625	4.89216
0.14630	3.51624
0.14635	2.25498
0.14640	5.00682
0.14645	4.12776
0.14650	2.63718
0.14655	5.58012
0.14660	4.12776
0.14665	2.79006
0.14670	5.38902
0.14675	4.73928
0.14680	4.43352
0.14685	5.00682
0.14690	3.82200
0.14695	3.89844
0.14700	3.05760
0.14705	4.12776
0.14710	2.36964
0.14715	4.20420
0.14720	4.54818
0.14725	5.31258
0.14730	3.13404
0.14735	5.54190
0.14740	4.50996
0.14745	4.01310
0.14750	5.04504
0.14755	3.63090
0.14760	3.21048
0.14765	4.35708
0.14770	4.89216
0.14775	1.64346
0.14780	4.12776
0.14785	4.39530
0.14790	3.28692
0.14795	3.47802
0.14800	3.93666
0.14805	2.33142
0.14810	4.96860
0.14815	3.43980
0.14820	2.71362
0.14825	2.14032
0.14830	3.24870
0.14835	4.28064
0.14840	2.94294
0.14845	3.17226
0.14850	2.90472
0.14855	3.28692
0.14860	3.05760
0.14865	3.36336
0.14870	2.86650
0.14875	2.36964
0.14880	4.12776
0.14885	3.47802
0.14890	2.48430
0.14895	4.47174
0.14900	4.05132
0.14905	3.21048
0.14910	4.89216
0.14915	4.28064
0.14920	3.13404
0.14925	1.64346
0.14930	2.67540
0.14935	2.86650
0.14940	1.22304
0.14945	2.56074
0.14950	2.71362
0.14955	2.36964
0.14960	2.94294
0.14965	2.33142
0.14970	2.94294
0.14975	3.17226
0.14980	3.93666
0.14985	2.06388
0.14990	3.63090
0.14995	2.79006
0.15000	2.29320
0.15005	4.08954
0.15010	2.52252
0.15015	2.63718
0.15020	2.40786
0.15025	3.78378
0.15030	2.82828
0.15035	4.16598
0.15040	4.08954
0.15045	2.94294
0.15050	3.09582
0.15055	3.59268
0.15060	1.68168
0.15065	2.25498
0.15070	4.89216
0.15075	3.40158
0.15080	2.63718
0.15085	2.94294
0.15090	3.21048
0.15095	3.47802
0.15100	4.12776
0.15105	3.09582
0.15110	2.44608
0.15115	3.36336
0.15120	4.01310
0.15125	2.14032
0.15130	2.75184
0.15135	3.05760
0.15140	3.78378
0.15145	2.67540
0.15150	3.01938
0.15155	3.74556
0.15160	3.70734
0.15165	4.89216
0.15170	4.35708
0.15175	1.91100
0.15180	2.71362
0.15185	2.98116
0.15190	3.82200
0.15195	2.44608
0.15200	3.66912
0.15205	2.75184
0.15210	2.75184
0.15215	1.98744
0.15220	3.09582
0.15225	2.33142
0.15230	3.66912
0.15235	3.59268
0.15240	4.20420
0.15245	3.66912
0.15250	1.71990
0.15255	1.79634
0.15260	3.28692
0.15265	3.13404
0.15270	1.45236
0.15275	3.97488
0.15280	2.17854
0.15285	3.86022
0.15290	3.28692
0.15295	2.48430
0.15300	1.33770
0.15305	3.05760
0.15310	3.32514
0.15315	3.17226
0.15320	1.98744
0.15325	2.21676
0.15330	2.59896
0.15335	3.43980
0.15340	3.13404
0.15345	1.71990
0.15350	2.86650
0.15355	2.59896
0.15360	3.86022
0.15365	2.79006
0.15370	2.94294
0.15375	2.06388
0.15380	2.75184
0.15385	2.94294
0.15390	1.75812
0.15395	2.56074
0.15400	2.48430
0.15405	3.63090
0.15410	1.03194
0.15415	1.68168
0.15420	2.71362
0.15425	3.01938
0.15430	3.93666
0.15435	2.98116
0.15440	1.26126
0.15445	2.33142
0.15450	2.86650
0.15455	1.83456
0.15460	1.45236
0.15465	2.06388
0.15470	2.36964
0.15475	4.20420
0.15480	2.36964
0.15485	2.14032
0.15490	1.98744
0.15495	1.52880
0.15500	1.94922
0.15505	1.64346
0.15510	1.75812
0.15515	1.49058
0.15520	2.40786
0.15525	3.89844
0.15530	3.47802
0.15535	1.33770
0.15540	1.07016
0.15545	2.63718
0.15550	1.75812
0.15555	2.67540
0.15560	1.94922
0.15565	2.94294
0.15570	2.06388
0.15575	1.60524
0.15580	1.60524
0.15585	1.68168
0.15590	2.02566
0.15595	3.55446
0.15600	1.37592
0.15605	1.64346
0.15610	2.48430
0.15615	2.67540
0.15620	1.83456
0.15625	2.56074
0.15630	4.16598
0.15635	3.51624
0.15640	4.58640
0.15645	1.71990
0.15650	2.79006
0.15655	2.56074
0.15660	4.20420
0.15665	1.14660
0.15670	2.25498
0.15675	2.52252
0.15680	2.21676
0.15685	2.40786
0.15690	1.71990
0.15695	2.71362
0.15700	2.94294
0.15705	2.75184
0.15710	1.26126
0.15715	2.10210
0.15720	2.59896
0.15725	3.05760
0.15730	1.71990
0.15735	1.94922
0.15740	1.91100
0.15745	2.02566
0.15750	4.28064
0.15755	2.21676
0.15760	2.33142
0.15765	3.17226
0.15770	2.75184
0.15775	3.28692
0.15780	1.91100
0.15785	2.25498
0.15790	1.87278
0.15795	2.86650
0.15800	1.52880
0.15805	1.56702
0.15810	1.75812
0.15815	2.75184
0.15820	1.22304
0.15825	1.71990
0.15830	2.56074
0.15835	2.06388
0.15840	2.56074
0.15845	1.94922
0.15850	2.86650
0.15855	2.56074
0.15860	1.71990
0.15865	3.55446
0.15870	2.94294
0.15875	2.44608
0.15880	2.71362
0.15885	1.79634
0.15890	1.41414
0.15895	1.41414
0.15900	3.32514
0.15905	1.52880
0.15910	1.98744
0.15915	2.48430
0.15920	3.74556
0.15925	3.01938
0.15930	3.05760
0.15935	2.17854
0.15940	1.56702
0.15945	2.17854
0.15950	2.86650
0.15955	2.71362
0.15960	2.17854
0.15965	1.45236
0.15970	1.94922
0.15975	1.18482
0.15980	2.59896
0.15985	2.29320
0.15990	1.91100
0.15995	0.87906
0.16000	2.79006
0.16005	2.56074
0.16010	3.51624
0.16015	2.71362
0.16020	2.71362
0.16025	2.21676
0.16030	2.40786
0.16035	1.94922
0.16040	3.74556
0.16045	2.48430
0.16050	0.61152
0.16055	2.33142
0.16060	2.10210
0.16065	2.79006
0.16070	1.94922
0.16075	3.28692
0.16080	1.41414
0.16085	2.33142
0.16090	0.87906
0.16095	2.56074
0.16100	2.44608
0.16105	2.71362
0.16110	2.10210
0.16115	1.68168
0.16120	1.71990
0.16125	2.44608
0.16130	2.82828
0.16135	2.36964
0.16140	1.33770
0.16145	4.12776
0.16150	1.94922
0.16155	1.45236
0.16160	1.41414
0.16165	1.98744
0.16170	1.10838
0.16175	1.98744
0.16180	3.21048
0.16185	2.59896
0.16190	2.02566
0.16195	1.64346
0.16200	1.71990
0.16205	1.56702
0.16210	1.64346
0.16215	1.64346
0.16220	1.87278
0.16225	3.59268
0.16230	2.06388
0.16235	1.68168
0.16240	2.25498
0.16245	2.02566
0.16250	1.14660
0.16255	1.03194
0.16260	1.60524
0.16265	1.64346
0.16270	2.94294
0.16275	1.22304
0.16280	1.49058
0.16285	2.21676
0.16290	1.45236
0.16295	2.36964
0.16300	1.83456
0.16305	1.22304
0.16310	3.86022
0.16315	2.44608
0.16320	3.51624
0.16325	3.05760
0.16330	1.79634
0.16335	1.49058
0.16340	2.71362
0.16345	1.60524
0.16350	1.87278
0.16355	1.49058
0.16360	2.33142
0.16365	2.44608
0.16370	1.64346
0.16375	2.71362
0.16380	3.01938
0.16385	1.52880
0.16390	2.90472
0.16395	3.09582
0.16400	3.32514
0.16405	1.68168
0.16410	3.43980
0.16415	1.79634
0.16420	2.29320
0.16425	0.99372
0.16430	0.68796
0.16435	2.10210
0.16440	1.83456
0.16445	1.45236
0.16450	1.41414
0.16455	1.64346
0.16460	3.13404
0.16465	3.01938
0.16470	1.68168
0.16475	1.91100
0.16480	0.91728
0.16485	1.79634
0.16490	2.71362
0.16495	0.76440
0.16500	1.94922
0.16505	1.94922
0.16510	2.75184
0.16515	1.52880
0.16520	1.91100
0.16525	3.01938
0.16530	2.06388
0.16535	2.17854
0.16540	0.95550
0.16545	2.06388
0.16550	2.33142
0.16555	2.59896
0.16560	1.45236
0.16565	0.87906
0.16570	1.56702
0.16575	2.94294
0.16580	1.33770
0.16585	1.41414
0.16590	0.99372
0.16595	1.37592
0.16600	0.91728
0.16605	2.33142
0.16610	1.07016
0.16615	1.83456
0.16620	1.71990
0.16625	1.98744
0.16630	1.33770
0.16635	2.79006
0.16640	1.10838
0.16645	2.10210
0.16650	1.52880
0.16655	2.48430
0.16660	3.21048
0.16665	3.32514
0.16670	1.18482
0.16675	1.60524
0.16680	1.75812
0.16685	1.29948
0.16690	1.91100
0.16695	2.17854
0.16700	0.68796
0.16705	1.94922
0.16710	1.94922
0.16715	1.75812
0.16720	1.83456
0.16725	2.48430
0.16730	3.36336
0.16735	1.91100
0.16740	2.40786
0.16745	2.17854
0.16750	1.71990
0.16755	2.25498
0.16760	2.36964
0.16765	2.25498
0.16770	2.36964
0.16775	1.91100
0.16780	2.17854
0.16785	0.99372
0.16790	1.83456
0.16795	2.25498
0.16800	2.36964
0.16805	1.94922
0.16810	1.64346
0.16815	1.41414
0.16820	2.21676
0.16825	1.71990
0.16830	2.56074
0.16835	2.40786
0.16840	2.59896
0.16845	3.59268
0.16850	1.33770
0.16855	1.37592
0.16860	2.71362
0.16865	3.40158
0.16870	2.94294
0.16875	1.33770
0.16880	2.06388
0.16885	2.25498
0.16890	1.94922
0.16895	2.98116
0.16900	1.60524
0.16905	1.14660
0.16910	1.14660
0.16915	1.87278
0.16920	1.07016
0.16925	1.26126
0.16930	1.26126
0.16935	2.10210
0.16940	2.06388
0.16945	1.94922
0.16950	1.79634
0.16955	1.18482
0.16960	1.52880
0.16965	2.52252
0.16970	1.56702
0.16975	1.18482
0.16980	1.45236
0.16985	2.48430
0.16990	2.06388
