0.047123 -0.0250000004 0.0332994394 0.0107771674 asynchronous_release_0
0.048317 -0.0250000004 -0.000614810653 -0.00078867475 asynchronous_release_0
0.038782 -0.0250000004 0.0267249022 -0.0226004337 asynchronous_release_0
0.047789 -0.0250000004 0.0294513594 0.0189107755 asynchronous_release_0
0.02821 -0.0250000004 -0.000120150371 -0.000992755704 asynchronous_release_1
0.029308 -0.0250000004 0.000988548998 -0.00015090023 asynchronous_release_0
0.041186 -0.0250000004 -0.018915921 -0.0294480548 asynchronous_release_0
0.033452 -0.0250000004 -0.000948689151 -0.000316210208 asynchronous_release_0
0.038643 -0.0250000004 -0.00124345997 0.0349779046 asynchronous_release_0
0.028761 -0.0250000004 -0.00309898946 0.0348625338 asynchronous_release_0
0.036198 -0.0250000004 0.0147115829 0.0317579805 asynchronous_release_0
0.049717 -0.0250000004 -0.00823257471 0.0340180057 asynchronous_release_0
0.027016 -0.0250000004 0.0207529599 -0.0281835884 asynchronous_release_0
0.017506 -0.0250000004 0.0179918234 -0.0300215637 asynchronous_release_0
0.022281 -0.0250000004 -0.0293501967 -0.0190674055 asynchronous_release_0
0.03873 -0.0250000004 -0.000916185388 0.000400754707 asynchronous_release_1
0.030717 -0.0250000004 -0.000169634806 0.000985506993 asynchronous_release_0
0.048961 -0.0250000004 -0.0344927447 -0.00593721822 asynchronous_release_0
0.028381 -0.0250000004 0.00910820304 0.0337940918 asynchronous_release_1
0.041176 -0.0250000004 0.0273653911 0.0218205264 asynchronous_release_0
0.028575 -0.0250000004 -0.000986004565 -0.000166718319 asynchronous_release_0
0.038277 -0.0250000004 0.0336221684 -0.00972367182 asynchronous_release_0
0.023533 -0.0250000004 0.0341976436 0.00745125325 asynchronous_release_1
0.049447 -0.0250000004 0.000967345233 0.000253462424 asynchronous_release_0
0.03178 -0.0250000004 0.0345268826 0.00573536202 asynchronous_release_0
0.022422 -0.0250000004 0.000757639918 -0.000652672778 asynchronous_release_0
0.03181 -0.0250000004 0.0338969191 -0.00871773346 asynchronous_release_0
0.0358 -0.0250000004 0.00844448288 0.0339660229 asynchronous_release_0
0.04419 -0.0250000004 0.000640264438 -0.000768154574 asynchronous_release_0
0.046784 -0.0250000004 -0.0208527706 0.0281098196 asynchronous_release_0
0.042831 -0.0250000004 0.0343700649 -0.00661049443 asynchronous_release_0
0.029153 -0.0250000004 0.0248199363 0.024677333 asynchronous_release_0
0.044493 -0.0250000004 0.000144304362 0.00098953335 asynchronous_release_0
0.030948 -0.0250000004 -0.019262861 -0.0292222892 asynchronous_release_0
0.029092 -0.0250000004 -0.021822199 0.0273640573 asynchronous_release_0
0.025285 -0.0250000004 0.0343828343 -0.006543753 asynchronous_release_0
0.032277 -0.0250000004 0.0339601831 -0.00846793729 asynchronous_release_0
0.033913 -0.0250000004 0.0191983905 0.0292646853 asynchronous_release_0
0.04445 -0.0250000004 0.0185397635 0.0296863129 asynchronous_release_0
0.028925 -0.0250000004 -0.00386358531 0.0347860994 asynchronous_release_0
0.019046 -0.0250000004 0.0349998259 -0.000110392915 asynchronous_release_0
0.030536 -0.0250000004 0.0334435346 0.0103213369 asynchronous_release_0
0.044957 -0.0250000004 0.0303827535 -0.0173749329 asynchronous_release_0
0.048371 -0.0250000004 0.0271188071 -0.0221262356 asynchronous_release_0
0.046685 -0.0250000004 0.0211076298 0.0279189535 asynchronous_release_0
0.018893 -0.0250000004 0.00602876816 0.0344768611 asynchronous_release_0
0.027503 -0.0250000004 -0.0009995542 2.98563276e-05 asynchronous_release_0
0.033591 -0.0250000004 0.000952851162 0.00030343807 asynchronous_release_0
0.044446 -0.0250000004 -0.0253549941 -0.0241272517 asynchronous_release_0
0.032018 -0.0250000004 -0.0184917294 0.0297162572 asynchronous_release_0
0.017536 -0.0250000004 0.0290722688 -0.0194885399 asynchronous_release_0
0.04887 -0.0250000004 0.000801208325 -0.00059838551 asynchronous_release_0
0.047417 -0.0250000004 0.0338636836 -0.00884595557 asynchronous_release_0
0.041245 -0.0250000004 0.0189460749 0.0294286637 asynchronous_release_0
0.025337 -0.0250000004 -0.034846955 -0.00326951488 asynchronous_release_1
0.037953 -0.0250000004 0.0200642769 -0.0286779496 asynchronous_release_0
0.036663 -0.0250000004 0.0146430238 -0.0317896501 asynchronous_release_0
0.043978 -0.0250000004 0.0331983593 -0.0110846264 asynchronous_release_0
0.035304 -0.0250000004 0.033737976 -0.00931391288 asynchronous_release_0
0.03345 -0.0250000004 0.0345411713 0.005648671 asynchronous_release_0
0.043652 -0.0250000004 -0.0270631958 -0.0221942208 asynchronous_release_0
0.045528 -0.0250000004 0.0348143485 0.00360015838 asynchronous_release_0
0.01629 -0.0250000004 -0.011363001 -0.0331041117 asynchronous_release_0
0.047201 -0.0250000004 0.0312923693 0.0156776154 asynchronous_release_0
0.034257 -0.0250000004 -0.0161372101 0.0310578565 asynchronous_release_0
0.035399 -0.0250000004 0.0331332037 -0.0112778905 asynchronous_release_0
0.023868 -0.0250000004 0.025920918 -0.0235182059 asynchronous_release_3
0.027274 -0.0250000004 0.000983050568 -0.000183334612 asynchronous_release_0
0.028014 -0.0250000004 0.032709381 0.0124537703 asynchronous_release_0
0.037184 -0.0250000004 0.0349216754 0.00234021049 asynchronous_release_0
0.032793 -0.0250000004 -0.0316092056 -0.0150285769 asynchronous_release_0
0.030157 -0.0250000004 -0.000997643114 6.86164525e-05 asynchronous_release_0
0.017244 -0.0250000004 -0.0132820153 0.0323819096 asynchronous_release_1
0.022908 -0.0250000004 -0.00663873932 0.0343646205 asynchronous_release_3
0.034327 -0.0250000004 0.000484250813 -0.000874929226 asynchronous_release_1
0.043009 -0.0250000004 0.0212177399 -0.0278353644 asynchronous_release_0
0.040334 -0.0250000004 -0.000350003852 0.00093674826 asynchronous_release_0
0.024079 -0.0250000004 0.0330411256 -0.0115448698 asynchronous_release_1
0.028891 -0.0250000004 -0.00241624242 0.0349164971 asynchronous_release_0
0.031596 -0.0250000004 -0.000242080131 0.00097025626 asynchronous_release_0
0.039809 -0.0250000004 0.0166720343 -0.0307740682 asynchronous_release_0
0.043181 -0.0250000004 0.0336595498 0.00959347194 asynchronous_release_0
0.042792 -0.0250000004 -0.028989899 0.0196108581 asynchronous_release_0
0.032369 -0.0250000004 -0.0334255013 -0.0103795889 asynchronous_release_0
0.043915 -0.0250000004 0.0126372859 -0.0326389186 asynchronous_release_0
0.0286 -0.0250000004 0.00577137882 -0.0345208804 asynchronous_release_0
0.028811 -0.0250000004 -0.0169083425 0.0306448683 asynchronous_release_0
0.026394 -0.0250000004 0.0349978352 -0.000389273771 asynchronous_release_0
0.038655 -0.0250000004 0.000110413676 -0.000993885718 asynchronous_release_0
0.041269 -0.0250000004 0.00162351474 0.0349623254 asynchronous_release_0
0.032025 -0.0250000004 0.0236143136 -0.025833393 asynchronous_release_0
0.045306 -0.0250000004 -0.01673543 -0.0307396386 asynchronous_release_0
0.033792 -0.0250000004 -0.000895673352 -0.000444712544 asynchronous_release_0
0.034215 -0.0250000004 -0.000294207508 -0.000955741567 asynchronous_release_0
0.022617 -0.0250000004 0.0255324089 -0.0239394256 asynchronous_release_2
0.047917 -0.0250000004 -0.000717205446 0.000696861785 asynchronous_release_0
0.021017 -0.0250000004 0.03498935 -0.000863357933 asynchronous_release_0
0.035028 -0.0250000004 0.0133536092 0.0323524516 asynchronous_release_0
0.029011 -0.0250000004 0.00637741709 -0.0344140749 asynchronous_release_0
0.022731 -0.0250000004 0.000630570964 -0.000776131599 asynchronous_release_0
0.047321 -0.0250000004 0.0203087574 -0.0285053394 asynchronous_release_0
0.023984 -0.0250000004 0.00430461285 -0.0347342815 asynchronous_release_1
0.024731 -0.0250000004 0.0500744881 -0.034169367 asynchronous_release_0
0.037227 -0.0250000004 -0.0254195886 0.0240591877 asynchronous_release_0
0.020806 -0.0250000004 0.0345349004 -0.0056868845 asynchronous_release_0
0.022016 -0.0250000004 0.0348789005 -0.00290900309 asynchronous_release_0
0.048601 -0.0250000004 -0.000844975502 -0.000534805013 asynchronous_release_0
0.044938 -0.0250000004 0.0340093616 0.00826821179 asynchronous_release_0
0.034791 -0.0250000004 0.025764592 0.0236893605 asynchronous_release_0
0.04368 -0.0250000004 0.000975927755 0.000218094057 asynchronous_release_0
0.034467 -0.0250000004 0.00375203322 0.0347983081 asynchronous_release_0
0.028738 -0.0250000004 0.000539224468 0.000842162082 asynchronous_release_0
0.043521 -0.0250000004 -0.0314622674 0.0153338099 asynchronous_release_0
0.048605 -0.0250000004 0.0197728574 -0.0288796487 asynchronous_release_0
0.042978 -0.0250000004 0.0282044163 -0.0207246447 asynchronous_release_0
0.025146 -0.0250000004 0.0130093867 -0.0324923969 asynchronous_release_0
0.036938 -0.0250000004 0.0349977227 -0.000399253662 asynchronous_release_0
0.022794 -0.0250000004 -0.0126162544 0.0326470538 asynchronous_release_0
0.044015 -0.0250000004 0.0328611329 0.0120476532 asynchronous_release_0
0.02573 -0.0250000004 0.0349455848 -0.00195092335 asynchronous_release_3
0.035094 -0.0250000004 -0.0201714163 0.0286026915 asynchronous_release_0
0.034764 -0.0250000004 0.0220359612 0.0271922124 asynchronous_release_0
0.033773 -0.0250000004 0.0277343288 0.0213496372 asynchronous_release_0
0.031933 -0.0250000004 -0.0205472337 -0.0283339229 asynchronous_release_0
0.029779 -0.0250000004 0.0333824799 -0.0105171307 asynchronous_release_0
0.024706 -0.0250000004 0.000928331657 -0.000371753057 asynchronous_release_0
0.010895 -0.0250000004 0.000981510094 -0.000191410384 asynchronous_release_0
0.042062 -0.0250000004 -0.0282765944 0.0206260565 asynchronous_release_1
0.010141 -0.0250000004 -0.000218490319 0.000975839116 asynchronous_release_2
0.027371 -0.0250000004 -0.00656276478 -0.0343792106 asynchronous_release_0
0.04439 -0.0250000004 -0.000653517894 -0.000756911066 asynchronous_release_0
0.029471 -0.0250000004 0.032200956 0.0137148983 asynchronous_release_0
0.041219 -0.0250000004 -0.00760083395 0.0341647087 asynchronous_release_0
0.032736 -0.0250000004 0.000398324336 -0.000917244637 asynchronous_release_0
0.0404 -0.0250000004 0.00204265665 -0.0349403428 asynchronous_release_0
