0.000000 0.087723
0.000050 0.088555
0.000100 0.093893
0.000150 0.101085
0.000200 0.092079
0.000250 0.087627
0.000300 0.092373
0.000350 0.109265
0.000400 0.095065
0.000450 0.093985
0.000500 0.102316
0.000550 0.104218
0.000600 0.125023
0.000650 0.110007
0.000700 0.108371
0.000750 0.108047
0.000800 0.107253
0.000850 0.103627
0.000900 0.106664
0.000950 0.107404
0.001000 0.105702
0.001050 0.122474
0.001100 0.108723
0.001150 0.117193
0.001200 0.139128
0.001250 0.136120
0.001300 0.167480
0.001350 0.165320
0.001400 0.202953
0.001450 0.259357
0.001500 0.293265
0.001550 0.445673
0.001600 0.570193
0.001650 0.707707
0.001700 0.908502
0.001750 1.270598
0.001800 1.559533
0.001850 2.001183
0.001900 2.557880
0.001950 3.073036
0.002000 3.556225
0.002050 3.905353
0.002100 4.396944
0.002150 4.791662
0.002200 4.908241
0.002250 4.964349
0.002300 4.845722
0.002350 4.476568
0.002400 4.146585
0.002450 3.783601
0.002500 3.267650
0.002550 2.957656
0.002600 2.610822
0.002650 2.281040
0.002700 2.078387
0.002750 1.940227
0.002800 1.680120
0.002850 1.583030
0.002900 1.419970
0.002950 1.293228
0.003000 1.274368
0.003050 1.212724
0.003100 1.178542
0.003150 1.111666
0.003200 1.069160
0.003250 0.958650
0.003300 0.989842
0.003350 0.937076
0.003400 0.933162
0.003450 0.878840
0.003500 0.823182
0.003550 0.862552
0.003600 0.799682
0.003650 0.773000
0.003700 0.775799
0.003750 0.709891
0.003800 0.746722
0.003850 0.762178
0.003900 0.690042
0.003950 0.728782
0.004000 0.704072
0.004050 0.717886
0.004100 0.687713
0.004150 0.660021
0.004200 0.689783
0.004250 0.653823
0.004300 0.631228
0.004350 0.643242
0.004400 0.615981
0.004450 0.628461
0.004500 0.621682
0.004550 0.629444
0.004600 0.605685
0.004650 0.596115
0.004700 0.611329
0.004750 0.592271
0.004800 0.545431
0.004850 0.592761
0.004900 0.563117
0.004950 0.564615
0.005000 0.598018
0.005050 0.555026
0.005100 0.565049
0.005150 0.618951
0.005200 0.559006
0.005250 0.559310
0.005300 0.536912
0.005350 0.554348
0.005400 0.532882
0.005450 0.530348
0.005500 0.517365
0.005550 0.560861
0.005600 0.507368
0.005650 0.536258
0.005700 0.529253
0.005750 0.516273
0.005800 0.485059
0.005850 0.510157
0.005900 0.504840
0.005950 0.500096
0.006000 0.478154
0.006050 0.477726
0.006100 0.514657
0.006150 0.476571
0.006200 0.478762
0.006250 0.506162
0.006300 0.476886
0.006350 0.493442
0.006400 0.495100
0.006450 0.453950
0.006500 0.496786
0.006550 0.451956
0.006600 0.444714
0.006650 0.455044
0.006700 0.471320
0.006750 0.430874
0.006800 0.442170
0.006850 0.457888
0.006900 0.481202
0.006950 0.427056
0.007000 0.408556
0.007050 0.433132
0.007100 0.458389
0.007150 0.473527
0.007200 0.434746
0.007250 0.440410
0.007300 0.444274
0.007350 0.447910
0.007400 0.445942
0.007450 0.453814
0.007500 0.410631
0.007550 0.444689
0.007600 0.426154
0.007650 0.393054
0.007700 0.409187
0.007750 0.426385
0.007800 0.436814
0.007850 0.455458
0.007900 0.420666
0.007950 0.442762
0.008000 0.422235
0.008050 0.444845
0.008100 0.418591
0.008150 0.404253
0.008200 0.406916
0.008250 0.414214
0.008300 0.418740
0.008350 0.426470
0.008400 0.413985
0.008450 0.409361
0.008500 0.407998
0.008550 0.402920
0.008600 0.380199
0.008650 0.405547
0.008700 0.414451
0.008750 0.400715
0.008800 0.410724
0.008850 0.402298
0.008900 0.396497
0.008950 0.423621
0.009000 0.400237
0.009050 0.399837
0.009100 0.406097
0.009150 0.383833
0.009200 0.403646
0.009250 0.400050
0.009300 0.382818
0.009350 0.391514
0.009400 0.420268
0.009450 0.394260
0.009500 0.376693
0.009550 0.380999
0.009600 0.385443
0.009650 0.391383
0.009700 0.385977
0.009750 0.418381
0.009800 0.364666
0.009850 0.377512
0.009900 0.366739
0.009950 0.362867
0.010000 0.366639
0.010050 0.355583
0.010100 0.360665
0.010150 0.375065
0.010200 0.371698
0.010250 0.386262
0.010300 0.373358
0.010350 0.360322
0.010400 0.363456
0.010450 0.359342
0.010500 0.352060
0.010550 0.366778
0.010600 0.377287
0.010650 0.380721
0.010700 0.373504
0.010750 0.363860
0.010800 0.376049
0.010850 0.369273
0.010900 0.360700
0.010950 0.357998
0.011000 0.343595
0.011050 0.369227
0.011100 0.384551
0.011150 0.360255
0.011200 0.355027
0.011250 0.383449
0.011300 0.367802
0.011350 0.349710
0.011400 0.360735
0.011450 0.361369
0.011500 0.348887
0.011550 0.316797
0.011600 0.378001
0.011650 0.334505
0.011700 0.360755
0.011750 0.363075
0.011800 0.359065
0.011850 0.399073
0.011900 0.364100
0.011950 0.324642
0.012000 0.364740
0.012050 0.347782
0.012100 0.350090
0.012150 0.333920
0.012200 0.365363
0.012250 0.348521
0.012300 0.372263
0.012350 0.339537
0.012400 0.343051
0.012450 0.340393
0.012500 0.389193
0.012550 0.322439
0.012600 0.357385
0.012650 0.338933
0.012700 0.354720
0.012750 0.321062
0.012800 0.356174
0.012850 0.355868
0.012900 0.357402
0.012950 0.336104
0.013000 0.350869
0.013050 0.342779
0.013100 0.353036
0.013150 0.323048
0.013200 0.359793
0.013250 0.330751
0.013300 0.331847
0.013350 0.354157
0.013400 0.320794
0.013450 0.328666
0.013500 0.340720
0.013550 0.318664
0.013600 0.329152
0.013650 0.333482
0.013700 0.317537
0.013750 0.354989
0.013800 0.345786
0.013850 0.321496
0.013900 0.326822
0.013950 0.346232
0.014000 0.321478
0.014050 0.331452
0.014100 0.339294
0.014150 0.321968
0.014200 0.328138
0.014250 0.327820
0.014300 0.300258
0.014350 0.316208
0.014400 0.312409
0.014450 0.336435
0.014500 0.363353
0.014550 0.326039
0.014600 0.327917
0.014650 0.315137
0.014700 0.326439
0.014750 0.338175
0.014800 0.318273
0.014850 0.314581
0.014900 0.308183
0.014950 0.320643
0.015000 0.323016
0.015050 0.332984
0.015100 0.314287
0.015150 0.327953
0.015200 0.324390
0.015250 0.309490
0.015300 0.300297
0.015350 0.314135
0.015400 0.335545
0.015450 0.324633
0.015500 0.315189
0.015550 0.314409
0.015600 0.323344
0.015650 0.284656
0.015700 0.313342
0.015750 0.316410
0.015800 0.277365
0.015850 0.311427
0.015900 0.295748
0.015950 0.342980
0.016000 0.300152
0.016050 0.296546
0.016100 0.294540
0.016150 0.304198
0.016200 0.326639
0.016250 0.305947
0.016300 0.326937
0.016350 0.309761
0.016400 0.312513
0.016450 0.310357
0.016500 0.327396
0.016550 0.289162
0.016600 0.280235
0.016650 0.289615
0.016700 0.311157
0.016750 0.306365
0.016800 0.312667
0.016850 0.315999
0.016900 0.305477
0.016950 0.305077
0.017000 0.311850
0.017050 0.307070
0.017100 0.294374
0.017150 0.318390
0.017200 0.308476
0.017250 0.288456
0.017300 0.293955
0.017350 0.280725
0.017400 0.299504
0.017450 0.276460
0.017500 0.309393
0.017550 0.297215
0.017600 0.295184
0.017650 0.295628
0.017700 0.302480
0.017750 0.309404
0.017800 0.306404
0.017850 0.306972
0.017900 0.294634
0.017950 0.294086
0.018000 0.280551
0.018050 0.285379
0.018100 0.284453
0.018150 0.294817
0.018200 0.307105
0.018250 0.305233
0.018300 0.283540
0.018350 0.297378
0.018400 0.298427
0.018450 0.291727
0.018500 0.274597
0.018550 0.299749
0.018600 0.300872
0.018650 0.282942
0.018700 0.288130
0.018750 0.302396
0.018800 0.311887
0.018850 0.281397
0.018900 0.263183
0.018950 0.280557
0.019000 0.291985
0.019050 0.290145
0.019100 0.310899
0.019150 0.267699
0.019200 0.305407
0.019250 0.283205
0.019300 0.272838
0.019350 0.268610
0.019400 0.295092
0.019450 0.270310
0.019500 0.297742
0.019550 0.285412
0.019600 0.284002
0.019650 0.277076
0.019700 0.280378
0.019750 0.280152
0.019800 0.278744
0.019850 0.281316
0.019900 0.273145
0.019950 0.304123
0.020000 0.273991
0.020050 0.278215
0.020100 0.285302
0.020150 0.267808
0.020200 0.281784
0.020250 0.271514
0.020300 0.261178
0.020350 0.284640
0.020400 0.306649
0.020450 0.266919
0.020500 0.281981
0.020550 0.261731
0.020600 0.281817
0.020650 0.267697
0.020700 0.280044
0.020750 0.264202
0.020800 0.273275
0.020850 0.282423
0.020900 0.269020
0.020950 0.271070
0.021000 0.274407
0.021050 0.285795
0.021100 0.322653
0.021150 0.367413
0.021200 0.361497
0.021250 0.400275
0.021300 0.447445
0.021350 0.491955
0.021400 0.569813
0.021450 0.650367
0.021500 0.790960
0.021550 1.040528
0.021600 1.320832
0.021650 1.625630
0.021700 2.102160
0.021750 2.635570
0.021800 3.308508
0.021850 3.997388
0.021900 4.675974
0.021950 5.498570
0.022000 6.286075
0.022050 6.986407
0.022100 7.424631
0.022150 7.890491
0.022200 8.054466
0.022250 8.016396
0.022300 7.876824
0.022350 7.410398
0.022400 6.957246
0.022450 6.282616
0.022500 5.707484
0.022550 4.981010
0.022600 4.545377
0.022650 4.084489
0.022700 3.820645
0.022750 3.505261
0.022800 3.181316
0.022850 3.017756
0.022900 2.801648
0.022950 2.571184
0.023000 2.471928
0.023050 2.261096
0.023100 2.220621
0.023150 2.068947
0.023200 2.006928
0.023250 1.898806
0.023300 1.828249
0.023350 1.787161
0.023400 1.686219
0.023450 1.701635
0.023500 1.615390
0.023550 1.578604
0.023600 1.486222
0.023650 1.443478
0.023700 1.460771
0.023750 1.441981
0.023800 1.404930
0.023850 1.392486
0.023900 1.291334
0.023950 1.323934
0.024000 1.326423
0.024050 1.211307
0.024100 1.256784
0.024150 1.230418
0.024200 1.213093
0.024250 1.170379
0.024300 1.146385
0.024350 1.191043
0.024400 1.162618
0.024450 1.074230
0.024500 1.132593
0.024550 1.111111
0.024600 1.049065
0.024650 1.046409
0.024700 1.069967
0.024750 1.084239
0.024800 1.028515
0.024850 1.017767
0.024900 1.004455
0.024950 0.966559
0.025000 1.000075
0.025050 1.003669
0.025100 0.986155
0.025150 0.938293
0.025200 0.935593
0.025250 0.945019
0.025300 0.954499
0.025350 0.931013
0.025400 0.929273
0.025450 0.894881
0.025500 0.910363
0.025550 0.920815
0.025600 0.905677
0.025650 0.908439
0.025700 0.877226
0.025750 0.908782
0.025800 0.900712
0.025850 0.883270
0.025900 0.827320
0.025950 0.877646
0.026000 0.808433
0.026050 0.816077
0.026100 0.823766
0.026150 0.848792
0.026200 0.845612
0.026250 0.787710
0.026300 0.822230
0.026350 0.822628
0.026400 0.814565
0.026450 0.808577
0.026500 0.756359
0.026550 0.751727
0.026600 0.789178
0.026650 0.792132
0.026700 0.765679
0.026750 0.773383
0.026800 0.749449
0.026850 0.782411
0.026900 0.762198
0.026950 0.767794
0.027000 0.766390
0.027050 0.743842
0.027100 0.711397
0.027150 0.730455
0.027200 0.728366
0.027250 0.734458
0.027300 0.729646
0.027350 0.731386
0.027400 0.735334
0.027450 0.714556
0.027500 0.720115
0.027550 0.743923
0.027600 0.688231
0.027650 0.713123
0.027700 0.773118
0.027750 0.714456
0.027800 0.695583
0.027850 0.692235
0.027900 0.684400
0.027950 0.672606
0.028000 0.693851
0.028050 0.682055
0.028100 0.692719
0.028150 0.735591
0.028200 0.685469
0.028250 0.706965
0.028300 0.674713
0.028350 0.677509
0.028400 0.671219
0.028450 0.748689
0.028500 0.678681
0.028550 0.679235
0.028600 0.659167
0.028650 0.669419
0.028700 0.675703
0.028750 0.659559
0.028800 0.678531
0.028850 0.644429
0.028900 0.647788
0.028950 0.680748
0.029000 0.613369
0.029050 0.658553
0.029100 0.653253
0.029150 0.653185
0.029200 0.633815
0.029250 0.637203
0.029300 0.603044
0.029350 0.665734
0.029400 0.650411
0.029450 0.627343
0.029500 0.623073
0.029550 0.640097
0.029600 0.626968
0.029650 0.621498
0.029700 0.631474
0.029750 0.636140
0.029800 0.598446
0.029850 0.620964
0.029900 0.602268
0.029950 0.611082
0.030000 0.630762
0.030050 0.626464
0.030100 0.621545
0.030150 0.637141
0.030200 0.605023
0.030250 0.611533
0.030300 0.578624
0.030350 0.626420
0.030400 0.626954
0.030450 0.596384
0.030500 0.643264
0.030550 0.635298
0.030600 0.642621
0.030650 0.587969
0.030700 0.584713
0.030750 0.624565
0.030800 0.616489
0.030850 0.620737
0.030900 0.630580
0.030950 0.618154
0.031000 0.564685
0.031050 0.599285
0.031100 0.568641
0.031150 0.596509
0.031200 0.593265
0.031250 0.581871
0.031300 0.572307
0.031350 0.586565
0.031400 0.578251
0.031450 0.554151
0.031500 0.577896
0.031550 0.553094
0.031600 0.555397
0.031650 0.549473
0.031700 0.574640
0.031750 0.579578
0.031800 0.612571
0.031850 0.571077
0.031900 0.542810
0.031950 0.539374
0.032000 0.603231
0.032050 0.574301
0.032100 0.552955
0.032150 0.567577
0.032200 0.541636
0.032250 0.562736
0.032300 0.572292
0.032350 0.585136
0.032400 0.603884
0.032450 0.588272
0.032500 0.573242
0.032550 0.562058
0.032600 0.539072
0.032650 0.549338
0.032700 0.503980
0.032750 0.532546
0.032800 0.570445
0.032850 0.564435
0.032900 0.503045
0.032950 0.506059
0.033000 0.544785
0.033050 0.528083
0.033100 0.512635
0.033150 0.526337
0.033200 0.548750
0.033250 0.575264
0.033300 0.565216
0.033350 0.553790
0.033400 0.524922
0.033450 0.571638
0.033500 0.523956
0.033550 0.532512
0.033600 0.560627
0.033650 0.513383
0.033700 0.509132
0.033750 0.540694
0.033800 0.540581
0.033850 0.553353
0.033900 0.520013
0.033950 0.523929
0.034000 0.557149
0.034050 0.536641
0.034100 0.504435
0.034150 0.535019
0.034200 0.504776
0.034250 0.497042
0.034300 0.542864
0.034350 0.528346
0.034400 0.513768
0.034450 0.527420
0.034500 0.507276
0.034550 0.516804
0.034600 0.511824
0.034650 0.505438
0.034700 0.501113
0.034750 0.513477
0.034800 0.486866
0.034850 0.507608
0.034900 0.509570
0.034950 0.505944
0.035000 0.482678
0.035050 0.476164
0.035100 0.530787
0.035150 0.480047
0.035200 0.504529
0.035250 0.510057
0.035300 0.505007
0.035350 0.499939
0.035400 0.482091
0.035450 0.470561
0.035500 0.520843
0.035550 0.515805
0.035600 0.499341
0.035650 0.504945
0.035700 0.453376
0.035750 0.493958
0.035800 0.507468
0.035850 0.471496
0.035900 0.466294
0.035950 0.501394
0.036000 0.511409
0.036050 0.496199
0.036100 0.475145
0.036150 0.496723
0.036200 0.454594
0.036250 0.515386
0.036300 0.477561
0.036350 0.491271
0.036400 0.471507
0.036450 0.491085
0.036500 0.487355
0.036550 0.483613
0.036600 0.449073
0.036650 0.454031
0.036700 0.475918
0.036750 0.480234
0.036800 0.500048
0.036850 0.477880
0.036900 0.491097
0.036950 0.486611
0.037000 0.476182
0.037050 0.473134
0.037100 0.498311
0.037150 0.457377
0.037200 0.432671
0.037250 0.477247
0.037300 0.495114
0.037350 0.453216
0.037400 0.460587
0.037450 0.467991
0.037500 0.436376
0.037550 0.449006
0.037600 0.470726
0.037650 0.501584
0.037700 0.481228
0.037750 0.454746
0.037800 0.453143
0.037850 0.452295
0.037900 0.482566
0.037950 0.495480
0.038000 0.482574
0.038050 0.494766
0.038100 0.473437
0.038150 0.459667
0.038200 0.486391
0.038250 0.491009
0.038300 0.446560
0.038350 0.488724
0.038400 0.445697
0.038450 0.477965
0.038500 0.449453
0.038550 0.447853
0.038600 0.458618
0.038650 0.479490
0.038700 0.478746
0.038750 0.448514
0.038800 0.448471
0.038850 0.460879
0.038900 0.436725
0.038950 0.464741
0.039000 0.452256
0.039050 0.456930
0.039100 0.439701
0.039150 0.438873
0.039200 0.431765
0.039250 0.464719
0.039300 0.455304
0.039350 0.457676
0.039400 0.457693
0.039450 0.444283
0.039500 0.445063
0.039550 0.445057
0.039600 0.444261
0.039650 0.447435
0.039700 0.452214
0.039750 0.448258
0.039800 0.432335
0.039850 0.444285
0.039900 0.452288
0.039950 0.426724
0.040000 0.450729
0.040050 0.441945
0.040100 0.439555
0.040150 0.462083
0.040200 0.434788
0.040250 0.454948
0.040300 0.432415
0.040350 0.434041
0.040400 0.460755
0.040450 0.415481
0.040500 0.435733
0.040550 0.446319
0.040600 0.430931
0.040650 0.457817
0.040700 0.461985
0.040750 0.428635
0.040800 0.425394
0.040850 0.468770
0.040900 0.439417
0.040950 0.448499
0.041000 0.433808
0.041050 0.445370
0.041100 0.450393
0.041150 0.419181
0.041200 0.439008
0.041250 0.430826
0.041300 0.408558
0.041350 0.424300
0.041400 0.444247
0.041450 0.414469
0.041500 0.437770
0.041550 0.460326
0.041600 0.429654
0.041650 0.427230
0.041700 0.452355
0.041750 0.418217
0.041800 0.424135
0.041850 0.404937
0.041900 0.441047
0.041950 0.417649
0.042000 0.422764
0.042050 0.423690
0.042100 0.422093
0.042150 0.425557
0.042200 0.434106
0.042250 0.413078
0.042300 0.423317
0.042350 0.419179
0.042400 0.423519
0.042450 0.410027
0.042500 0.419467
0.042550 0.416163
0.042600 0.414556
0.042650 0.412946
0.042700 0.408768
0.042750 0.425122
0.042800 0.428681
0.042850 0.409947
0.042900 0.425510
0.042950 0.398990
0.043000 0.424901
0.043050 0.436251
0.043100 0.428657
0.043150 0.405487
0.043200 0.433274
0.043250 0.441242
0.043300 0.429299
0.043350 0.440753
0.043400 0.400978
0.043450 0.425448
0.043500 0.398616
0.043550 0.416166
0.043600 0.411081
0.043650 0.422587
0.043700 0.412260
0.043750 0.403652
0.043800 0.405541
0.043850 0.426755
0.043900 0.429585
0.043950 0.423627
0.044000 0.399150
0.044050 0.398406
0.044100 0.449759
0.044150 0.396093
0.044200 0.391807
0.044250 0.399913
0.044300 0.398292
0.044350 0.408212
0.044400 0.374607
0.044450 0.392511
0.044500 0.439881
0.044550 0.423189
0.044600 0.410015
0.044650 0.441499
0.044700 0.425656
0.044750 0.392738
0.044800 0.389313
0.044850 0.412819
0.044900 0.413032
0.044950 0.396148
0.045000 0.422458
0.045050 0.397444
0.045100 0.419305
0.045150 0.417737
0.045200 0.408926
0.045250 0.417302
0.045300 0.388521
0.045350 0.371451
0.045400 0.387960
0.045450 0.409986
0.045500 0.386537
0.045550 0.395845
0.045600 0.396969
0.045650 0.395357
0.045700 0.381847
0.045750 0.400355
0.045800 0.388665
0.045850 0.429265
0.045900 0.391885
0.045950 0.383825
0.046000 0.396003
0.046050 0.393471
0.046100 0.415854
0.046150 0.405972
0.046200 0.418260
0.046250 0.377808
0.046300 0.399336
0.046350 0.393096
0.046400 0.397986
0.046450 0.428004
0.046500 0.372469
0.046550 0.398773
0.046600 0.415834
0.046650 0.404932
0.046700 0.381842
0.046750 0.390504
0.046800 0.416062
0.046850 0.391052
0.046900 0.422304
0.046950 0.373758
0.047000 0.395634
0.047050 0.379902
0.047100 0.404671
0.047150 0.417249
0.047200 0.398684
0.047250 0.434930
0.047300 0.424890
0.047350 0.364576
0.047400 0.359115
0.047450 0.415389
0.047500 0.405273
0.047550 0.418927
0.047600 0.395459
0.047650 0.393861
0.047700 0.386530
0.047750 0.364838
0.047800 0.389016
0.047850 0.425726
0.047900 0.413644
0.047950 0.388086
0.048000 0.384553
0.048050 0.383897
0.048100 0.400575
0.048150 0.394171
0.048200 0.383889
0.048250 0.368747
0.048300 0.358395
0.048350 0.369309
0.048400 0.374445
0.048450 0.413549
0.048500 0.380922
0.048550 0.364720
0.048600 0.380579
0.048650 0.378957
0.048700 0.355882
0.048750 0.394226
0.048800 0.383840
0.048850 0.363644
0.048900 0.389401
0.048950 0.391719
0.049000 0.431324
0.049050 0.381690
0.049100 0.385971
0.049150 0.385347
0.049200 0.388663
0.049250 0.402837
0.049300 0.382511
0.049350 0.387813
0.049400 0.377309
0.049450 0.389545
0.049500 0.370108
0.049550 0.400214
0.049600 0.372819
0.049650 0.372181
0.049700 0.382488
0.049750 0.337052
0.049800 0.382208
0.049850 0.370616
0.049900 0.366983
