0.024773 -0.0250000004 0.0312346825 0.0157922325 synchronous_release_0
0.047123 -0.0250000004 0.0332994394 0.0107771674 asynchronous_release_0
0.048317 -0.0250000004 -0.000614810653 -0.00078867475 asynchronous_release_0
0.02698 -0.0250000004 0.00380563851 0.0347924865 synchronous_release_0
0.002797 -0.0250000004 0.0314774436 0.0153026319 synchronous_release_0
0.038782 -0.0250000004 0.0267249022 -0.0226004337 asynchronous_release_0
0.037898 -0.0250000004 -0.00621009858 -0.0344446611 synchronous_release_0
0.047789 -0.0250000004 0.0294513594 0.0189107755 asynchronous_release_0
0.022555 -0.0250000004 0.0249265295 0.0245696587 synchronous_release_0
0.004234 -0.0250000004 0.0344480982 0.00619100415 synchronous_release_0
0.023098 -0.0250000004 0.0285347427 0.0202674236 synchronous_release_0
0.023687 -0.0250000004 0.0342200557 -0.00734763804 synchronous_release_0
0.010421 -0.0250000004 0.0293943034 0.0189993401 synchronous_release_0
0.024684 -0.0250000004 0.0349972259 -0.000440659123 synchronous_release_0
0.003647 -0.0250000004 0.0192010651 0.0292629304 synchronous_release_0
0.032902 -0.0250000004 0.0134075429 0.0323301375 synchronous_release_0
0.028939 -0.0250000004 0.0217838482 -0.0273945972 synchronous_release_0
0.02821 -0.0250000004 -0.000120150371 -0.000992755704 asynchronous_release_1
0.022824 -0.0250000004 0.0347874935 -0.00385101248 synchronous_release_1
0.029308 -0.0250000004 0.000988548998 -0.00015090023 asynchronous_release_0
0.041186 -0.0250000004 -0.018915921 -0.0294480548 asynchronous_release_0
0.022566 -0.0250000004 0.0132907246 -0.032378336 synchronous_release_0
0.033452 -0.0250000004 -0.000948689151 -0.000316210208 asynchronous_release_0
0.026406 -0.0250000004 0.0346945538 -0.00461388514 synchronous_release_1
0.038643 -0.0250000004 -0.00124345997 0.0349779046 asynchronous_release_0
0.028761 -0.0250000004 -0.00309898946 0.0348625338 asynchronous_release_0
0.024636 -0.0250000004 0.0247466475 0.024750827 synchronous_release_0
0.025272 -0.0250000004 -0.0335637813 0.00992333535 synchronous_release_1
0.013033 -0.0250000004 0.03125534 -0.0157513085 synchronous_release_0
0.025771 -0.0250000004 -0.0268697969 0.0224279739 synchronous_release_0
0.034173 -0.0250000004 0.000583746111 -0.000811936252 synchronous_release_0
0.04225 -0.0250000004 -0.00709923969 -0.0342724495 synchronous_release_0
0.01939 -0.0250000004 0.0278653763 -0.0211783097 synchronous_release_0
0.006514 -0.0250000004 0.0250876093 -0.0244051606 synchronous_release_0
0.036198 -0.0250000004 0.0147115829 0.0317579805 asynchronous_release_0
0.049717 -0.0250000004 -0.00823257471 0.0340180057 asynchronous_release_0
0.042056 -0.0250000004 0.0053786897 -0.0345842406 synchronous_release_0
0.022122 -0.0250000004 0.000851966808 -0.000523595796 synchronous_release_0
0.003174 -0.0250000004 0.0302472078 0.0176098388 synchronous_release_0
0.028273 -0.0250000004 0.000169649388 -0.000985504483 synchronous_release_0
0.022533 -0.0250000004 0.0214146196 -0.0276841845 synchronous_release_0
0.023377 -0.0250000004 0.0592097145 -0.0130080631 synchronous_release_0
0.003547 -0.0250000004 0.0346166925 -0.00516571396 synchronous_release_0
0.027016 -0.0250000004 0.0207529599 -0.0281835884 asynchronous_release_0
0.017506 -0.0250000004 0.0179918234 -0.0300215637 asynchronous_release_0
0.042313 -0.0250000004 -0.0302115109 -0.0176710104 synchronous_release_0
0.023933 -0.0250000004 0.032999874 0.0116622605 synchronous_release_1
0.022281 -0.0250000004 -0.0293501967 -0.0190674055 asynchronous_release_0
0.02265 -0.0250000004 0.0162488309 -0.0309996048 synchronous_release_1
0.03873 -0.0250000004 -0.000916185388 0.000400754707 asynchronous_release_1
0.030717 -0.0250000004 -0.000169634806 0.000985506993 asynchronous_release_0
0.048961 -0.0250000004 -0.0344927447 -0.00593721822 asynchronous_release_0
0.028381 -0.0250000004 0.00910820304 0.0337940918 asynchronous_release_1
0.024447 -0.0250000004 0.00912363355 0.0337899291 synchronous_release_0
0.027262 -0.0250000004 0.00998461217 0.0335456036 synchronous_release_0
0.024664 -0.0250000004 0.0349851833 0.00101830548 synchronous_release_0
0.041176 -0.0250000004 0.0273653911 0.0218205264 asynchronous_release_0
0.027243 -0.0250000004 0.0309387621 0.016364382 synchronous_release_0
0.003987 -0.0250000004 0.0249912044 -0.0245038712 synchronous_release_0
0.02223 -0.0250000004 0.0349511798 -0.00184798072 synchronous_release_0
0.023727 -0.0250000004 0.0272169113 -0.022005448 synchronous_release_0
0.026953 -0.0250000004 0.0173239299 -0.0304118637 synchronous_release_0
0.024336 -0.0250000004 0.0288356006 -0.0198370395 synchronous_release_0
0.028575 -0.0250000004 -0.000986004565 -0.000166718319 asynchronous_release_0
0.035011 -0.0250000004 0.0328042456 -0.0122016994 synchronous_release_0
0.036519 -0.0250000004 0.0263109635 0.0230810138 synchronous_release_0
0.022542 -0.0250000004 0.00246187342 -0.069956695 synchronous_release_0
0.030384 -0.0250000004 0.026963658 0.0223150431 synchronous_release_1
0.038277 -0.0250000004 0.0336221684 -0.00972367182 asynchronous_release_0
0.022702 -0.0250000004 0.000277819195 0.000960633382 synchronous_release_1
0.025987 -0.0250000004 0.000892320921 -0.000451401566 synchronous_release_0
0.022574 -0.0250000004 0.011311705 0.0331216746 synchronous_release_0
0.023533 -0.0250000004 0.0341976436 0.00745125325 asynchronous_release_1
0.049447 -0.0250000004 0.000967345233 0.000253462424 asynchronous_release_0
0.03178 -0.0250000004 0.0345268826 0.00573536202 asynchronous_release_0
0.025526 -0.0250000004 -0.0256344624 -0.0238301141 synchronous_release_0
0.025835 -0.0250000004 0.000826285063 -0.00056325216 synchronous_release_1
0.033641 -0.0250000004 0.0208571128 -0.0281065979 synchronous_release_1
0.029093 -0.0250000004 0.000995719064 9.24313054e-05 synchronous_release_1
0.029733 -0.0250000004 0.0342379965 -0.00726357988 synchronous_release_0
0.022422 -0.0250000004 0.000757639918 -0.000652672778 asynchronous_release_0
0.022164 -0.0250000004 0.0349602977 -0.00166660848 synchronous_release_0
0.025116 -0.0250000004 0.0245757189 0.0249205545 synchronous_release_0
0.02483 -0.0250000004 0.0259080889 -0.023532338 synchronous_release_0
0.03181 -0.0250000004 0.0338969191 -0.00871773346 asynchronous_release_0
0.022678 -0.0250000004 0.0236911601 0.0257629372 synchronous_release_0
0.0358 -0.0250000004 0.00844448288 0.0339660229 asynchronous_release_0
0.026176 -0.0250000004 0.034982446 -0.0011083645 synchronous_release_0
0.004229 -0.0250000004 0.0277813383 -0.0212884297 synchronous_release_0
0.04419 -0.0250000004 0.000640264438 -0.000768154574 asynchronous_release_0
0.025894 -0.0250000004 0.0235800863 0.0258646386 synchronous_release_0
0.046784 -0.0250000004 -0.0208527706 0.0281098196 asynchronous_release_0
0.004138 -0.0250000004 0.0331503702 0.0112273308 synchronous_release_0
0.042831 -0.0250000004 0.0343700649 -0.00661049443 asynchronous_release_0
0.02364 -0.0250000004 -0.000997011817 7.72491906e-05 synchronous_release_0
0.026536 -0.0250000004 0.0331296524 -0.0112883185 synchronous_release_0
0.003551 -0.0250000004 0.0349292698 -0.00222398568 synchronous_release_1
0.024408 -0.0250000004 0.0323478801 -0.0133646793 synchronous_release_0
0.02249 -0.0250000004 0.0188118705 0.0295146324 synchronous_release_0
0.031211 -0.0250000004 -0.000223090554 -0.034999289 synchronous_release_0
0.026354 -0.0250000004 0.0313934226 -0.0154742696 synchronous_release_0
0.030225 -0.0250000004 0.0320566703 -0.0140488394 synchronous_release_0
0.024085 -0.0250000004 -0.029582887 -0.0187043524 synchronous_release_0
0.013277 -0.0250000004 0.0148941702 0.0316727595 synchronous_release_0
0.022586 -0.0250000004 0.0209614763 0.0280288514 synchronous_release_0
0.021984 -0.0250000004 0.024368659 0.0251230663 synchronous_release_0
0.038312 -0.0250000004 0.0317565495 -0.0147146718 synchronous_release_0
0.023477 -0.0250000004 -0.0175813288 0.0302637882 synchronous_release_0
0.008165 -0.0250000004 0.0286159691 0.0201525759 synchronous_release_0
0.029153 -0.0250000004 0.0248199363 0.024677333 asynchronous_release_0
0.023383 -0.0250000004 0.0262827711 -0.0231131119 synchronous_release_0
0.023501 -0.0250000004 0.0349379829 0.00208263153 synchronous_release_0
0.022926 -0.0250000004 0.0334248428 0.0103817091 synchronous_release_0
0.018677 -0.0250000004 0.0267613143 -0.0225573061 synchronous_release_0
0.030605 -0.0250000004 0.0326974702 0.0124850087 synchronous_release_0
0.026616 -0.0250000004 0.0316181887 0.0150096684 synchronous_release_0
0.028153 -0.0250000004 -0.0136358439 0.032234512 synchronous_release_1
0.028572 -0.0250000004 0.0260986157 -0.0233208545 synchronous_release_0
0.024346 -0.0250000004 0.0347417857 -0.00424362166 synchronous_release_0
0.044493 -0.0250000004 0.000144304362 0.00098953335 asynchronous_release_0
0.022295 -0.0250000004 0.0156057949 0.0313282487 synchronous_release_0
0.02359 -0.0250000004 0.0347088253 -0.00450526872 synchronous_release_0
0.026929 -0.0250000004 -0.0344384242 0.00624459281 synchronous_release_0
0.023699 -0.0250000004 0.0323125146 0.0134499591 synchronous_release_0
0.024532 -0.0250000004 0.0182450532 -0.029868345 synchronous_release_0
0.030948 -0.0250000004 -0.019262861 -0.0292222892 asynchronous_release_0
0.030195 -0.0250000004 0.0281123492 -0.0208493602 synchronous_release_0
0.029092 -0.0250000004 -0.021822199 0.0273640573 asynchronous_release_0
0.025285 -0.0250000004 0.0343828343 -0.006543753 asynchronous_release_0
0.032277 -0.0250000004 0.0339601831 -0.00846793729 asynchronous_release_0
0.033913 -0.0250000004 0.0191983905 0.0292646853 asynchronous_release_0
0.023253 -0.0250000004 0.0157716649 0.031245073 synchronous_release_0
0.02283 -0.0250000004 -0.0278817502 -0.0211567485 synchronous_release_0
0.046178 -0.0250000004 0.00280716767 -0.0348872442 synchronous_release_1
0.005924 -0.0250000004 0.0310149346 -0.0162195508 synchronous_release_0
0.038894 -0.0250000004 0.0304236868 -0.0173031581 synchronous_release_0
0.023465 -0.0250000004 -0.00097461127 -0.000223903713 synchronous_release_0
0.022475 -0.0250000004 0.0308959993 0.0164449758 synchronous_release_0
0.04445 -0.0250000004 0.0185397635 0.0296863129 asynchronous_release_0
0.028925 -0.0250000004 -0.00386358531 0.0347860994 asynchronous_release_0
0.019046 -0.0250000004 0.0349998259 -0.000110392915 asynchronous_release_0
0.023923 -0.0250000004 0.00652272099 -0.0343868305 synchronous_release_0
0.022665 -0.0250000004 0.028884528 0.019765729 synchronous_release_0
0.030536 -0.0250000004 0.0334435346 0.0103213369 asynchronous_release_0
0.02251 -0.0250000004 -0.011724529 -0.059477184 synchronous_release_0
0.022913 -0.0250000004 0.022049513 -0.0271812247 synchronous_release_0
0.023704 -0.0250000004 -0.0269371844 -0.022346993 synchronous_release_0
0.044957 -0.0250000004 0.0303827535 -0.0173749329 asynchronous_release_0
0.048371 -0.0250000004 0.0271188071 -0.0221262356 asynchronous_release_0
0.022872 -0.0250000004 0.00083825311 -0.0349899604 synchronous_release_0
0.022433 -0.0250000004 -0.00817369965 -0.0340322 synchronous_release_0
0.023243 -0.0250000004 0.0520880428 -0.0310134778 synchronous_release_0
0.031636 -0.0250000004 0.0698440554 -0.00466989489 synchronous_release_0
0.03217 -0.0250000004 0.0311969989 0.0158665453 synchronous_release_0
0.022375 -0.0250000004 0.0349974889 -0.000419247359 synchronous_release_0
0.026867 -0.0250000004 0.034992093 -0.000743929278 synchronous_release_0
0.046685 -0.0250000004 0.0211076298 0.0279189535 asynchronous_release_0
0.025359 -0.0250000004 0.0346339981 -0.00504838348 synchronous_release_0
0.02289 -0.0250000004 0.0303984646 0.0173474306 synchronous_release_0
0.018893 -0.0250000004 0.00602876816 0.0344768611 asynchronous_release_0
0.035757 -0.0250000004 -0.027543471 0.0215953052 synchronous_release_0
0.022956 -0.0250000004 0.0188470666 -0.0294921698 synchronous_release_0
0.03004 -0.0250000004 0.0328904088 -0.011967498 synchronous_release_0
0.04972 -0.0250000004 0.0337806946 0.00915776583 synchronous_release_0
0.024722 -0.0250000004 0.0249228147 -0.0245734268 synchronous_release_0
0.007554 -0.0250000004 -0.0244388809 0.025054762 synchronous_release_0
0.025002 -0.0250000004 0.0343427687 -0.00675086956 synchronous_release_0
0.027503 -0.0250000004 -0.0009995542 2.98563276e-05 asynchronous_release_0
0.029533 -0.0250000004 -0.00104497146 -0.034984397 synchronous_release_0
0.035009 -0.0250000004 0.034896033 -0.00269571541 synchronous_release_0
0.033591 -0.0250000004 0.000952851162 0.00030343807 asynchronous_release_0
0.044446 -0.0250000004 -0.0253549941 -0.0241272517 asynchronous_release_0
0.023407 -0.0250000004 0.0234076744 -0.0260207759 synchronous_release_0
0.029813 -0.0250000004 0.0334577375 0.0102752031 synchronous_release_0
0.032018 -0.0250000004 -0.0184917294 0.0297162572 asynchronous_release_0
0.017536 -0.0250000004 0.0290722688 -0.0194885399 asynchronous_release_0
0.04887 -0.0250000004 0.000801208325 -0.00059838551 asynchronous_release_0
0.023462 -0.0250000004 -0.000999356027 3.58821834e-05 synchronous_release_0
0.047417 -0.0250000004 0.0338636836 -0.00884595557 asynchronous_release_0
0.021892 -0.0250000004 0.0272686603 -0.0219412891 synchronous_release_0
0.034642 -0.0250000004 0.0187510553 0.0295533065 synchronous_release_0
0.042756 -0.0250000004 -0.0112600106 0.0331392843 synchronous_release_0
0.041245 -0.0250000004 0.0189460749 0.0294286637 asynchronous_release_0
0.030446 -0.0250000004 0.0349639606 0.00158790981 synchronous_release_0
0.025337 -0.0250000004 -0.034846955 -0.00326951488 asynchronous_release_1
0.023 -0.0250000004 0.0190077656 0.0293888559 synchronous_release_0
0.002543 -0.0250000004 0.0349925527 0.000721979143 synchronous_release_0
0.02711 -0.0250000004 0.0341268802 -0.00776891532 synchronous_release_0
0.037953 -0.0250000004 0.0200642769 -0.0286779496 asynchronous_release_0
0.023226 -0.0250000004 0.0349865997 -0.000968421994 synchronous_release_0
0.036663 -0.0250000004 0.0146430238 -0.0317896501 asynchronous_release_0
0.043978 -0.0250000004 0.0331983593 -0.0110846264 asynchronous_release_0
0.004282 -0.0250000004 0.0349436812 0.00198472824 synchronous_release_0
0.035304 -0.0250000004 0.033737976 -0.00931391288 asynchronous_release_0
0.027506 -0.0250000004 0.0273903262 0.0217892183 synchronous_release_1
0.022753 -0.0250000004 0.0249865256 -0.0245086421 synchronous_release_0
0.03345 -0.0250000004 0.0345411713 0.005648671 asynchronous_release_0
0.043652 -0.0250000004 -0.0270631958 -0.0221942208 asynchronous_release_0
0.045528 -0.0250000004 0.0348143485 0.00360015838 asynchronous_release_0
0.01629 -0.0250000004 -0.011363001 -0.0331041117 asynchronous_release_0
0.040671 -0.0250000004 0.0255780164 -0.0238906902 synchronous_release_0
0.030273 -0.0250000004 -0.0244054429 -0.0250873345 synchronous_release_0
0.047201 -0.0250000004 0.0312923693 0.0156776154 asynchronous_release_0
0.024 -0.0250000004 0.0236085684 0.0258386435 synchronous_release_0
0.02684 -0.0250000004 0.0244688003 -0.0250255432 synchronous_release_1
0.034257 -0.0250000004 -0.0161372101 0.0310578565 asynchronous_release_0
0.007936 -0.0250000004 0.0276953209 -0.021400215 synchronous_release_0
0.025901 -0.0250000004 -0.0101769001 0.0334877695 synchronous_release_0
0.037149 -0.0250000004 -0.000956793414 -0.000290768573 synchronous_release_0
0.033831 -0.0250000004 0.000955959564 -0.000293498401 synchronous_release_1
0.026131 -0.0250000004 0.000998080593 -6.19284194e-05 synchronous_release_0
0.022975 -0.0250000004 0.000843778704 -0.000536691251 synchronous_release_0
0.035399 -0.0250000004 0.0331332037 -0.0112778905 asynchronous_release_0
0.023868 -0.0250000004 0.025920918 -0.0235182059 asynchronous_release_3
0.025357 -0.0250000004 0.0334205671 0.010395465 synchronous_release_1
0.031795 -0.0250000004 0.000157023145 0.000987594923 synchronous_release_0
0.027274 -0.0250000004 0.000983050568 -0.000183334612 asynchronous_release_0
0.024652 -0.0250000004 0.0315769603 -0.0150962107 synchronous_release_0
0.023671 -0.0250000004 -0.0279573491 0.0210567478 synchronous_release_0
0.024826 -0.0250000004 0.0346256138 0.00510557245 synchronous_release_0
0.035088 -0.0250000004 -0.0346256138 -0.00510557245 synchronous_release_0
0.028014 -0.0250000004 0.032709381 0.0124537703 asynchronous_release_0
0.036795 -0.0250000004 0.0349342477 0.00214437279 synchronous_release_0
0.033763 -0.0250000004 -0.000206230538 -0.0349993924 synchronous_release_0
0.043504 -0.0250000004 0.000464150605 0.000885756296 synchronous_release_0
0.030481 -0.0250000004 0.00309375226 -0.034862999 synchronous_release_0
0.032355 -0.0250000004 -0.00880674236 -0.0338739028 synchronous_release_0
0.023253 -0.0250000004 0.0280026196 0.0209965067 synchronous_release_0
0.047268 -0.0250000004 -0.0201106013 -0.0286454834 synchronous_release_0
0.01098 -0.0250000004 -0.0106327716 0.0333458268 synchronous_release_0
0.022488 -0.0250000004 0.0311886412 -0.0158829676 synchronous_release_0
0.027741 -0.0250000004 0.011872845 0.0329246952 synchronous_release_0
0.037184 -0.0250000004 0.0349216754 0.00234021049 asynchronous_release_0
0.025577 -0.0250000004 0.0309276431 -0.0163853865 synchronous_release_0
0.032793 -0.0250000004 -0.0316092056 -0.0150285769 asynchronous_release_0
0.039213 -0.0250000004 0.033831868 -0.00896686739 synchronous_release_0
0.030157 -0.0250000004 -0.000997643114 6.86164525e-05 asynchronous_release_0
0.017244 -0.0250000004 -0.0132820153 0.0323819096 asynchronous_release_1
0.024223 -0.0250000004 0.0124618726 -0.032706295 synchronous_release_0
0.022908 -0.0250000004 -0.00663873932 0.0343646205 asynchronous_release_3
0.022933 -0.0250000004 0.034376341 -0.0065777793 synchronous_release_0
0.026348 -0.0250000004 0.0097965324 0.0336010112 synchronous_release_0
0.024587 -0.0250000004 -3.75323195e-05 -0.0349999799 synchronous_release_1
0.034327 -0.0250000004 0.000484250813 -0.000874929226 asynchronous_release_1
0.043009 -0.0250000004 0.0212177399 -0.0278353644 asynchronous_release_0
0.02305 -0.0250000004 -0.0292946441 0.0191526454 synchronous_release_0
0.040334 -0.0250000004 -0.000350003852 0.00093674826 asynchronous_release_0
0.024079 -0.0250000004 0.0330411256 -0.0115448698 asynchronous_release_1
0.005746 -0.0250000004 0.017656449 -0.0302200233 synchronous_release_0
0.022562 -0.0250000004 0.0338374504 -0.00894577842 synchronous_release_1
0.029113 -0.0250000004 0.0249568913 0.0245388177 synchronous_release_0
0.028891 -0.0250000004 -0.00241624242 0.0349164971 asynchronous_release_0
0.023847 -0.0250000004 0.000883685838 -0.0349888425 synchronous_release_0
0.031523 -0.0250000004 0.0346047161 0.00524534335 synchronous_release_0
0.023577 -0.0250000004 0.0341565827 0.00763726755 synchronous_release_0
0.031596 -0.0250000004 -0.000242080131 0.00097025626 asynchronous_release_0
0.024106 -0.0250000004 0.0320658428 0.0140278909 synchronous_release_0
0.039809 -0.0250000004 0.0166720343 -0.0307740682 asynchronous_release_0
0.022509 -0.0250000004 0.0146002551 0.0318093155 synchronous_release_0
0.025746 -0.0250000004 -0.01414828 -0.0320129064 synchronous_release_0
0.026012 -0.0250000004 -0.000926827058 -0.000375488489 synchronous_release_0
0.043181 -0.0250000004 0.0336595498 0.00959347194 asynchronous_release_0
0.042792 -0.0250000004 -0.028989899 0.0196108581 asynchronous_release_0
0.038149 -0.0250000004 0.000461990824 -0.000886884704 synchronous_release_1
0.026996 -0.0250000004 0.0329847418 -0.0117049908 synchronous_release_0
0.032369 -0.0250000004 -0.0334255013 -0.0103795889 asynchronous_release_0
0.044797 -0.0250000004 0.0160408748 0.0311077215 synchronous_release_0
0.043915 -0.0250000004 0.0126372859 -0.0326389186 asynchronous_release_0
0.016948 -0.0250000004 0.0243008142 -0.0251886965 synchronous_release_0
0.027795 -0.0250000004 0.0201772627 0.0285985676 synchronous_release_0
0.022687 -0.0250000004 0.0198442149 -0.0288306631 synchronous_release_0
0.023596 -0.0250000004 -0.0132923815 0.0323776558 synchronous_release_1
0.045167 -0.0250000004 0.033691166 0.00948184242 synchronous_release_0
0.025913 -0.0250000004 0.0304950319 -0.0171771077 synchronous_release_1
0.023069 -0.0250000004 -0.00624836485 -0.03443774 synchronous_release_1
0.030583 -0.0250000004 0.0281579056 0.0207877934 synchronous_release_0
0.0286 -0.0250000004 0.00577137882 -0.0345208804 asynchronous_release_0
0.028811 -0.0250000004 -0.0169083425 0.0306448683 asynchronous_release_0
0.022547 -0.0250000004 0.0295764472 0.0187145337 synchronous_release_1
0.02608 -0.0250000004 0.0335278255 -0.0100441483 synchronous_release_1
0.042257 -0.0250000004 -0.000380578466 -0.000924748632 synchronous_release_0
0.022459 -0.0250000004 0.0346474046 -0.00495553761 synchronous_release_0
0.032518 -0.0250000004 0.0130320808 -0.0324833014 synchronous_release_0
0.026394 -0.0250000004 0.0349978352 -0.000389273771 asynchronous_release_0
0.029091 -0.0250000004 -0.00363038249 0.0348112097 synchronous_release_0
0.025028 -0.0250000004 0.0324912928 0.0130121441 synchronous_release_0
0.038655 -0.0250000004 0.000110413676 -0.000993885718 asynchronous_release_0
0.041269 -0.0250000004 0.00162351474 0.0349623254 asynchronous_release_0
0.02613 -0.0250000004 0.0302291393 -0.0176408372 synchronous_release_2
0.032025 -0.0250000004 0.0236143136 -0.025833393 asynchronous_release_0
0.023983 -0.0250000004 0.031116035 -0.0160247423 synchronous_release_0
0.023685 -0.0250000004 0.0317724361 -0.0146803373 synchronous_release_0
0.025974 -0.0250000004 0.0349995822 0.000171021045 synchronous_release_0
0.045306 -0.0250000004 -0.01673543 -0.0307396386 asynchronous_release_0
0.027434 -0.0250000004 -0.0093456213 -0.0337292064 synchronous_release_0
0.024677 -0.0250000004 0.0095530693 -0.033671039 synchronous_release_1
0.024898 -0.0250000004 -0.0188478269 0.0294916839 synchronous_release_0
0.022697 -0.0250000004 -0.0172859965 0.0304334409 synchronous_release_0
0.033792 -0.0250000004 -0.000895673352 -0.000444712544 asynchronous_release_0
0.006467 -0.0250000004 0.0347808133 -0.00391088534 synchronous_release_0
0.022756 -0.0250000004 -0.0349999974 1.35839624e-05 synchronous_release_0
0.027897 -0.0250000004 -0.0233651469 -0.0260589698 synchronous_release_0
0.034215 -0.0250000004 -0.000294207508 -0.000955741567 asynchronous_release_0
0.003402 -0.0250000004 0.0275896579 0.0215362665 synchronous_release_0
0.022026 -0.0250000004 0.0324457829 -0.0131252114 synchronous_release_0
0.022617 -0.0250000004 0.0255324089 -0.0239394256 asynchronous_release_2
0.026575 -0.0250000004 0.00739626801 -0.0342095779 synchronous_release_0
0.024264 -0.0250000004 0.0345821639 -0.00539202529 synchronous_release_1
0.023295 -0.0250000004 0.0339743702 -0.00841083641 synchronous_release_0
0.047917 -0.0250000004 -0.000717205446 0.000696861785 asynchronous_release_0
0.021017 -0.0250000004 0.03498935 -0.000863357933 asynchronous_release_0
0.035028 -0.0250000004 0.0133536092 0.0323524516 asynchronous_release_0
0.019688 -0.0250000004 0.000919857533 -0.000392252621 synchronous_release_0
0.022532 -0.0250000004 0.0199843548 -0.0287337008 synchronous_release_0
0.003403 -0.0250000004 0.00399832738 0.0347708697 synchronous_release_0
0.02788 -0.0250000004 -0.0232197744 0.0261885868 synchronous_release_0
0.029011 -0.0250000004 0.00637741709 -0.0344140749 asynchronous_release_0
0.022731 -0.0250000004 0.000630570964 -0.000776131599 asynchronous_release_0
0.006269 -0.0250000004 0.0338602776 -0.00885898416 synchronous_release_0
0.046273 -0.0250000004 0.011561808 0.0330352024 synchronous_release_0
0.047321 -0.0250000004 0.0203087574 -0.0285053394 asynchronous_release_0
0.023984 -0.0250000004 0.00430461285 -0.0347342815 asynchronous_release_1
0.022869 -0.0250000004 0.0240559534 0.0254226494 synchronous_release_0
0.04207 -0.0250000004 0.0345124454 -0.00582160709 synchronous_release_1
0.025829 -0.0250000004 -0.0163544457 0.0309440157 synchronous_release_0
0.030288 -0.0250000004 0.00394319308 -0.0347771653 synchronous_release_0
0.024731 -0.0250000004 0.0500744881 -0.034169367 asynchronous_release_0
0.037227 -0.0250000004 -0.0254195886 0.0240591877 asynchronous_release_0
0.024689 -0.0250000004 -0.000408499859 0.000912758383 synchronous_release_0
0.020806 -0.0250000004 0.0345349004 -0.0056868845 asynchronous_release_0
0.032088 -0.0250000004 0.014688369 0.0317687239 synchronous_release_1
0.032923 -0.0250000004 0.0331690924 -0.0111718981 synchronous_release_0
0.040946 -0.0250000004 0.00279216345 -0.0348884483 synchronous_release_0
0.022962 -0.0250000004 0.0324328711 0.0131570844 synchronous_release_0
0.022016 -0.0250000004 0.0348789005 -0.00290900309 asynchronous_release_0
0.022679 -0.0250000004 -0.0168992772 -0.0306498684 synchronous_release_0
0.023178 -0.0250000004 0.00094427625 -0.000329154012 synchronous_release_0
0.024589 -0.0250000004 0.0161907822 -0.0310299625 synchronous_release_0
0.048601 -0.0250000004 -0.000844975502 -0.000534805013 asynchronous_release_0
0.034015 -0.0250000004 0.0187181754 -0.0295741426 synchronous_release_0
0.023386 -0.0250000004 0.0150585579 0.0315949337 synchronous_release_1
0.026481 -0.0250000004 0.0202673602 -0.0285347877 synchronous_release_0
0.044938 -0.0250000004 0.0340093616 0.00826821179 asynchronous_release_0
0.034791 -0.0250000004 0.025764592 0.0236893605 asynchronous_release_0
0.04368 -0.0250000004 0.000975927755 0.000218094057 asynchronous_release_0
0.002857 -0.0250000004 0.0262061268 0.0231999766 synchronous_release_0
0.034467 -0.0250000004 0.00375203322 0.0347983081 asynchronous_release_0
0.00721 -0.0250000004 0.0166279293 -0.0307979215 synchronous_release_0
0.022752 -0.0250000004 -0.034985747 0.000998751558 synchronous_release_0
0.007554 -0.0250000004 -0.0349992751 -0.000225267243 synchronous_release_0
0.03383 -0.0250000004 0.0337612042 -0.00922936037 synchronous_release_0
0.025399 -0.0250000004 0.0286617651 -0.0200873897 synchronous_release_0
0.028738 -0.0250000004 0.000539224468 0.000842162082 asynchronous_release_0
0.026874 -0.0250000004 0.0347870798 -0.00385474789 synchronous_release_0
0.043521 -0.0250000004 -0.0314622674 0.0153338099 asynchronous_release_0
0.026249 -0.0250000004 0.00346676386 -0.0348278846 synchronous_release_0
0.018763 -0.0250000004 0.000373229948 0.000927738867 synchronous_release_1
0.048605 -0.0250000004 0.0197728574 -0.0288796487 asynchronous_release_0
0.042978 -0.0250000004 0.0282044163 -0.0207246447 asynchronous_release_0
0.006379 -0.0250000004 0.032050277 0.0140634187 synchronous_release_0
0.033634 -0.0250000004 0.0196233664 0.0289814335 synchronous_release_1
0.025146 -0.0250000004 0.0130093867 -0.0324923969 asynchronous_release_0
0.02316 -0.0250000004 0.0209285169 0.02805347 synchronous_release_0
0.035802 -0.0250000004 -0.0292807575 -0.0191738686 synchronous_release_0
0.036938 -0.0250000004 0.0349977227 -0.000399253662 asynchronous_release_0
0.026698 -0.0250000004 0.0306276374 -0.0169395345 synchronous_release_0
0.029887 -0.0250000004 0.0100884623 0.0335145182 synchronous_release_1
0.022794 -0.0250000004 -0.0126162544 0.0326470538 asynchronous_release_0
0.023139 -0.0250000004 0.0287107533 -0.0200173086 synchronous_release_0
0.044015 -0.0250000004 0.0328611329 0.0120476532 asynchronous_release_0
0.02573 -0.0250000004 0.0349455848 -0.00195092335 asynchronous_release_3
0.023228 -0.0250000004 -0.0138223308 -0.0321549867 synchronous_release_0
0.026773 -0.0250000004 0.0330870507 -0.0114125842 synchronous_release_0
0.035094 -0.0250000004 -0.0201714163 0.0286026915 asynchronous_release_0
0.024676 -0.0250000004 0.0217291688 -0.0274379887 synchronous_release_0
0.027352 -0.0250000004 0.0318966477 -0.0144084651 synchronous_release_0
0.037992 -0.0250000004 -0.0288183918 0.0198620314 synchronous_release_0
0.027156 -0.0250000004 0.0288183918 -0.0198620314 synchronous_release_1
0.027358 -0.0250000004 0.0309245054 -0.0163913077 synchronous_release_0
0.034764 -0.0250000004 0.0220359612 0.0271922124 asynchronous_release_0
0.036657 -0.0250000004 -0.0010170582 -0.0349852196 synchronous_release_0
0.010883 -0.0250000004 0.031852722 0.0145053128 synchronous_release_1
0.033773 -0.0250000004 0.0277343288 0.0213496372 asynchronous_release_0
0.003219 -0.0250000004 0.0276463418 -0.0214634523 synchronous_release_0
0.022397 -0.0250000004 0.0348963231 0.00269195748 synchronous_release_0
0.008717 -0.0250000004 0.00638021694 -0.0344135559 synchronous_release_0
0.022991 -0.0250000004 -0.00017247429 0.00098501402 synchronous_release_0
0.028923 -0.0250000004 0.0233908549 -0.0260358965 synchronous_release_0
0.025259 -0.0250000004 0.0328504763 -0.0120766804 synchronous_release_0
0.031933 -0.0250000004 -0.0205472337 -0.0283339229 asynchronous_release_0
0.024623 -0.0250000004 0.0262667177 -0.0231313541 synchronous_release_0
0.029779 -0.0250000004 0.0333824799 -0.0105171307 asynchronous_release_0
0.024706 -0.0250000004 0.000928331657 -0.000371753057 asynchronous_release_0
0.010895 -0.0250000004 0.000981510094 -0.000191410384 asynchronous_release_0
0.024981 -0.0250000004 -0.0289647143 0.0637263315 synchronous_release_0
0.022993 -0.0250000004 0.0600157074 0.00855072295 synchronous_release_0
0.042062 -0.0250000004 -0.0282765944 0.0206260565 asynchronous_release_1
0.025302 -0.0250000004 -0.0330452181 -0.0115331505 synchronous_release_0
0.032331 -0.0250000004 0.00388878412 -0.0347832914 synchronous_release_0
0.029466 -0.0250000004 0.0171468506 0.0305120552 synchronous_release_0
0.031423 -0.0250000004 0.029823303 -0.0183185861 synchronous_release_0
0.022299 -0.0250000004 0.026215763 0.0231890873 synchronous_release_0
0.038273 -0.0250000004 -0.0197268953 -0.0289110637 synchronous_release_0
0.010141 -0.0250000004 -0.000218490319 0.000975839116 asynchronous_release_2
0.024501 -0.0250000004 0.0251066146 0.0243856085 synchronous_release_0
0.027371 -0.0250000004 -0.00656276478 -0.0343792106 asynchronous_release_0
0.04439 -0.0250000004 -0.000653517894 -0.000756911066 asynchronous_release_0
0.010597 -0.0250000004 0.0266611489 0.0226756067 synchronous_release_0
0.023389 -0.0250000004 0.00121032815 0.0349790667 synchronous_release_0
0.040794 -0.0250000004 0.0296875963 -0.0185377083 synchronous_release_0
0.029471 -0.0250000004 0.032200956 0.0137148983 asynchronous_release_0
0.026844 -0.0250000004 -0.0279779283 0.0210293968 synchronous_release_0
0.030247 -0.0250000004 0.0226721531 0.0266640859 synchronous_release_0
0.029711 -0.0250000004 0.0263978611 0.022981578 synchronous_release_0
0.022538 -0.0250000004 -0.00556325129 0.034555032 synchronous_release_0
0.02456 -0.0250000004 0.0293425425 -0.0190791824 synchronous_release_1
0.024059 -0.0250000004 0.0252959189 0.0241891812 synchronous_release_0
0.041219 -0.0250000004 -0.00760083395 0.0341647087 asynchronous_release_0
0.023084 -0.0250000004 0.022009644 -0.0272135182 synchronous_release_0
0.008183 -0.0250000004 0.0255115366 -0.0239616673 synchronous_release_0
0.023232 -0.0250000004 0.0349699897 0.00144907559 synchronous_release_0
0.037887 -0.0250000004 -0.000804396808 -0.000594092396 synchronous_release_0
0.023252 -0.0250000004 0.016656804 0.0307823144 synchronous_release_0
0.02233 -0.0250000004 0.0287460361 -0.0199666074 synchronous_release_0
0.02497 -0.0250000004 -0.0316636879 -0.014913446 synchronous_release_0
0.006826 -0.0250000004 0.00588759119 0.0345012503 synchronous_release_0
0.032736 -0.0250000004 0.000398324336 -0.000917244637 asynchronous_release_0
0.0404 -0.0250000004 0.00204265665 -0.0349403428 asynchronous_release_0
